,Side0_UniqueIds,Side1_UniqueIds,BreakID,ViewData.Status,predicted status,predicted action,predicted category,predicted comment,first_non_null_breakid_in_breakid_columns,ViewData.BreakID,ViewData.Task ID,ViewData.Source Combination Code,BusinessDate
0,5_455922111_Integrata,,1367056769,OB,UCB,Close,Close,,1367056769,1367056769,4551456423,-590882299,2021-07-29
1,101_4551144082_Integrata,,1659706999,OB,UCB,Close,Close,,1659706999,1659706999,4551456423,-590882299,2021-07-29
2,6_455922111_Integrata,,1367056765,OB,UCB,Close,Close,,1367056765,1367056765,4551456423,-590882299,2021-07-29
3,2_455922111_Integrata,,1367056764,OB,UCB,Close,Close,,1367056764,1367056764,4551456423,-590882299,2021-07-29
4,102_4551144082_Integrata,,1659707002,OB,UCB,Close,Close,,1659707002,1659707002,4551456423,-590882299,2021-07-29
5,4_455922111_Integrata,,1367056768,OB,UCB,Close,Close,,1367056768,1367056768,4551456423,-590882299,2021-07-29
6,,8_4551267661_CACEIS,1824870500,OB,UCB,Close,Close,,1824870500,1824870500,4551456423,-590882299,2021-07-29
7,,2_4551318931_CACEIS,1890812360,OB,UCB,Close,Close,,1890812360,1890812360,4551456423,-590882299,2021-07-29
8,,24_455658450_CACEIS,1002374606,OB,UCB,Close,Close,,1002374606,1002374606,4551456423,-590882299,2021-07-29
9,,26_455658450_CACEIS,1002374597,OB,UCB,Close,Close,,1002374597,1002374597,4551456423,-590882299,2021-07-29
10,"17_4551232906_Integrata,18_4551232906_Integrata",306_4551232906_CACEIS,"1780156365,1780156369,1780156374","['OB', 'OB', 'OB']",UMR,UMR,match,match,1780156365,1780156365,4551456423,-590882299,2021-07-29
11,7_4551122535_Integrata,"93_4551117124_CACEIS,94_4551117124_CACEIS","1631194828,1623224424,1623224429","['OB', 'OB', 'OB']",UMR,UMR,match,match,1631194828,1631194828,4551456423,-590882299,2021-07-29
12,"7_4551394628_Integrata,5_4551394628_Integrata,4_4551394628_Integrata,3_4551394628_Integrata,6_4551394628_Integrata",2_4551398589_CACEIS,"1997244529,1997244526,1997244527,1997244524,1997244525,2002008738","['OB', 'OB', 'OB', 'OB', 'OB', 'OB']",UMR,UMR,match,match,1997244529,1997244529,4551456423,-590882299,2021-07-29
13,"46_4551201062_Integrata,47_4551201062_Integrata",34_4551201062_CACEIS,"1734565910,1734565912,1734565919","['OB', 'OB', 'OB']",UMR,UMR,match,match,1734565910,1734565910,4551456423,-590882299,2021-07-29
14,"20_4551248485_Integrata,19_4551248485_Integrata",33_4551248485_CACEIS,"1800039344,1800039341,1800039361","['OB', 'OB', 'OB']",UMR,UMR,match,match,1800039344,1800039344,4551456423,-590882299,2021-07-29
15,1_4551203153_Integrata,,1737813324,OB,UCB,Close,Close,,1737813324,1737813324,4551456423,-590882299,2021-07-29
16,7_4551203153_Integrata,,1737813339,OB,UCB,Close,Close,,1737813339,1737813339,4551456423,-590882299,2021-07-29
17,3_4551203153_Integrata,,1737813331,OB,UCB,Close,Close,,1737813331,1737813331,4551456423,-590882299,2021-07-29
18,6_4551203153_Integrata,,1737813326,OB,UCB,Close,Close,,1737813326,1737813326,4551456423,-590882299,2021-07-29
19,9_4551203153_Integrata,,1737813341,OB,UCB,Close,Close,,1737813341,1737813341,4551456423,-590882299,2021-07-29
20,10_4551203153_Integrata,,1737813332,OB,UCB,Close,Close,,1737813332,1737813332,4551456423,-590882299,2021-07-29
21,,17_4551279353_CACEIS,1839901571,OB,UCB,Close,Close,,1839901571,1839901571,4551456423,-590882299,2021-07-29
22,,21_4551402499_CACEIS,2006719920,OB,UCB,Close,Close,,2006719920,2006719920,4551456423,-590882299,2021-07-29
23,,14_455914788_CACEIS,1356802610,OB,UCB,Close,Close,,1356802610,1356802610,4551456423,-590882299,2021-07-29
24,,20_4551402499_CACEIS,2006719928,OB,UCB,Close,Close,,2006719928,2006719928,4551456423,-590882299,2021-07-29
25,,16_4551279353_CACEIS,1839901569,OB,UCB,Close,Close,,1839901569,1839901569,4551456423,-590882299,2021-07-29
26,,9_4551402499_CACEIS,2006719922,OB,UCB,Close,Close,,2006719922,2006719922,4551456423,-590882299,2021-07-29
27,,19_4551285256_CACEIS,1847792958,OB,UCB,Close,Close,,1847792958,1847792958,4551456423,-590882299,2021-07-29
28,,24_4551402499_CACEIS,2006719929,OB,UCB,Close,Close,,2006719929,2006719929,4551456423,-590882299,2021-07-29
29,,25_4551285256_CACEIS,1847792960,OB,UCB,Close,Close,,1847792960,1847792960,4551456423,-590882299,2021-07-29
30,,15_455914788_CACEIS,1356802615,OB,UCB,Close,Close,,1356802615,1356802615,4551456423,-590882299,2021-07-29
31,,6_4551157661_CACEIS,1677770259,OB,UCB,Close,Close,,1677770259,1677770259,4551456423,-590882299,2021-07-29
32,,13_4551402499_CACEIS,2006719926,OB,UCB,Close,Close,,2006719926,2006719926,4551456423,-590882299,2021-07-29
33,,17_4551285256_CACEIS,1847792954,OB,UCB,Close,Close,,1847792954,1847792954,4551456423,-590882299,2021-07-29
34,,26_4551285256_CACEIS,1847792963,OB,UCB,Close,Close,,1847792963,1847792963,4551456423,-590882299,2021-07-29
35,,22_4551402499_CACEIS,2006719923,OB,UCB,Close,Close,,2006719923,2006719923,4551456423,-590882299,2021-07-29
36,,24_4551157661_CACEIS,1677770272,OB,UCB,Close,Close,,1677770272,1677770272,4551456423,-590882299,2021-07-29
37,,145_4551018409_CACEIS,1492757199,OB,OB,No-pair,fees,Caceis booked the fees for SD 09-10-2020. Integrata yet to book,1492757199,1492757199,4551456423,-590882299,2021-07-29
38,,6_4551060531_CACEIS,1548950621,OB,OB,No-pair,wire transfer,Caceis booked the wire transfer for SD 10-12-2020. Integrata yet to book,1548950621,1548950621,4551456423,-590882299,2021-07-29
39,,20_4551044906_CACEIS,1528403540,OB,OB,No-pair,proceeds sell,Caceis booked the proceeds sell for SD 09-29-2020. Integrata yet to book,1528403540,1528403540,4551456423,-590882299,2021-07-29
40,,155_4551201062_CACEIS,1734565960,OB,OB,No-pair,fx wire,Caceis booked the fx wire for SD 01-22-2021. Integrata yet to book,1734565960,1734565960,4551456423,-590882299,2021-07-29
41,,15_4551153712_CACEIS,1672409240,OB,OB,No-pair,wire transfer,Caceis booked the wire transfer for SD 12-17-2020. Integrata yet to book,1672409240,1672409240,4551456423,-590882299,2021-07-29
42,,393_4551023983_CACEIS,1500214221,OB,OB,No-pair,fx wire,Caceis booked the fx wire for SD 09-15-2020. Integrata yet to book,1500214221,1500214221,4551456423,-590882299,2021-07-29
43,,325_455590588_CACEIS,883858662,OB,OB,No-pair,fx wire,Caceis booked the fx wire for SD 10-15-2019. Integrata yet to book,883858662,883858662,4551456423,-590882299,2021-07-29
44,,250_4551210754_CACEIS,1748958371,OB,OB,No-pair,monthend interest,Caceis booked the monthend interest for SD 02-01-2021. Integrata yet to book,1748958371,1748958371,4551456423,-590882299,2021-07-29
45,,28_455509747_CACEIS,748668197,OB,OB,No-pair,fx wire,Caceis booked the fx wire for SD 08-12-2019. Integrata yet to book,748668197,748668197,4551456423,-590882299,2021-07-29
46,,111_455898221_CACEIS,1334730865,OB,OB,No-pair,fees,Caceis booked the fees for SD 06-12-2020. Integrata yet to book,1334730865,1334730865,4551456423,-590882299,2021-07-29
47,,51_4551313388_CACEIS,1883527754,OB,OB,No-pair,fx wire,Caceis booked the fx wire for SD 04-15-2021. Integrata yet to book,1883527754,1883527754,4551456423,-590882299,2021-07-29
48,,110_4551060531_CACEIS,1548950691,OB,OB,No-pair,fees,Caceis booked the fees for SD 10-12-2020. Integrata yet to book,1548950691,1548950691,4551456423,-590882299,2021-07-29
49,,90_4551149959_CACEIS,1667622865,OB,OB,No-pair,fx wire,Caceis booked the fx wire for SD 12-15-2020. Integrata yet to book,1667622865,1667622865,4551456423,-590882299,2021-07-29
50,,328_455643841_CACEIS,975323400,OB,OB,No-pair,fx wire,Caceis booked the fx wire for SD 11-15-2019. Integrata yet to book,975323400,975323400,4551456423,-590882299,2021-07-29
51,,65_455590588_CACEIS,883858435,OB,OB,No-pair,fx wire,Caceis booked the fx wire for SD 10-15-2019. Integrata yet to book,883858435,883858435,4551456423,-590882299,2021-07-29
52,,5_4551349054_CACEIS,1933657798,OB,OB,No-pair,wire transfer,Caceis booked the wire transfer for SD 05-12-2021. Integrata yet to book,1933657798,1933657798,4551456423,-590882299,2021-07-29
53,,128_4551313388_CACEIS,1883527646,OB,OB,No-pair,fx wire,Caceis booked the fx wire for SD 04-15-2021. Integrata yet to book,1883527646,1883527646,4551456423,-590882299,2021-07-29
54,,41_455927788_CACEIS,1374347970,OB,OB,No-pair,fx wire,Caceis booked the fx wire for SD 07-06-2020. Integrata yet to book,1374347970,1374347970,4551456423,-590882299,2021-07-29
55,,73_267975_CACEIS,368747378,OB,OB,No-pair,proceeds sell,Caceis booked the proceeds sell for SD 01-15-2019. Integrata yet to book,368747378,368747378,4551456423,-590882299,2021-07-29
56,,288_4551354754_CACEIS,1942399715,OB,OB,No-pair,fx wire,Caceis booked the fx wire for SD 05-17-2021. Integrata yet to book,1942399715,1942399715,4551456423,-590882299,2021-07-29
57,,124_455585083_CACEIS,874262480,OB,OB,No-pair,fees,Caceis booked the fees for SD 10-10-2019. Integrata yet to book,874262480,874262480,4551456423,-590882299,2021-07-29
58,,10_341093_CACEIS,490673984,OB,OB,No-pair,wire transfer,Caceis booked the wire transfer for SD 03-22-2019. Integrata yet to book,490673984,490673984,4551456423,-590882299,2021-07-29
59,,16_455777858_CACEIS,1177395833,OB,OB,No-pair,wire transfer,Caceis booked the wire transfer for SD 03-11-2020. Integrata yet to book,1177395833,1177395833,4551456423,-590882299,2021-07-29
60,,61_4551127906_CACEIS,1637981917,OB,OB,No-pair,monthend interest,Caceis booked the monthend interest for SD 12-01-2020. Integrata yet to book,1637981917,1637981917,4551456423,-590882299,2021-07-29
61,,80_4551436806_CACEIS,2049885749,OB,OB,No-pair,fx wire,Caceis booked the fx wire for SD 07-15-2021. Integrata yet to book,2049885749,2049885749,4551456423,-590882299,2021-07-29
62,,240_4551436806_CACEIS,2049885988,OB,OB,No-pair,fx wire,Caceis booked the fx wire for SD 07-15-2021. Integrata yet to book,2049885988,2049885988,4551456423,-590882299,2021-07-29
63,,618_4551232906_CACEIS,1780156936,OB,OB,No-pair,fx wire,Caceis booked the fx wire for SD 02-16-2021. Integrata yet to book,1780156936,1780156936,4551456423,-590882299,2021-07-29
64,,35_455777858_CACEIS,1177395673,OB,OB,No-pair,wire transfer,Caceis booked the wire transfer for SD 03-11-2020. Integrata yet to book,1177395673,1177395673,4551456423,-590882299,2021-07-29
65,,357_455822501_CACEIS,1235308316,OB,OB,No-pair,fx wire,Caceis booked the fx wire for SD 04-15-2020. Integrata yet to book,1235308316,1235308316,4551456423,-590882299,2021-07-29
66,,106_4551060531_CACEIS,1548950671,OB,OB,No-pair,fees,Caceis booked the fees for SD 10-12-2020. Integrata yet to book,1548950671,1548950671,4551456423,-590882299,2021-07-29
67,,385_455822501_CACEIS,1235308379,OB,OB,No-pair,fx wire,Caceis booked the fx wire for SD 04-15-2020. Integrata yet to book,1235308379,1235308379,4551456423,-590882299,2021-07-29
68,,29_455820754_CACEIS,1233177629,OB,OB,No-pair,fees,Caceis booked the fees for SD 04-14-2020. Integrata yet to book,1233177629,1233177629,4551456423,-590882299,2021-07-29
69,,240_455783582_CACEIS,1185159561,OB,OB,No-pair,fx wire,Caceis booked the fx wire for SD 03-16-2020. Integrata yet to book,1185159561,1185159561,4551456423,-590882299,2021-07-29
70,,313_4551313388_CACEIS,1883527868,OB,OB,No-pair,fx wire,Caceis booked the fx wire for SD 04-15-2021. Integrata yet to book,1883527868,1883527868,4551456423,-590882299,2021-07-29
71,,2_455506286_CACEIS,741867039,OB,OB,No-pair,fees,Caceis booked the fees for SD 08-07-2019. Integrata yet to book,741867039,741867039,4551456423,-590882299,2021-07-29
72,,36_4551048988_CACEIS,1533696934,OB,OB,No-pair,fx wire,Caceis booked the fx wire for SD 10-02-2020. Integrata yet to book,1533696934,1533696934,4551456423,-590882299,2021-07-29
73,,396_455985296_CACEIS,1449582240,OB,OB,No-pair,fx wire,Caceis booked the fx wire for SD 08-17-2020. Integrata yet to book,1449582240,1449582240,4551456423,-590882299,2021-07-29
74,,17_4551239617_CACEIS,1789074809,OB,OB,No-pair,fx wire,Caceis booked the fx wire for SD 02-19-2021. Integrata yet to book,1789074809,1789074809,4551456423,-590882299,2021-07-29
75,,57_4551210754_CACEIS,1748958230,OB,OB,No-pair,monthend interest,Caceis booked the monthend interest for SD 02-01-2021. Integrata yet to book,1748958230,1748958230,4551456423,-590882299,2021-07-29
76,,105_455898221_CACEIS,1334730819,OB,OB,No-pair,fees,Caceis booked the fees for SD 06-12-2020. Integrata yet to book,1334730819,1334730819,4551456423,-590882299,2021-07-29
77,,270_4551436806_CACEIS,2049885971,OB,OB,No-pair,fx wire,Caceis booked the fx wire for SD 07-15-2021. Integrata yet to book,2049885971,2049885971,4551456423,-590882299,2021-07-29
78,,80_455898221_CACEIS,1334730777,OB,OB,No-pair,fees,Caceis booked the fees for SD 06-12-2020. Integrata yet to book,1334730777,1334730777,4551456423,-590882299,2021-07-29
79,,30_455667500_CACEIS,1017540704,OB,OB,No-pair,fx wire,Caceis booked the fx wire for SD 12-13-2019. Integrata yet to book,1017540704,1017540704,4551456423,-590882299,2021-07-29
80,,64_455706635_CACEIS,1081907481,OB,OB,No-pair,fx wire,Caceis booked the fx wire for SD 01-15-2020. Integrata yet to book,1081907481,1081907481,4551456423,-590882299,2021-07-29
81,,73_4551191593_CACEIS,1722905152,OB,OB,No-pair,fx wire,Caceis booked the fx wire for SD 01-15-2021. Integrata yet to book,1722905152,1722905152,4551456423,-590882299,2021-07-29
82,,27_455745203_CACEIS,1132280306,OB,OB,No-pair,fx wire,Caceis booked the fx wire for SD 02-14-2020. Integrata yet to book,1132280306,1132280306,4551456423,-590882299,2021-07-29
83,,118_4551018409_CACEIS,1492757217,OB,OB,No-pair,fees,Caceis booked the fees for SD 09-10-2020. Integrata yet to book,1492757217,1492757217,4551456423,-590882299,2021-07-29
84,,35_4551097416_CACEIS,1597270314,OB,OB,No-pair,fx wire,Caceis booked the fx wire for SD 11-06-2020. Integrata yet to book,1597270314,1597270314,4551456423,-590882299,2021-07-29
85,,13_4551239617_CACEIS,1789074765,OB,OB,No-pair,fx wire,Caceis booked the fx wire for SD 02-19-2021. Integrata yet to book,1789074765,1789074765,4551456423,-590882299,2021-07-29
86,,31_455676391_CACEIS,1031864575,OB,OB,No-pair,fx wire,Caceis booked the fx wire for SD 12-20-2019. Integrata yet to book,1031864575,1031864575,4551456423,-590882299,2021-07-29
87,,42_4551229444_CACEIS,1775243125,OB,OB,No-pair,wire transfer,Caceis booked the wire transfer for SD 02-12-2021. Integrata yet to book,1775243125,1775243125,4551456423,-590882299,2021-07-29
88,,12_4551438780_CACEIS,2052260392,OB,OB,No-pair,fx wire,Caceis booked the fx wire for SD 07-16-2021. Integrata yet to book,2052260392,2052260392,4551456423,-590882299,2021-07-29
89,,231_4551394628_CACEIS,1997244815,OB,OB,No-pair,fx wire,Caceis booked the fx wire for SD 06-15-2021. Integrata yet to book,1997244815,1997244815,4551456423,-590882299,2021-07-29
90,,29_455927788_CACEIS,1374347978,OB,OB,No-pair,fx wire,Caceis booked the fx wire for SD 07-06-2020. Integrata yet to book,1374347978,1374347978,4551456423,-590882299,2021-07-29
91,,54_455846205_CACEIS,1265566682,OB,OB,No-pair,fx wire,Caceis booked the fx wire for SD 05-04-2020. Integrata yet to book,1265566682,1265566682,4551456423,-590882299,2021-07-29
92,,10_4551315208_CACEIS,1885912656,OB,OB,No-pair,fx wire,Caceis booked the fx wire for SD 04-16-2021. Integrata yet to book,1885912656,1885912656,4551456423,-590882299,2021-07-29
93,,89_455706635_CACEIS,1081907291,OB,OB,No-pair,fx wire,Caceis booked the fx wire for SD 01-15-2020. Integrata yet to book,1081907291,1081907291,4551456423,-590882299,2021-07-29
94,,32_455920273_CACEIS,1364559780,OB,OB,No-pair,monthend interest,Caceis booked the monthend interest for SD 07-01-2020. Integrata yet to book,1364559780,1364559780,4551456423,-590882299,2021-07-29
95,,76_333062_CACEIS,479846731,OB,OB,No-pair,fx wire,Caceis booked the fx wire for SD 03-15-2019. Integrata yet to book,479846731,479846731,4551456423,-590882299,2021-07-29
96,,13_455662172_CACEIS,1008560376,OB,OB,No-pair,wire transfer,Caceis booked the wire transfer for SD 09-27-2019. Integrata yet to book,1008560376,1008560376,4551456423,-590882299,2021-07-29
97,,106_455442954_CACEIS,637183872,OB,OB,No-pair,fx wire,Caceis booked the fx wire for SD 06-17-2019. Integrata yet to book,637183872,637183872,4551456423,-590882299,2021-07-29
98,,51_455649350_CACEIS,985331750,OB,OB,No-pair,fx wire,Caceis booked the fx wire for SD 11-29-2019. Integrata yet to book,985331750,985331750,4551456423,-590882299,2021-07-29
99,,54_4551109218_CACEIS,1613286734,OB,OB,No-pair,fx wire,Caceis booked the fx wire for SD 11-16-2020. Integrata yet to book,1613286734,1613286734,4551456423,-590882299,2021-07-29
100,,472_455822501_CACEIS,1235308420,OB,OB,No-pair,fx wire,Caceis booked the fx wire for SD 04-15-2020. Integrata yet to book,1235308420,1235308420,4551456423,-590882299,2021-07-29
101,,9_455585083_CACEIS,874262394,OB,OB,No-pair,wire transfer,Caceis booked the wire transfer for SD 10-10-2019. Integrata yet to book,874262394,874262394,4551456423,-590882299,2021-07-29
102,,26_455745203_CACEIS,1132280423,OB,OB,No-pair,fx wire,Caceis booked the fx wire for SD 02-14-2020. Integrata yet to book,1132280423,1132280423,4551456423,-590882299,2021-07-29
103,,258_4551269721_CACEIS,1827474066,OB,OB,No-pair,fx wire,Caceis booked the fx wire for SD 03-15-2021. Integrata yet to book,1827474066,1827474066,4551456423,-590882299,2021-07-29
104,,5_455950138_CACEIS,1404595028,OB,OB,No-pair,wire transfer,Caceis booked the wire transfer for SD 07-22-2020. Integrata yet to book,1404595028,1404595028,4551456423,-590882299,2021-07-29
105,,7_4551201062_CACEIS,1734565921,OB,OB,No-pair,fx wire,Caceis booked the fx wire for SD 01-22-2021. Integrata yet to book,1734565921,1734565921,4551456423,-590882299,2021-07-29
106,,7_4551035437_CACEIS,1516099526,OB,OB,No-pair,wire transfer,Caceis booked the wire transfer for SD 08-25-2020. Integrata yet to book,1516099526,1516099526,4551456423,-590882299,2021-07-29
107,,64_368123_CACEIS,532374041,OB,OB,No-pair,fx wire,Caceis booked the fx wire for SD 04-15-2019. Integrata yet to book,532374041,532374041,4551456423,-590882299,2021-07-29
108,,66_333062_CACEIS,479846771,OB,OB,No-pair,fx wire,Caceis booked the fx wire for SD 03-15-2019. Integrata yet to book,479846771,479846771,4551456423,-590882299,2021-07-29
109,,51_455745203_CACEIS,1132280410,OB,OB,No-pair,fx wire,Caceis booked the fx wire for SD 02-14-2020. Integrata yet to book,1132280410,1132280410,4551456423,-590882299,2021-07-29
110,,761_455862625_CACEIS,1287005191,OB,OB,No-pair,wire transfer,Caceis booked the wire transfer for SD 05-15-2020. Integrata yet to book,1287005191,1287005191,4551456423,-590882299,2021-07-29
111,,183_4551066313_CACEIS,1556876343,OB,OB,No-pair,fx wire,Caceis booked the fx wire for SD 10-15-2020. Integrata yet to book,1556876343,1556876343,4551456423,-590882299,2021-07-29
112,,68_4551394628_CACEIS,1997244641,OB,OB,No-pair,fx wire,Caceis booked the fx wire for SD 06-15-2021. Integrata yet to book,1997244641,1997244641,4551456423,-590882299,2021-07-29
113,,633_4551232906_CACEIS,1780157051,OB,OB,No-pair,fx wire,Caceis booked the fx wire for SD 02-16-2021. Integrata yet to book,1780157051,1780157051,4551456423,-590882299,2021-07-29
114,,57_455772338_CACEIS,1169827540,OB,OB,No-pair,fx wire,Caceis booked the fx wire for SD 03-06-2020. Integrata yet to book,1169827540,1169827540,4551456423,-590882299,2021-07-29
115,,690_455643841_CACEIS,975323762,OB,OB,No-pair,fx wire,Caceis booked the fx wire for SD 11-18-2019. Integrata yet to book,975323762,975323762,4551456423,-590882299,2021-07-29
116,,50_455898221_CACEIS,1334730785,OB,OB,No-pair,wire transfer,Caceis booked the wire transfer for SD 06-12-2020. Integrata yet to book,1334730785,1334730785,4551456423,-590882299,2021-07-29
117,,3_455959742_CACEIS,1417073509,OB,OB,No-pair,proceeds sell,Caceis booked the proceeds sell for SD 07-29-2020. Integrata yet to book,1417073509,1417073509,4551456423,-590882299,2021-07-29
118,,1_4551392792_CACEIS,1994925024,OB,OB,No-pair,proceeds sell,Caceis booked the Miscellaneous for SD 06-15-2021. Integrata yet to book,1994925024,1994925024,4551456423,-590882299,2021-07-29
119,,1_455903805_CACEIS,1341692743,OB,OB,No-pair,proceeds sell,Caceis booked the Miscellaneous for SD 06-17-2020. Integrata yet to book,1341692743,1341692743,4551456423,-590882299,2021-07-29
120,,70_4551087502_CACEIS,1584326587,OB,OB,No-pair,wire transfer,Caceis booked the wire transfer for SD 10-30-2020. Integrata yet to book,1584326587,1584326587,4551456423,-590882299,2021-07-29
121,,14_455777858_CACEIS,1177395831,OB,OB,No-pair,wire transfer,Caceis booked the wire transfer for SD 03-11-2020. Integrata yet to book,1177395831,1177395831,4551456423,-590882299,2021-07-29
122,,392_455822501_CACEIS,1235308293,OB,OB,No-pair,fx wire,Caceis booked the fx wire for SD 04-15-2020. Integrata yet to book,1235308293,1235308293,4551456423,-590882299,2021-07-29
123,,22_4551356653_CACEIS,1945281532,OB,OB,No-pair,wire transfer,Caceis booked the wire transfer for SD 05-18-2021. Integrata yet to book,1945281532,1945281532,4551456423,-590882299,2021-07-29
124,,537_455900053_CACEIS,1336714036,OB,OB,No-pair,fx wire,Caceis booked the fx wire for SD 06-15-2020. Integrata yet to book,1336714036,1336714036,4551456423,-590882299,2021-07-29
125,,54_368123_CACEIS,532374039,OB,OB,No-pair,fx wire,Caceis booked the fx wire for SD 04-15-2019. Integrata yet to book,532374039,532374039,4551456423,-590882299,2021-07-29
126,,1363_455643841_CACEIS,975324435,OB,OB,No-pair,fx wire,Caceis booked the fx wire for SD 11-15-2019. Integrata yet to book,975324435,975324435,4551456423,-590882299,2021-07-29
127,,95_455669415_CACEIS,1020661843,OB,OB,No-pair,fx wire,Caceis booked the fx wire for SD 12-16-2019. Integrata yet to book,1020661843,1020661843,4551456423,-590882299,2021-07-29
128,,157_455963450_CACEIS,1421777730,OB,OB,No-pair,monthend interest,Caceis booked the monthend interest for SD 08-01-2020. Integrata yet to book,1421777730,1421777730,4551456423,-590882299,2021-07-29
129,,12_455777858_CACEIS,1177395761,OB,OB,No-pair,wire transfer,Caceis booked the wire transfer for SD 03-11-2020. Integrata yet to book,1177395761,1177395761,4551456423,-590882299,2021-07-29
130,,98_4551105378_CACEIS,1608089280,OB,OB,No-pair,wire transfer,Caceis booked the wire transfer for SD 11-12-2020. Integrata yet to book,1608089280,1608089280,4551456423,-590882299,2021-07-29
131,,68_306589_CACEIS,433998244,OB,OB,No-pair,fx wire,Caceis booked the fx wire for SD 02-15-2019. Integrata yet to book,433998244,433998244,4551456423,-590882299,2021-07-29
132,,523_4551109218_CACEIS,1613287126,OB,OB,No-pair,fx wire,Caceis booked the fx wire for SD 11-16-2020. Integrata yet to book,1613287126,1613287126,4551456423,-590882299,2021-07-29
133,,1_455965443_CACEIS,1424260194,OB,OB,No-pair,wire transfer,Caceis booked the wire transfer for SD 08-03-2020. Integrata yet to book,1424260194,1424260194,4551456423,-590882299,2021-07-29
134,,443_455822501_CACEIS,1235308302,OB,OB,No-pair,fx wire,Caceis booked the fx wire for SD 04-15-2020. Integrata yet to book,1235308302,1235308302,4551456423,-590882299,2021-07-29
135,,8_4551062436_CACEIS,1551719874,OB,OB,No-pair,wire transfer,Caceis booked the wire transfer for SD 10-13-2020. Integrata yet to book,1551719874,1551719874,4551456423,-590882299,2021-07-29
136,,3_4551337567_CACEIS,1917624431,OB,OB,No-pair,fees,Caceis booked the fees for SD 05-03-2021. Integrata yet to book,1917624431,1917624431,4551456423,-590882299,2021-07-29
137,,45_4551239617_CACEIS,1789074831,OB,OB,No-pair,wire transfer,Caceis booked the wire transfer for SD 02-19-2021. Integrata yet to book,1789074831,1789074831,4551456423,-590882299,2021-07-29
138,,61_455940640_CACEIS,1391595969,OB,OB,No-pair,fx wire,Caceis booked the fx wire for SD 07-15-2020. Integrata yet to book,1391595969,1391595969,4551456423,-590882299,2021-07-29
139,,68_4551354754_CACEIS,1942399481,OB,OB,No-pair,fx wire,Caceis booked the fx wire for SD 05-17-2021. Integrata yet to book,1942399481,1942399481,4551456423,-590882299,2021-07-29
140,,68_455663909_CACEIS,1011570628,OB,OB,No-pair,fees,Caceis booked the fees for SD 12-11-2019. Integrata yet to book,1011570628,1011570628,4551456423,-590882299,2021-07-29
141,,34_4551388882_CACEIS,1989667626,OB,OB,No-pair,wire transfer,Caceis booked the wire transfer for SD 06-10-2021. Integrata yet to book,1989667626,1989667626,4551456423,-590882299,2021-07-29
142,,48_455649350_CACEIS,985331728,OB,OB,No-pair,monthend interest,Caceis booked the monthend interest for SD 12-01-2019. Integrata yet to book,985331728,985331728,4551456423,-590882299,2021-07-29
143,,45_368123_CACEIS,532374038,OB,OB,No-pair,fx wire,Caceis booked the fx wire for SD 04-15-2019. Integrata yet to book,532374038,532374038,4551456423,-590882299,2021-07-29
144,,123_4551436806_CACEIS,2049885811,OB,OB,No-pair,fx wire,Caceis booked the fx wire for SD 07-15-2021. Integrata yet to book,2049885811,2049885811,4551456423,-590882299,2021-07-29
145,,57_455669415_CACEIS,1020661871,OB,OB,No-pair,fx wire,Caceis booked the fx wire for SD 12-16-2019. Integrata yet to book,1020661871,1020661871,4551456423,-590882299,2021-07-29
146,,24_455742022_CACEIS,1127725727,OB,OB,No-pair,fees,Caceis booked the fees for SD 02-12-2020. Integrata yet to book,1127725727,1127725727,4551456423,-590882299,2021-07-29
147,,536_4551149959_CACEIS,1667623362,OB,OB,No-pair,fx wire,Caceis booked the fx wire for SD 12-15-2020. Integrata yet to book,1667623362,1667623362,4551456423,-590882299,2021-07-29
148,,77_455706635_CACEIS,1081907287,OB,OB,No-pair,fx wire,Caceis booked the fx wire for SD 01-15-2020. Integrata yet to book,1081907287,1081907287,4551456423,-590882299,2021-07-29
149,,33_455706635_CACEIS,1081907313,OB,OB,No-pair,fx wire,Caceis booked the fx wire for SD 01-15-2020. Integrata yet to book,1081907313,1081907313,4551456423,-590882299,2021-07-29
150,,387_455822501_CACEIS,1235307692,OB,OB,No-pair,fees,Caceis booked the fees for SD 04-14-2020. Integrata yet to book,1235307692,1235307692,4551456423,-590882299,2021-07-29
151,,132_455862625_CACEIS,1287002817,OB,OB,No-pair,fx wire,Caceis booked the fx wire for SD 05-15-2020. Integrata yet to book,1287002817,1287002817,4551456423,-590882299,2021-07-29
152,,108_4551105378_CACEIS,1608089293,OB,OB,No-pair,wire transfer,Caceis booked the wire transfer for SD 11-12-2020. Integrata yet to book,1608089293,1608089293,4551456423,-590882299,2021-07-29
153,,465_455822501_CACEIS,1235308315,OB,OB,No-pair,fx wire,Caceis booked the fx wire for SD 04-15-2020. Integrata yet to book,1235308315,1235308315,4551456423,-590882299,2021-07-29
154,,17_4551042956_CACEIS,1525553099,OB,OB,No-pair,wire transfer,Caceis booked the wire transfer for SD 09-17-2020. Integrata yet to book,1525553099,1525553099,4551456423,-590882299,2021-07-29
155,,31_4551077732_CACEIS,1571717944,OB,OB,No-pair,wire transfer,Caceis booked the wire transfer for SD 10-23-2020. Integrata yet to book,1571717944,1571717944,4551456423,-590882299,2021-07-29
156,,36_455783582_CACEIS,1185159201,OB,OB,No-pair,fx wire,Caceis booked the fx wire for SD 03-16-2020. Integrata yet to book,1185159201,1185159201,4551456423,-590882299,2021-07-29
157,,51_4551354754_CACEIS,1942399476,OB,OB,No-pair,fx wire,Caceis booked the fx wire for SD 05-17-2021. Integrata yet to book,1942399476,1942399476,4551456423,-590882299,2021-07-29
158,,23_455777858_CACEIS,1177395889,OB,OB,No-pair,wire transfer,Caceis booked the wire transfer for SD 03-11-2020. Integrata yet to book,1177395889,1177395889,4551456423,-590882299,2021-07-29
159,,463_455985296_CACEIS,1449582145,OB,OB,No-pair,fx wire,Caceis booked the fx wire for SD 08-17-2020. Integrata yet to book,1449582145,1449582145,4551456423,-590882299,2021-07-29
160,,416_4551066313_CACEIS,1556876665,OB,OB,No-pair,fx wire,Caceis booked the fx wire for SD 10-15-2020. Integrata yet to book,1556876665,1556876665,4551456423,-590882299,2021-07-29
161,,76_4551388882_CACEIS,1989667604,OB,OB,No-pair,wire transfer,Caceis booked the wire transfer for SD 06-10-2021. Integrata yet to book,1989667604,1989667604,4551456423,-590882299,2021-07-29
162,,966_455643841_CACEIS,975324038,OB,OB,No-pair,fees,Caceis booked the fees for SD 11-13-2019. Integrata yet to book,975324038,975324038,4551456423,-590882299,2021-07-29
163,,15_455742022_CACEIS,1127725703,OB,OB,No-pair,fees,Caceis booked the fees for SD 02-12-2020. Integrata yet to book,1127725703,1127725703,4551456423,-590882299,2021-07-29
164,,344_4551232906_CACEIS,1780156792,OB,OB,No-pair,fx wire,Caceis booked the fx wire for SD 02-16-2021. Integrata yet to book,1780156792,1780156792,4551456423,-590882299,2021-07-29
165,,61_455898221_CACEIS,1334730729,OB,OB,No-pair,fx wire,Caceis booked the fx wire for SD 06-12-2020. Integrata yet to book,1334730729,1334730729,4551456423,-590882299,2021-07-29
166,,92_4551191593_CACEIS,1722905140,OB,OB,No-pair,fx wire,Caceis booked the fx wire for SD 01-15-2021. Integrata yet to book,1722905140,1722905140,4551456423,-590882299,2021-07-29
167,,758_455862625_CACEIS,1287004665,OB,OB,No-pair,fx wire,Caceis booked the fx wire for SD 05-15-2020. Integrata yet to book,1287004665,1287004665,4551456423,-590882299,2021-07-29
168,,5_4551029716_CACEIS,1508201949,OB,OB,No-pair,wire transfer,Caceis booked the wire transfer for SD 09-18-2020. Integrata yet to book,1508201949,1508201949,4551456423,-590882299,2021-07-29
169,,10_4551438780_CACEIS,2052260388,OB,OB,No-pair,fx wire,Caceis booked the fx wire for SD 07-16-2021. Integrata yet to book,2052260388,2052260388,4551456423,-590882299,2021-07-29
170,,81_455898221_CACEIS,1334730763,OB,OB,No-pair,fx wire,Caceis booked the fx wire for SD 06-12-2020. Integrata yet to book,1334730763,1334730763,4551456423,-590882299,2021-07-29
171,,783_4551232906_CACEIS,1780157108,OB,OB,No-pair,fx wire,Caceis booked the fx wire for SD 02-16-2021. Integrata yet to book,1780157108,1780157108,4551456423,-590882299,2021-07-29
172,,49_4551388882_CACEIS,1989667633,OB,OB,No-pair,wire transfer,Caceis booked the wire transfer for SD 06-10-2021. Integrata yet to book,1989667633,1989667633,4551456423,-590882299,2021-07-29
173,,30_455676391_CACEIS,1031864571,OB,OB,No-pair,fx wire,Caceis booked the fx wire for SD 12-20-2019. Integrata yet to book,1031864571,1031864571,4551456423,-590882299,2021-07-29
174,,34_4551254304_CACEIS,1807385716,OB,OB,No-pair,wire transfer,Caceis booked the wire transfer for SD 03-02-2021. Integrata yet to book,1807385716,1807385716,4551456423,-590882299,2021-07-29
175,,95_455898221_CACEIS,1334730814,OB,OB,No-pair,wire transfer,Caceis booked the wire transfer for SD 06-12-2020. Integrata yet to book,1334730814,1334730814,4551456423,-590882299,2021-07-29
176,,54_4551388882_CACEIS,1989667657,OB,OB,No-pair,wire transfer,Caceis booked the wire transfer for SD 06-10-2021. Integrata yet to book,1989667657,1989667657,4551456423,-590882299,2021-07-29
177,,434_4551149959_CACEIS,1667623380,OB,OB,No-pair,fx wire,Caceis booked the fx wire for SD 12-15-2020. Integrata yet to book,1667623380,1667623380,4551456423,-590882299,2021-07-29
178,,2_455777858_CACEIS,1177395638,OB,OB,No-pair,wire transfer,Caceis booked the wire transfer for SD 03-11-2020. Integrata yet to book,1177395638,1177395638,4551456423,-590882299,2021-07-29
179,,8_455986572_CACEIS,1451140935,OB,OB,No-pair,wire transfer,Caceis booked the wire transfer for SD 08-18-2020. Integrata yet to book,1451140935,1451140935,4551456423,-590882299,2021-07-29
180,,4_455826113_CACEIS,1239393714,OB,OB,No-pair,fx wire,Caceis booked the fx wire for SD 04-17-2020. Integrata yet to book,1239393714,1239393714,4551456423,-590882299,2021-07-29
181,,43_4551254304_CACEIS,1807385738,OB,OB,No-pair,wire transfer,Caceis booked the wire transfer for SD 03-02-2021. Integrata yet to book,1807385738,1807385738,4551456423,-590882299,2021-07-29
182,,139_4551436806_CACEIS,2049885945,OB,OB,No-pair,fx wire,Caceis booked the fx wire for SD 07-15-2021. Integrata yet to book,2049885945,2049885945,4551456423,-590882299,2021-07-29
183,,62_455898221_CACEIS,1334730740,OB,OB,No-pair,fx wire,Caceis booked the fx wire for SD 06-12-2020. Integrata yet to book,1334730740,1334730740,4551456423,-590882299,2021-07-29
184,,1_455663909_CACEIS,1011570585,OB,OB,No-pair,fees,Caceis booked the fees for SD 12-11-2019. Integrata yet to book,1011570585,1011570585,4551456423,-590882299,2021-07-29
185,,100_4551349054_CACEIS,1933657834,OB,OB,No-pair,fees,Caceis booked the fees for SD 05-12-2021. Integrata yet to book,1933657834,1933657834,4551456423,-590882299,2021-07-29
186,,959_455643841_CACEIS,975324031,OB,OB,No-pair,fees,Caceis booked the fees for SD 11-13-2019. Integrata yet to book,975324031,975324031,4551456423,-590882299,2021-07-29
187,,162_455822501_CACEIS,1235308236,OB,OB,No-pair,fx wire,Caceis booked the fx wire for SD 04-15-2020. Integrata yet to book,1235308236,1235308236,4551456423,-590882299,2021-07-29
188,,134_4551184426_CACEIS,1712749741,OB,OB,No-pair,fees,Caceis booked the fees for SD 01-11-2021. Integrata yet to book,1712749741,1712749741,4551456423,-590882299,2021-07-29
189,,10_455408517_CACEIS,589855178,OB,OB,No-pair,fx wire,Caceis booked the fx wire for SD 05-17-2019. Integrata yet to book,589855178,589855178,4551456423,-590882299,2021-07-29
190,,9_309411_CACEIS,439623714,OB,OB,No-pair,fx wire,Caceis booked the fx wire for SD 02-22-2019. Integrata yet to book,439623714,439623714,4551456423,-590882299,2021-07-29
191,,793_455643841_CACEIS,975323865,OB,OB,No-pair,wire transfer,Caceis booked the wire transfer for SD 11-06-2019. Integrata yet to book,975323865,975323865,4551456423,-590882299,2021-07-29
192,,336_4551023983_CACEIS,1500214000,OB,OB,No-pair,fx wire,Caceis booked the fx wire for SD 09-15-2020. Integrata yet to book,1500214000,1500214000,4551456423,-590882299,2021-07-29
193,,709_4551232906_CACEIS,1780157105,OB,OB,No-pair,fx wire,Caceis booked the fx wire for SD 02-16-2021. Integrata yet to book,1780157105,1780157105,4551456423,-590882299,2021-07-29
194,,27_4551042956_CACEIS,1525553102,OB,OB,No-pair,wire transfer,Caceis booked the wire transfer for SD 09-21-2020. Integrata yet to book,1525553102,1525553102,4551456423,-590882299,2021-07-29
195,,720_455862625_CACEIS,1287005075,OB,OB,No-pair,fx wire,Caceis booked the fx wire for SD 05-15-2020. Integrata yet to book,1287005075,1287005075,4551456423,-590882299,2021-07-29
196,,4_4551318931_CACEIS,1890812362,OB,OB,No-pair,wire transfer,Caceis booked the wire transfer for SD 04-20-2021. Integrata yet to book,1890812362,1890812362,4551456423,-590882299,2021-07-29
197,,282_4551109218_CACEIS,1613286747,OB,OB,No-pair,fx wire,Caceis booked the fx wire for SD 11-16-2020. Integrata yet to book,1613286747,1613286747,4551456423,-590882299,2021-07-29
198,,222_455940640_CACEIS,1391596190,OB,OB,No-pair,fx wire,Caceis booked the fx wire for SD 07-15-2020. Integrata yet to book,1391596190,1391596190,4551456423,-590882299,2021-07-29
199,7_4551171343_Integrata,,1696929164,OB,OB,No-pair,wire transfer,Integrata booked the Net Sub/Red for SD 12-31-2020.Caceis yet to book.,1696929164,1696929164,4551456423,-590882299,2021-07-29
200,1_455923571_Integrata,,1369374361,OB,OB,No-pair,wire transfer,Integrata booked the subscription for SD 07-02-2020.Caceis yet to book.,1369374361,1369374361,4551456423,-590882299,2021-07-29
201,,151_4551018409_CACEIS,1492757226,OB,OB,No-pair,fees,Caceis booked the fees for SD 09-10-2020. Integrata yet to book,1492757226,1492757226,4551456423,-590882299,2021-07-29
202,13_4551066313_Integrata,,1556876222,OB,OB,No-pair,wire transfer,Integrata booked the subscription for SD 10-15-2020.Caceis yet to book.,1556876222,1556876222,4551456423,-590882299,2021-07-29
203,,20_4551003590_CACEIS,1473426006,OB,OB,No-pair,monthend interest,Caceis booked the monthend interest for SD 09-01-2020. Integrata yet to book,1473426006,1473426006,4551456423,-590882299,2021-07-29
204,17_455647366_Integrata,,982003172,OB,OB,No-pair,wire transfer,Integrata booked the subscription for SD 11-28-2019.Caceis yet to book.,982003172,982003172,4551456423,-590882299,2021-07-29
205,,11_455777858_CACEIS,1177395746,OB,OB,No-pair,wire transfer,Caceis booked the wire transfer for SD 03-11-2020. Integrata yet to book,1177395746,1177395746,4551456423,-590882299,2021-07-29
206,16_4551250853_Integrata,,1802932449,OB,OB,No-pair,wire transfer,Integrata booked the Net Sub/Red for SD 02-25-2021.Caceis yet to book.,1802932449,1802932449,4551456423,-590882299,2021-07-29
207,2_455896330_Integrata,,1332271835,OB,OB,No-pair,wire transfer,Integrata booked the subscription for SD 06-11-2020.Caceis yet to book.,1332271835,1332271835,4551456423,-590882299,2021-07-29
208,1_455933037_Integrata,,1381439416,OB,OB,No-pair,wire transfer,Integrata booked the subscription for SD 07-09-2020.Caceis yet to book.,1381439416,1381439416,4551456423,-590882299,2021-07-29
209,1_455575944_Integrata,,858396493,OB,OB,No-pair,wire transfer,Integrata booked the subscription for SD 10-03-2019.Caceis yet to book.,858396493,858396493,4551456423,-590882299,2021-07-29
210,,93_368123_CACEIS,532374133,OB,OB,No-pair,fx wire,Caceis booked the fx wire for SD 04-15-2019. Integrata yet to book,532374133,532374133,4551456423,-590882299,2021-07-29
211,,116_4551184426_CACEIS,1712749825,OB,OB,No-pair,fees,Caceis booked the fees for SD 01-11-2021. Integrata yet to book,1712749825,1712749825,4551456423,-590882299,2021-07-29
212,,1_455961594_CACEIS,1419470969,OB,OB,No-pair,wire transfer,Caceis booked the wire transfer for SD 07-30-2020. Integrata yet to book,1419470969,1419470969,4551456423,-590882299,2021-07-29
213,11_4551046894_Integrata,,1531161773,OB,OB,No-pair,redemption,Integrata booked the redemption for SD 10-01-2020.Caceis yet to book.,1531161773,1531161773,4551456423,-590882299,2021-07-29
214,5_4551105378_Integrata,,1608089152,OB,OB,No-pair,wire transfer,Integrata booked the Net Sub/Red for SD 11-12-2020.Caceis yet to book.,1608089152,1608089152,4551456423,-590882299,2021-07-29
215,11_455630517_Integrata,,953479673,OB,OB,No-pair,redemption,Integrata booked the redemption for SD 11-14-2019.Caceis yet to book.,953479673,953479673,4551456423,-590882299,2021-07-29
216,37_4551331846_Integrata,,1908172333,OB,OB,No-pair,proceeds sell,Integrata booked the Net Sub/Red for SD 04-29-2021.Caceis yet to book.,1908172333,1908172333,4551456423,-590882299,2021-07-29
217,3_455806818_Integrata,,1215188700,OB,OB,No-pair,redemption,Integrata booked the redemption for SD 04-02-2020.Caceis yet to book.,1215188700,1215188700,4551456423,-590882299,2021-07-29
218,20_373605_Integrata,,541454320,OB,OB,No-pair,wire transfer,Integrata booked the Net Sub/Red for SD 04-18-2019.Caceis yet to book.,541454320,541454320,4551456423,-590882299,2021-07-29
219,5_455734639_Integrata,,1118103065,OB,OB,No-pair,redemption,Integrata booked the redemption for SD 02-06-2020.Caceis yet to book.,1118103065,1118103065,4551456423,-590882299,2021-07-29
220,6_4551446567_Integrata,,2061724328,OB,OB,No-pair,proceeds sell,Integrata booked the Net Sub/Red for SD 07-22-2021.Caceis yet to book.,2061724328,2061724328,4551456423,-590882299,2021-07-29
221,2_455887206_Integrata,,1320167947,OB,OB,No-pair,wire transfer,Integrata booked the subscription for SD 06-04-2020.Caceis yet to book.,1320167947,1320167947,4551456423,-590882299,2021-07-29
222,4_455942533_Integrata,,1393935327,OB,OB,No-pair,wire transfer,Integrata booked the Net Sub/Red for SD 07-16-2020.Caceis yet to book.,1393935327,1393935327,4551456423,-590882299,2021-07-29
223,8_455842390_Integrata,,1260634940,OB,OB,No-pair,redemption,Integrata booked the redemption for SD 04-30-2020.Caceis yet to book.,1260634940,1260634940,4551456423,-590882299,2021-07-29
224,257_455612247_Integrata,,921619670,OB,OB,No-pair,proceeds sell,Integrata booked the Net Sub/Red for SD 10-31-2019.Caceis yet to book.,921619670,921619670,4551456423,-590882299,2021-07-29
225,3_455665664_Integrata,,1014464232,OB,OB,No-pair,redemption,Integrata booked the redemption for SD 12-12-2019.Caceis yet to book.,1014464232,1014464232,4551456423,-590882299,2021-07-29
226,18_455647366_Integrata,,982003174,OB,OB,No-pair,wire transfer,Integrata booked the Net Sub/Red for SD 11-28-2019.Caceis yet to book.,982003174,982003174,4551456423,-590882299,2021-07-29
227,5_455630517_Integrata,,953479655,OB,OB,No-pair,wire transfer,Integrata booked the subscription for SD 11-14-2019.Caceis yet to book.,953479655,953479655,4551456423,-590882299,2021-07-29
228,5_4551360527_Integrata,,1950420218,OB,OB,No-pair,proceeds sell,Integrata booked the Net Sub/Red for SD 05-20-2021.Caceis yet to book.,1950420218,1950420218,4551456423,-590882299,2021-07-29
229,1_344898_Integrata,,496360324,OB,OB,No-pair,wire transfer,Integrata booked the wire transfer for SD 03-26-2019.Caceis yet to book.,496360324,496360324,4551456423,-590882299,2021-07-29
230,1_455952085_Integrata,,1407030020,OB,OB,No-pair,redemption,Integrata booked the redemption for SD 07-23-2020.Caceis yet to book.,1407030020,1407030020,4551456423,-590882299,2021-07-29
231,4_455961594_Integrata,,1419470968,OB,OB,No-pair,redemption,Integrata booked the redemption for SD 07-30-2020.Caceis yet to book.,1419470968,1419470968,4551456423,-590882299,2021-07-29
232,13_455980848_Integrata,,1444104459,OB,OB,No-pair,redemption,Integrata booked the redemption for SD 08-13-2020.Caceis yet to book.,1444104459,1444104459,4551456423,-590882299,2021-07-29
233,98_4551144082_Integrata,,1659706997,OB,OB,No-pair,redemption,Integrata booked the redemption for SD 12-10-2020.Caceis yet to book.,1659706997,1659706997,4551456423,-590882299,2021-07-29
234,2_455690056_Integrata,,1057181221,OB,OB,No-pair,wire transfer,Integrata booked the subscription for SD 01-02-2020.Caceis yet to book.,1057181221,1057181221,4551456423,-590882299,2021-07-29
235,4_455806818_Integrata,,1215188702,OB,OB,No-pair,wire transfer,Integrata booked the Net Sub/Red for SD 04-02-2020.Caceis yet to book.,1215188702,1215188702,4551456423,-590882299,2021-07-29
236,14_455506286_Integrata,,741867046,OB,OB,No-pair,wire transfer,Integrata booked the Net Sub/Red for SD 08-08-2019.Caceis yet to book.,741867046,741867046,4551456423,-590882299,2021-07-29
237,6_4551134044_Integrata,,1646944668,OB,OB,No-pair,wire transfer,Integrata booked the subscription for SD 12-03-2020.Caceis yet to book.,1646944668,1646944668,4551456423,-590882299,2021-07-29
238,100_4551144082_Integrata,,1659706998,OB,OB,No-pair,wire transfer,Integrata booked the Net Sub/Red for SD 12-10-2020.Caceis yet to book.,1659706998,1659706998,4551456423,-590882299,2021-07-29
239,17_455980848_Integrata,,1444104458,OB,OB,No-pair,wire transfer,Integrata booked the Net Sub/Red for SD 08-13-2020.Caceis yet to book.,1444104458,1444104458,4551456423,-590882299,2021-07-29
240,,8_455909302_CACEIS,1349421686,OB,OB,No-pair,wire transfer,Caceis booked the wire transfer for SD 06-15-2020. Integrata yet to book,1349421686,1349421686,4551456423,-590882299,2021-07-29
241,5_455905558_Integrata,,1344088056,OB,OB,No-pair,wire transfer,Integrata booked the subscription for SD 06-18-2020.Caceis yet to book.,1344088056,1344088056,4551456423,-590882299,2021-07-29
242,11_455842390_Integrata,,1260634943,OB,OB,No-pair,redemption,Integrata booked the redemption for SD 04-30-2020.Caceis yet to book.,1260634943,1260634943,4551456423,-590882299,2021-07-29
243,1_4551337567_Integrata,,1917624427,OB,OB,No-pair,wire transfer,Integrata booked the AUM plug for SD 05-03-2021.Caceis yet to book.,1917624427,1917624427,4551456423,-590882299,2021-07-29
244,9_455990300_Integrata,,1455760307,OB,OB,No-pair,redemption,Integrata booked the redemption for SD 08-20-2020.Caceis yet to book.,1455760307,1455760307,4551456423,-590882299,2021-07-29
245,,445_4551023983_CACEIS,1500214010,OB,OB,No-pair,fx wire,Caceis booked the fx wire for SD 09-15-2020. Integrata yet to book,1500214010,1500214010,4551456423,-590882299,2021-07-29
246,,5_455400675_CACEIS,579063103,OB,OB,No-pair,fx wire,Caceis booked the fx wire for SD 05-10-2019. Integrata yet to book,579063103,579063103,4551456423,-590882299,2021-07-29
247,3_4551246640_Integrata,,1797846183,OB,OB,No-pair,wire transfer,Integrata booked the AUM plug for SD 02-24-2021.Caceis yet to book.,1797846183,1797846183,4551456423,-590882299,2021-07-29
248,3_4551191593_Integrata,,1722905008,OB,OB,No-pair,redemption,Integrata booked the redemption for SD 01-14-2021.Caceis yet to book.,1722905008,1722905008,4551456423,-590882299,2021-07-29
249,,40_455879764_CACEIS,1309543740,OB,OB,No-pair,fx wire,Caceis booked the fx wire for SD 05-29-2020. Integrata yet to book,1309543740,1309543740,4551456423,-590882299,2021-07-29
250,,612_455643841_CACEIS,975323684,OB,OB,No-pair,wire transfer,Caceis booked the wire transfer for SD 11-18-2019. Integrata yet to book,975323684,975323684,4551456423,-590882299,2021-07-29
251,,9_366528_CACEIS,530188206,OB,OB,No-pair,fx wire,Caceis booked the fx wire for SD 04-12-2019. Integrata yet to book,530188206,530188206,4551456423,-590882299,2021-07-29
252,8_4551267661_Integrata,,1824870494,OB,OB,No-pair,wire transfer,Integrata booked the AUM plug for SD 03-11-2021.Caceis yet to book.,1824870494,1824870494,4551456423,-590882299,2021-07-29
253,1_4551237030_Integrata,,1785359483,OB,OB,No-pair,wire transfer,Integrata booked the AUM plug for SD 02-17-2021.Caceis yet to book.,1785359483,1785359483,4551456423,-590882299,2021-07-29
254,69_4551085502_Integrata,,1581818110,OB,OB,No-pair,wire transfer,Integrata booked the wire transfer for SD 10-27-2020.Caceis yet to book.,1581818110,1581818110,4551456423,-590882299,2021-07-29
255,3_4551174457_Integrata,,1699762741,OB,OB,No-pair,redemption,Integrata booked the redemption for SD 12-31-2020.Caceis yet to book.,1699762741,1699762741,4551456423,-590882299,2021-07-29
256,4_4551411869_Integrata,,2018959337,OB,OB,No-pair,wire transfer,Integrata booked the AUM plug for SD 06-25-2021.Caceis yet to book.,2018959337,2018959337,4551456423,-590882299,2021-07-29
257,1_4551168254_Integrata,,1691686476,OB,OB,No-pair,redemption,Integrata booked the redemption for SD 12-24-2020.Caceis yet to book.,1691686476,1691686476,4551456423,-590882299,2021-07-29
258,1_455406737_Integrata,,587037523,OB,OB,No-pair,wire transfer,Integrata booked the Net Sub/Red for SD 05-15-2019.Caceis yet to book.,587037523,587037523,4551456423,-590882299,2021-07-29
259,,22_4551145900_CACEIS,1662178990,OB,OB,No-pair,fx wire,Caceis booked the fx wire for SD 12-11-2020. Integrata yet to book,1662178990,1662178990,4551456423,-590882299,2021-07-29
260,1_4551400940_Integrata,,2004694214,OB,OB,No-pair,wire transfer,Integrata booked the AUM plug for SD 06-17-2021.Caceis yet to book.,2004694214,2004694214,4551456423,-590882299,2021-07-29
261,2_4551358677_Integrata,,1947722924,OB,OB,No-pair,wire transfer,Integrata booked the AUM plug for SD 05-18-2021.Caceis yet to book.,1947722924,1947722924,4551456423,-590882299,2021-07-29
262,53_4551085502_Integrata,,1581818076,OB,OB,No-pair,wire transfer,Integrata booked the wire transfer for SD 10-27-2020.Caceis yet to book.,1581818076,1581818076,4551456423,-590882299,2021-07-29
263,,377_455748445_CACEIS,1136275495,OB,OB,No-pair,fx wire,Caceis booked the fx wire for SD 02-18-2020. Integrata yet to book,1136275495,1136275495,4551456423,-590882299,2021-07-29
264,1_4551267661_Integrata,,1824870485,OB,OB,No-pair,redemption,Integrata booked the redemption for SD 03-11-2021.Caceis yet to book.,1824870485,1824870485,4551456423,-590882299,2021-07-29
265,5_4551349054_Integrata,,1933657812,OB,OB,No-pair,wire transfer,Integrata booked the AUM plug for SD 05-11-2021.Caceis yet to book.,1933657812,1933657812,4551456423,-590882299,2021-07-29
266,2_4551260237_Integrata,,1815145564,OB,OB,No-pair,wire transfer,Integrata booked the AUM plug for SD 03-05-2021.Caceis yet to book.,1815145564,1815145564,4551456423,-590882299,2021-07-29
267,35_4551388882_Integrata,,1989667539,OB,OB,No-pair,wire transfer,Integrata booked the AUM plug for SD 06-09-2021.Caceis yet to book.,1989667539,1989667539,4551456423,-590882299,2021-07-29
268,,116_4551436806_CACEIS,2049885869,OB,OB,No-pair,fx wire,Caceis booked the fx wire for SD 07-15-2021. Integrata yet to book,2049885869,2049885869,4551456423,-590882299,2021-07-29
269,,3_455755745_CACEIS,1145540677,OB,OB,No-pair,proceeds sell,Caceis booked the proceeds sell for SD 02-24-2020. Integrata yet to book,1145540677,1145540677,4551456423,-590882299,2021-07-29
270,10_4551400940_Integrata,,2004694217,OB,OB,No-pair,wire transfer,Integrata booked the AUM plug for SD 06-17-2021.Caceis yet to book.,2004694217,2004694217,4551456423,-590882299,2021-07-29
271,2_4551347247_Integrata,,1931198816,OB,OB,No-pair,wire transfer,Integrata booked the AUM plug for SD 05-10-2021.Caceis yet to book.,1931198816,1931198816,4551456423,-590882299,2021-07-29
272,2_4551392792_Integrata,,1994925021,OB,OB,No-pair,wire transfer,Integrata booked the AUM plug for SD 06-11-2021.Caceis yet to book.,1994925021,1994925021,4551456423,-590882299,2021-07-29
273,2_4551275432_Integrata,,1835072454,OB,OB,No-pair,wire transfer,Integrata booked the AUM plug for SD 03-17-2021.Caceis yet to book.,1835072454,1835072454,4551456423,-590882299,2021-07-29
274,2_4551228190_Integrata,,1773079459,OB,OB,No-pair,wire transfer,Integrata booked the AUM plug for SD 02-10-2021.Caceis yet to book.,1773079459,1773079459,4551456423,-590882299,2021-07-29
275,15_4551382936_Integrata,,1982280374,OB,OB,No-pair,wire transfer,Integrata booked the AUM plug for SD 06-04-2021.Caceis yet to book.,1982280374,1982280374,4551456423,-590882299,2021-07-29
276,,31_455547231_CACEIS,811491682,OB,OB,No-pair,fees,Caceis booked the fees for SD 09-11-2019. Integrata yet to book,811491682,811491682,4551456423,-590882299,2021-07-29
277,,65_455693832_CACEIS,1063035254,OB,OB,No-pair,wire transfer,Caceis booked the wire transfer for SD 01-06-2020. Integrata yet to book,1063035254,1063035254,4551456423,-590882299,2021-07-29
278,2_4551370002_Integrata,,1964483313,OB,OB,No-pair,wire transfer,Integrata booked the AUM plug for SD 05-26-2021.Caceis yet to book.,1964483313,1964483313,4551456423,-590882299,2021-07-29
279,,87_4551311496_CACEIS,1881179957,OB,OB,No-pair,fees,Caceis booked the fees for SD 04-14-2021. Integrata yet to book,1881179957,1881179957,4551456423,-590882299,2021-07-29
280,,6_4551166054_CACEIS,1689088071,OB,OB,No-pair,fx wire,Caceis booked the fx wire for SD 12-28-2020. Integrata yet to book,1689088071,1689088071,4551456423,-590882299,2021-07-29
281,3_4551222350_Integrata,,1765090304,OB,OB,No-pair,wire transfer,Integrata booked the AUM plug for SD 02-05-2021.Caceis yet to book.,1765090304,1765090304,4551456423,-590882299,2021-07-29
282,17_4551242873_Integrata,,1793109170,OB,OB,No-pair,wire transfer,Integrata booked the AUM plug for SD 02-22-2021.Caceis yet to book.,1793109170,1793109170,4551456423,-590882299,2021-07-29
283,4_4551081703_Integrata,,1576857666,OB,OB,No-pair,wire transfer,Integrata booked the wire transfer for SD 08-31-2020.Caceis yet to book.,1576857666,1576857666,4551456423,-590882299,2021-07-29
284,4_4551203153_Integrata,,1737813334,OB,OB,No-pair,wire transfer,Integrata booked the AUM plug for SD 01-22-2021.Caceis yet to book.,1737813334,1737813334,4551456423,-590882299,2021-07-29
285,9_4551330053_Integrata,,1905535654,OB,OB,No-pair,wire transfer,Integrata booked the AUM plug for SD 04-27-2021.Caceis yet to book.,1905535654,1905535654,4551456423,-590882299,2021-07-29
286,4_4551250853_Integrata,,1802932494,OB,OB,No-pair,wire transfer,Integrata booked the AUM plug for SD 02-26-2021.Caceis yet to book.,1802932494,1802932494,4551456423,-590882299,2021-07-29
287,,24_455803095_CACEIS,1210223512,OB,OB,No-pair,monthend interest,Caceis booked the monthend interest for SD 04-01-2020. Integrata yet to book,1210223512,1210223512,4551456423,-590882299,2021-07-29
288,,50_455879764_CACEIS,1309543749,OB,OB,No-pair,fx wire,Caceis booked the fx wire for SD 05-29-2020. Integrata yet to book,1309543749,1309543749,4551456423,-590882299,2021-07-29
289,1_4551331846_Integrata,,1908172321,OB,OB,No-pair,wire transfer,Integrata booked the AUM plug for SD 04-28-2021.Caceis yet to book.,1908172321,1908172321,4551456423,-590882299,2021-07-29
290,5_4551117124_Integrata,,1623224422,OB,OB,No-pair,wire transfer,Integrata booked the subscription for SD 11-19-2020.Caceis yet to book.,1623224422,1623224422,4551456423,-590882299,2021-07-29
291,,122_455900053_CACEIS,1336713314,OB,OB,No-pair,fx wire,Caceis booked the fx wire for SD 06-15-2020. Integrata yet to book,1336713314,1336713314,4551456423,-590882299,2021-07-29
292,4_4551085502_Integrata,,1581818036,OB,OB,No-pair,wire transfer,Integrata booked the wire transfer for SD 10-27-2020.Caceis yet to book.,1581818036,1581818036,4551456423,-590882299,2021-07-29
293,19_455460973_Integrata,,668641486,OB,OB,No-pair,fx wire,Integrata booked the fx wire for SD 05-14-2019.Caceis yet to book.,668641486,668641486,4551456423,-590882299,2021-07-29
294,23_4551382936_Integrata,,1982280369,OB,OB,No-pair,wire transfer,Integrata booked the AUM plug for SD 06-04-2021.Caceis yet to book.,1982280369,1982280369,4551456423,-590882299,2021-07-29
295,,101_4551239617_CACEIS,1789074816,OB,OB,No-pair,fx wire,Caceis booked the fx wire for SD 02-19-2021. Integrata yet to book,1789074816,1789074816,4551456423,-590882299,2021-07-29
296,4_4551343376_Integrata,,1925737799,OB,OB,No-pair,wire transfer,Integrata booked the AUM plug for SD 05-06-2021.Caceis yet to book.,1925737799,1925737799,4551456423,-590882299,2021-07-29
297,46_4551085502_Integrata,,1581818035,OB,OB,No-pair,wire transfer,Integrata booked the wire transfer for SD 10-27-2020.Caceis yet to book.,1581818035,1581818035,4551456423,-590882299,2021-07-29
298,47_4551085502_Integrata,,1581818033,OB,OB,No-pair,wire transfer,Integrata booked the wire transfer for SD 10-27-2020.Caceis yet to book.,1581818033,1581818033,4551456423,-590882299,2021-07-29
299,8_4551081703_Integrata,,1576857674,OB,OB,No-pair,wire transfer,Integrata booked the wire transfer for SD 08-31-2020.Caceis yet to book.,1576857674,1576857674,4551456423,-590882299,2021-07-29
300,,60_455706635_CACEIS,1081907335,OB,OB,No-pair,fx wire,Caceis booked the fx wire for SD 01-15-2020. Integrata yet to book,1081907335,1081907335,4551456423,-590882299,2021-07-29
301,21_4551331846_Integrata,,1908172331,OB,OB,No-pair,monthend interest,Integrata booked the monthend interest for SD 04-01-2021.Caceis yet to book.,1908172331,1908172331,4551456423,-590882299,2021-07-29
302,,81_455822501_CACEIS,1235307908,OB,OB,No-pair,fx wire,Caceis booked the fx wire for SD 04-15-2020. Integrata yet to book,1235307908,1235307908,4551456423,-590882299,2021-07-29
303,,20_455663909_CACEIS,1011570665,OB,OB,No-pair,fees,Caceis booked the fees for SD 12-11-2019. Integrata yet to book,1011570665,1011570665,4551456423,-590882299,2021-07-29
304,,59_4551210754_CACEIS,1748958285,OB,OB,No-pair,monthend interest,Caceis booked the monthend interest for SD 02-01-2021. Integrata yet to book,1748958285,1748958285,4551456423,-590882299,2021-07-29
305,1_4551317078_Integrata,,1888368210,OB,OB,No-pair,wire transfer,Integrata booked the AUM plug for SD 04-16-2021.Caceis yet to book.,1888368210,1888368210,4551456423,-590882299,2021-07-29
306,,784_4551232906_CACEIS,1780157101,OB,OB,No-pair,fx wire,Caceis booked the fx wire for SD 02-16-2021. Integrata yet to book,1780157101,1780157101,4551456423,-590882299,2021-07-29
307,1_4551446567_Integrata,,2061724323,OB,OB,No-pair,wire transfer,Integrata booked the AUM plug for SD 07-21-2021.Caceis yet to book.,2061724323,2061724323,4551456423,-590882299,2021-07-29
308,13_4551315208_Integrata,,1885912646,OB,OB,No-pair,wire transfer,Integrata booked the AUM plug for SD 04-15-2021.Caceis yet to book.,1885912646,1885912646,4551456423,-590882299,2021-07-29
309,,68_455442954_CACEIS,637183861,OB,OB,No-pair,fx wire,Caceis booked the fx wire for SD 06-17-2019. Integrata yet to book,637183861,637183861,4551456423,-590882299,2021-07-29
310,65_4551085502_Integrata,,1581818108,OB,OB,No-pair,wire transfer,Integrata booked the wire transfer for SD 10-27-2020.Caceis yet to book.,1581818108,1581818108,4551456423,-590882299,2021-07-29
311,5_4551218474_Integrata,,1759361011,OB,OB,No-pair,wire transfer,Integrata booked the AUM plug for SD 02-03-2021.Caceis yet to book.,1759361011,1759361011,4551456423,-590882299,2021-07-29
312,,127_4551248485_CACEIS,1800039385,OB,OB,No-pair,fx wire,Caceis booked the fx wire for SD 02-26-2021. Integrata yet to book,1800039385,1800039385,4551456423,-590882299,2021-07-29
313,1_4551422928_Integrata,,2033447071,OB,OB,No-pair,wire transfer,Integrata booked the AUM plug for SD 07-05-2021.Caceis yet to book.,2033447071,2033447071,4551456423,-590882299,2021-07-29
314,40_4551085502_Integrata,,1581818082,OB,OB,No-pair,wire transfer,Integrata booked the wire transfer for SD 10-27-2020.Caceis yet to book.,1581818082,1581818082,4551456423,-590882299,2021-07-29
315,16_4551283365_Integrata,,1845308068,OB,OB,No-pair,wire transfer,Integrata booked the AUM plug for SD 03-23-2021.Caceis yet to book.,1845308068,1845308068,4551456423,-590882299,2021-07-29
316,,395_455822501_CACEIS,1235308400,OB,OB,No-pair,fx wire,Caceis booked the fx wire for SD 04-15-2020. Integrata yet to book,1235308400,1235308400,4551456423,-590882299,2021-07-29
317,1_4551339728_Integrata,,1920020592,OB,OB,No-pair,wire transfer,Integrata booked the AUM plug for SD 05-04-2021.Caceis yet to book.,1920020592,1920020592,4551456423,-590882299,2021-07-29
318,11_4551444588_Integrata,,2059445495,OB,OB,No-pair,wire transfer,Integrata booked the AUM plug for SD 07-20-2021.Caceis yet to book.,2059445495,2059445495,4551456423,-590882299,2021-07-29
319,1_4551430779_Integrata,,2043021912,OB,OB,No-pair,wire transfer,Integrata booked the AUM plug for SD 07-09-2021.Caceis yet to book.,2043021912,2043021912,4551456423,-590882299,2021-07-29
320,62_4551085502_Integrata,,1581818101,OB,OB,No-pair,wire transfer,Integrata booked the wire transfer for SD 10-27-2020.Caceis yet to book.,1581818101,1581818101,4551456423,-590882299,2021-07-29
321,,369_455900053_CACEIS,1336713704,OB,OB,No-pair,fx wire,Caceis booked the fx wire for SD 06-15-2020. Integrata yet to book,1336713704,1336713704,4551456423,-590882299,2021-07-29
322,1_4551029716_Integrata,,1508201944,OB,OB,No-pair,wire transfer,Integrata booked the Net Sub/Red for SD 09-17-2020.Caceis yet to book.,1508201944,1508201944,4551456423,-590882299,2021-07-29
323,1_4551275432_Integrata,,1835072455,OB,OB,No-pair,wire transfer,Integrata booked the AUM plug for SD 03-17-2021.Caceis yet to book.,1835072455,1835072455,4551456423,-590882299,2021-07-29
324,,17_455688261_CACEIS,1053516642,OB,OB,No-pair,proceeds sell,Caceis booked the proceeds sell for SD 12-31-2019. Integrata yet to book,1053516642,1053516642,4551456423,-590882299,2021-07-29
325,4_4551292839_Integrata,,1857221910,OB,OB,No-pair,wire transfer,Integrata booked the AUM plug for SD 03-30-2021.Caceis yet to book.,1857221910,1857221910,4551456423,-590882299,2021-07-29
326,,319_4551191593_CACEIS,1722905260,OB,OB,No-pair,fx wire,Caceis booked the fx wire for SD 01-15-2021. Integrata yet to book,1722905260,1722905260,4551456423,-590882299,2021-07-29
327,20_4551085502_Integrata,,1581818048,OB,OB,No-pair,wire transfer,Integrata booked the wire transfer for SD 10-27-2020.Caceis yet to book.,1581818048,1581818048,4551456423,-590882299,2021-07-29
328,,11_455585083_CACEIS,874262512,OB,OB,No-pair,wire transfer,Caceis booked the wire transfer for SD 10-10-2019. Integrata yet to book,874262512,874262512,4551456423,-590882299,2021-07-29
329,23_4551295830_Integrata,,1861884206,OB,OB,No-pair,monthend interest,Integrata booked the monthend interest for SD 03-31-2021.Caceis yet to book.,1861884206,1861884206,4551456423,-590882299,2021-07-29
330,4_4551168254_Integrata,,1691686479,OB,OB,No-pair,wire transfer,Integrata booked the Net Sub/Red for SD 12-24-2020.Caceis yet to book.,1691686479,1691686479,4551456423,-590882299,2021-07-29
331,74_4551085502_Integrata,,1581818090,OB,OB,No-pair,wire transfer,Integrata booked the wire transfer for SD 10-27-2020.Caceis yet to book.,1581818090,1581818090,4551456423,-590882299,2021-07-29
332,1_349816_Integrata,,505077735,OB,OB,No-pair,wire transfer,Integrata booked the Net Sub/Red for SD 03-28-2019.Caceis yet to book.,505077735,505077735,4551456423,-590882299,2021-07-29
333,2_4551324555_Integrata,,1898109349,OB,OB,No-pair,wire transfer,Integrata booked the AUM plug for SD 04-22-2021.Caceis yet to book.,1898109349,1898109349,4551456423,-590882299,2021-07-29
334,1_4551248485_Integrata,,1800039342,OB,OB,No-pair,wire transfer,Integrata booked the AUM plug for SD 02-25-2021.Caceis yet to book.,1800039342,1800039342,4551456423,-590882299,2021-07-29
335,2_4551394628_Integrata,,1997244523,OB,OB,No-pair,wire transfer,Integrata booked the AUM plug for SD 06-14-2021.Caceis yet to book.,1997244523,1997244523,4551456423,-590882299,2021-07-29
336,,63_455693832_CACEIS,1063035236,OB,OB,No-pair,wire transfer,Caceis booked the wire transfer for SD 01-06-2020. Integrata yet to book,1063035236,1063035236,4551456423,-590882299,2021-07-29
337,1_4551450423_Integrata,,2066372788,OB,OB,No-pair,wire transfer,Integrata booked the AUM plug for SD 07-23-2021.Caceis yet to book.,2066372788,2066372788,4551456423,-590882299,2021-07-29
338,,105_455590588_CACEIS,883858345,OB,OB,No-pair,fx wire,Caceis booked the fx wire for SD 10-15-2019. Integrata yet to book,883858345,883858345,4551456423,-590882299,2021-07-29
339,4_4551362459_Integrata,,1953424871,OB,OB,No-pair,redemption,Integrata booked the redemption for SD 05-20-2021.Caceis yet to book.,1953424871,1953424871,4551456423,-590882299,2021-07-29
340,,1_4551345342_CACEIS,1928263153,OB,OB,No-pair,wire transfer,Caceis booked the wire transfer for SD 05-10-2021. Integrata yet to book,1928263153,1928263153,4551456423,-590882299,2021-07-29
341,3_4551428980_Integrata,,2040344572,OB,OB,No-pair,wire transfer,Integrata booked the AUM plug for SD 07-08-2021.Caceis yet to book.,2040344572,2040344572,4551456423,-590882299,2021-07-29
342,8_4551210754_Integrata,,1748958183,OB,OB,No-pair,redemption,Integrata booked the redemption for SD 01-28-2021.Caceis yet to book.,1748958183,1748958183,4551456423,-590882299,2021-07-29
343,,29_4551248485_CACEIS,1800039486,OB,OB,No-pair,monthend interest,Caceis booked the monthend interest for SD 03-01-2021. Integrata yet to book,1800039486,1800039486,4551456423,-590882299,2021-07-29
344,,7_455844329_CACEIS,1263214818,OB,OB,No-pair,fx wire,Caceis booked the fx wire for SD 05-01-2020. Integrata yet to book,1263214818,1263214818,4551456423,-590882299,2021-07-29
345,8_4551396696_Integrata,,1999487102,OB,OB,No-pair,wire transfer,Integrata booked the AUM plug for SD 06-15-2021.Caceis yet to book.,1999487102,1999487102,4551456423,-590882299,2021-07-29
346,,50_333062_CACEIS,479846768,OB,OB,No-pair,fx wire,Caceis booked the fx wire for SD 03-15-2019. Integrata yet to book,479846768,479846768,4551456423,-590882299,2021-07-29
347,57_4551085502_Integrata,,1581818099,OB,OB,No-pair,wire transfer,Integrata booked the wire transfer for SD 10-27-2020.Caceis yet to book.,1581818099,1581818099,4551456423,-590882299,2021-07-29
348,13_455460973_Integrata,,668641477,OB,OB,No-pair,fx wire,Integrata booked the fx wire for SD 06-13-2019.Caceis yet to book.,668641477,668641477,4551456423,-590882299,2021-07-29
349,27_4551295830_Integrata,,1861884215,OB,OB,No-pair,wire transfer,Integrata booked the AUM plug for SD 03-31-2021.Caceis yet to book.,1861884215,1861884215,4551456423,-590882299,2021-07-29
350,4_4551230809_Integrata,,1777487234,OB,OB,No-pair,wire transfer,Integrata booked the AUM plug for SD 02-12-2021.Caceis yet to book.,1777487234,1777487234,4551456423,-590882299,2021-07-29
351,,46_455476582_CACEIS,691188125,OB,OB,No-pair,fx wire,Caceis booked the fx wire for SD 07-16-2019. Integrata yet to book,691188125,691188125,4551456423,-590882299,2021-07-29
352,12_4551254304_Integrata,,1807385710,OB,OB,No-pair,wire transfer,Integrata booked the AUM plug for SD 03-02-2021.Caceis yet to book.,1807385710,1807385710,4551456423,-590882299,2021-07-29
353,4_4551390838_Integrata,,1992497430,OB,OB,No-pair,wire transfer,Integrata booked the AUM plug for SD 06-10-2021.Caceis yet to book.,1992497430,1992497430,4551456423,-590882299,2021-07-29
354,,355_455940640_CACEIS,1391596266,OB,OB,No-pair,fx wire,Caceis booked the fx wire for SD 07-15-2020. Integrata yet to book,1391596266,1391596266,4551456423,-590882299,2021-07-29
355,76_4551085502_Integrata,,1581818041,OB,OB,No-pair,wire transfer,Integrata booked the wire transfer for SD 10-27-2020.Caceis yet to book.,1581818041,1581818041,4551456423,-590882299,2021-07-29
356,,89_455590588_CACEIS,883858331,OB,OB,No-pair,fx wire,Caceis booked the fx wire for SD 10-15-2019. Integrata yet to book,883858331,883858331,4551456423,-590882299,2021-07-29
357,,441_4551023983_CACEIS,1500214219,OB,OB,No-pair,fx wire,Caceis booked the fx wire for SD 09-15-2020. Integrata yet to book,1500214219,1500214219,4551456423,-590882299,2021-07-29
358,1_4551224321_Integrata,,1767692351,OB,OB,No-pair,wire transfer,Integrata booked the AUM plug for SD 02-08-2021.Caceis yet to book.,1767692351,1767692351,4551456423,-590882299,2021-07-29
359,11_455637843_Integrata,,964907315,OB,OB,No-pair,fx wire,Integrata booked the fx wire for SD 11-20-2019.Caceis yet to book.,964907315,964907315,4551456423,-590882299,2021-07-29
360,,55_333062_CACEIS,479846781,OB,OB,No-pair,fx wire,Caceis booked the fx wire for SD 03-15-2019. Integrata yet to book,479846781,479846781,4551456423,-590882299,2021-07-29
361,,1_455920273_CACEIS,1364559740,OB,OB,No-pair,monthend interest,Caceis booked the monthend interest for SD 07-01-2020. Integrata yet to book,1364559740,1364559740,4551456423,-590882299,2021-07-29
362,24_455646278_Integrata,,979597502,OB,OB,No-pair,fx wire,Integrata booked the fx wire for SD 11-27-2019.Caceis yet to book.,979597502,979597502,4551456423,-590882299,2021-07-29
363,,513_455862625_CACEIS,1287004777,OB,OB,No-pair,fx wire,Caceis booked the fx wire for SD 05-15-2020. Integrata yet to book,1287004777,1287004777,4551456423,-590882299,2021-07-29
364,28_4551239617_Integrata,,1789074706,OB,OB,No-pair,fx wire,Integrata booked the fx wire for SD 02-19-2021.Caceis yet to book.,1789074706,1789074706,4551456423,-590882299,2021-07-29
365,,43_455808758_CACEIS,1217520443,OB,OB,No-pair,wire transfer,Caceis booked the wire transfer for SD 04-03-2020. Integrata yet to book,1217520443,1217520443,4551456423,-590882299,2021-07-29
366,6_4551414063_Integrata,,2021656550,OB,OB,No-pair,proceeds sell,Integrata booked the proceeds sell for SD 06-29-2021.Caceis yet to book.,2021656550,2021656550,4551456423,-590882299,2021-07-29
367,,350_455822501_CACEIS,1235308213,OB,OB,No-pair,fx wire,Caceis booked the fx wire for SD 04-15-2020. Integrata yet to book,1235308213,1235308213,4551456423,-590882299,2021-07-29
368,,148_455898221_CACEIS,1334730791,OB,OB,No-pair,fx wire,Caceis booked the fx wire for SD 06-12-2020. Integrata yet to book,1334730791,1334730791,4551456423,-590882299,2021-07-29
369,,433_455783582_CACEIS,1185159704,OB,OB,No-pair,fx wire,Caceis booked the fx wire for SD 03-16-2020. Integrata yet to book,1185159704,1185159704,4551456423,-590882299,2021-07-29
370,,431_4551023983_CACEIS,1500214218,OB,OB,No-pair,fx wire,Caceis booked the fx wire for SD 09-15-2020. Integrata yet to book,1500214218,1500214218,4551456423,-590882299,2021-07-29
371,,179_455898221_CACEIS,1334730890,OB,OB,No-pair,fees,Caceis booked the fees for SD 06-12-2020. Integrata yet to book,1334730890,1334730890,4551456423,-590882299,2021-07-29
372,,48_455643841_CACEIS,975323120,OB,OB,No-pair,fx wire,Caceis booked the fx wire for SD 11-01-2019. Integrata yet to book,975323120,975323120,4551456423,-590882299,2021-07-29
373,,9_455674593_CACEIS,1029176383,OB,OB,No-pair,proceeds sell,Caceis booked the proceeds sell for SD 12-19-2019. Integrata yet to book,1029176383,1029176383,4551456423,-590882299,2021-07-29
374,1_455920273_Integrata,,1367056759,OB,OB,No-pair,proceeds sell,Integrata booked the proceeds sell for SD 06-30-2020.Caceis yet to book.,1367056759,1367056759,4551456423,-590882299,2021-07-29
375,22_455637843_Integrata,,964907341,OB,OB,No-pair,proceeds sell,Integrata booked the proceeds sell for SD 11-20-2019.Caceis yet to book.,964907341,964907341,4551456423,-590882299,2021-07-29
376,,39_455586694_CACEIS,876699161,OB,OB,No-pair,wire transfer,Caceis booked the wire transfer for SD 10-11-2019. Integrata yet to book,876699161,876699161,4551456423,-590882299,2021-07-29
377,,71_455900053_CACEIS,1336713274,OB,OB,No-pair,fx wire,Caceis booked the fx wire for SD 06-15-2020. Integrata yet to book,1336713274,1336713274,4551456423,-590882299,2021-07-29
378,,436_4551109218_CACEIS,1613286957,OB,OB,No-pair,fx wire,Caceis booked the fx wire for SD 11-16-2020. Integrata yet to book,1613286957,1613286957,4551456423,-590882299,2021-07-29
379,,33_455985296_CACEIS,1449581808,OB,OB,No-pair,fx wire,Caceis booked the fx wire for SD 08-17-2020. Integrata yet to book,1449581808,1449581808,4551456423,-590882299,2021-07-29
380,23_455637843_Integrata,,964907361,OB,OB,No-pair,proceeds sell,Integrata booked the proceeds sell for SD 11-20-2019.Caceis yet to book.,964907361,964907361,4551456423,-590882299,2021-07-29
381,273_455612247_Integrata,,921619688,OB,OB,No-pair,proceeds sell,Integrata booked the proceeds sell for SD 10-31-2019.Caceis yet to book.,921619688,921619688,4551456423,-590882299,2021-07-29
382,27_4551134044_Integrata,,1646944671,OB,OB,No-pair,proceeds sell,Integrata booked the proceeds sell for SD 11-06-2020.Caceis yet to book.,1646944671,1646944671,4551456423,-590882299,2021-07-29
383,,3_4551003590_CACEIS,1473425952,OB,OB,No-pair,wire transfer,Caceis booked the wire transfer for SD 08-31-2020. Integrata yet to book,1473425952,1473425952,4551456423,-590882299,2021-07-29
384,10_4551450423_Integrata,,2066372794,OB,OB,No-pair,proceeds sell,Integrata booked the proceeds sell for SD 07-26-2021.Caceis yet to book.,2066372794,2066372794,4551456423,-590882299,2021-07-29
385,33_455415049_Integrata,,598468895,OB,OB,No-pair,proceeds sell,Integrata booked the proceeds sell for SD 03-21-2019.Caceis yet to book.,598468895,598468895,4551456423,-590882299,2021-07-29
386,2_455871083_Integrata,,1298154291,OB,OB,No-pair,proceeds sell,Integrata booked the proceeds sell for SD 05-11-2020.Caceis yet to book.,1298154291,1298154291,4551456423,-590882299,2021-07-29
387,15_455796038_Integrata,,1200627630,OB,OB,No-pair,proceeds sell,Integrata booked the proceeds sell for SD 03-12-2020.Caceis yet to book.,1200627630,1200627630,4551456423,-590882299,2021-07-29
388,6_455851677_Integrata,,1275438403,OB,OB,No-pair,proceeds sell,Integrata booked the proceeds sell for SD 05-08-2020.Caceis yet to book.,1275438403,1275438403,4551456423,-590882299,2021-07-29
389,1_4551054828_Integrata,,1541490084,OB,OB,No-pair,proceeds sell,Integrata booked the proceeds sell for SD 10-07-2020.Caceis yet to book.,1541490084,1541490084,4551456423,-590882299,2021-07-29
390,,4_455400675_CACEIS,579063094,OB,OB,No-pair,wire transfer,Caceis booked the wire transfer for SD 05-10-2019. Integrata yet to book,579063094,579063094,4551456423,-590882299,2021-07-29
391,5_4551099445_Integrata,,1602589068,OB,OB,No-pair,proceeds sell,Integrata booked the proceeds sell for SD 11-10-2020.Caceis yet to book.,1602589068,1602589068,4551456423,-590882299,2021-07-29
392,,506_455783582_CACEIS,1185159628,OB,OB,No-pair,fx wire,Caceis booked the fx wire for SD 03-16-2020. Integrata yet to book,1185159628,1185159628,4551456423,-590882299,2021-07-29
393,,64_455753887_CACEIS,1143364816,OB,OB,No-pair,fx wire,Caceis booked the fx wire for SD 02-21-2020. Integrata yet to book,1143364816,1143364816,4551456423,-590882299,2021-07-29
394,,113_4551184426_CACEIS,1712749765,OB,OB,No-pair,wire transfer,Caceis booked the wire transfer for SD 01-11-2021. Integrata yet to book,1712749765,1712749765,4551456423,-590882299,2021-07-29
395,,149_4551184426_CACEIS,1712749777,OB,OB,No-pair,wire transfer,Caceis booked the wire transfer for SD 01-11-2021. Integrata yet to book,1712749777,1712749777,4551456423,-590882299,2021-07-29
396,10_455639505_Integrata,,967749752,OB,OB,No-pair,wire transfer,Integrata booked the subscription for SD 11-21-2019.Caceis yet to book.,967749752,967749752,4551456423,-590882299,2021-07-29
397,,43_4551354754_CACEIS,1942399658,OB,OB,No-pair,fx wire,Caceis booked the fx wire for SD 05-17-2021. Integrata yet to book,1942399658,1942399658,4551456423,-590882299,2021-07-29
398,24_4551180537_Integrata,,1707592393,OB,OB,No-pair,wire transfer,Integrata booked the subscription for SD 01-07-2021.Caceis yet to book.,1707592393,1707592393,4551456423,-590882299,2021-07-29
399,,7_455772338_CACEIS,1169827507,OB,OB,No-pair,fx wire,Caceis booked the fx wire for SD 03-06-2020. Integrata yet to book,1169827507,1169827507,4551456423,-590882299,2021-07-29
400,,105_455862625_CACEIS,1287003239,OB,OB,No-pair,fx wire,Caceis booked the fx wire for SD 05-15-2020. Integrata yet to book,1287003239,1287003239,4551456423,-590882299,2021-07-29
401,13_455725302_Integrata,,1105491795,OB,OB,No-pair,redemption,Integrata booked the redemption for SD 01-30-2020.Caceis yet to book.,1105491795,1105491795,4551456423,-590882299,2021-07-29
402,,1_455469998_CACEIS,680605494,OB,OB,No-pair,wire transfer,Caceis booked the wire transfer for SD 03-07-2019. Integrata yet to book,680605494,680605494,4551456423,-590882299,2021-07-29
403,,337_455669415_CACEIS,1020661917,OB,OB,No-pair,fx wire,Caceis booked the fx wire for SD 12-16-2019. Integrata yet to book,1020661917,1020661917,4551456423,-590882299,2021-07-29
404,2_455743848_Integrata,,1130319866,OB,OB,No-pair,redemption,Integrata booked the redemption for SD 02-13-2020.Caceis yet to book.,1130319866,1130319866,4551456423,-590882299,2021-07-29
405,3_455594146_Integrata,,889578905,OB,OB,No-pair,redemption,Integrata booked the redemption for SD 10-17-2019.Caceis yet to book.,889578905,889578905,4551456423,-590882299,2021-07-29
406,,3_455988469_CACEIS,1453491212,OB,OB,No-pair,wire transfer,Caceis booked the wire transfer for SD 08-19-2020. Integrata yet to book,1453491212,1453491212,4551456423,-590882299,2021-07-29
407,59_356155_Integrata,,514324937,OB,OB,No-pair,wire transfer,Integrata booked the Net Sub/Red for SD 04-04-2019.Caceis yet to book.,514324937,514324937,4551456423,-590882299,2021-07-29
408,,551_455783582_CACEIS,1185159795,OB,OB,No-pair,fx wire,Caceis booked the fx wire for SD 03-16-2020. Integrata yet to book,1185159795,1185159795,4551456423,-590882299,2021-07-29
409,,126_4551149959_CACEIS,1667622914,OB,OB,No-pair,fx wire,Caceis booked the fx wire for SD 12-15-2020. Integrata yet to book,1667622914,1667622914,4551456423,-590882299,2021-07-29
410,,16_455864447_CACEIS,1289293341,OB,OB,No-pair,fx wire,Caceis booked the fx wire for SD 05-18-2020. Integrata yet to book,1289293341,1289293341,4551456423,-590882299,2021-07-29
411,,14_455861455_CACEIS,1285500784,OB,OB,No-pair,wire transfer,Caceis booked the wire transfer for SD 05-13-2020. Integrata yet to book,1285500784,1285500784,4551456423,-590882299,2021-07-29
412,,64_455862625_CACEIS,1287002998,OB,OB,No-pair,fx wire,Caceis booked the fx wire for SD 05-15-2020. Integrata yet to book,1287002998,1287002998,4551456423,-590882299,2021-07-29
413,,4_455831691_CACEIS,1246623606,OB,OB,No-pair,wire transfer,Caceis booked the wire transfer for SD 04-22-2020. Integrata yet to book,1246623606,1246623606,4551456423,-590882299,2021-07-29
414,,55_4551254304_CACEIS,1807385734,OB,OB,No-pair,wire transfer,Caceis booked the wire transfer for SD 03-02-2021. Integrata yet to book,1807385734,1807385734,4551456423,-590882299,2021-07-29
415,,136_455726980_CACEIS,1107942543,OB,OB,No-pair,fx wire,Caceis booked the fx wire for SD 01-31-2020. Integrata yet to book,1107942543,1107942543,4551456423,-590882299,2021-07-29
416,,84_4551066313_CACEIS,1556876396,OB,OB,No-pair,fx wire,Caceis booked the fx wire for SD 10-15-2020. Integrata yet to book,1556876396,1556876396,4551456423,-590882299,2021-07-29
417,,13_4551048988_CACEIS,1533696948,OB,OB,No-pair,fx wire,Caceis booked the fx wire for SD 10-02-2020. Integrata yet to book,1533696948,1533696948,4551456423,-590882299,2021-07-29
418,,76_4551394628_CACEIS,1997244613,OB,OB,No-pair,fx wire,Caceis booked the fx wire for SD 06-15-2021. Integrata yet to book,1997244613,1997244613,4551456423,-590882299,2021-07-29
419,,400_4551023983_CACEIS,1500214184,OB,OB,No-pair,fx wire,Caceis booked the fx wire for SD 09-15-2020. Integrata yet to book,1500214184,1500214184,4551456423,-590882299,2021-07-29
420,,53_455605017_CACEIS,907407208,OB,OB,No-pair,wire transfer,Caceis booked the wire transfer for SD 10-25-2019. Integrata yet to book,907407208,907407208,4551456423,-590882299,2021-07-29
421,,330_455669415_CACEIS,1020661929,OB,OB,No-pair,fx wire,Caceis booked the fx wire for SD 12-16-2019. Integrata yet to book,1020661929,1020661929,4551456423,-590882299,2021-07-29
422,,154_4551060531_CACEIS,1548950659,OB,OB,No-pair,wire transfer,Caceis booked the wire transfer for SD 10-12-2020. Integrata yet to book,1548950659,1548950659,4551456423,-590882299,2021-07-29
423,,1_4551007519_CACEIS,1478390971,OB,OB,No-pair,wire transfer,Caceis booked the wire transfer for SD 08-28-2020. Integrata yet to book,1478390971,1478390971,4551456423,-590882299,2021-07-29
424,,26_4551254304_CACEIS,1807385761,OB,OB,No-pair,wire transfer,Caceis booked the wire transfer for SD 03-02-2021. Integrata yet to book,1807385761,1807385761,4551456423,-590882299,2021-07-29
425,,53_455803095_CACEIS,1210223498,OB,OB,No-pair,monthend interest,Caceis booked the monthend interest for SD 04-01-2020. Integrata yet to book,1210223498,1210223498,4551456423,-590882299,2021-07-29
426,,9_4551060531_CACEIS,1548950637,OB,OB,No-pair,fees,Caceis booked the fees for SD 10-12-2020. Integrata yet to book,1548950637,1548950637,4551456423,-590882299,2021-07-29
427,,24_4551136088_CACEIS,1649475126,OB,OB,No-pair,fx wire,Caceis booked the fx wire for SD 12-04-2020. Integrata yet to book,1649475126,1649475126,4551456423,-590882299,2021-07-29
428,,25_4551060531_CACEIS,1548950745,OB,OB,No-pair,fees,Caceis booked the fees for SD 10-12-2020. Integrata yet to book,1548950745,1548950745,4551456423,-590882299,2021-07-29
429,,40_4551023983_CACEIS,1500213816,OB,OB,No-pair,fx wire,Caceis booked the fx wire for SD 09-15-2020. Integrata yet to book,1500213816,1500213816,4551456423,-590882299,2021-07-29
430,,603_4551232906_CACEIS,1780157049,OB,OB,No-pair,fx wire,Caceis booked the fx wire for SD 02-16-2021. Integrata yet to book,1780157049,1780157049,4551456423,-590882299,2021-07-29
431,,195_455706635_CACEIS,1081907299,OB,OB,No-pair,fx wire,Caceis booked the fx wire for SD 01-15-2020. Integrata yet to book,1081907299,1081907299,4551456423,-590882299,2021-07-29
432,,179_455822501_CACEIS,1235308015,OB,OB,No-pair,fx wire,Caceis booked the fx wire for SD 04-15-2020. Integrata yet to book,1235308015,1235308015,4551456423,-590882299,2021-07-29
433,,47_4551105378_CACEIS,1608089187,OB,OB,No-pair,wire transfer,Caceis booked the wire transfer for SD 11-12-2020. Integrata yet to book,1608089187,1608089187,4551456423,-590882299,2021-07-29
434,,426_455822501_CACEIS,1235307792,OB,OB,No-pair,fees,Caceis booked the fees for SD 04-14-2020. Integrata yet to book,1235307792,1235307792,4551456423,-590882299,2021-07-29
435,,394_4551023983_CACEIS,1500214260,OB,OB,No-pair,fx wire,Caceis booked the fx wire for SD 09-15-2020. Integrata yet to book,1500214260,1500214260,4551456423,-590882299,2021-07-29
436,,1370_455643841_CACEIS,975324442,OB,OB,No-pair,fx wire,Caceis booked the fx wire for SD 11-15-2019. Integrata yet to book,975324442,975324442,4551456423,-590882299,2021-07-29
437,,542_455783582_CACEIS,1185159639,OB,OB,No-pair,fx wire,Caceis booked the fx wire for SD 03-16-2020. Integrata yet to book,1185159639,1185159639,4551456423,-590882299,2021-07-29
438,,95_4551105378_CACEIS,1608089229,OB,OB,No-pair,wire transfer,Caceis booked the wire transfer for SD 11-12-2020. Integrata yet to book,1608089229,1608089229,4551456423,-590882299,2021-07-29
439,,2_455526948_CACEIS,777272579,OB,OB,No-pair,proceeds sell,Caceis booked the proceeds sell for SD 08-26-2019. Integrata yet to book,777272579,777272579,4551456423,-590882299,2021-07-29
440,,200_4551436806_CACEIS,2049885925,OB,OB,No-pair,wire transfer,Caceis booked the wire transfer for SD 07-09-2021. Integrata yet to book,2049885925,2049885925,4551456423,-590882299,2021-07-29
441,,7_315245_CACEIS,450739043,OB,OB,No-pair,monthend interest,Caceis booked the monthend interest for SD 03-01-2019. Integrata yet to book,450739043,450739043,4551456423,-590882299,2021-07-29
442,,63_4551127906_CACEIS,1637981943,OB,OB,No-pair,monthend interest,Caceis booked the monthend interest for SD 12-01-2020. Integrata yet to book,1637981943,1637981943,4551456423,-590882299,2021-07-29
443,,14_455779682_CACEIS,1179968824,OB,OB,No-pair,wire transfer,Caceis booked the wire transfer for SD 02-28-2020. Integrata yet to book,1179968824,1179968824,4551456423,-590882299,2021-07-29
444,,228_4551109218_CACEIS,1613286784,OB,OB,No-pair,fx wire,Caceis booked the fx wire for SD 11-16-2020. Integrata yet to book,1613286784,1613286784,4551456423,-590882299,2021-07-29
445,,2_455946289_CACEIS,1399975216,OB,OB,No-pair,proceeds sell,Caceis booked the proceeds sell for SD 07-20-2020. Integrata yet to book,1399975216,1399975216,4551456423,-590882299,2021-07-29
446,,93_4551105378_CACEIS,1608089182,OB,OB,No-pair,wire transfer,Caceis booked the wire transfer for SD 11-12-2020. Integrata yet to book,1608089182,1608089182,4551456423,-590882299,2021-07-29
447,,176_455643841_CACEIS,975323248,OB,OB,No-pair,wire transfer,Caceis booked the wire transfer for SD 11-08-2019. Integrata yet to book,975323248,975323248,4551456423,-590882299,2021-07-29
448,,53_455862625_CACEIS,1287002994,OB,OB,No-pair,fx wire,Caceis booked the fx wire for SD 05-15-2020. Integrata yet to book,1287002994,1287002994,4551456423,-590882299,2021-07-29
449,,181_455693832_CACEIS,1063035244,OB,OB,No-pair,wire transfer,Caceis booked the wire transfer for SD 01-06-2020. Integrata yet to book,1063035244,1063035244,4551456423,-590882299,2021-07-29
450,,22_307472_CACEIS,436148264,OB,OB,No-pair,wire transfer,Caceis booked the wire transfer for SD 02-13-2019. Integrata yet to book,436148264,436148264,4551456423,-590882299,2021-07-29
451,,87_4551436806_CACEIS,2049885809,OB,OB,No-pair,fx wire,Caceis booked the fx wire for SD 07-15-2021. Integrata yet to book,2049885809,2049885809,4551456423,-590882299,2021-07-29
452,,182_455590588_CACEIS,883858485,OB,OB,No-pair,fx wire,Caceis booked the fx wire for SD 10-15-2019. Integrata yet to book,883858485,883858485,4551456423,-590882299,2021-07-29
453,,315_4551313388_CACEIS,1883527957,OB,OB,No-pair,fx wire,Caceis booked the fx wire for SD 04-15-2021. Integrata yet to book,1883527957,1883527957,4551456423,-590882299,2021-07-29
454,,431_455748445_CACEIS,1136275487,OB,OB,No-pair,fx wire,Caceis booked the fx wire for SD 02-18-2020. Integrata yet to book,1136275487,1136275487,4551456423,-590882299,2021-07-29
455,,62_4551058652_CACEIS,1546340355,OB,OB,No-pair,fx wire,Caceis booked the fx wire for SD 10-09-2020. Integrata yet to book,1546340355,1546340355,4551456423,-590882299,2021-07-29
456,,371_455985296_CACEIS,1449582111,OB,OB,No-pair,fx wire,Caceis booked the fx wire for SD 08-17-2020. Integrata yet to book,1449582111,1449582111,4551456423,-590882299,2021-07-29
457,,236_455783582_CACEIS,1185159393,OB,OB,No-pair,fx wire,Caceis booked the fx wire for SD 03-16-2020. Integrata yet to book,1185159393,1185159393,4551456423,-590882299,2021-07-29
458,,105_4551239617_CACEIS,1789074928,OB,OB,No-pair,fx wire,Caceis booked the fx wire for SD 02-19-2021. Integrata yet to book,1789074928,1789074928,4551456423,-590882299,2021-07-29
459,,18_307472_CACEIS,436148260,OB,OB,No-pair,wire transfer,Caceis booked the wire transfer for SD 02-13-2019. Integrata yet to book,436148260,436148260,4551456423,-590882299,2021-07-29
460,,57_4551003590_CACEIS,1473425999,OB,OB,No-pair,monthend interest,Caceis booked the monthend interest for SD 09-01-2020. Integrata yet to book,1473425999,1473425999,4551456423,-590882299,2021-07-29
461,,258_4551248485_CACEIS,1800039513,OB,OB,No-pair,proceeds sell,Caceis booked the Miscellaneous for SD 02-25-2021. Integrata yet to book,1800039513,1800039513,4551456423,-590882299,2021-07-29
462,,440_455783582_CACEIS,1185159684,OB,OB,No-pair,fx wire,Caceis booked the fx wire for SD 03-16-2020. Integrata yet to book,1185159684,1185159684,4551456423,-590882299,2021-07-29
463,,13_307472_CACEIS,436148255,OB,OB,No-pair,wire transfer,Caceis booked the wire transfer for SD 02-13-2019. Integrata yet to book,436148255,436148255,4551456423,-590882299,2021-07-29
464,,373_4551066313_CACEIS,1556876585,OB,OB,No-pair,fx wire,Caceis booked the fx wire for SD 10-15-2020. Integrata yet to book,1556876585,1556876585,4551456423,-590882299,2021-07-29
465,,145_455693832_CACEIS,1063035280,OB,OB,No-pair,wire transfer,Caceis booked the wire transfer for SD 01-06-2020. Integrata yet to book,1063035280,1063035280,4551456423,-590882299,2021-07-29
466,,21_4551201062_CACEIS,1734565942,OB,OB,No-pair,fx wire,Caceis booked the fx wire for SD 01-22-2021. Integrata yet to book,1734565942,1734565942,4551456423,-590882299,2021-07-29
467,,61_4551044906_CACEIS,1528403661,OB,OB,No-pair,monthend interest,Caceis booked the monthend interest for SD 10-01-2020. Integrata yet to book,1528403661,1528403661,4551456423,-590882299,2021-07-29
468,,56_455835232_CACEIS,1251293844,OB,OB,No-pair,fx wire,Caceis booked the fx wire for SD 04-24-2020. Integrata yet to book,1251293844,1251293844,4551456423,-590882299,2021-07-29
469,,187_455706635_CACEIS,1081907643,OB,OB,No-pair,fx wire,Caceis booked the fx wire for SD 01-15-2020. Integrata yet to book,1081907643,1081907643,4551456423,-590882299,2021-07-29
470,,423_4551191593_CACEIS,1722905422,OB,OB,No-pair,fx wire,Caceis booked the fx wire for SD 01-15-2021. Integrata yet to book,1722905422,1722905422,4551456423,-590882299,2021-07-29
471,,36_455846205_CACEIS,1265566775,OB,OB,No-pair,wire transfer,Caceis booked the wire transfer for SD 03-20-2020. Integrata yet to book,1265566775,1265566775,4551456423,-590882299,2021-07-29
472,,35_455846205_CACEIS,1265566770,OB,OB,No-pair,wire transfer,Caceis booked the wire transfer for SD 03-20-2020. Integrata yet to book,1265566770,1265566770,4551456423,-590882299,2021-07-29
473,,1_455690056_CACEIS,1057181220,OB,OB,No-pair,wire transfer,Caceis booked the wire transfer for SD 01-02-2020. Integrata yet to book,1057181220,1057181220,4551456423,-590882299,2021-07-29
474,,31_4551171343_CACEIS,1696929207,OB,OB,No-pair,monthend interest,Caceis booked the monthend interest for SD 01-01-2021. Integrata yet to book,1696929207,1696929207,4551456423,-590882299,2021-07-29
475,,799_455643841_CACEIS,975323871,OB,OB,No-pair,wire transfer,Caceis booked the wire transfer for SD 11-06-2019. Integrata yet to book,975323871,975323871,4551456423,-590882299,2021-07-29
476,,238_455985296_CACEIS,1449581894,OB,OB,No-pair,proceeds sell,Caceis booked the Miscellaneous for SD 08-14-2020. Integrata yet to book,1449581894,1449581894,4551456423,-590882299,2021-07-29
477,,3_455948226_CACEIS,1402358783,OB,OB,No-pair,proceeds sell,Caceis booked the Miscellaneous for SD 07-08-2020. Integrata yet to book,1402358783,1402358783,4551456423,-590882299,2021-07-29
478,,1_4551119048_CACEIS,1625949390,OB,OB,No-pair,proceeds sell,Caceis booked the Miscellaneous for SD 11-24-2020. Integrata yet to book,1625949390,1625949390,4551456423,-590882299,2021-07-29
479,,2_4551305829_CACEIS,1874141001,OB,OB,No-pair,proceeds sell,Caceis booked the Miscellaneous for SD 04-09-2021. Integrata yet to book,1874141001,1874141001,4551456423,-590882299,2021-07-29
480,,367_4551149959_CACEIS,1667623057,OB,OB,No-pair,wire transfer,Caceis booked the wire transfer for SD 12-15-2020. Integrata yet to book,1667623057,1667623057,4551456423,-590882299,2021-07-29
481,,10_455957648_CACEIS,1414392006,OB,OB,No-pair,wire transfer,Caceis booked the wire transfer for SD 07-28-2020. Integrata yet to book,1414392006,1414392006,4551456423,-590882299,2021-07-29
482,,4_4551075891_CACEIS,1569073535,OB,OB,No-pair,wire transfer,Caceis booked the wire transfer for SD 10-22-2020. Integrata yet to book,1569073535,1569073535,4551456423,-590882299,2021-07-29
483,,324_455590588_CACEIS,883858509,OB,OB,No-pair,fx wire,Caceis booked the fx wire for SD 10-15-2019. Integrata yet to book,883858509,883858509,4551456423,-590882299,2021-07-29
484,,56_455709628_CACEIS,1085770953,OB,OB,No-pair,fx wire,Caceis booked the fx wire for SD 01-17-2020. Integrata yet to book,1085770953,1085770953,4551456423,-590882299,2021-07-29
485,,62_333062_CACEIS,479846793,OB,OB,No-pair,fx wire,Caceis booked the fx wire for SD 03-15-2019. Integrata yet to book,479846793,479846793,4551456423,-590882299,2021-07-29
486,,43_455663909_CACEIS,1011570713,OB,OB,No-pair,fees,Caceis booked the fees for SD 12-11-2019. Integrata yet to book,1011570713,1011570713,4551456423,-590882299,2021-07-29
487,,141_4551184426_CACEIS,1712749801,OB,OB,No-pair,fees,Caceis booked the fees for SD 01-11-2021. Integrata yet to book,1712749801,1712749801,4551456423,-590882299,2021-07-29
488,,13_455663909_CACEIS,1011570635,OB,OB,No-pair,fees,Caceis booked the fees for SD 12-11-2019. Integrata yet to book,1011570635,1011570635,4551456423,-590882299,2021-07-29
489,,1_455927788_CACEIS,1374347950,OB,OB,No-pair,fx wire,Caceis booked the fx wire for SD 07-06-2020. Integrata yet to book,1374347950,1374347950,4551456423,-590882299,2021-07-29
490,,192_4551066313_CACEIS,1556876412,OB,OB,No-pair,fx wire,Caceis booked the fx wire for SD 10-15-2020. Integrata yet to book,1556876412,1556876412,4551456423,-590882299,2021-07-29
491,,2_4551388882_CACEIS,1989667546,OB,OB,No-pair,wire transfer,Caceis booked the wire transfer for SD 06-10-2021. Integrata yet to book,1989667546,1989667546,4551456423,-590882299,2021-07-29
492,,270_4551394628_CACEIS,1997244750,OB,OB,No-pair,fx wire,Caceis booked the fx wire for SD 06-15-2021. Integrata yet to book,1997244750,1997244750,4551456423,-590882299,2021-07-29
493,,1_4551388882_CACEIS,1989667543,OB,OB,No-pair,wire transfer,Caceis booked the wire transfer for SD 06-10-2021. Integrata yet to book,1989667543,1989667543,4551456423,-590882299,2021-07-29
494,,158_455940640_CACEIS,1391596059,OB,OB,No-pair,fx wire,Caceis booked the fx wire for SD 07-15-2020. Integrata yet to book,1391596059,1391596059,4551456423,-590882299,2021-07-29
495,,89_4551354754_CACEIS,1942399533,OB,OB,No-pair,fx wire,Caceis booked the fx wire for SD 05-17-2021. Integrata yet to book,1942399533,1942399533,4551456423,-590882299,2021-07-29
496,,64_455610697_CACEIS,917943328,OB,OB,No-pair,wire transfer,Caceis booked the wire transfer for SD 10-18-2019. Integrata yet to book,917943328,917943328,4551456423,-590882299,2021-07-29
497,,135_4551184426_CACEIS,1712749687,OB,OB,No-pair,wire transfer,Caceis booked the wire transfer for SD 01-11-2021. Integrata yet to book,1712749687,1712749687,4551456423,-590882299,2021-07-29
498,,158_4551184426_CACEIS,1712749766,OB,OB,No-pair,wire transfer,Caceis booked the wire transfer for SD 01-11-2021. Integrata yet to book,1712749766,1712749766,4551456423,-590882299,2021-07-29
499,,41_455658450_CACEIS,1002374615,OB,OB,No-pair,fx wire,Caceis booked the fx wire for SD 12-06-2019. Integrata yet to book,1002374615,1002374615,4551456423,-590882299,2021-07-29
500,,142_4551184426_CACEIS,1712749737,OB,OB,No-pair,wire transfer,Caceis booked the wire transfer for SD 01-11-2021. Integrata yet to book,1712749737,1712749737,4551456423,-590882299,2021-07-29
501,,28_4551254304_CACEIS,1807385763,OB,OB,No-pair,wire transfer,Caceis booked the wire transfer for SD 03-02-2021. Integrata yet to book,1807385763,1807385763,4551456423,-590882299,2021-07-29
502,,5_455432903_CACEIS,623045710,OB,OB,No-pair,fx wire,Caceis booked the fx wire for SD 06-07-2019. Integrata yet to book,623045710,623045710,4551456423,-590882299,2021-07-29
503,,5_455814364_CACEIS,1225169081,OB,OB,No-pair,wire transfer,Caceis booked the wire transfer for SD 04-08-2020. Integrata yet to book,1225169081,1225169081,4551456423,-590882299,2021-07-29
504,,131_4551184426_CACEIS,1712749810,OB,OB,No-pair,fees,Caceis booked the fees for SD 01-11-2021. Integrata yet to book,1712749810,1712749810,4551456423,-590882299,2021-07-29
505,,120_4551184426_CACEIS,1712749785,OB,OB,No-pair,wire transfer,Caceis booked the wire transfer for SD 01-11-2021. Integrata yet to book,1712749785,1712749785,4551456423,-590882299,2021-07-29
506,,12_4551107328_CACEIS,1610764964,OB,OB,No-pair,wire transfer,Caceis booked the wire transfer for SD 11-13-2020. Integrata yet to book,1610764964,1610764964,4551456423,-590882299,2021-07-29
507,,114_455826113_CACEIS,1239393758,OB,OB,No-pair,fees,Caceis booked the fees for SD 04-16-2020. Integrata yet to book,1239393758,1239393758,4551456423,-590882299,2021-07-29
508,,19_4551083561_CACEIS,1579309199,OB,OB,No-pair,wire transfer,Caceis booked the wire transfer for SD 10-28-2020. Integrata yet to book,1579309199,1579309199,4551456423,-590882299,2021-07-29
509,,159_4551184426_CACEIS,1712749809,OB,OB,No-pair,wire transfer,Caceis booked the wire transfer for SD 01-11-2021. Integrata yet to book,1712749809,1712749809,4551456423,-590882299,2021-07-29
510,,86_455554115_CACEIS,824384930,OB,OB,No-pair,fx wire,Caceis booked the fx wire for SD 09-17-2019. Integrata yet to book,824384930,824384930,4551456423,-590882299,2021-07-29
511,,2_455581623_CACEIS,867680114,OB,OB,No-pair,fees,Caceis booked the fees for SD 10-07-2019. Integrata yet to book,867680114,867680114,4551456423,-590882299,2021-07-29
512,,2_455466840_CACEIS,676386055,OB,OB,No-pair,wire transfer,Caceis booked the wire transfer for SD 07-08-2019. Integrata yet to book,676386055,676386055,4551456423,-590882299,2021-07-29
513,,13_4551356653_CACEIS,1945281530,OB,OB,No-pair,fees,Caceis booked the fees for SD 05-17-2021. Integrata yet to book,1945281530,1945281530,4551456423,-590882299,2021-07-29
514,,11_455820754_CACEIS,1233177751,OB,OB,No-pair,fees,Caceis booked the fees for SD 04-14-2020. Integrata yet to book,1233177751,1233177751,4551456423,-590882299,2021-07-29
515,,480_4551191593_CACEIS,1722905486,OB,OB,No-pair,fx wire,Caceis booked the fx wire for SD 01-15-2021. Integrata yet to book,1722905486,1722905486,4551456423,-590882299,2021-07-29
516,,10_4551005548_CACEIS,1476092821,OB,OB,No-pair,wire transfer,Caceis booked the wire transfer for SD 09-01-2020. Integrata yet to book,1476092821,1476092821,4551456423,-590882299,2021-07-29
517,,132_4551060531_CACEIS,1548950741,OB,OB,No-pair,wire transfer,Caceis booked the wire transfer for SD 10-12-2020. Integrata yet to book,1548950741,1548950741,4551456423,-590882299,2021-07-29
518,,34_455920273_CACEIS,1364559783,OB,OB,No-pair,monthend interest,Caceis booked the monthend interest for SD 07-01-2020. Integrata yet to book,1364559783,1364559783,4551456423,-590882299,2021-07-29
519,,111_4551060531_CACEIS,1548950760,OB,OB,No-pair,wire transfer,Caceis booked the wire transfer for SD 10-12-2020. Integrata yet to book,1548950760,1548950760,4551456423,-590882299,2021-07-29
520,,439_4551109218_CACEIS,1613287016,OB,OB,No-pair,fx wire,Caceis booked the fx wire for SD 11-16-2020. Integrata yet to book,1613287016,1613287016,4551456423,-590882299,2021-07-29
521,,4_4551035437_CACEIS,1516099531,OB,OB,No-pair,wire transfer,Caceis booked the wire transfer for SD 09-23-2020. Integrata yet to book,1516099531,1516099531,4551456423,-590882299,2021-07-29
522,,20_4551127906_CACEIS,1637981924,OB,OB,No-pair,wire transfer,Caceis booked the wire transfer for SD 11-27-2020. Integrata yet to book,1637981924,1637981924,4551456423,-590882299,2021-07-29
523,,73_455898221_CACEIS,1334730741,OB,OB,No-pair,fees,Caceis booked the fees for SD 06-12-2020. Integrata yet to book,1334730741,1334730741,4551456423,-590882299,2021-07-29
524,,6_4551058652_CACEIS,1546340328,OB,OB,No-pair,wire transfer,Caceis booked the wire transfer for SD 10-09-2020. Integrata yet to book,1546340328,1546340328,4551456423,-590882299,2021-07-29
525,,259_455748445_CACEIS,1136275311,OB,OB,No-pair,fx wire,Caceis booked the fx wire for SD 02-18-2020. Integrata yet to book,1136275311,1136275311,4551456423,-590882299,2021-07-29
526,,5_455820754_CACEIS,1233177692,OB,OB,No-pair,fees,Caceis booked the fees for SD 04-14-2020. Integrata yet to book,1233177692,1233177692,4551456423,-590882299,2021-07-29
527,,113_455898221_CACEIS,1334730892,OB,OB,No-pair,fees,Caceis booked the fees for SD 06-12-2020. Integrata yet to book,1334730892,1334730892,4551456423,-590882299,2021-07-29
528,,1_455672797_CACEIS,1026409322,OB,OB,No-pair,wire transfer,Caceis booked the wire transfer for SD 12-16-2019. Integrata yet to book,1026409322,1026409322,4551456423,-590882299,2021-07-29
529,,42_4551324555_CACEIS,1898109353,OB,OB,No-pair,wire transfer,Caceis booked the wire transfer for SD 04-23-2021. Integrata yet to book,1898109353,1898109353,4551456423,-590882299,2021-07-29
530,,138_4551436806_CACEIS,2049885913,OB,OB,No-pair,fx wire,Caceis booked the fx wire for SD 07-15-2021. Integrata yet to book,2049885913,2049885913,4551456423,-590882299,2021-07-29
531,,109_4551060531_CACEIS,1548950744,OB,OB,No-pair,wire transfer,Caceis booked the wire transfer for SD 10-12-2020. Integrata yet to book,1548950744,1548950744,4551456423,-590882299,2021-07-29
532,,302_4551313388_CACEIS,1883527852,OB,OB,No-pair,fx wire,Caceis booked the fx wire for SD 04-15-2021. Integrata yet to book,1883527852,1883527852,4551456423,-590882299,2021-07-29
533,,37_455803095_CACEIS,1210223503,OB,OB,No-pair,monthend interest,Caceis booked the monthend interest for SD 04-01-2020. Integrata yet to book,1210223503,1210223503,4551456423,-590882299,2021-07-29
534,,164_4551144082_CACEIS,1659707180,OB,OB,No-pair,fees,Caceis booked the fees for SD 12-10-2020. Integrata yet to book,1659707180,1659707180,4551456423,-590882299,2021-07-29
535,,782_4551232906_CACEIS,1780157088,OB,OB,No-pair,fx wire,Caceis booked the fx wire for SD 02-16-2021. Integrata yet to book,1780157088,1780157088,4551456423,-590882299,2021-07-29
536,,115_455898221_CACEIS,1334730713,OB,OB,No-pair,fees,Caceis booked the fees for SD 06-12-2020. Integrata yet to book,1334730713,1334730713,4551456423,-590882299,2021-07-29
537,,48_455898221_CACEIS,1334730815,OB,OB,No-pair,fees,Caceis booked the fees for SD 06-12-2020. Integrata yet to book,1334730815,1334730815,4551456423,-590882299,2021-07-29
538,,7_4551068550_CACEIS,1559437422,OB,OB,No-pair,fx wire,Caceis booked the fx wire for SD 10-16-2020. Integrata yet to book,1559437422,1559437422,4551456423,-590882299,2021-07-29
539,,59_4551313388_CACEIS,1883527678,OB,OB,No-pair,fx wire,Caceis booked the fx wire for SD 04-15-2021. Integrata yet to book,1883527678,1883527678,4551456423,-590882299,2021-07-29
540,,1_4551186410_CACEIS,1715586515,OB,OB,No-pair,wire transfer,Caceis booked the wire transfer for SD 01-12-2021. Integrata yet to book,1715586515,1715586515,4551456423,-590882299,2021-07-29
541,,49_455822501_CACEIS,1235307926,OB,OB,No-pair,fx wire,Caceis booked the fx wire for SD 04-15-2020. Integrata yet to book,1235307926,1235307926,4551456423,-590882299,2021-07-29
542,,103_455442954_CACEIS,637183772,OB,OB,No-pair,fx wire,Caceis booked the fx wire for SD 06-17-2019. Integrata yet to book,637183772,637183772,4551456423,-590882299,2021-07-29
543,,139_4551313388_CACEIS,1883527656,OB,OB,No-pair,fx wire,Caceis booked the fx wire for SD 04-15-2021. Integrata yet to book,1883527656,1883527656,4551456423,-590882299,2021-07-29
544,,20_4551068550_CACEIS,1559437436,OB,OB,No-pair,fx wire,Caceis booked the fx wire for SD 10-16-2020. Integrata yet to book,1559437436,1559437436,4551456423,-590882299,2021-07-29
545,,371_455590588_CACEIS,883858561,OB,OB,No-pair,fx wire,Caceis booked the fx wire for SD 10-15-2019. Integrata yet to book,883858561,883858561,4551456423,-590882299,2021-07-29
546,,28_4551448516_CACEIS,2064090606,OB,OB,No-pair,proceeds sell,Caceis booked the proceeds sell for SD 07-23-2021. Integrata yet to book,2064090606,2064090606,4551456423,-590882299,2021-07-29
547,,492_455985296_CACEIS,1449582179,OB,OB,No-pair,fx wire,Caceis booked the fx wire for SD 08-17-2020. Integrata yet to book,1449582179,1449582179,4551456423,-590882299,2021-07-29
548,,59_455516633_CACEIS,760048219,OB,OB,No-pair,fx wire,Caceis booked the fx wire for SD 08-16-2019. Integrata yet to book,760048219,760048219,4551456423,-590882299,2021-07-29
549,,143_4551232906_CACEIS,1780156530,OB,OB,No-pair,fx wire,Caceis booked the fx wire for SD 02-16-2021. Integrata yet to book,1780156530,1780156530,4551456423,-590882299,2021-07-29
550,,78_4551220415_CACEIS,1761956029,OB,OB,No-pair,fx wire,Caceis booked the fx wire for SD 02-05-2021. Integrata yet to book,1761956029,1761956029,4551456423,-590882299,2021-07-29
551,,297_4551191593_CACEIS,1722905306,OB,OB,No-pair,fx wire,Caceis booked the fx wire for SD 01-15-2021. Integrata yet to book,1722905306,1722905306,4551456423,-590882299,2021-07-29
552,,27_455658450_CACEIS,1002374609,OB,OB,No-pair,proceeds sell,Caceis booked the proceeds sell for SD 12-06-2019. Integrata yet to book,1002374609,1002374609,4551456423,-590882299,2021-07-29
553,,65_4551394628_CACEIS,1997244711,OB,OB,No-pair,fx wire,Caceis booked the fx wire for SD 06-15-2021. Integrata yet to book,1997244711,1997244711,4551456423,-590882299,2021-07-29
554,,18_4551260237_CACEIS,1815145575,OB,OB,No-pair,wire transfer,Caceis booked the wire transfer for SD 03-08-2021. Integrata yet to book,1815145575,1815145575,4551456423,-590882299,2021-07-29
555,,223_4551023983_CACEIS,1500213937,OB,OB,No-pair,fx wire,Caceis booked the fx wire for SD 09-15-2020. Integrata yet to book,1500213937,1500213937,4551456423,-590882299,2021-07-29
556,,10_455464963_CACEIS,673465263,OB,OB,No-pair,fx wire,Caceis booked the fx wire for SD 07-05-2019. Integrata yet to book,673465263,673465263,4551456423,-590882299,2021-07-29
557,,30_455799620_CACEIS,1205700379,OB,OB,No-pair,wire transfer,Caceis booked the wire transfer for SD 03-27-2020. Integrata yet to book,1205700379,1205700379,4551456423,-590882299,2021-07-29
558,,11_4551271705_CACEIS,1830184045,OB,OB,No-pair,wire transfer,Caceis booked the wire transfer for SD 03-12-2021. Integrata yet to book,1830184045,1830184045,4551456423,-590882299,2021-07-29
559,,1_455913002_CACEIS,1354245572,OB,OB,No-pair,wire transfer,Caceis booked the wire transfer for SD 06-24-2020. Integrata yet to book,1354245572,1354245572,4551456423,-590882299,2021-07-29
560,,13_4551131887_CACEIS,1643730716,OB,OB,No-pair,wire transfer,Caceis booked the wire transfer for SD 12-02-2020. Integrata yet to book,1643730716,1643730716,4551456423,-590882299,2021-07-29
561,,233_455985296_CACEIS,1449582010,OB,OB,No-pair,fx wire,Caceis booked the fx wire for SD 08-17-2020. Integrata yet to book,1449582010,1449582010,4551456423,-590882299,2021-07-29
562,,227_4551109218_CACEIS,1613286742,OB,OB,No-pair,fx wire,Caceis booked the fx wire for SD 11-16-2020. Integrata yet to book,1613286742,1613286742,4551456423,-590882299,2021-07-29
563,,23_4551058652_CACEIS,1546340356,OB,OB,No-pair,fx wire,Caceis booked the fx wire for SD 10-09-2020. Integrata yet to book,1546340356,1546340356,4551456423,-590882299,2021-07-29
564,,57_455907521_CACEIS,1347197259,OB,OB,No-pair,fx wire,Caceis booked the fx wire for SD 06-19-2020. Integrata yet to book,1347197259,1347197259,4551456423,-590882299,2021-07-29
565,,65_4551311496_CACEIS,1881179936,OB,OB,No-pair,wire transfer,Caceis booked the wire transfer for SD 04-14-2021. Integrata yet to book,1881179936,1881179936,4551456423,-590882299,2021-07-29
566,,9_4551134044_CACEIS,1646944673,OB,OB,No-pair,wire transfer,Caceis booked the wire transfer for SD 12-02-2020. Integrata yet to book,1646944673,1646944673,4551456423,-590882299,2021-07-29
567,,8_455736646_CACEIS,1120326876,OB,OB,No-pair,fx wire,Caceis booked the fx wire for SD 02-07-2020. Integrata yet to book,1120326876,1120326876,4551456423,-590882299,2021-07-29
568,,309_4551191593_CACEIS,1722905231,OB,OB,No-pair,fx wire,Caceis booked the fx wire for SD 01-15-2021. Integrata yet to book,1722905231,1722905231,4551456423,-590882299,2021-07-29
569,,3_455585083_CACEIS,874262505,OB,OB,No-pair,wire transfer,Caceis booked the wire transfer for SD 10-10-2019. Integrata yet to book,874262505,874262505,4551456423,-590882299,2021-07-29
570,,447_455862625_CACEIS,1287003305,OB,OB,No-pair,fees,Caceis booked the fees for SD 05-13-2020. Integrata yet to book,1287003305,1287003305,4551456423,-590882299,2021-07-29
571,,86_368123_CACEIS,532374126,OB,OB,No-pair,fx wire,Caceis booked the fx wire for SD 04-15-2019. Integrata yet to book,532374126,532374126,4551456423,-590882299,2021-07-29
572,,12_455533322_CACEIS,787871329,OB,OB,No-pair,fx wire,Caceis booked the fx wire for SD 08-30-2019. Integrata yet to book,787871329,787871329,4551456423,-590882299,2021-07-29
573,,178_455693832_CACEIS,1063035298,OB,OB,No-pair,wire transfer,Caceis booked the wire transfer for SD 01-06-2020. Integrata yet to book,1063035298,1063035298,4551456423,-590882299,2021-07-29
574,,46_333062_CACEIS,479846765,OB,OB,No-pair,fx wire,Caceis booked the fx wire for SD 03-15-2019. Integrata yet to book,479846765,479846765,4551456423,-590882299,2021-07-29
575,,19_455803095_CACEIS,1210223481,OB,OB,No-pair,monthend interest,Caceis booked the monthend interest for SD 04-01-2020. Integrata yet to book,1210223481,1210223481,4551456423,-590882299,2021-07-29
576,,38_455985296_CACEIS,1449581724,OB,OB,No-pair,fx wire,Caceis booked the fx wire for SD 08-17-2020. Integrata yet to book,1449581724,1449581724,4551456423,-590882299,2021-07-29
577,,58_455772338_CACEIS,1169827544,OB,OB,No-pair,fx wire,Caceis booked the fx wire for SD 03-06-2020. Integrata yet to book,1169827544,1169827544,4551456423,-590882299,2021-07-29
578,,39_4551125930_CACEIS,1635426482,OB,OB,No-pair,fx wire,Caceis booked the fx wire for SD 11-27-2020. Integrata yet to book,1635426482,1635426482,4551456423,-590882299,2021-07-29
579,,70_455605017_CACEIS,907407244,OB,OB,No-pair,fx wire,Caceis booked the fx wire for SD 10-25-2019. Integrata yet to book,907407244,907407244,4551456423,-590882299,2021-07-29
580,,256_4551394628_CACEIS,1997244780,OB,OB,No-pair,fx wire,Caceis booked the fx wire for SD 06-15-2021. Integrata yet to book,1997244780,1997244780,4551456423,-590882299,2021-07-29
581,,6_4551026197_CACEIS,1503283513,OB,OB,No-pair,wire transfer,Caceis booked the wire transfer for SD 09-16-2020. Integrata yet to book,1503283513,1503283513,4551456423,-590882299,2021-07-29
582,,79_4551105378_CACEIS,1608089239,OB,OB,No-pair,wire transfer,Caceis booked the wire transfer for SD 11-12-2020. Integrata yet to book,1608089239,1608089239,4551456423,-590882299,2021-07-29
583,,31_4551042956_CACEIS,1525553108,OB,OB,No-pair,wire transfer,Caceis booked the wire transfer for SD 09-29-2020. Integrata yet to book,1525553108,1525553108,4551456423,-590882299,2021-07-29
584,,9_455963450_CACEIS,1421777785,OB,OB,No-pair,monthend interest,Caceis booked the monthend interest for SD 08-01-2020. Integrata yet to book,1421777785,1421777785,4551456423,-590882299,2021-07-29
585,,516_455822501_CACEIS,1235308261,OB,OB,No-pair,fx wire,Caceis booked the fx wire for SD 04-15-2020. Integrata yet to book,1235308261,1235308261,4551456423,-590882299,2021-07-29
586,,36_4551269721_CACEIS,1827473841,OB,OB,No-pair,fx wire,Caceis booked the fx wire for SD 03-15-2021. Integrata yet to book,1827473841,1827473841,4551456423,-590882299,2021-07-29
587,,514_4551109218_CACEIS,1613287005,OB,OB,No-pair,fx wire,Caceis booked the fx wire for SD 11-16-2020. Integrata yet to book,1613287005,1613287005,4551456423,-590882299,2021-07-29
588,,31_455701234_CACEIS,1075203696,OB,OB,No-pair,proceeds sell,Caceis booked the proceeds sell for SD 01-10-2020. Integrata yet to book,1075203696,1075203696,4551456423,-590882299,2021-07-29
589,,285_4551354754_CACEIS,1942399666,OB,OB,No-pair,fx wire,Caceis booked the fx wire for SD 05-17-2021. Integrata yet to book,1942399666,1942399666,4551456423,-590882299,2021-07-29
590,,449_4551066313_CACEIS,1556876781,OB,OB,No-pair,fx wire,Caceis booked the fx wire for SD 10-15-2020. Integrata yet to book,1556876781,1556876781,4551456423,-590882299,2021-07-29
591,,107_4551232906_CACEIS,1780156521,OB,OB,No-pair,fx wire,Caceis booked the fx wire for SD 02-16-2021. Integrata yet to book,1780156521,1780156521,4551456423,-590882299,2021-07-29
592,,9_455905558_CACEIS,1344088064,OB,OB,No-pair,wire transfer,Caceis booked the wire transfer for SD 06-18-2020. Integrata yet to book,1344088064,1344088064,4551456423,-590882299,2021-07-29
593,,548_4551109218_CACEIS,1613286922,OB,OB,No-pair,fx wire,Caceis booked the fx wire for SD 11-16-2020. Integrata yet to book,1613286922,1613286922,4551456423,-590882299,2021-07-29
594,,21_4551381021_CACEIS,1979694290,OB,OB,No-pair,fx wire,Caceis booked the fx wire for SD 06-04-2021. Integrata yet to book,1979694290,1979694290,4551456423,-590882299,2021-07-29
595,,108_4551436806_CACEIS,2049885778,OB,OB,No-pair,fx wire,Caceis booked the fx wire for SD 07-15-2021. Integrata yet to book,2049885778,2049885778,4551456423,-590882299,2021-07-29
596,,26_4551248485_CACEIS,1800039458,OB,OB,No-pair,monthend interest,Caceis booked the monthend interest for SD 03-01-2021. Integrata yet to book,1800039458,1800039458,4551456423,-590882299,2021-07-29
597,,133_4551018409_CACEIS,1492757136,OB,OB,No-pair,fees,Caceis booked the fees for SD 09-10-2020. Integrata yet to book,1492757136,1492757136,4551456423,-590882299,2021-07-29
598,,39_4551097416_CACEIS,1597270319,OB,OB,No-pair,fx wire,Caceis booked the fx wire for SD 11-06-2020. Integrata yet to book,1597270319,1597270319,4551456423,-590882299,2021-07-29
599,,184_455693832_CACEIS,1063035256,OB,OB,No-pair,wire transfer,Caceis booked the wire transfer for SD 01-06-2020. Integrata yet to book,1063035256,1063035256,4551456423,-590882299,2021-07-29
600,,11_4551155693_CACEIS,1675163285,OB,OB,No-pair,fx wire,Caceis booked the fx wire for SD 12-18-2020. Integrata yet to book,1675163285,1675163285,4551456423,-590882299,2021-07-29
601,,125_455748445_CACEIS,1136275127,OB,OB,No-pair,fx wire,Caceis booked the fx wire for SD 02-18-2020. Integrata yet to book,1136275127,1136275127,4551456423,-590882299,2021-07-29
602,,379_455985296_CACEIS,1449582238,OB,OB,No-pair,fx wire,Caceis booked the fx wire for SD 08-17-2020. Integrata yet to book,1449582238,1449582238,4551456423,-590882299,2021-07-29
603,,162_4551201062_CACEIS,1734565967,OB,OB,No-pair,fx wire,Caceis booked the fx wire for SD 01-22-2021. Integrata yet to book,1734565967,1734565967,4551456423,-590882299,2021-07-29
604,,72_4551127906_CACEIS,1637981952,OB,OB,No-pair,monthend interest,Caceis booked the monthend interest for SD 12-01-2020. Integrata yet to book,1637981952,1637981952,4551456423,-590882299,2021-07-29
605,,294_455590588_CACEIS,883858653,OB,OB,No-pair,fx wire,Caceis booked the fx wire for SD 10-15-2019. Integrata yet to book,883858653,883858653,4551456423,-590882299,2021-07-29
606,,124_4551018409_CACEIS,1492757246,OB,OB,No-pair,fees,Caceis booked the fees for SD 09-10-2020. Integrata yet to book,1492757246,1492757246,4551456423,-590882299,2021-07-29
607,,374_455590588_CACEIS,883858587,OB,OB,No-pair,fx wire,Caceis booked the fx wire for SD 10-15-2019. Integrata yet to book,883858587,883858587,4551456423,-590882299,2021-07-29
608,,146_4551018409_CACEIS,1492757208,OB,OB,No-pair,fees,Caceis booked the fees for SD 09-10-2020. Integrata yet to book,1492757208,1492757208,4551456423,-590882299,2021-07-29
609,,82_4551220415_CACEIS,1761956094,OB,OB,No-pair,fx wire,Caceis booked the fx wire for SD 02-05-2021. Integrata yet to book,1761956094,1761956094,4551456423,-590882299,2021-07-29
610,,12_455457456_CACEIS,662168002,OB,OB,No-pair,monthend interest,Caceis booked the monthend interest for SD 07-01-2019. Integrata yet to book,662168002,662168002,4551456423,-590882299,2021-07-29
611,,57_4551149959_CACEIS,1667622864,OB,OB,No-pair,fx wire,Caceis booked the fx wire for SD 12-15-2020. Integrata yet to book,1667622864,1667622864,4551456423,-590882299,2021-07-29
612,,99_455753887_CACEIS,1143364839,OB,OB,No-pair,fx wire,Caceis booked the fx wire for SD 02-21-2020. Integrata yet to book,1143364839,1143364839,4551456423,-590882299,2021-07-29
613,,4_4551414063_CACEIS,2021656553,OB,OB,No-pair,wire transfer,Caceis booked the wire transfer for SD 06-29-2021. Integrata yet to book,2021656553,2021656553,4551456423,-590882299,2021-07-29
614,,454_4551149959_CACEIS,1667623281,OB,OB,No-pair,fx wire,Caceis booked the fx wire for SD 12-15-2020. Integrata yet to book,1667623281,1667623281,4551456423,-590882299,2021-07-29
615,,51_4551388882_CACEIS,1989667578,OB,OB,No-pair,fees,Caceis booked the fees for SD 06-10-2021. Integrata yet to book,1989667578,1989667578,4551456423,-590882299,2021-07-29
616,,5_4551134044_CACEIS,1646944672,OB,OB,No-pair,wire transfer,Caceis booked the wire transfer for SD 12-02-2020. Integrata yet to book,1646944672,1646944672,4551456423,-590882299,2021-07-29
617,,93_4551313388_CACEIS,1883527651,OB,OB,No-pair,fx wire,Caceis booked the fx wire for SD 04-15-2021. Integrata yet to book,1883527651,1883527651,4551456423,-590882299,2021-07-29
618,,392_455940640_CACEIS,1391596265,OB,OB,No-pair,fx wire,Caceis booked the fx wire for SD 07-15-2020. Integrata yet to book,1391596265,1391596265,4551456423,-590882299,2021-07-29
619,,609_455643841_CACEIS,975323681,OB,OB,No-pair,wire transfer,Caceis booked the wire transfer for SD 11-18-2019. Integrata yet to book,975323681,975323681,4551456423,-590882299,2021-07-29
620,,1_455790609_CACEIS,1194036411,OB,OB,No-pair,fx wire,Caceis booked the fx wire for SD 03-20-2020. Integrata yet to book,1194036411,1194036411,4551456423,-590882299,2021-07-29
621,,127_4551313388_CACEIS,1883527740,OB,OB,No-pair,fx wire,Caceis booked the fx wire for SD 04-15-2021. Integrata yet to book,1883527740,1883527740,4551456423,-590882299,2021-07-29
622,,48_455718167_CACEIS,1096511980,OB,OB,No-pair,wire transfer,Caceis booked the wire transfer for SD 01-24-2020. Integrata yet to book,1096511980,1096511980,4551456423,-590882299,2021-07-29
623,,94_306589_CACEIS,433998286,OB,OB,No-pair,fx wire,Caceis booked the fx wire for SD 02-15-2019. Integrata yet to book,433998286,433998286,4551456423,-590882299,2021-07-29
624,,106_4551087502_CACEIS,1584326627,OB,OB,No-pair,monthend interest,Caceis booked the monthend interest for SD 11-01-2020. Integrata yet to book,1584326627,1584326627,4551456423,-590882299,2021-07-29
625,,553_455783582_CACEIS,1185159630,OB,OB,No-pair,fx wire,Caceis booked the fx wire for SD 03-16-2020. Integrata yet to book,1185159630,1185159630,4551456423,-590882299,2021-07-29
626,,454_4551191593_CACEIS,1722905533,OB,OB,No-pair,fx wire,Caceis booked the fx wire for SD 01-15-2021. Integrata yet to book,1722905533,1722905533,4551456423,-590882299,2021-07-29
627,,392_455590588_CACEIS,883858575,OB,OB,No-pair,fx wire,Caceis booked the fx wire for SD 10-15-2019. Integrata yet to book,883858575,883858575,4551456423,-590882299,2021-07-29
628,,279_4551394628_CACEIS,1997244715,OB,OB,No-pair,fx wire,Caceis booked the fx wire for SD 06-15-2021. Integrata yet to book,1997244715,1997244715,4551456423,-590882299,2021-07-29
629,,7_455507970_CACEIS,745225901,OB,OB,No-pair,wire transfer,Caceis booked the wire transfer for SD 08-09-2019. Integrata yet to book,745225901,745225901,4551456423,-590882299,2021-07-29
630,,481_455862625_CACEIS,1287003775,OB,OB,No-pair,fx wire,Caceis booked the fx wire for SD 05-15-2020. Integrata yet to book,1287003775,1287003775,4551456423,-590882299,2021-07-29
631,,16_4551201062_CACEIS,1734565974,OB,OB,No-pair,fx wire,Caceis booked the fx wire for SD 01-22-2021. Integrata yet to book,1734565974,1734565974,4551456423,-590882299,2021-07-29
632,,45_455963450_CACEIS,1421777793,OB,OB,No-pair,fx wire,Caceis booked the fx wire for SD 07-31-2020. Integrata yet to book,1421777793,1421777793,4551456423,-590882299,2021-07-29
633,,79_4551191593_CACEIS,1722905176,OB,OB,No-pair,fx wire,Caceis booked the fx wire for SD 01-15-2021. Integrata yet to book,1722905176,1722905176,4551456423,-590882299,2021-07-29
634,,32_4551155693_CACEIS,1675163292,OB,OB,No-pair,wire transfer,Caceis booked the wire transfer for SD 12-18-2020. Integrata yet to book,1675163292,1675163292,4551456423,-590882299,2021-07-29
635,,21_4551060531_CACEIS,1548950663,OB,OB,No-pair,wire transfer,Caceis booked the wire transfer for SD 10-12-2020. Integrata yet to book,1548950663,1548950663,4551456423,-590882299,2021-07-29
636,,523_4551149959_CACEIS,1667623410,OB,OB,No-pair,fx wire,Caceis booked the fx wire for SD 12-15-2020. Integrata yet to book,1667623410,1667623410,4551456423,-590882299,2021-07-29
637,,794_455822501_CACEIS,1235308664,OB,OB,No-pair,fx wire,Caceis booked the fx wire for SD 04-15-2020. Integrata yet to book,1235308664,1235308664,4551456423,-590882299,2021-07-29
638,,316_4551191593_CACEIS,1722905358,OB,OB,No-pair,fx wire,Caceis booked the fx wire for SD 01-15-2021. Integrata yet to book,1722905358,1722905358,4551456423,-590882299,2021-07-29
639,,105_4551149959_CACEIS,1667622876,OB,OB,No-pair,fx wire,Caceis booked the fx wire for SD 12-15-2020. Integrata yet to book,1667622876,1667622876,4551456423,-590882299,2021-07-29
640,,2_329733_CACEIS,475894461,OB,OB,No-pair,proceeds sell,Caceis booked the proceeds sell for SD 03-13-2019. Integrata yet to book,475894461,475894461,4551456423,-590882299,2021-07-29
641,,433_4551066313_CACEIS,1556876624,OB,OB,No-pair,fx wire,Caceis booked the fx wire for SD 10-15-2020. Integrata yet to book,1556876624,1556876624,4551456423,-590882299,2021-07-29
642,,354_455590588_CACEIS,883858482,OB,OB,No-pair,fx wire,Caceis booked the fx wire for SD 10-15-2019. Integrata yet to book,883858482,883858482,4551456423,-590882299,2021-07-29
643,,1076_455643841_CACEIS,975324148,OB,OB,No-pair,fees,Caceis booked the fees for SD 11-13-2019. Integrata yet to book,975324148,975324148,4551456423,-590882299,2021-07-29
644,,36_4551125930_CACEIS,1635426561,OB,OB,No-pair,fx wire,Caceis booked the fx wire for SD 11-27-2020. Integrata yet to book,1635426561,1635426561,4551456423,-590882299,2021-07-29
645,,5_455864447_CACEIS,1289293330,OB,OB,No-pair,wire transfer,Caceis booked the wire transfer for SD 02-18-2020. Integrata yet to book,1289293330,1289293330,4551456423,-590882299,2021-07-29
646,,64_455777858_CACEIS,1177395702,OB,OB,No-pair,wire transfer,Caceis booked the wire transfer for SD 03-11-2020. Integrata yet to book,1177395702,1177395702,4551456423,-590882299,2021-07-29
647,,484_455862625_CACEIS,1287003734,OB,OB,No-pair,fx wire,Caceis booked the fx wire for SD 05-15-2020. Integrata yet to book,1287003734,1287003734,4551456423,-590882299,2021-07-29
648,,6_4551033955_CACEIS,1513935506,OB,OB,No-pair,wire transfer,Caceis booked the wire transfer for SD 09-22-2020. Integrata yet to book,1513935506,1513935506,4551456423,-590882299,2021-07-29
649,,22_4551168254_CACEIS,1691686500,OB,OB,No-pair,fx wire,Caceis booked the fx wire for SD 12-29-2020. Integrata yet to book,1691686500,1691686500,4551456423,-590882299,2021-07-29
650,,33_455803095_CACEIS,1210223543,OB,OB,No-pair,monthend interest,Caceis booked the monthend interest for SD 04-01-2020. Integrata yet to book,1210223543,1210223543,4551456423,-590882299,2021-07-29
651,,20_4551166054_CACEIS,1689088066,OB,OB,No-pair,fx wire,Caceis booked the fx wire for SD 12-28-2020. Integrata yet to book,1689088066,1689088066,4551456423,-590882299,2021-07-29
652,,392_4551232906_CACEIS,1780156811,OB,OB,No-pair,fx wire,Caceis booked the fx wire for SD 02-16-2021. Integrata yet to book,1780156811,1780156811,4551456423,-590882299,2021-07-29
653,,86_455846205_CACEIS,1265566708,OB,OB,No-pair,fx wire,Caceis booked the fx wire for SD 05-04-2020. Integrata yet to book,1265566708,1265566708,4551456423,-590882299,2021-07-29
654,,808_455862625_CACEIS,1287004901,OB,OB,No-pair,fees,Caceis booked the fees for SD 05-13-2020. Integrata yet to book,1287004901,1287004901,4551456423,-590882299,2021-07-29
655,,88_455590588_CACEIS,883858466,OB,OB,No-pair,fx wire,Caceis booked the fx wire for SD 10-15-2019. Integrata yet to book,883858466,883858466,4551456423,-590882299,2021-07-29
656,,880_455822501_CACEIS,1235308654,OB,OB,No-pair,fx wire,Caceis booked the fx wire for SD 04-15-2020. Integrata yet to book,1235308654,1235308654,4551456423,-590882299,2021-07-29
657,,540_455900053_CACEIS,1336713851,OB,OB,No-pair,fx wire,Caceis booked the fx wire for SD 06-15-2020. Integrata yet to book,1336713851,1336713851,4551456423,-590882299,2021-07-29
658,,152_455934920_CACEIS,1383926803,OB,OB,No-pair,fx wire,Caceis booked the fx wire for SD 07-10-2020. Integrata yet to book,1383926803,1383926803,4551456423,-590882299,2021-07-29
659,,285_4551191593_CACEIS,1722905273,OB,OB,No-pair,fx wire,Caceis booked the fx wire for SD 01-15-2021. Integrata yet to book,1722905273,1722905273,4551456423,-590882299,2021-07-29
660,,38_4551372778_CACEIS,1969041958,OB,OB,No-pair,wire transfer,Caceis booked the wire transfer for SD 05-28-2021. Integrata yet to book,1969041958,1969041958,4551456423,-590882299,2021-07-29
661,,10_455799620_CACEIS,1205700381,OB,OB,No-pair,fx wire,Caceis booked the fx wire for SD 03-27-2020. Integrata yet to book,1205700381,1205700381,4551456423,-590882299,2021-07-29
662,,486_455783582_CACEIS,1185159751,OB,OB,No-pair,fx wire,Caceis booked the fx wire for SD 03-16-2020. Integrata yet to book,1185159751,1185159751,4551456423,-590882299,2021-07-29
663,,120_4551313388_CACEIS,1883527730,OB,OB,No-pair,fx wire,Caceis booked the fx wire for SD 04-15-2021. Integrata yet to book,1883527730,1883527730,4551456423,-590882299,2021-07-29
664,,36_306589_CACEIS,433998198,OB,OB,No-pair,fx wire,Caceis booked the fx wire for SD 02-15-2019. Integrata yet to book,433998198,433998198,4551456423,-590882299,2021-07-29
665,,11_4551374975_CACEIS,1971733176,OB,OB,No-pair,wire transfer,Caceis booked the wire transfer for SD 06-01-2021. Integrata yet to book,1971733176,1971733176,4551456423,-590882299,2021-07-29
666,,129_4551201062_CACEIS,1734565994,OB,OB,No-pair,fx wire,Caceis booked the fx wire for SD 01-22-2021. Integrata yet to book,1734565994,1734565994,4551456423,-590882299,2021-07-29
667,,168_4551191593_CACEIS,1722905053,OB,OB,No-pair,fx wire,Caceis booked the fx wire for SD 01-15-2021. Integrata yet to book,1722905053,1722905053,4551456423,-590882299,2021-07-29
668,,112_4551436806_CACEIS,2049885881,OB,OB,No-pair,fx wire,Caceis booked the fx wire for SD 07-15-2021. Integrata yet to book,2049885881,2049885881,4551456423,-590882299,2021-07-29
669,,1_455803095_CACEIS,1210223473,OB,OB,No-pair,monthend interest,Caceis booked the monthend interest for SD 04-01-2020. Integrata yet to book,1210223473,1210223473,4551456423,-590882299,2021-07-29
670,,30_455688261_CACEIS,1053516763,OB,OB,No-pair,monthend interest,Caceis booked the monthend interest for SD 01-01-2020. Integrata yet to book,1053516763,1053516763,4551456423,-590882299,2021-07-29
671,,4_455965443_CACEIS,1424260195,OB,OB,No-pair,wire transfer,Caceis booked the wire transfer for SD 08-03-2020. Integrata yet to book,1424260195,1424260195,4551456423,-590882299,2021-07-29
672,,215_4551269721_CACEIS,1827474054,OB,OB,No-pair,fx wire,Caceis booked the fx wire for SD 03-15-2021. Integrata yet to book,1827474054,1827474054,4551456423,-590882299,2021-07-29
673,,788_455822501_CACEIS,1235308642,OB,OB,No-pair,fx wire,Caceis booked the fx wire for SD 04-15-2020. Integrata yet to book,1235308642,1235308642,4551456423,-590882299,2021-07-29
674,,19_4551145900_CACEIS,1662179046,OB,OB,No-pair,fx wire,Caceis booked the fx wire for SD 12-11-2020. Integrata yet to book,1662179046,1662179046,4551456423,-590882299,2021-07-29
675,,28_4551060531_CACEIS,1548950712,OB,OB,No-pair,wire transfer,Caceis booked the wire transfer for SD 10-12-2020. Integrata yet to book,1548950712,1548950712,4551456423,-590882299,2021-07-29
676,,9_455547231_CACEIS,811491629,OB,OB,No-pair,fees,Caceis booked the fees for SD 09-11-2019. Integrata yet to book,811491629,811491629,4551456423,-590882299,2021-07-29
677,,94_455777858_CACEIS,1177395867,OB,OB,No-pair,wire transfer,Caceis booked the wire transfer for SD 03-11-2020. Integrata yet to book,1177395867,1177395867,4551456423,-590882299,2021-07-29
678,,60_4551058652_CACEIS,1546340331,OB,OB,No-pair,fx wire,Caceis booked the fx wire for SD 10-09-2020. Integrata yet to book,1546340331,1546340331,4551456423,-590882299,2021-07-29
679,,7_4551060531_CACEIS,1548950632,OB,OB,No-pair,wire transfer,Caceis booked the wire transfer for SD 10-12-2020. Integrata yet to book,1548950632,1548950632,4551456423,-590882299,2021-07-29
680,,31_455667500_CACEIS,1017540703,OB,OB,No-pair,wire transfer,Caceis booked the wire transfer for SD 12-13-2019. Integrata yet to book,1017540703,1017540703,4551456423,-590882299,2021-07-29
681,,92_455822501_CACEIS,1235307886,OB,OB,No-pair,fx wire,Caceis booked the fx wire for SD 04-15-2020. Integrata yet to book,1235307886,1235307886,4551456423,-590882299,2021-07-29
682,,56_4551171343_CACEIS,1696929177,OB,OB,No-pair,monthend interest,Caceis booked the monthend interest for SD 01-01-2021. Integrata yet to book,1696929177,1696929177,4551456423,-590882299,2021-07-29
683,,9_4551419402_CACEIS,2029730712,OB,OB,No-pair,fx wire,Caceis booked the fx wire for SD 07-02-2021. Integrata yet to book,2029730712,2029730712,4551456423,-590882299,2021-07-29
684,,18_4551422928_CACEIS,2033447095,OB,OB,No-pair,proceeds sell,Caceis booked the proceeds sell for SD 07-05-2021. Integrata yet to book,2033447095,2033447095,4551456423,-590882299,2021-07-29
685,,295_455900053_CACEIS,1336713649,OB,OB,No-pair,fx wire,Caceis booked the fx wire for SD 06-15-2020. Integrata yet to book,1336713649,1336713649,4551456423,-590882299,2021-07-29
686,,104_4551394628_CACEIS,1997244661,OB,OB,No-pair,fx wire,Caceis booked the fx wire for SD 06-15-2021. Integrata yet to book,1997244661,1997244661,4551456423,-590882299,2021-07-29
687,,44_455782293_CACEIS,1183563043,OB,OB,No-pair,fx wire,Caceis booked the fx wire for SD 03-13-2020. Integrata yet to book,1183563043,1183563043,4551456423,-590882299,2021-07-29
688,,9_455772338_CACEIS,1169827521,OB,OB,No-pair,fx wire,Caceis booked the fx wire for SD 03-06-2020. Integrata yet to book,1169827521,1169827521,4551456423,-590882299,2021-07-29
689,,15_309411_CACEIS,439623721,OB,OB,No-pair,fx wire,Caceis booked the fx wire for SD 02-22-2019. Integrata yet to book,439623721,439623721,4551456423,-590882299,2021-07-29
690,,30_4551060531_CACEIS,1548950730,OB,OB,No-pair,wire transfer,Caceis booked the wire transfer for SD 10-12-2020. Integrata yet to book,1548950730,1548950730,4551456423,-590882299,2021-07-29
691,,92_455554115_CACEIS,824385076,OB,OB,No-pair,fx wire,Caceis booked the fx wire for SD 09-17-2019. Integrata yet to book,824385076,824385076,4551456423,-590882299,2021-07-29
692,,46_455762980_CACEIS,1156897784,OB,OB,No-pair,monthend interest,Caceis booked the monthend interest for SD 03-01-2020. Integrata yet to book,1156897784,1156897784,4551456423,-590882299,2021-07-29
693,,193_455862625_CACEIS,1287003227,OB,OB,No-pair,fx wire,Caceis booked the fx wire for SD 05-15-2020. Integrata yet to book,1287003227,1287003227,4551456423,-590882299,2021-07-29
694,,721_455862625_CACEIS,1287004881,OB,OB,No-pair,fx wire,Caceis booked the fx wire for SD 05-15-2020. Integrata yet to book,1287004881,1287004881,4551456423,-590882299,2021-07-29
695,,21_455745203_CACEIS,1132280326,OB,OB,No-pair,wire transfer,Caceis booked the wire transfer for SD 02-14-2020. Integrata yet to book,1132280326,1132280326,4551456423,-590882299,2021-07-29
696,,17_455449139_CACEIS,646003561,OB,OB,No-pair,fx wire,Caceis booked the fx wire for SD 06-21-2019. Integrata yet to book,646003561,646003561,4551456423,-590882299,2021-07-29
697,,790_455822501_CACEIS,1235308821,OB,OB,No-pair,fx wire,Caceis booked the fx wire for SD 04-15-2020. Integrata yet to book,1235308821,1235308821,4551456423,-590882299,2021-07-29
698,,772_455862625_CACEIS,1287005287,OB,OB,No-pair,fx wire,Caceis booked the fx wire for SD 05-15-2020. Integrata yet to book,1287005287,1287005287,4551456423,-590882299,2021-07-29
699,,389_455940640_CACEIS,1391596170,OB,OB,No-pair,fx wire,Caceis booked the fx wire for SD 07-15-2020. Integrata yet to book,1391596170,1391596170,4551456423,-590882299,2021-07-29
700,,130_455900053_CACEIS,1336713428,OB,OB,No-pair,fx wire,Caceis booked the fx wire for SD 06-15-2020. Integrata yet to book,1336713428,1336713428,4551456423,-590882299,2021-07-29
701,,42_4551419402_CACEIS,2029730710,OB,OB,No-pair,fx wire,Caceis booked the fx wire for SD 07-02-2021. Integrata yet to book,2029730710,2029730710,4551456423,-590882299,2021-07-29
702,,394_455985296_CACEIS,1449582163,OB,OB,No-pair,fx wire,Caceis booked the fx wire for SD 08-17-2020. Integrata yet to book,1449582163,1449582163,4551456423,-590882299,2021-07-29
703,,86_455879764_CACEIS,1309543811,OB,OB,No-pair,fx wire,Caceis booked the fx wire for SD 05-29-2020. Integrata yet to book,1309543811,1309543811,4551456423,-590882299,2021-07-29
704,,41_4551042956_CACEIS,1525553076,OB,OB,No-pair,wire transfer,Caceis booked the wire transfer for SD 09-25-2020. Integrata yet to book,1525553076,1525553076,4551456423,-590882299,2021-07-29
705,,78_4551149959_CACEIS,1667622966,OB,OB,No-pair,fx wire,Caceis booked the fx wire for SD 12-15-2020. Integrata yet to book,1667622966,1667622966,4551456423,-590882299,2021-07-29
706,,50_455404958_CACEIS,585162340,OB,OB,No-pair,fx wire,Caceis booked the fx wire for SD 05-15-2019. Integrata yet to book,585162340,585162340,4551456423,-590882299,2021-07-29
707,,205_455706635_CACEIS,1081907364,OB,OB,No-pair,fx wire,Caceis booked the fx wire for SD 01-15-2020. Integrata yet to book,1081907364,1081907364,4551456423,-590882299,2021-07-29
708,,487_455862625_CACEIS,1287003824,OB,OB,No-pair,fx wire,Caceis booked the fx wire for SD 05-15-2020. Integrata yet to book,1287003824,1287003824,4551456423,-590882299,2021-07-29
709,,733_4551232906_CACEIS,1780157134,OB,OB,No-pair,fx wire,Caceis booked the fx wire for SD 02-16-2021. Integrata yet to book,1780157134,1780157134,4551456423,-590882299,2021-07-29
710,,732_455862625_CACEIS,1287004739,OB,OB,No-pair,fees,Caceis booked the fees for SD 05-13-2020. Integrata yet to book,1287004739,1287004739,4551456423,-590882299,2021-07-29
711,,4_4551018409_CACEIS,1492757139,OB,OB,No-pair,fees,Caceis booked the fees for SD 09-10-2020. Integrata yet to book,1492757139,1492757139,4551456423,-590882299,2021-07-29
712,,52_4551149959_CACEIS,1667622904,OB,OB,No-pair,fx wire,Caceis booked the fx wire for SD 12-15-2020. Integrata yet to book,1667622904,1667622904,4551456423,-590882299,2021-07-29
713,,5_455768650_CACEIS,1164892832,OB,OB,No-pair,wire transfer,Caceis booked the wire transfer for SD 03-04-2020. Integrata yet to book,1164892832,1164892832,4551456423,-590882299,2021-07-29
714,,5_4551324555_CACEIS,1898109380,OB,OB,No-pair,fx wire,Caceis booked the fx wire for SD 04-23-2021. Integrata yet to book,1898109380,1898109380,4551456423,-590882299,2021-07-29
715,,87_455404958_CACEIS,585162389,OB,OB,No-pair,fx wire,Caceis booked the fx wire for SD 05-15-2019. Integrata yet to book,585162389,585162389,4551456423,-590882299,2021-07-29
716,,75_4551125930_CACEIS,1635426466,OB,OB,No-pair,fx wire,Caceis booked the fx wire for SD 11-27-2020. Integrata yet to book,1635426466,1635426466,4551456423,-590882299,2021-07-29
717,,739_455822501_CACEIS,1235308629,OB,OB,No-pair,fx wire,Caceis booked the fx wire for SD 04-15-2020. Integrata yet to book,1235308629,1235308629,4551456423,-590882299,2021-07-29
718,,419_455985296_CACEIS,1449582215,OB,OB,No-pair,fx wire,Caceis booked the fx wire for SD 08-17-2020. Integrata yet to book,1449582215,1449582215,4551456423,-590882299,2021-07-29
719,,386_455985296_CACEIS,1449582185,OB,OB,No-pair,fx wire,Caceis booked the fx wire for SD 08-17-2020. Integrata yet to book,1449582185,1449582185,4551456423,-590882299,2021-07-29
720,,175_455762980_CACEIS,1156897787,OB,OB,No-pair,monthend interest,Caceis booked the monthend interest for SD 03-01-2020. Integrata yet to book,1156897787,1156897787,4551456423,-590882299,2021-07-29
721,,733_455822501_CACEIS,1235308540,OB,OB,No-pair,fx wire,Caceis booked the fx wire for SD 04-15-2020. Integrata yet to book,1235308540,1235308540,4551456423,-590882299,2021-07-29
722,,7_455820754_CACEIS,1233177726,OB,OB,No-pair,fees,Caceis booked the fees for SD 04-14-2020. Integrata yet to book,1233177726,1233177726,4551456423,-590882299,2021-07-29
723,,45_455554115_CACEIS,824385016,OB,OB,No-pair,fx wire,Caceis booked the fx wire for SD 09-17-2019. Integrata yet to book,824385016,824385016,4551456423,-590882299,2021-07-29
724,,199_455669415_CACEIS,1020662061,OB,OB,No-pair,fx wire,Caceis booked the fx wire for SD 12-16-2019. Integrata yet to book,1020662061,1020662061,4551456423,-590882299,2021-07-29
725,,185_455940640_CACEIS,1391595997,OB,OB,No-pair,fx wire,Caceis booked the fx wire for SD 07-15-2020. Integrata yet to book,1391595997,1391595997,4551456423,-590882299,2021-07-29
726,,111_4551229444_CACEIS,1775243156,OB,OB,No-pair,fx wire,Caceis booked the fx wire for SD 02-12-2021. Integrata yet to book,1775243156,1775243156,4551456423,-590882299,2021-07-29
727,,717_4551232906_CACEIS,1780157079,OB,OB,No-pair,fx wire,Caceis booked the fx wire for SD 02-16-2021. Integrata yet to book,1780157079,1780157079,4551456423,-590882299,2021-07-29
728,,55_455669415_CACEIS,1020661845,OB,OB,No-pair,fx wire,Caceis booked the fx wire for SD 12-16-2019. Integrata yet to book,1020661845,1020661845,4551456423,-590882299,2021-07-29
729,,77_4551354754_CACEIS,1942399582,OB,OB,No-pair,fx wire,Caceis booked the fx wire for SD 05-17-2021. Integrata yet to book,1942399582,1942399582,4551456423,-590882299,2021-07-29
730,,111_455879764_CACEIS,1309543691,OB,OB,No-pair,monthend interest,Caceis booked the monthend interest for SD 06-01-2020. Integrata yet to book,1309543691,1309543691,4551456423,-590882299,2021-07-29
731,,112_4551220415_CACEIS,1761956036,OB,OB,No-pair,fx wire,Caceis booked the fx wire for SD 02-05-2021. Integrata yet to book,1761956036,1761956036,4551456423,-590882299,2021-07-29
732,,66_455762980_CACEIS,1156897697,OB,OB,No-pair,monthend interest,Caceis booked the monthend interest for SD 03-01-2020. Integrata yet to book,1156897697,1156897697,4551456423,-590882299,2021-07-29
733,,85_306589_CACEIS,433998227,OB,OB,No-pair,fx wire,Caceis booked the fx wire for SD 02-15-2019. Integrata yet to book,433998227,433998227,4551456423,-590882299,2021-07-29
734,,551_455643841_CACEIS,975323623,OB,OB,No-pair,dividend,Caceis booked the dividend for SD 11-18-2019. Integrata yet to book,975323623,975323623,4551456423,-590882299,2021-07-29
735,,457_455985296_CACEIS,1449582249,OB,OB,No-pair,fx wire,Caceis booked the fx wire for SD 08-17-2020. Integrata yet to book,1449582249,1449582249,4551456423,-590882299,2021-07-29
736,,143_4551313388_CACEIS,1883527655,OB,OB,No-pair,fx wire,Caceis booked the fx wire for SD 04-15-2021. Integrata yet to book,1883527655,1883527655,4551456423,-590882299,2021-07-29
737,,408_4551232906_CACEIS,1780156813,OB,OB,No-pair,fx wire,Caceis booked the fx wire for SD 02-16-2021. Integrata yet to book,1780156813,1780156813,4551456423,-590882299,2021-07-29
738,,70_306589_CACEIS,433998216,OB,OB,No-pair,fx wire,Caceis booked the fx wire for SD 02-15-2019. Integrata yet to book,433998216,433998216,4551456423,-590882299,2021-07-29
739,,523_455862625_CACEIS,1287003842,OB,OB,No-pair,fx wire,Caceis booked the fx wire for SD 05-15-2020. Integrata yet to book,1287003842,1287003842,4551456423,-590882299,2021-07-29
740,,339_455940640_CACEIS,1391596162,OB,OB,No-pair,fx wire,Caceis booked the fx wire for SD 07-15-2020. Integrata yet to book,1391596162,1391596162,4551456423,-590882299,2021-07-29
741,,41_4551087502_CACEIS,1584326581,OB,OB,No-pair,monthend interest,Caceis booked the monthend interest for SD 11-01-2020. Integrata yet to book,1584326581,1584326581,4551456423,-590882299,2021-07-29
742,,15_4551125930_CACEIS,1635426539,OB,OB,No-pair,fx wire,Caceis booked the fx wire for SD 11-27-2020. Integrata yet to book,1635426539,1635426539,4551456423,-590882299,2021-07-29
743,,34_455658450_CACEIS,1002374617,OB,OB,No-pair,fx wire,Caceis booked the fx wire for SD 12-06-2019. Integrata yet to book,1002374617,1002374617,4551456423,-590882299,2021-07-29
744,,105_455879764_CACEIS,1309543748,OB,OB,No-pair,monthend interest,Caceis booked the monthend interest for SD 06-01-2020. Integrata yet to book,1309543748,1309543748,4551456423,-590882299,2021-07-29
745,,450_4551149959_CACEIS,1667623220,OB,OB,No-pair,wire transfer,Caceis booked the wire transfer for SD 12-15-2020. Integrata yet to book,1667623220,1667623220,4551456423,-590882299,2021-07-29
746,,52_455944496_CACEIS,1396484657,OB,OB,No-pair,fx wire,Caceis booked the fx wire for SD 07-17-2020. Integrata yet to book,1396484657,1396484657,4551456423,-590882299,2021-07-29
747,,10_4551142111_CACEIS,1657251527,OB,OB,No-pair,wire transfer,Caceis booked the wire transfer for SD 12-09-2020. Integrata yet to book,1657251527,1657251527,4551456423,-590882299,2021-07-29
748,,14_4551001817_CACEIS,1470676036,OB,OB,No-pair,fx wire,Caceis booked the fx wire for SD 08-28-2020. Integrata yet to book,1470676036,1470676036,4551456423,-590882299,2021-07-29
749,,111_455585083_CACEIS,874262466,OB,OB,No-pair,fees,Caceis booked the fees for SD 10-10-2019. Integrata yet to book,874262466,874262466,4551456423,-590882299,2021-07-29
750,,492_4551109218_CACEIS,1613287117,OB,OB,No-pair,fx wire,Caceis booked the fx wire for SD 11-16-2020. Integrata yet to book,1613287117,1613287117,4551456423,-590882299,2021-07-29
751,,67_455736646_CACEIS,1120326845,OB,OB,No-pair,fx wire,Caceis booked the fx wire for SD 02-07-2020. Integrata yet to book,1120326845,1120326845,4551456423,-590882299,2021-07-29
752,,127_455900053_CACEIS,1336713439,OB,OB,No-pair,fx wire,Caceis booked the fx wire for SD 06-15-2020. Integrata yet to book,1336713439,1336713439,4551456423,-590882299,2021-07-29
753,,70_455777858_CACEIS,1177395887,OB,OB,No-pair,wire transfer,Caceis booked the wire transfer for SD 03-11-2020. Integrata yet to book,1177395887,1177395887,4551456423,-590882299,2021-07-29
754,,23_455516633_CACEIS,760048334,OB,OB,No-pair,fx wire,Caceis booked the fx wire for SD 08-16-2019. Integrata yet to book,760048334,760048334,4551456423,-590882299,2021-07-29
755,,753_455643841_CACEIS,975323825,OB,OB,No-pair,monthend interest,Caceis booked the monthend interest for SD 10-31-2019. Integrata yet to book,975323825,975323825,4551456423,-590882299,2021-07-29
756,,282_455748445_CACEIS,1136275201,OB,OB,No-pair,fx wire,Caceis booked the fx wire for SD 02-18-2020. Integrata yet to book,1136275201,1136275201,4551456423,-590882299,2021-07-29
757,,12_4551072061_CACEIS,1564185618,OB,OB,No-pair,wire transfer,Caceis booked the wire transfer for SD 10-20-2020. Integrata yet to book,1564185618,1564185618,4551456423,-590882299,2021-07-29
758,,511_4551109218_CACEIS,1613287060,OB,OB,No-pair,fx wire,Caceis booked the fx wire for SD 11-16-2020. Integrata yet to book,1613287060,1613287060,4551456423,-590882299,2021-07-29
759,,67_455718167_CACEIS,1096512079,OB,OB,No-pair,fx wire,Caceis booked the fx wire for SD 01-24-2020. Integrata yet to book,1096512079,1096512079,4551456423,-590882299,2021-07-29
760,,1_4551058652_CACEIS,1546340305,OB,OB,No-pair,fx wire,Caceis booked the fx wire for SD 10-09-2020. Integrata yet to book,1546340305,1546340305,4551456423,-590882299,2021-07-29
761,,180_4551023983_CACEIS,1500213875,OB,OB,No-pair,fx wire,Caceis booked the fx wire for SD 09-15-2020. Integrata yet to book,1500213875,1500213875,4551456423,-590882299,2021-07-29
762,,440_4551191593_CACEIS,1722905475,OB,OB,No-pair,fx wire,Caceis booked the fx wire for SD 01-15-2021. Integrata yet to book,1722905475,1722905475,4551456423,-590882299,2021-07-29
763,,236_4551109218_CACEIS,1613286809,OB,OB,No-pair,fx wire,Caceis booked the fx wire for SD 11-16-2020. Integrata yet to book,1613286809,1613286809,4551456423,-590882299,2021-07-29
764,,428_4551066313_CACEIS,1556876689,OB,OB,No-pair,fx wire,Caceis booked the fx wire for SD 10-15-2020. Integrata yet to book,1556876689,1556876689,4551456423,-590882299,2021-07-29
765,,5_455408517_CACEIS,589855165,OB,OB,No-pair,fx wire,Caceis booked the fx wire for SD 05-17-2019. Integrata yet to book,589855165,589855165,4551456423,-590882299,2021-07-29
766,,11_4551400940_CACEIS,2004694236,OB,OB,No-pair,wire transfer,Caceis booked the wire transfer for SD 06-18-2021. Integrata yet to book,2004694236,2004694236,4551456423,-590882299,2021-07-29
767,,134_455879764_CACEIS,1309543743,OB,OB,No-pair,monthend interest,Caceis booked the monthend interest for SD 06-01-2020. Integrata yet to book,1309543743,1309543743,4551456423,-590882299,2021-07-29
768,,742_4551232906_CACEIS,1780157126,OB,OB,No-pair,fx wire,Caceis booked the fx wire for SD 02-16-2021. Integrata yet to book,1780157126,1780157126,4551456423,-590882299,2021-07-29
769,,549_4551149959_CACEIS,1667623392,OB,OB,No-pair,fx wire,Caceis booked the fx wire for SD 12-15-2020. Integrata yet to book,1667623392,1667623392,4551456423,-590882299,2021-07-29
770,,81_455777858_CACEIS,1177395914,OB,OB,No-pair,wire transfer,Caceis booked the wire transfer for SD 03-11-2020. Integrata yet to book,1177395914,1177395914,4551456423,-590882299,2021-07-29
771,,22_455439597_CACEIS,632008258,OB,OB,No-pair,wire transfer,Caceis booked the wire transfer for SD 06-13-2019. Integrata yet to book,632008258,632008258,4551456423,-590882299,2021-07-29
772,,139_4551144082_CACEIS,1659707125,OB,OB,No-pair,fees,Caceis booked the fees for SD 12-10-2020. Integrata yet to book,1659707125,1659707125,4551456423,-590882299,2021-07-29
773,,21_4551430779_CACEIS,2043021925,OB,OB,No-pair,fees,Caceis booked the fees for SD 07-12-2021. Integrata yet to book,2043021925,2043021925,4551456423,-590882299,2021-07-29
774,,57_4551394628_CACEIS,1997244634,OB,OB,No-pair,fx wire,Caceis booked the fx wire for SD 06-15-2021. Integrata yet to book,1997244634,1997244634,4551456423,-590882299,2021-07-29
775,,427_4551191593_CACEIS,1722905538,OB,OB,No-pair,fx wire,Caceis booked the fx wire for SD 01-15-2021. Integrata yet to book,1722905538,1722905538,4551456423,-590882299,2021-07-29
776,,37_4551430779_CACEIS,2043021924,OB,OB,No-pair,fees,Caceis booked the fees for SD 07-12-2021. Integrata yet to book,2043021924,2043021924,4551456423,-590882299,2021-07-29
777,,24_455585083_CACEIS,874262522,OB,OB,No-pair,wire transfer,Caceis booked the wire transfer for SD 10-10-2019. Integrata yet to book,874262522,874262522,4551456423,-590882299,2021-07-29
778,,109_455585083_CACEIS,874262457,OB,OB,No-pair,fees,Caceis booked the fees for SD 10-10-2019. Integrata yet to book,874262457,874262457,4551456423,-590882299,2021-07-29
779,,58_455879764_CACEIS,1309543731,OB,OB,No-pair,monthend interest,Caceis booked the monthend interest for SD 06-01-2020. Integrata yet to book,1309543731,1309543731,4551456423,-590882299,2021-07-29
780,,33_455799620_CACEIS,1205700389,OB,OB,No-pair,proceeds sell,Caceis booked the proceeds sell for SD 03-27-2020. Integrata yet to book,1205700389,1205700389,4551456423,-590882299,2021-07-29
781,,30_455927788_CACEIS,1374347981,OB,OB,No-pair,fx wire,Caceis booked the fx wire for SD 07-06-2020. Integrata yet to book,1374347981,1374347981,4551456423,-590882299,2021-07-29
782,,44_455404958_CACEIS,585162356,OB,OB,No-pair,fx wire,Caceis booked the fx wire for SD 05-15-2019. Integrata yet to book,585162356,585162356,4551456423,-590882299,2021-07-29
783,,49_455896330_CACEIS,1332271859,OB,OB,No-pair,proceeds sell,Caceis booked the proceeds sell for SD 06-04-2020. Integrata yet to book,1332271859,1332271859,4551456423,-590882299,2021-07-29
784,,1412_455643841_CACEIS,975324484,OB,OB,No-pair,fx wire,Caceis booked the fx wire for SD 11-15-2019. Integrata yet to book,975324484,975324484,4551456423,-590882299,2021-07-29
785,,131_455718167_CACEIS,1096511779,OB,OB,No-pair,fx wire,Caceis booked the fx wire for SD 01-24-2020. Integrata yet to book,1096511779,1096511779,4551456423,-590882299,2021-07-29
786,,496_455900053_CACEIS,1336713860,OB,OB,No-pair,fx wire,Caceis booked the fx wire for SD 06-15-2020. Integrata yet to book,1336713860,1336713860,4551456423,-590882299,2021-07-29
787,,390_4551066313_CACEIS,1556876560,OB,OB,No-pair,fx wire,Caceis booked the fx wire for SD 10-15-2020. Integrata yet to book,1556876560,1556876560,4551456423,-590882299,2021-07-29
788,,362_455822501_CACEIS,1235308179,OB,OB,No-pair,fx wire,Caceis booked the fx wire for SD 04-15-2020. Integrata yet to book,1235308179,1235308179,4551456423,-590882299,2021-07-29
789,,742_455822501_CACEIS,1235308639,OB,OB,No-pair,fx wire,Caceis booked the fx wire for SD 04-15-2020. Integrata yet to book,1235308639,1235308639,4551456423,-590882299,2021-07-29
790,,79_4551023983_CACEIS,1500214111,OB,OB,No-pair,fx wire,Caceis booked the fx wire for SD 09-15-2020. Integrata yet to book,1500214111,1500214111,4551456423,-590882299,2021-07-29
791,,665_455862625_CACEIS,1287002654,OB,OB,No-pair,fees,Caceis booked the fees for SD 05-13-2020. Integrata yet to book,1287002654,1287002654,4551456423,-590882299,2021-07-29
792,,6_4551229444_CACEIS,1775243170,OB,OB,No-pair,fx wire,Caceis booked the fx wire for SD 02-12-2021. Integrata yet to book,1775243170,1775243170,4551456423,-590882299,2021-07-29
793,,282_455900053_CACEIS,1336713973,OB,OB,No-pair,fx wire,Caceis booked the fx wire for SD 06-15-2020. Integrata yet to book,1336713973,1336713973,4551456423,-590882299,2021-07-29
794,,98_455777858_CACEIS,1177395669,OB,OB,No-pair,wire transfer,Caceis booked the wire transfer for SD 03-11-2020. Integrata yet to book,1177395669,1177395669,4551456423,-590882299,2021-07-29
795,,101_4551109218_CACEIS,1613286709,OB,OB,No-pair,fx wire,Caceis booked the fx wire for SD 11-16-2020. Integrata yet to book,1613286709,1613286709,4551456423,-590882299,2021-07-29
796,,16_455826113_CACEIS,1239393749,OB,OB,No-pair,fees,Caceis booked the fees for SD 04-16-2020. Integrata yet to book,1239393749,1239393749,4551456423,-590882299,2021-07-29
797,,338_455862625_CACEIS,1287003043,OB,OB,No-pair,fx wire,Caceis booked the fx wire for SD 05-15-2020. Integrata yet to book,1287003043,1287003043,4551456423,-590882299,2021-07-29
798,4_4551057246_Integrata,,1544059576,OB,OB,No-pair,redemption,Integrata booked the redemption for SD 10-08-2020.Caceis yet to book.,1544059576,1544059576,4551456423,-590882299,2021-07-29
799,16_4551066313_Integrata,,1556876224,OB,OB,No-pair,wire transfer,Integrata booked the subscription for SD 10-15-2020.Caceis yet to book.,1556876224,1556876224,4551456423,-590882299,2021-07-29
800,19_455851677_Integrata,,1272856265,OB,OB,No-pair,wire transfer,Integrata booked the subscription for SD 05-07-2020.Caceis yet to book.,1272856265,1272856265,4551456423,-590882299,2021-07-29
801,,259_4551354754_CACEIS,1942399648,OB,OB,No-pair,fx wire,Caceis booked the fx wire for SD 05-17-2021. Integrata yet to book,1942399648,1942399648,4551456423,-590882299,2021-07-29
802,1_455699362_Integrata,,1072295549,OB,OB,No-pair,wire transfer,Integrata booked the Net Sub/Red for SD 01-09-2020.Caceis yet to book.,1072295549,1072295549,4551456423,-590882299,2021-07-29
803,11_455824379_Integrata,,1237534484,OB,OB,No-pair,redemption,Integrata booked the redemption for SD 04-16-2020.Caceis yet to book.,1237534484,1237534484,4551456423,-590882299,2021-07-29
804,,40_4551246640_CACEIS,1797846206,OB,OB,No-pair,monthend interest,Caceis booked the monthend interest for SD 02-26-2021. Integrata yet to book,1797846206,1797846206,4551456423,-590882299,2021-07-29
805,,27_455978912_CACEIS,1441832202,OB,OB,No-pair,wire transfer,Caceis booked the wire transfer for SD 08-12-2020. Integrata yet to book,1441832202,1441832202,4551456423,-590882299,2021-07-29
806,,121_455822501_CACEIS,1235308070,OB,OB,No-pair,fx wire,Caceis booked the fx wire for SD 04-15-2020. Integrata yet to book,1235308070,1235308070,4551456423,-590882299,2021-07-29
807,,344_455822501_CACEIS,1235308321,OB,OB,No-pair,fx wire,Caceis booked the fx wire for SD 04-15-2020. Integrata yet to book,1235308321,1235308321,4551456423,-590882299,2021-07-29
808,,524_4551109218_CACEIS,1613287140,OB,OB,No-pair,fx wire,Caceis booked the fx wire for SD 11-16-2020. Integrata yet to book,1613287140,1613287140,4551456423,-590882299,2021-07-29
809,,91_4551436806_CACEIS,2049885831,OB,OB,No-pair,fx wire,Caceis booked the fx wire for SD 07-15-2021. Integrata yet to book,2049885831,2049885831,4551456423,-590882299,2021-07-29
810,,531_455783582_CACEIS,1185159754,OB,OB,No-pair,fx wire,Caceis booked the fx wire for SD 03-16-2020. Integrata yet to book,1185159754,1185159754,4551456423,-590882299,2021-07-29
811,,762_455862625_CACEIS,1287005265,OB,OB,No-pair,fx wire,Caceis booked the fx wire for SD 05-15-2020. Integrata yet to book,1287005265,1287005265,4551456423,-590882299,2021-07-29
812,,283_4551191593_CACEIS,1722905387,OB,OB,No-pair,fx wire,Caceis booked the fx wire for SD 01-15-2021. Integrata yet to book,1722905387,1722905387,4551456423,-590882299,2021-07-29
813,,196_455940640_CACEIS,1391596166,OB,OB,No-pair,fx wire,Caceis booked the fx wire for SD 07-15-2020. Integrata yet to book,1391596166,1391596166,4551456423,-590882299,2021-07-29
814,,1272_455643841_CACEIS,975324344,OB,OB,No-pair,monthend interest,Caceis booked the monthend interest for SD 11-15-2019. Integrata yet to book,975324344,975324344,4551456423,-590882299,2021-07-29
815,,43_4551343376_CACEIS,1925737828,OB,OB,No-pair,fx wire,Caceis booked the fx wire for SD 05-07-2021. Integrata yet to book,1925737828,1925737828,4551456423,-590882299,2021-07-29
816,,774_455862625_CACEIS,1287005168,OB,OB,No-pair,fx wire,Caceis booked the fx wire for SD 05-15-2020. Integrata yet to book,1287005168,1287005168,4551456423,-590882299,2021-07-29
817,,305_455669415_CACEIS,1020661960,OB,OB,No-pair,fx wire,Caceis booked the fx wire for SD 12-16-2019. Integrata yet to book,1020661960,1020661960,4551456423,-590882299,2021-07-29
818,,69_455404958_CACEIS,585162367,OB,OB,No-pair,fx wire,Caceis booked the fx wire for SD 05-15-2019. Integrata yet to book,585162367,585162367,4551456423,-590882299,2021-07-29
819,,53_455669415_CACEIS,1020661762,OB,OB,No-pair,fx wire,Caceis booked the fx wire for SD 12-16-2019. Integrata yet to book,1020661762,1020661762,4551456423,-590882299,2021-07-29
820,,16_4551248485_CACEIS,1800039410,OB,OB,No-pair,fx wire,Caceis booked the fx wire for SD 02-26-2021. Integrata yet to book,1800039410,1800039410,4551456423,-590882299,2021-07-29
821,,17_4551097416_CACEIS,1597270326,OB,OB,No-pair,wire transfer,Caceis booked the wire transfer for SD 11-06-2020. Integrata yet to book,1597270326,1597270326,4551456423,-590882299,2021-07-29
822,,60_4551269721_CACEIS,1827473966,OB,OB,No-pair,fx wire,Caceis booked the fx wire for SD 03-15-2021. Integrata yet to book,1827473966,1827473966,4551456423,-590882299,2021-07-29
823,,93_4551349054_CACEIS,1933657827,OB,OB,No-pair,fees,Caceis booked the fees for SD 05-12-2021. Integrata yet to book,1933657827,1933657827,4551456423,-590882299,2021-07-29
824,,38_4551324555_CACEIS,1898109405,OB,OB,No-pair,fx wire,Caceis booked the fx wire for SD 04-23-2021. Integrata yet to book,1898109405,1898109405,4551456423,-590882299,2021-07-29
825,4_455952085_Integrata,,1407030022,OB,OB,No-pair,wire transfer,Integrata booked the Net Sub/Red for SD 07-23-2020.Caceis yet to book.,1407030022,1407030022,4551456423,-590882299,2021-07-29
826,,21_455547231_CACEIS,811491651,OB,OB,No-pair,fees,Caceis booked the fees for SD 09-11-2019. Integrata yet to book,811491651,811491651,4551456423,-590882299,2021-07-29
827,,75_455777858_CACEIS,1177395696,OB,OB,No-pair,wire transfer,Caceis booked the wire transfer for SD 03-11-2020. Integrata yet to book,1177395696,1177395696,4551456423,-590882299,2021-07-29
828,,471_4551191593_CACEIS,1722905472,OB,OB,No-pair,fx wire,Caceis booked the fx wire for SD 01-15-2021. Integrata yet to book,1722905472,1722905472,4551456423,-590882299,2021-07-29
829,,196_4551269721_CACEIS,1827473943,OB,OB,No-pair,fx wire,Caceis booked the fx wire for SD 03-15-2021. Integrata yet to book,1827473943,1827473943,4551456423,-590882299,2021-07-29
830,,527_455900053_CACEIS,1336713876,OB,OB,No-pair,fx wire,Caceis booked the fx wire for SD 06-15-2020. Integrata yet to book,1336713876,1336713876,4551456423,-590882299,2021-07-29
831,,771_4551232906_CACEIS,1780157064,OB,OB,No-pair,fx wire,Caceis booked the fx wire for SD 02-16-2021. Integrata yet to book,1780157064,1780157064,4551456423,-590882299,2021-07-29
832,,38_4551334292_CACEIS,1911737199,OB,OB,No-pair,monthend interest,Caceis booked the monthend interest for SD 05-01-2021. Integrata yet to book,1911737199,1911737199,4551456423,-590882299,2021-07-29
833,8_455761196_Integrata,,1154270072,OB,OB,No-pair,wire transfer,Integrata booked the subscription for SD 02-27-2020.Caceis yet to book.,1154270072,1154270072,4551456423,-590882299,2021-07-29
834,,56_4551210754_CACEIS,1748958213,OB,OB,No-pair,monthend interest,Caceis booked the monthend interest for SD 02-01-2021. Integrata yet to book,1748958213,1748958213,4551456423,-590882299,2021-07-29
835,,75_455963450_CACEIS,1421777815,OB,OB,No-pair,fx wire,Caceis booked the fx wire for SD 07-31-2020. Integrata yet to book,1421777815,1421777815,4551456423,-590882299,2021-07-29
836,,59_4551229444_CACEIS,1775243160,OB,OB,No-pair,fx wire,Caceis booked the fx wire for SD 02-12-2021. Integrata yet to book,1775243160,1775243160,4551456423,-590882299,2021-07-29
837,,60_455748445_CACEIS,1136275078,OB,OB,No-pair,fx wire,Caceis booked the fx wire for SD 02-18-2020. Integrata yet to book,1136275078,1136275078,4551456423,-590882299,2021-07-29
838,,1_4551009589_CACEIS,1480921561,OB,OB,No-pair,wire transfer,Caceis booked the wire transfer for SD 09-03-2020. Integrata yet to book,1480921561,1480921561,4551456423,-590882299,2021-07-29
839,5_4551037369_Integrata,,1518452133,OB,OB,No-pair,wire transfer,Integrata booked the Net Sub/Red for SD 09-24-2020.Caceis yet to book.,1518452133,1518452133,4551456423,-590882299,2021-07-29
840,6_455674593_Integrata,,1029176379,OB,OB,No-pair,wire transfer,Integrata booked the Net Sub/Red for SD 12-19-2019.Caceis yet to book.,1029176379,1029176379,4551456423,-590882299,2021-07-29
841,,23_455585083_CACEIS,874262521,OB,OB,No-pair,wire transfer,Caceis booked the wire transfer for SD 10-10-2019. Integrata yet to book,874262521,874262521,4551456423,-590882299,2021-07-29
842,15_4551408153_Integrata,,2013693282,OB,OB,No-pair,redemption,Integrata booked the redemption for SD 06-24-2021.Caceis yet to book.,2013693282,2013693282,4551456423,-590882299,2021-07-29
843,,217_4551210754_CACEIS,1748958365,OB,OB,No-pair,monthend interest,Caceis booked the monthend interest for SD 02-01-2021. Integrata yet to book,1748958365,1748958365,4551456423,-590882299,2021-07-29
844,,7_455997894_CACEIS,1465639291,OB,OB,No-pair,proceeds sell,Caceis booked the proceeds sell for SD 08-26-2020. Integrata yet to book,1465639291,1465639291,4551456423,-590882299,2021-07-29
845,5_4551057246_Integrata,,1544059578,OB,OB,No-pair,redemption,Integrata booked the redemption for SD 10-08-2020.Caceis yet to book.,1544059578,1544059578,4551456423,-590882299,2021-07-29
846,,27_455574099_CACEIS,855526089,OB,OB,No-pair,wire transfer,Caceis booked the wire transfer for SD 10-01-2019. Integrata yet to book,855526089,855526089,4551456423,-590882299,2021-07-29
847,,181_4551232906_CACEIS,1780156607,OB,OB,No-pair,fx wire,Caceis booked the fx wire for SD 02-16-2021. Integrata yet to book,1780156607,1780156607,4551456423,-590882299,2021-07-29
848,,805_455862625_CACEIS,1287004838,OB,OB,No-pair,fees,Caceis booked the fees for SD 05-13-2020. Integrata yet to book,1287004838,1287004838,4551456423,-590882299,2021-07-29
849,,364_4551023983_CACEIS,1500214202,OB,OB,No-pair,fx wire,Caceis booked the fx wire for SD 09-15-2020. Integrata yet to book,1500214202,1500214202,4551456423,-590882299,2021-07-29
850,,49_4551258322_CACEIS,1812652669,OB,OB,No-pair,fx wire,Caceis booked the fx wire for SD 03-05-2021. Integrata yet to book,1812652669,1812652669,4551456423,-590882299,2021-07-29
851,,67_455669415_CACEIS,1020661866,OB,OB,No-pair,fx wire,Caceis booked the fx wire for SD 12-16-2019. Integrata yet to book,1020661866,1020661866,4551456423,-590882299,2021-07-29
852,,4_455806818_CACEIS,1215188704,OB,OB,No-pair,wire transfer,Caceis booked the wire transfer for SD 03-31-2020. Integrata yet to book,1215188704,1215188704,4551456423,-590882299,2021-07-29
853,,5_4551356653_CACEIS,1945281525,OB,OB,No-pair,fees,Caceis booked the fees for SD 05-17-2021. Integrata yet to book,1945281525,1945281525,4551456423,-590882299,2021-07-29
854,,41_4551343376_CACEIS,1925737818,OB,OB,No-pair,fx wire,Caceis booked the fx wire for SD 05-07-2021. Integrata yet to book,1925737818,1925737818,4551456423,-590882299,2021-07-29
855,,56_455706635_CACEIS,1081907346,OB,OB,No-pair,fx wire,Caceis booked the fx wire for SD 01-15-2020. Integrata yet to book,1081907346,1081907346,4551456423,-590882299,2021-07-29
856,,6_4551411869_CACEIS,2018959443,OB,OB,No-pair,fx wire,Caceis booked the fx wire for SD 06-28-2021. Integrata yet to book,2018959443,2018959443,4551456423,-590882299,2021-07-29
857,,22_328180_CACEIS,473992302,OB,OB,No-pair,wire transfer,Caceis booked the wire transfer for SD 03-12-2019. Integrata yet to book,473992302,473992302,4551456423,-590882299,2021-07-29
858,,529_4551109218_CACEIS,1613287030,OB,OB,No-pair,fx wire,Caceis booked the fx wire for SD 11-16-2020. Integrata yet to book,1613287030,1613287030,4551456423,-590882299,2021-07-29
859,,85_455846205_CACEIS,1265566705,OB,OB,No-pair,fx wire,Caceis booked the fx wire for SD 05-04-2020. Integrata yet to book,1265566705,1265566705,4551456423,-590882299,2021-07-29
860,,59_4551109218_CACEIS,1613286757,OB,OB,No-pair,fx wire,Caceis booked the fx wire for SD 11-16-2020. Integrata yet to book,1613286757,1613286757,4551456423,-590882299,2021-07-29
861,,47_455585083_CACEIS,874262500,OB,OB,No-pair,fees,Caceis booked the fees for SD 10-10-2019. Integrata yet to book,874262500,874262500,4551456423,-590882299,2021-07-29
862,,65_455753887_CACEIS,1143364755,OB,OB,No-pair,fx wire,Caceis booked the fx wire for SD 02-21-2020. Integrata yet to book,1143364755,1143364755,4551456423,-590882299,2021-07-29
863,,114_4551239617_CACEIS,1789074861,OB,OB,No-pair,wire transfer,Caceis booked the wire transfer for SD 02-19-2021. Integrata yet to book,1789074861,1789074861,4551456423,-590882299,2021-07-29
864,,17_4551224321_CACEIS,1767692357,OB,OB,No-pair,monthend interest,Caceis booked the monthend interest for SD 02-10-2021. Integrata yet to book,1767692357,1767692357,4551456423,-590882299,2021-07-29
865,,186_4551248485_CACEIS,1800039576,OB,OB,No-pair,fx wire,Caceis booked the fx wire for SD 02-26-2021. Integrata yet to book,1800039576,1800039576,4551456423,-590882299,2021-07-29
866,5_455923571_Integrata,,1369374365,OB,OB,No-pair,wire transfer,Integrata booked the Net Sub/Red for SD 07-02-2020.Caceis yet to book.,1369374365,1369374365,4551456423,-590882299,2021-07-29
867,,67_4551117124_CACEIS,1623224503,OB,OB,No-pair,fx wire,Caceis booked the fx wire for SD 11-20-2020. Integrata yet to book,1623224503,1623224503,4551456423,-590882299,2021-07-29
868,,102_4551394628_CACEIS,1997244604,OB,OB,No-pair,fx wire,Caceis booked the fx wire for SD 06-15-2021. Integrata yet to book,1997244604,1997244604,4551456423,-590882299,2021-07-29
869,13_455532005_Integrata,,785746413,OB,OB,No-pair,wire transfer,Integrata booked the Net Sub/Red for SD 08-29-2019.Caceis yet to book.,785746413,785746413,4551456423,-590882299,2021-07-29
870,1_4551095433_Integrata,,1594567304,OB,OB,No-pair,wire transfer,Integrata booked the subscription for SD 11-05-2020.Caceis yet to book.,1594567304,1594567304,4551456423,-590882299,2021-07-29
871,4_4551037369_Integrata,,1518452130,OB,OB,No-pair,redemption,Integrata booked the redemption for SD 09-24-2020.Caceis yet to book.,1518452130,1518452130,4551456423,-590882299,2021-07-29
872,6_455434670_Integrata,,626506541,OB,OB,No-pair,wire transfer,Integrata booked the wire transfer for SD 06-10-2019.Caceis yet to book.,626506541,626506541,4551456423,-590882299,2021-07-29
873,,50_455748445_CACEIS,1136275056,OB,OB,No-pair,fx wire,Caceis booked the fx wire for SD 02-18-2020. Integrata yet to book,1136275056,1136275056,4551456423,-590882299,2021-07-29
874,,41_455404958_CACEIS,585162354,OB,OB,No-pair,fx wire,Caceis booked the fx wire for SD 05-15-2019. Integrata yet to book,585162354,585162354,4551456423,-590882299,2021-07-29
875,,28_4551039598_CACEIS,1521245931,OB,OB,No-pair,wire transfer,Caceis booked the wire transfer for SD 09-24-2020. Integrata yet to book,1521245931,1521245931,4551456423,-590882299,2021-07-29
876,,62_4551149959_CACEIS,1667622935,OB,OB,No-pair,fx wire,Caceis booked the fx wire for SD 12-15-2020. Integrata yet to book,1667622935,1667622935,4551456423,-590882299,2021-07-29
877,,473_455783582_CACEIS,1185159631,OB,OB,No-pair,fx wire,Caceis booked the fx wire for SD 03-16-2020. Integrata yet to book,1185159631,1185159631,4551456423,-590882299,2021-07-29
878,,269_4551109218_CACEIS,1613286805,OB,OB,No-pair,fx wire,Caceis booked the fx wire for SD 11-16-2020. Integrata yet to book,1613286805,1613286805,4551456423,-590882299,2021-07-29
879,,8_278910_CACEIS,390854435,OB,OB,No-pair,fx wire,Caceis booked the fx wire for SD 01-25-2019. Integrata yet to book,390854435,390854435,4551456423,-590882299,2021-07-29
880,,410_4551191593_CACEIS,1722905476,OB,OB,No-pair,fx wire,Caceis booked the fx wire for SD 01-15-2021. Integrata yet to book,1722905476,1722905476,4551456423,-590882299,2021-07-29
881,,482_4551109218_CACEIS,1613286978,OB,OB,No-pair,fx wire,Caceis booked the fx wire for SD 11-16-2020. Integrata yet to book,1613286978,1613286978,4551456423,-590882299,2021-07-29
882,,66_4551105378_CACEIS,1608089249,OB,OB,No-pair,wire transfer,Caceis booked the wire transfer for SD 11-12-2020. Integrata yet to book,1608089249,1608089249,4551456423,-590882299,2021-07-29
883,,660_4551232906_CACEIS,1780157083,OB,OB,No-pair,fx wire,Caceis booked the fx wire for SD 02-16-2021. Integrata yet to book,1780157083,1780157083,4551456423,-590882299,2021-07-29
884,,1_4551335411_CACEIS,1913506508,OB,OB,No-pair,wire transfer,Caceis booked the wire transfer for SD 05-03-2021. Integrata yet to book,1913506508,1913506508,4551456423,-590882299,2021-07-29
885,3_455942533_Integrata,,1393935325,OB,OB,No-pair,redemption,Integrata booked the redemption for SD 07-16-2020.Caceis yet to book.,1393935325,1393935325,4551456423,-590882299,2021-07-29
886,4_4551396696_Integrata,,1999487100,OB,OB,No-pair,wire transfer,Integrata booked the AUM plug for SD 06-15-2021.Caceis yet to book.,1999487100,1999487100,4551456423,-590882299,2021-07-29
887,,90_4551239617_CACEIS,1789074758,OB,OB,No-pair,fx wire,Caceis booked the fx wire for SD 02-19-2021. Integrata yet to book,1789074758,1789074758,4551456423,-590882299,2021-07-29
888,,52_4551011052_CACEIS,1483359853,OB,OB,No-pair,fx wire,Caceis booked the fx wire for SD 09-04-2020. Integrata yet to book,1483359853,1483359853,4551456423,-590882299,2021-07-29
889,90_4551085502_Integrata,,1581818056,OB,OB,No-pair,redemption,Integrata booked the redemption for SD 10-29-2020.Caceis yet to book.,1581818056,1581818056,4551456423,-590882299,2021-07-29
890,,509_4551066313_CACEIS,1556876639,OB,OB,No-pair,fx wire,Caceis booked the fx wire for SD 10-15-2020. Integrata yet to book,1556876639,1556876639,4551456423,-590882299,2021-07-29
891,,482_4551191593_CACEIS,1722905499,OB,OB,No-pair,fx wire,Caceis booked the fx wire for SD 01-15-2021. Integrata yet to book,1722905499,1722905499,4551456423,-590882299,2021-07-29
892,6_4551287241_Integrata,,1850449267,OB,OB,No-pair,wire transfer,Integrata booked the AUM plug for SD 03-25-2021.Caceis yet to book.,1850449267,1850449267,4551456423,-590882299,2021-07-29
893,,12_455871083_CACEIS,1298154320,OB,OB,No-pair,fx wire,Caceis booked the fx wire for SD 05-22-2020. Integrata yet to book,1298154320,1298154320,4551456423,-590882299,2021-07-29
894,,30_455649350_CACEIS,985331698,OB,OB,No-pair,monthend interest,Caceis booked the monthend interest for SD 12-01-2019. Integrata yet to book,985331698,985331698,4551456423,-590882299,2021-07-29
895,,34_455916649_CACEIS,1359361397,OB,OB,No-pair,fx wire,Caceis booked the fx wire for SD 06-26-2020. Integrata yet to book,1359361397,1359361397,4551456423,-590882299,2021-07-29
896,6_4551410165_Integrata,,2016505867,OB,OB,No-pair,wire transfer,Integrata booked the AUM plug for SD 06-24-2021.Caceis yet to book.,2016505867,2016505867,4551456423,-590882299,2021-07-29
897,,174_455862625_CACEIS,1287002629,OB,OB,No-pair,fx wire,Caceis booked the fx wire for SD 05-15-2020. Integrata yet to book,1287002629,1287002629,4551456423,-590882299,2021-07-29
898,,44_4551107328_CACEIS,1610764974,OB,OB,No-pair,fees,Caceis booked the fees for SD 11-12-2020. Integrata yet to book,1610764974,1610764974,4551456423,-590882299,2021-07-29
899,2_4551224321_Integrata,,1767692352,OB,OB,No-pair,wire transfer,Integrata booked the AUM plug for SD 02-08-2021.Caceis yet to book.,1767692352,1767692352,4551456423,-590882299,2021-07-29
900,,57_4551313388_CACEIS,1883527794,OB,OB,No-pair,fx wire,Caceis booked the fx wire for SD 04-15-2021. Integrata yet to book,1883527794,1883527794,4551456423,-590882299,2021-07-29
901,,62_455835232_CACEIS,1251293798,OB,OB,No-pair,fx wire,Caceis booked the fx wire for SD 04-24-2020. Integrata yet to book,1251293798,1251293798,4551456423,-590882299,2021-07-29
902,,210_4551149959_CACEIS,1667623164,OB,OB,No-pair,wire transfer,Caceis booked the wire transfer for SD 12-15-2020. Integrata yet to book,1667623164,1667623164,4551456423,-590882299,2021-07-29
903,,24_4551205068_CACEIS,1740582742,OB,OB,No-pair,wire transfer,Caceis booked the wire transfer for SD 01-26-2021. Integrata yet to book,1740582742,1740582742,4551456423,-590882299,2021-07-29
904,,815_455822501_CACEIS,1235308650,OB,OB,No-pair,fx wire,Caceis booked the fx wire for SD 04-15-2020. Integrata yet to book,1235308650,1235308650,4551456423,-590882299,2021-07-29
905,,61_455753887_CACEIS,1143364792,OB,OB,No-pair,fx wire,Caceis booked the fx wire for SD 02-21-2020. Integrata yet to book,1143364792,1143364792,4551456423,-590882299,2021-07-29
906,,8_455963450_CACEIS,1421777742,OB,OB,No-pair,monthend interest,Caceis booked the monthend interest for SD 08-01-2020. Integrata yet to book,1421777742,1421777742,4551456423,-590882299,2021-07-29
907,,64_4551248485_CACEIS,1800039389,OB,OB,No-pair,wire transfer,Caceis booked the wire transfer for SD 02-25-2021. Integrata yet to book,1800039389,1800039389,4551456423,-590882299,2021-07-29
908,,52_455610697_CACEIS,917943316,OB,OB,No-pair,fx wire,Caceis booked the fx wire for SD 10-18-2019. Integrata yet to book,917943316,917943316,4551456423,-590882299,2021-07-29
909,,14_455879764_CACEIS,1309543755,OB,OB,No-pair,monthend interest,Caceis booked the monthend interest for SD 06-01-2020. Integrata yet to book,1309543755,1309543755,4551456423,-590882299,2021-07-29
910,,300_4551313388_CACEIS,1883527956,OB,OB,No-pair,fx wire,Caceis booked the fx wire for SD 04-15-2021. Integrata yet to book,1883527956,1883527956,4551456423,-590882299,2021-07-29
911,,213_455985296_CACEIS,1449582042,OB,OB,No-pair,fx wire,Caceis booked the fx wire for SD 08-17-2020. Integrata yet to book,1449582042,1449582042,4551456423,-590882299,2021-07-29
912,,10_455785049_CACEIS,1187309062,OB,OB,No-pair,proceeds sell,Caceis booked the Miscellaneous for SD 03-12-2020. Integrata yet to book,1187309062,1187309062,4551456423,-590882299,2021-07-29
913,,42_4551400940_CACEIS,2004694267,OB,OB,No-pair,fx wire,Caceis booked the fx wire for SD 06-18-2021. Integrata yet to book,2004694267,2004694267,4551456423,-590882299,2021-07-29
914,,213_4551232906_CACEIS,1780156637,OB,OB,No-pair,fx wire,Caceis booked the fx wire for SD 02-16-2021. Integrata yet to book,1780156637,1780156637,4551456423,-590882299,2021-07-29
915,6_4551290904_Integrata,,1855014222,OB,OB,No-pair,wire transfer,Integrata booked the AUM plug for SD 03-29-2021.Caceis yet to book.,1855014222,1855014222,4551456423,-590882299,2021-07-29
916,,195_4551023983_CACEIS,1500213992,OB,OB,No-pair,fx wire,Caceis booked the fx wire for SD 09-15-2020. Integrata yet to book,1500213992,1500213992,4551456423,-590882299,2021-07-29
917,,59_455934920_CACEIS,1383926807,OB,OB,No-pair,wire transfer,Caceis booked the wire transfer for SD 07-10-2020. Integrata yet to book,1383926807,1383926807,4551456423,-590882299,2021-07-29
918,1_4551444588_Integrata,,2059445484,OB,OB,No-pair,wire transfer,Integrata booked the wire transfer for SD 06-10-2021.Caceis yet to book.,2059445484,2059445484,4551456423,-590882299,2021-07-29
919,63_4551085502_Integrata,,1581818102,OB,OB,No-pair,wire transfer,Integrata booked the wire transfer for SD 10-27-2020.Caceis yet to book.,1581818102,1581818102,4551456423,-590882299,2021-07-29
920,1_4551309694_Integrata,,1879044552,OB,OB,No-pair,wire transfer,Integrata booked the AUM plug for SD 04-12-2021.Caceis yet to book.,1879044552,1879044552,4551456423,-590882299,2021-07-29
921,,690_455862625_CACEIS,1287004998,OB,OB,No-pair,wire transfer,Caceis booked the wire transfer for SD 05-15-2020. Integrata yet to book,1287004998,1287004998,4551456423,-590882299,2021-07-29
922,6_4551230809_Integrata,,1777487235,OB,OB,No-pair,wire transfer,Integrata booked the AUM plug for SD 02-12-2021.Caceis yet to book.,1777487235,1777487235,4551456423,-590882299,2021-07-29
923,,43_4551400940_CACEIS,2004694268,OB,OB,No-pair,wire transfer,Caceis booked the wire transfer for SD 06-18-2021. Integrata yet to book,2004694268,2004694268,4551456423,-590882299,2021-07-29
924,1_4551354754_Integrata,,1942399433,OB,OB,No-pair,wire transfer,Integrata booked the AUM plug for SD 05-14-2021.Caceis yet to book.,1942399433,1942399433,4551456423,-590882299,2021-07-29
925,,393_455985296_CACEIS,1449581952,OB,OB,No-pair,fx wire,Caceis booked the fx wire for SD 08-17-2020. Integrata yet to book,1449581952,1449581952,4551456423,-590882299,2021-07-29
926,,226_455940640_CACEIS,1391596114,OB,OB,No-pair,fx wire,Caceis booked the fx wire for SD 07-15-2020. Integrata yet to book,1391596114,1391596114,4551456423,-590882299,2021-07-29
927,,91_368123_CACEIS,532374157,OB,OB,No-pair,fx wire,Caceis booked the fx wire for SD 04-15-2019. Integrata yet to book,532374157,532374157,4551456423,-590882299,2021-07-29
928,,100_4551388882_CACEIS,1989667577,OB,OB,No-pair,fees,Caceis booked the fees for SD 06-10-2021. Integrata yet to book,1989667577,1989667577,4551456423,-590882299,2021-07-29
929,,279_4551436806_CACEIS,2049885990,OB,OB,No-pair,fx wire,Caceis booked the fx wire for SD 07-15-2021. Integrata yet to book,2049885990,2049885990,4551456423,-590882299,2021-07-29
930,,495_4551109218_CACEIS,1613287056,OB,OB,No-pair,fx wire,Caceis booked the fx wire for SD 11-16-2020. Integrata yet to book,1613287056,1613287056,4551456423,-590882299,2021-07-29
931,,439_455985296_CACEIS,1449581940,OB,OB,No-pair,fx wire,Caceis booked the fx wire for SD 08-17-2020. Integrata yet to book,1449581940,1449581940,4551456423,-590882299,2021-07-29
932,,267_4551436806_CACEIS,2049886000,OB,OB,No-pair,fx wire,Caceis booked the fx wire for SD 07-15-2021. Integrata yet to book,2049886000,2049886000,4551456423,-590882299,2021-07-29
933,,829_455822501_CACEIS,1235308740,OB,OB,No-pair,fx wire,Caceis booked the fx wire for SD 04-15-2020. Integrata yet to book,1235308740,1235308740,4551456423,-590882299,2021-07-29
934,,4_4551039598_CACEIS,1521245905,OB,OB,No-pair,fx wire,Caceis booked the fx wire for SD 09-25-2020. Integrata yet to book,1521245905,1521245905,4551456423,-590882299,2021-07-29
935,,228_455985296_CACEIS,1449581966,OB,OB,No-pair,fx wire,Caceis booked the fx wire for SD 08-17-2020. Integrata yet to book,1449581966,1449581966,4551456423,-590882299,2021-07-29
936,,511_455822501_CACEIS,1235308295,OB,OB,No-pair,fx wire,Caceis booked the fx wire for SD 04-15-2020. Integrata yet to book,1235308295,1235308295,4551456423,-590882299,2021-07-29
937,,111_4551436806_CACEIS,2049885873,OB,OB,No-pair,fx wire,Caceis booked the fx wire for SD 07-15-2021. Integrata yet to book,2049885873,2049885873,4551456423,-590882299,2021-07-29
938,,154_455783582_CACEIS,1185159192,OB,OB,No-pair,wire transfer,Caceis booked the wire transfer for SD 03-12-2020. Integrata yet to book,1185159192,1185159192,4551456423,-590882299,2021-07-29
939,,7_455742022_CACEIS,1127725672,OB,OB,No-pair,fees,Caceis booked the fees for SD 02-12-2020. Integrata yet to book,1127725672,1127725672,4551456423,-590882299,2021-07-29
940,,57_4551388882_CACEIS,1989667607,OB,OB,No-pair,fees,Caceis booked the fees for SD 06-10-2021. Integrata yet to book,1989667607,1989667607,4551456423,-590882299,2021-07-29
941,,19_4551197321_CACEIS,1730233492,OB,OB,No-pair,proceeds sell,Caceis booked the proceeds sell for SD 01-20-2021. Integrata yet to book,1730233492,1730233492,4551456423,-590882299,2021-07-29
942,2_4551285256_Integrata,,1847792948,OB,OB,No-pair,wire transfer,Integrata booked the AUM plug for SD 03-24-2021.Caceis yet to book.,1847792948,1847792948,4551456423,-590882299,2021-07-29
943,,195_455590588_CACEIS,883858564,OB,OB,No-pair,fx wire,Caceis booked the fx wire for SD 10-15-2019. Integrata yet to book,883858564,883858564,4551456423,-590882299,2021-07-29
944,2_4551339728_Integrata,,1920020591,OB,OB,No-pair,wire transfer,Integrata booked the AUM plug for SD 05-04-2021.Caceis yet to book.,1920020591,1920020591,4551456423,-590882299,2021-07-29
945,,66_455585083_CACEIS,874262432,OB,OB,No-pair,fees,Caceis booked the fees for SD 10-10-2019. Integrata yet to book,874262432,874262432,4551456423,-590882299,2021-07-29
946,,416_4551232906_CACEIS,1780156850,OB,OB,No-pair,wire transfer,Caceis booked the wire transfer for SD 02-12-2021. Integrata yet to book,1780156850,1780156850,4551456423,-590882299,2021-07-29
947,25_4551220415_Integrata,,1761956044,OB,OB,No-pair,wire transfer,Integrata booked the subscription for SD 02-04-2021.Caceis yet to book.,1761956044,1761956044,4551456423,-590882299,2021-07-29
948,,683_455862625_CACEIS,1287004832,OB,OB,No-pair,fx wire,Caceis booked the fx wire for SD 05-15-2020. Integrata yet to book,1287004832,1287004832,4551456423,-590882299,2021-07-29
949,4_4551305829_Integrata,,1874140995,OB,OB,No-pair,redemption,Integrata booked the redemption for SD 04-08-2021.Caceis yet to book.,1874140995,1874140995,4551456423,-590882299,2021-07-29
950,,35_455842390_CACEIS,1260634994,OB,OB,No-pair,monthend interest,Caceis booked the monthend interest for SD 05-01-2020. Integrata yet to book,1260634994,1260634994,4551456423,-590882299,2021-07-29
951,3_4551402499_Integrata,,2006719912,OB,OB,No-pair,wire transfer,Integrata booked the AUM plug for SD 06-18-2021.Caceis yet to book.,2006719912,2006719912,4551456423,-590882299,2021-07-29
952,4_4551235027_Integrata,,1782782875,OB,OB,No-pair,wire transfer,Integrata booked the AUM plug for SD 02-16-2021.Caceis yet to book.,1782782875,1782782875,4551456423,-590882299,2021-07-29
953,,38_4551256295_CACEIS,1810321918,OB,OB,No-pair,proceeds sell,Caceis booked the Miscellaneous for SD 03-04-2021. Integrata yet to book,1810321918,1810321918,4551456423,-590882299,2021-07-29
954,,132_455748445_CACEIS,1136275174,OB,OB,No-pair,fx wire,Caceis booked the fx wire for SD 02-18-2020. Integrata yet to book,1136275174,1136275174,4551456423,-590882299,2021-07-29
955,,12_455842390_CACEIS,1260634972,OB,OB,No-pair,monthend interest,Caceis booked the monthend interest for SD 05-01-2020. Integrata yet to book,1260634972,1260634972,4551456423,-590882299,2021-07-29
956,,86_4551388882_CACEIS,1989667642,OB,OB,No-pair,wire transfer,Caceis booked the wire transfer for SD 06-10-2021. Integrata yet to book,1989667642,1989667642,4551456423,-590882299,2021-07-29
957,,39_455742022_CACEIS,1127725640,OB,OB,No-pair,fees,Caceis booked the fees for SD 02-12-2020. Integrata yet to book,1127725640,1127725640,4551456423,-590882299,2021-07-29
958,,243_4551394628_CACEIS,1997244819,OB,OB,No-pair,fx wire,Caceis booked the fx wire for SD 06-15-2021. Integrata yet to book,1997244819,1997244819,4551456423,-590882299,2021-07-29
959,,77_4551388882_CACEIS,1989667616,OB,OB,No-pair,wire transfer,Caceis booked the wire transfer for SD 06-10-2021. Integrata yet to book,1989667616,1989667616,4551456423,-590882299,2021-07-29
960,,118_4551144082_CACEIS,1659707111,OB,OB,No-pair,fees,Caceis booked the fees for SD 12-10-2020. Integrata yet to book,1659707111,1659707111,4551456423,-590882299,2021-07-29
961,,806_455822501_CACEIS,1235308745,OB,OB,No-pair,fx wire,Caceis booked the fx wire for SD 04-15-2020. Integrata yet to book,1235308745,1235308745,4551456423,-590882299,2021-07-29
962,1_4551246640_Integrata,,1797846182,OB,OB,No-pair,wire transfer,Integrata booked the AUM plug for SD 02-24-2021.Caceis yet to book.,1797846182,1797846182,4551456423,-590882299,2021-07-29
963,,398_455862625_CACEIS,1287003563,OB,OB,No-pair,fees,Caceis booked the fees for SD 05-13-2020. Integrata yet to book,1287003563,1287003563,4551456423,-590882299,2021-07-29
964,,257_4551394628_CACEIS,1997244720,OB,OB,No-pair,fx wire,Caceis booked the fx wire for SD 06-15-2021. Integrata yet to book,1997244720,1997244720,4551456423,-590882299,2021-07-29
965,,150_4551144082_CACEIS,1659707044,OB,OB,No-pair,fees,Caceis booked the fees for SD 12-10-2020. Integrata yet to book,1659707044,1659707044,4551456423,-590882299,2021-07-29
966,1_4551201062_Integrata,,1734565907,OB,OB,No-pair,wire transfer,Integrata booked the subscription for SD 01-21-2021.Caceis yet to book.,1734565907,1734565907,4551456423,-590882299,2021-07-29
967,,96_455748445_CACEIS,1136275172,OB,OB,No-pair,fx wire,Caceis booked the fx wire for SD 02-18-2020. Integrata yet to book,1136275172,1136275172,4551456423,-590882299,2021-07-29
968,,518_4551109218_CACEIS,1613286904,OB,OB,No-pair,fx wire,Caceis booked the fx wire for SD 11-16-2020. Integrata yet to book,1613286904,1613286904,4551456423,-590882299,2021-07-29
969,3_4551224321_Integrata,,1767692353,OB,OB,No-pair,wire transfer,Integrata booked the AUM plug for SD 02-08-2021.Caceis yet to book.,1767692353,1767692353,4551456423,-590882299,2021-07-29
970,56_4551085502_Integrata,,1581818043,OB,OB,No-pair,wire transfer,Integrata booked the wire transfer for SD 10-27-2020.Caceis yet to book.,1581818043,1581818043,4551456423,-590882299,2021-07-29
971,,84_455862625_CACEIS,1287002731,OB,OB,No-pair,fx wire,Caceis booked the fx wire for SD 05-15-2020. Integrata yet to book,1287002731,1287002731,4551456423,-590882299,2021-07-29
972,1_4551232906_Integrata,,1780156371,OB,OB,No-pair,wire transfer,Integrata booked the AUM plug for SD 02-15-2021.Caceis yet to book.,1780156371,1780156371,4551456423,-590882299,2021-07-29
973,,197_455940640_CACEIS,1391596176,OB,OB,No-pair,fx wire,Caceis booked the fx wire for SD 07-15-2020. Integrata yet to book,1391596176,1391596176,4551456423,-590882299,2021-07-29
974,,274_4551394628_CACEIS,1997244727,OB,OB,No-pair,fx wire,Caceis booked the fx wire for SD 06-15-2021. Integrata yet to book,1997244727,1997244727,4551456423,-590882299,2021-07-29
975,,793_455822501_CACEIS,1235308711,OB,OB,No-pair,fx wire,Caceis booked the fx wire for SD 04-15-2020. Integrata yet to book,1235308711,1235308711,4551456423,-590882299,2021-07-29
976,,259_455783582_CACEIS,1185159367,OB,OB,No-pair,fx wire,Caceis booked the fx wire for SD 03-16-2020. Integrata yet to book,1185159367,1185159367,4551456423,-590882299,2021-07-29
977,,18_4551122535_CACEIS,1631194834,OB,OB,No-pair,wire transfer,Caceis booked the wire transfer for SD 11-25-2020. Integrata yet to book,1631194834,1631194834,4551456423,-590882299,2021-07-29
978,,123_4551191593_CACEIS,1722905046,OB,OB,No-pair,fx wire,Caceis booked the fx wire for SD 01-15-2021. Integrata yet to book,1722905046,1722905046,4551456423,-590882299,2021-07-29
979,,342_455590588_CACEIS,883858674,OB,OB,No-pair,fx wire,Caceis booked the fx wire for SD 10-15-2019. Integrata yet to book,883858674,883858674,4551456423,-590882299,2021-07-29
980,,60_4551388882_CACEIS,1989667621,OB,OB,No-pair,fees,Caceis booked the fees for SD 06-10-2021. Integrata yet to book,1989667621,1989667621,4551456423,-590882299,2021-07-29
981,,63_455934920_CACEIS,1383926713,OB,OB,No-pair,fx wire,Caceis booked the fx wire for SD 07-10-2020. Integrata yet to book,1383926713,1383926713,4551456423,-590882299,2021-07-29
982,,81_455590588_CACEIS,883858431,OB,OB,No-pair,fx wire,Caceis booked the fx wire for SD 10-15-2019. Integrata yet to book,883858431,883858431,4551456423,-590882299,2021-07-29
983,,54_455944496_CACEIS,1396484606,OB,OB,No-pair,fx wire,Caceis booked the fx wire for SD 07-17-2020. Integrata yet to book,1396484606,1396484606,4551456423,-590882299,2021-07-29
984,,210_455940640_CACEIS,1391596202,OB,OB,No-pair,fx wire,Caceis booked the fx wire for SD 07-15-2020. Integrata yet to book,1391596202,1391596202,4551456423,-590882299,2021-07-29
985,,20_4551210754_CACEIS,1748958241,OB,OB,No-pair,wire transfer,Caceis booked the wire transfer for SD 01-29-2021. Integrata yet to book,1748958241,1748958241,4551456423,-590882299,2021-07-29
986,,94_4551105378_CACEIS,1608089202,OB,OB,No-pair,wire transfer,Caceis booked the wire transfer for SD 11-12-2020. Integrata yet to book,1608089202,1608089202,4551456423,-590882299,2021-07-29
987,,232_4551436806_CACEIS,2049885984,OB,OB,No-pair,fx wire,Caceis booked the fx wire for SD 07-15-2021. Integrata yet to book,2049885984,2049885984,4551456423,-590882299,2021-07-29
988,,80_455554115_CACEIS,824385087,OB,OB,No-pair,fx wire,Caceis booked the fx wire for SD 09-17-2019. Integrata yet to book,824385087,824385087,4551456423,-590882299,2021-07-29
989,4_4551386918_Integrata,,1987139552,OB,OB,No-pair,wire transfer,Integrata booked the AUM plug for SD 06-08-2021.Caceis yet to book.,1987139552,1987139552,4551456423,-590882299,2021-07-29
990,,229_4551066313_CACEIS,1556876545,OB,OB,No-pair,fx wire,Caceis booked the fx wire for SD 10-15-2020. Integrata yet to book,1556876545,1556876545,4551456423,-590882299,2021-07-29
991,4_4551220415_Integrata,,1761956018,OB,OB,No-pair,wire transfer,Integrata booked the Net Sub/Red for SD 02-04-2021.Caceis yet to book.,1761956018,1761956018,4551456423,-590882299,2021-07-29
992,,65_4551388882_CACEIS,1989667628,OB,OB,No-pair,fees,Caceis booked the fees for SD 06-10-2021. Integrata yet to book,1989667628,1989667628,4551456423,-590882299,2021-07-29
993,,70_4551105378_CACEIS,1608089302,OB,OB,No-pair,wire transfer,Caceis booked the wire transfer for SD 11-12-2020. Integrata yet to book,1608089302,1608089302,4551456423,-590882299,2021-07-29
994,,395_455862625_CACEIS,1287003408,OB,OB,No-pair,fees,Caceis booked the fees for SD 05-13-2020. Integrata yet to book,1287003408,1287003408,4551456423,-590882299,2021-07-29
995,1_4551425013_Integrata,,2035681462,OB,OB,No-pair,wire transfer,Integrata booked the AUM plug for SD 07-06-2021.Caceis yet to book.,2035681462,2035681462,4551456423,-590882299,2021-07-29
996,,153_4551105378_CACEIS,1608089225,OB,OB,No-pair,fees,Caceis booked the fees for SD 11-12-2020. Integrata yet to book,1608089225,1608089225,4551456423,-590882299,2021-07-29
997,,52_4551105378_CACEIS,1608089178,OB,OB,No-pair,wire transfer,Caceis booked the wire transfer for SD 11-12-2020. Integrata yet to book,1608089178,1608089178,4551456423,-590882299,2021-07-29
998,3_4551081703_Integrata,,1576857665,OB,OB,No-pair,wire transfer,Integrata booked the wire transfer for SD 08-01-2020.Caceis yet to book.,1576857665,1576857665,4551456423,-590882299,2021-07-29
999,,468_455822501_CACEIS,1235308209,OB,OB,No-pair,fx wire,Caceis booked the fx wire for SD 04-15-2020. Integrata yet to book,1235308209,1235308209,4551456423,-590882299,2021-07-29
1000,2_4551436806_Integrata,,2049885725,OB,OB,No-pair,wire transfer,Integrata booked the AUM plug for SD 07-14-2021.Caceis yet to book.,2049885725,2049885725,4551456423,-590882299,2021-07-29
1001,13_4551324555_Integrata,,1898109378,OB,OB,No-pair,wire transfer,Integrata booked the AUM plug for SD 04-22-2021.Caceis yet to book.,1898109378,1898109378,4551456423,-590882299,2021-07-29
1002,,76_455663909_CACEIS,1011570615,OB,OB,No-pair,fees,Caceis booked the fees for SD 12-11-2019. Integrata yet to book,1011570615,1011570615,4551456423,-590882299,2021-07-29
1003,1_4551097416_Integrata,,1597270254,OB,OB,No-pair,wire transfer,Integrata booked the wire transfer for SD 10-30-2020.Caceis yet to book.,1597270254,1597270254,4551456423,-590882299,2021-07-29
1004,3_4551362459_Integrata,,1953424870,OB,OB,No-pair,wire transfer,Integrata booked the AUM plug for SD 05-20-2021.Caceis yet to book.,1953424870,1953424870,4551456423,-590882299,2021-07-29
1005,1_4551020261_Integrata,,1495478219,OB,OB,No-pair,wire transfer,Integrata booked the subscription for SD 09-10-2020.Caceis yet to book.,1495478219,1495478219,4551456423,-590882299,2021-07-29
1006,,55_4551136088_CACEIS,1649475189,OB,OB,No-pair,fx wire,Caceis booked the fx wire for SD 12-04-2020. Integrata yet to book,1649475189,1649475189,4551456423,-590882299,2021-07-29
1007,18_4551254304_Integrata,,1807385711,OB,OB,No-pair,wire transfer,Integrata booked the AUM plug for SD 03-02-2021.Caceis yet to book.,1807385711,1807385711,4551456423,-590882299,2021-07-29
1008,,251_455643841_CACEIS,975323323,OB,OB,No-pair,wire transfer,Caceis booked the Miscellaneous for SD 11-13-2019. Integrata yet to book,975323323,975323323,4551456423,-590882299,2021-07-29
1009,2_4551328228_Integrata,,1902869971,OB,OB,No-pair,wire transfer,Integrata booked the AUM plug for SD 04-26-2021.Caceis yet to book.,1902869971,1902869971,4551456423,-590882299,2021-07-29
1010,,23_4551044906_CACEIS,1528403549,OB,OB,No-pair,wire transfer,Caceis booked the wire transfer for SD 09-25-2020. Integrata yet to book,1528403549,1528403549,4551456423,-590882299,2021-07-29
1011,1_4551269721_Integrata,,1827473786,OB,OB,No-pair,wire transfer,Integrata booked the AUM plug for SD 03-12-2021.Caceis yet to book.,1827473786,1827473786,4551456423,-590882299,2021-07-29
1012,,128_4551105378_CACEIS,1608089258,OB,OB,No-pair,fees,Caceis booked the fees for SD 11-12-2020. Integrata yet to book,1608089258,1608089258,4551456423,-590882299,2021-07-29
1013,,2_455861467_CACEIS,1285501545,OB,OB,No-pair,fees,Caceis booked the fees for SD 05-14-2020. Integrata yet to book,1285501545,1285501545,4551456423,-590882299,2021-07-29
1014,2_4551201062_Integrata,,1734565908,OB,OB,No-pair,redemption,Integrata booked the redemption for SD 01-21-2021.Caceis yet to book.,1734565908,1734565908,4551456423,-590882299,2021-07-29
1015,2_4551354754_Integrata,,1942399431,OB,OB,No-pair,wire transfer,Integrata booked the AUM plug for SD 05-14-2021.Caceis yet to book.,1942399431,1942399431,4551456423,-590882299,2021-07-29
1016,,271_4551394628_CACEIS,1997244758,OB,OB,No-pair,fx wire,Caceis booked the fx wire for SD 06-15-2021. Integrata yet to book,1997244758,1997244758,4551456423,-590882299,2021-07-29
1017,,446_4551149959_CACEIS,1667623355,OB,OB,No-pair,fx wire,Caceis booked the fx wire for SD 12-15-2020. Integrata yet to book,1667623355,1667623355,4551456423,-590882299,2021-07-29
1018,1_4551335411_Integrata,,1913506506,OB,OB,No-pair,wire transfer,Integrata booked the AUM plug for SD 04-30-2021.Caceis yet to book.,1913506506,1913506506,4551456423,-590882299,2021-07-29
1019,,34_267975_CACEIS,368747296,OB,OB,No-pair,fx wire,Caceis booked the fx wire for SD 01-15-2019. Integrata yet to book,368747296,368747296,4551456423,-590882299,2021-07-29
1020,,152_4551105378_CACEIS,1608089204,OB,OB,No-pair,fees,Caceis booked the fees for SD 11-12-2020. Integrata yet to book,1608089204,1608089204,4551456423,-590882299,2021-07-29
1021,2_4551248485_Integrata,,1800039340,OB,OB,No-pair,wire transfer,Integrata booked the AUM plug for SD 02-25-2021.Caceis yet to book.,1800039340,1800039340,4551456423,-590882299,2021-07-29
1022,,40_455985296_CACEIS,1449581825,OB,OB,No-pair,fx wire,Caceis booked the fx wire for SD 08-17-2020. Integrata yet to book,1449581825,1449581825,4551456423,-590882299,2021-07-29
1023,,30_4551388882_CACEIS,1989667617,OB,OB,No-pair,wire transfer,Caceis booked the wire transfer for SD 06-10-2021. Integrata yet to book,1989667617,1989667617,4551456423,-590882299,2021-07-29
1024,25_4551262163_Integrata,,1817420728,OB,OB,No-pair,wire transfer,Integrata booked the AUM plug for SD 03-08-2021.Caceis yet to book.,1817420728,1817420728,4551456423,-590882299,2021-07-29
1025,,39_4551372778_CACEIS,1969041956,OB,OB,No-pair,wire transfer,Caceis booked the wire transfer for SD 05-28-2021. Integrata yet to book,1969041956,1969041956,4551456423,-590882299,2021-07-29
1026,,511_455783582_CACEIS,1185159601,OB,OB,No-pair,fx wire,Caceis booked the fx wire for SD 03-16-2020. Integrata yet to book,1185159601,1185159601,4551456423,-590882299,2021-07-29
1027,37_455646278_Integrata,,979597510,OB,OB,No-pair,fx wire,Integrata booked the fx wire for SD 11-27-2019.Caceis yet to book.,979597510,979597510,4551456423,-590882299,2021-07-29
1028,,334_455822501_CACEIS,1235308195,OB,OB,No-pair,fx wire,Caceis booked the fx wire for SD 04-15-2020. Integrata yet to book,1235308195,1235308195,4551456423,-590882299,2021-07-29
1029,,162_455898221_CACEIS,1334730879,OB,OB,No-pair,fees,Caceis booked the fees for SD 06-12-2020. Integrata yet to book,1334730879,1334730879,4551456423,-590882299,2021-07-29
1030,,74_455476582_CACEIS,691188716,OB,OB,No-pair,fx wire,Caceis booked the fx wire for SD 07-16-2019. Integrata yet to book,691188716,691188716,4551456423,-590882299,2021-07-29
1031,,6_4551029716_CACEIS,1508201951,OB,OB,No-pair,fx wire,Caceis booked the fx wire for SD 09-18-2020. Integrata yet to book,1508201951,1508201951,4551456423,-590882299,2021-07-29
1032,,167_455940640_CACEIS,1391596071,OB,OB,No-pair,fx wire,Caceis booked the fx wire for SD 07-15-2020. Integrata yet to book,1391596071,1391596071,4551456423,-590882299,2021-07-29
1033,4_455889377_Integrata,,1325113951,OB,OB,No-pair,dividend,Integrata booked the dividend for SD 06-05-2020.Caceis yet to book.,1325113951,1325113951,4551456423,-590882299,2021-07-29
1034,,7_455400675_CACEIS,579063098,OB,OB,No-pair,wire transfer,Caceis booked the wire transfer for SD 05-10-2019. Integrata yet to book,579063098,579063098,4551456423,-590882299,2021-07-29
1035,,120_455900053_CACEIS,1336713489,OB,OB,No-pair,fx wire,Caceis booked the fx wire for SD 06-15-2020. Integrata yet to book,1336713489,1336713489,4551456423,-590882299,2021-07-29
1036,,255_4551269721_CACEIS,1827474078,OB,OB,No-pair,fx wire,Caceis booked the fx wire for SD 03-15-2021. Integrata yet to book,1827474078,1827474078,4551456423,-590882299,2021-07-29
1037,,25_455649350_CACEIS,985331758,OB,OB,No-pair,monthend interest,Caceis booked the monthend interest for SD 12-01-2019. Integrata yet to book,985331758,985331758,4551456423,-590882299,2021-07-29
1038,,57_455688261_CACEIS,1053516743,OB,OB,No-pair,fx wire,Caceis booked the fx wire for SD 12-31-2019. Integrata yet to book,1053516743,1053516743,4551456423,-590882299,2021-07-29
1039,,5_455810647_CACEIS,1220317307,OB,OB,No-pair,wire transfer,Caceis booked the wire transfer for SD 04-06-2020. Integrata yet to book,1220317307,1220317307,4551456423,-590882299,2021-07-29
1040,,15_455772338_CACEIS,1169827510,OB,OB,No-pair,fx wire,Caceis booked the fx wire for SD 03-06-2020. Integrata yet to book,1169827510,1169827510,4551456423,-590882299,2021-07-29
1041,,100_4551394628_CACEIS,1997244633,OB,OB,No-pair,fx wire,Caceis booked the fx wire for SD 06-15-2021. Integrata yet to book,1997244633,1997244633,4551456423,-590882299,2021-07-29
1042,,104_4551388882_CACEIS,1989667565,OB,OB,No-pair,fees,Caceis booked the fees for SD 06-10-2021. Integrata yet to book,1989667565,1989667565,4551456423,-590882299,2021-07-29
1043,,526_455862625_CACEIS,1287004812,OB,OB,No-pair,fx wire,Caceis booked the fx wire for SD 05-15-2020. Integrata yet to book,1287004812,1287004812,4551456423,-590882299,2021-07-29
1044,,353_455862625_CACEIS,1287003295,OB,OB,No-pair,fees,Caceis booked the fees for SD 05-13-2020. Integrata yet to book,1287003295,1287003295,4551456423,-590882299,2021-07-29
1045,2_455672797_Integrata,,1029176364,OB,OB,No-pair,dividend,Integrata booked the dividend for SD 12-18-2019.Caceis yet to book.,1029176364,1029176364,4551456423,-590882299,2021-07-29
1046,,58_4551105378_CACEIS,1608089207,OB,OB,No-pair,wire transfer,Caceis booked the wire transfer for SD 11-12-2020. Integrata yet to book,1608089207,1608089207,4551456423,-590882299,2021-07-29
1047,177_455391323_Integrata,,566547735,OB,OB,No-pair,dividend,Integrata booked the dividend for SD 03-26-2019.Caceis yet to book.,566547735,566547735,4551456423,-590882299,2021-07-29
1048,,101_4551191593_CACEIS,1722905040,OB,OB,No-pair,fx wire,Caceis booked the fx wire for SD 01-15-2021. Integrata yet to book,1722905040,1722905040,4551456423,-590882299,2021-07-29
1049,103_4551144082_Integrata,,1659707006,OB,OB,No-pair,proceeds sell,Integrata booked the proceeds sell for SD 11-06-2020.Caceis yet to book.,1659707006,1659707006,4551456423,-590882299,2021-07-29
1050,,37_455688261_CACEIS,1053516656,OB,OB,No-pair,monthend interest,Caceis booked the monthend interest for SD 01-01-2020. Integrata yet to book,1053516656,1053516656,4551456423,-590882299,2021-07-29
1051,6_4551073975_Integrata,,1566704343,OB,OB,No-pair,proceeds sell,Integrata booked the proceeds sell for SD 10-08-2020.Caceis yet to book.,1566704343,1566704343,4551456423,-590882299,2021-07-29
1052,,980_455643841_CACEIS,975324052,OB,OB,No-pair,fees,Caceis booked the fees for SD 11-13-2019. Integrata yet to book,975324052,975324052,4551456423,-590882299,2021-07-29
1053,,12_4551042956_CACEIS,1525553093,OB,OB,No-pair,wire transfer,Caceis booked the wire transfer for SD 09-21-2020. Integrata yet to book,1525553093,1525553093,4551456423,-590882299,2021-07-29
1054,9_4551099445_Integrata,,1602589067,OB,OB,No-pair,proceeds sell,Integrata booked the proceeds sell for SD 11-10-2020.Caceis yet to book.,1602589067,1602589067,4551456423,-590882299,2021-07-29
1055,,102_4551105378_CACEIS,1608089240,OB,OB,No-pair,wire transfer,Caceis booked the wire transfer for SD 11-12-2020. Integrata yet to book,1608089240,1608089240,4551456423,-590882299,2021-07-29
1056,22_455523612_Integrata,,772071901,OB,OB,No-pair,wire transfer,Integrata booked the Net Sub/Red for SD 08-22-2019.Caceis yet to book.,772071901,772071901,4551456423,-590882299,2021-07-29
1057,,1_4551147939_CACEIS,1664874597,OB,OB,No-pair,wire transfer,Caceis booked the wire transfer for SD 12-14-2020. Integrata yet to book,1664874597,1664874597,4551456423,-590882299,2021-07-29
1058,,17_455861455_CACEIS,1285500785,OB,OB,No-pair,wire transfer,Caceis booked the wire transfer for SD 05-13-2020. Integrata yet to book,1285500785,1285500785,4551456423,-590882299,2021-07-29
1059,,499_4551109218_CACEIS,1613287044,OB,OB,No-pair,fx wire,Caceis booked the fx wire for SD 11-16-2020. Integrata yet to book,1613287044,1613287044,4551456423,-590882299,2021-07-29
1060,13_455869788_Integrata,,1296136089,OB,OB,No-pair,redemption,Integrata booked the redemption for SD 05-21-2020.Caceis yet to book.,1296136089,1296136089,4551456423,-590882299,2021-07-29
1061,89_4551085502_Integrata,,1581818080,OB,OB,No-pair,redemption,Integrata booked the redemption for SD 10-29-2020.Caceis yet to book.,1581818080,1581818080,4551456423,-590882299,2021-07-29
1062,10_4551046894_Integrata,,1531161772,OB,OB,No-pair,redemption,Integrata booked the redemption for SD 10-01-2020.Caceis yet to book.,1531161772,1531161772,4551456423,-590882299,2021-07-29
1063,7_4551027802_Integrata,,1505684978,OB,OB,No-pair,wire transfer,Integrata booked the subscription for SD 09-17-2020.Caceis yet to book.,1505684978,1505684978,4551456423,-590882299,2021-07-29
1064,,143_4551105378_CACEIS,1608089285,OB,OB,No-pair,fees,Caceis booked the fees for SD 11-12-2020. Integrata yet to book,1608089285,1608089285,4551456423,-590882299,2021-07-29
1065,,27_455934920_CACEIS,1383926785,OB,OB,No-pair,wire transfer,Caceis booked the wire transfer for SD 07-10-2020. Integrata yet to book,1383926785,1383926785,4551456423,-590882299,2021-07-29
1066,,399_455748445_CACEIS,1136275481,OB,OB,No-pair,fx wire,Caceis booked the fx wire for SD 02-18-2020. Integrata yet to book,1136275481,1136275481,4551456423,-590882299,2021-07-29
1067,,373_4551023983_CACEIS,1500214181,OB,OB,No-pair,fx wire,Caceis booked the fx wire for SD 09-15-2020. Integrata yet to book,1500214181,1500214181,4551456423,-590882299,2021-07-29
1068,,62_455920273_CACEIS,1364559781,OB,OB,No-pair,monthend interest,Caceis booked the monthend interest for SD 07-01-2020. Integrata yet to book,1364559781,1364559781,4551456423,-590882299,2021-07-29
1069,,470_4551109218_CACEIS,1613287034,OB,OB,No-pair,fx wire,Caceis booked the fx wire for SD 11-16-2020. Integrata yet to book,1613287034,1613287034,4551456423,-590882299,2021-07-29
1070,,12_4551205068_CACEIS,1740582734,OB,OB,No-pair,wire transfer,Caceis booked the wire transfer for SD 01-26-2021. Integrata yet to book,1740582734,1740582734,4551456423,-590882299,2021-07-29
1071,,75_4551066313_CACEIS,1556876384,OB,OB,No-pair,fx wire,Caceis booked the fx wire for SD 10-15-2020. Integrata yet to book,1556876384,1556876384,4551456423,-590882299,2021-07-29
1072,,12_4551216613_CACEIS,1756801988,OB,OB,No-pair,wire transfer,Caceis booked the wire transfer for SD 02-03-2021. Integrata yet to book,1756801988,1756801988,4551456423,-590882299,2021-07-29
1073,,32_4551136088_CACEIS,1649475167,OB,OB,No-pair,wire transfer,Caceis booked the wire transfer for SD 12-04-2020. Integrata yet to book,1649475167,1649475167,4551456423,-590882299,2021-07-29
1074,,337_455940640_CACEIS,1391596299,OB,OB,No-pair,fx wire,Caceis booked the fx wire for SD 07-15-2020. Integrata yet to book,1391596299,1391596299,4551456423,-590882299,2021-07-29
1075,,1_455986572_CACEIS,1451140927,OB,OB,No-pair,wire transfer,Caceis booked the wire transfer for SD 08-18-2020. Integrata yet to book,1451140927,1451140927,4551456423,-590882299,2021-07-29
1076,,36_368123_CACEIS,532374003,OB,OB,No-pair,fx wire,Caceis booked the fx wire for SD 04-15-2019. Integrata yet to book,532374003,532374003,4551456423,-590882299,2021-07-29
1077,,157_4551184426_CACEIS,1712749718,OB,OB,No-pair,fees,Caceis booked the fees for SD 01-11-2021. Integrata yet to book,1712749718,1712749718,4551456423,-590882299,2021-07-29
1078,,42_333062_CACEIS,479846777,OB,OB,No-pair,fx wire,Caceis booked the fx wire for SD 03-15-2019. Integrata yet to book,479846777,479846777,4551456423,-590882299,2021-07-29
1079,,32_4551256295_CACEIS,1810321910,OB,OB,No-pair,proceeds sell,Caceis booked the Miscellaneous for SD 03-04-2021. Integrata yet to book,1810321910,1810321910,4551456423,-590882299,2021-07-29
1080,,5_4551060531_CACEIS,1548950619,OB,OB,No-pair,fees,Caceis booked the fees for SD 10-12-2020. Integrata yet to book,1548950619,1548950619,4551456423,-590882299,2021-07-29
1081,,555_4551109218_CACEIS,1613287032,OB,OB,No-pair,fx wire,Caceis booked the fx wire for SD 11-16-2020. Integrata yet to book,1613287032,1613287032,4551456423,-590882299,2021-07-29
1082,,358_455862625_CACEIS,1287003419,OB,OB,No-pair,fees,Caceis booked the fees for SD 05-13-2020. Integrata yet to book,1287003419,1287003419,4551456423,-590882299,2021-07-29
1083,,109_455590588_CACEIS,883858450,OB,OB,No-pair,fx wire,Caceis booked the fx wire for SD 10-15-2019. Integrata yet to book,883858450,883858450,4551456423,-590882299,2021-07-29
1084,,12_4551060531_CACEIS,1548950668,OB,OB,No-pair,fees,Caceis booked the fees for SD 10-12-2020. Integrata yet to book,1548950668,1548950668,4551456423,-590882299,2021-07-29
1085,,94_4551388882_CACEIS,1989667606,OB,OB,No-pair,fees,Caceis booked the fees for SD 06-10-2021. Integrata yet to book,1989667606,1989667606,4551456423,-590882299,2021-07-29
1086,,65_4551105378_CACEIS,1608089228,OB,OB,No-pair,wire transfer,Caceis booked the wire transfer for SD 11-12-2020. Integrata yet to book,1608089228,1608089228,4551456423,-590882299,2021-07-29
1087,,43_4551087502_CACEIS,1584326601,OB,OB,No-pair,monthend interest,Caceis booked the monthend interest for SD 11-01-2020. Integrata yet to book,1584326601,1584326601,4551456423,-590882299,2021-07-29
1088,,125_4551313388_CACEIS,1883527699,OB,OB,No-pair,fx wire,Caceis booked the fx wire for SD 04-15-2021. Integrata yet to book,1883527699,1883527699,4551456423,-590882299,2021-07-29
1089,,13_455879764_CACEIS,1309543735,OB,OB,No-pair,monthend interest,Caceis booked the monthend interest for SD 06-01-2020. Integrata yet to book,1309543735,1309543735,4551456423,-590882299,2021-07-29
1090,,173_455590588_CACEIS,883858481,OB,OB,No-pair,fx wire,Caceis booked the fx wire for SD 10-15-2019. Integrata yet to book,883858481,883858481,4551456423,-590882299,2021-07-29
1091,,434_455822501_CACEIS,1235307750,OB,OB,No-pair,fees,Caceis booked the fees for SD 04-14-2020. Integrata yet to book,1235307750,1235307750,4551456423,-590882299,2021-07-29
1092,,35_455586694_CACEIS,876699147,OB,OB,No-pair,fx wire,Caceis booked the fx wire for SD 10-11-2019. Integrata yet to book,876699147,876699147,4551456423,-590882299,2021-07-29
1093,,474_4551109218_CACEIS,1613286996,OB,OB,No-pair,fx wire,Caceis booked the fx wire for SD 11-16-2020. Integrata yet to book,1613286996,1613286996,4551456423,-590882299,2021-07-29
1094,,199_455590588_CACEIS,883858319,OB,OB,No-pair,fx wire,Caceis booked the fx wire for SD 10-15-2019. Integrata yet to book,883858319,883858319,4551456423,-590882299,2021-07-29
1095,,15_455464963_CACEIS,673465275,OB,OB,No-pair,fx wire,Caceis booked the fx wire for SD 07-05-2019. Integrata yet to book,673465275,673465275,4551456423,-590882299,2021-07-29
1096,,140_4551105378_CACEIS,1608089215,OB,OB,No-pair,fees,Caceis booked the fees for SD 11-12-2020. Integrata yet to book,1608089215,1608089215,4551456423,-590882299,2021-07-29
1097,,388_455862625_CACEIS,1287003372,OB,OB,No-pair,fees,Caceis booked the fees for SD 05-13-2020. Integrata yet to book,1287003372,1287003372,4551456423,-590882299,2021-07-29
1098,,175_455590588_CACEIS,883858473,OB,OB,No-pair,fx wire,Caceis booked the fx wire for SD 10-15-2019. Integrata yet to book,883858473,883858473,4551456423,-590882299,2021-07-29
1099,,401_4551066313_CACEIS,1556876747,OB,OB,No-pair,fx wire,Caceis booked the fx wire for SD 10-15-2020. Integrata yet to book,1556876747,1556876747,4551456423,-590882299,2021-07-29
1100,,44_4551044906_CACEIS,1528403617,OB,OB,No-pair,monthend interest,Caceis booked the monthend interest for SD 10-01-2020. Integrata yet to book,1528403617,1528403617,4551456423,-590882299,2021-07-29
1101,,22_4551235027_CACEIS,1782782878,OB,OB,No-pair,proceeds sell,Caceis booked the Miscellaneous for SD 02-17-2021. Integrata yet to book,1782782878,1782782878,4551456423,-590882299,2021-07-29
1102,,534_455822501_CACEIS,1235307892,OB,OB,No-pair,fees,Caceis booked the fees for SD 04-14-2020. Integrata yet to book,1235307892,1235307892,4551456423,-590882299,2021-07-29
1103,,65_4551210754_CACEIS,1748958303,OB,OB,No-pair,monthend interest,Caceis booked the monthend interest for SD 02-01-2021. Integrata yet to book,1748958303,1748958303,4551456423,-590882299,2021-07-29
1104,,99_4551388882_CACEIS,1989667654,OB,OB,No-pair,fees,Caceis booked the fees for SD 06-10-2021. Integrata yet to book,1989667654,1989667654,4551456423,-590882299,2021-07-29
1105,,5_4551003590_CACEIS,1473425953,OB,OB,No-pair,wire transfer,Caceis booked the wire transfer for SD 08-31-2020. Integrata yet to book,1473425953,1473425953,4551456423,-590882299,2021-07-29
1106,,316_455706635_CACEIS,1081907585,OB,OB,No-pair,proceeds sell,Caceis booked the Miscellaneous for SD 01-15-2020. Integrata yet to book,1081907585,1081907585,4551456423,-590882299,2021-07-29
1107,,5_278910_CACEIS,390854430,OB,OB,No-pair,fx wire,Caceis booked the fx wire for SD 01-25-2019. Integrata yet to book,390854430,390854430,4551456423,-590882299,2021-07-29
1108,,204_4551066313_CACEIS,1556876399,OB,OB,No-pair,fx wire,Caceis booked the fx wire for SD 10-15-2020. Integrata yet to book,1556876399,1556876399,4551456423,-590882299,2021-07-29
1109,,121_4551105378_CACEIS,1608089199,OB,OB,No-pair,fees,Caceis booked the fees for SD 11-12-2020. Integrata yet to book,1608089199,1608089199,4551456423,-590882299,2021-07-29
1110,,1_326518_CACEIS,469844455,OB,OB,No-pair,proceeds sell,Caceis booked the Miscellaneous for SD 03-12-2019. Integrata yet to book,469844455,469844455,4551456423,-590882299,2021-07-29
1111,,54_455649350_CACEIS,985331620,OB,OB,No-pair,fx wire,Caceis booked the fx wire for SD 11-29-2019. Integrata yet to book,985331620,985331620,4551456423,-590882299,2021-07-29
1112,,217_455783582_CACEIS,1185159381,OB,OB,No-pair,fx wire,Caceis booked the fx wire for SD 03-16-2020. Integrata yet to book,1185159381,1185159381,4551456423,-590882299,2021-07-29
1113,,165_4551023983_CACEIS,1500213855,OB,OB,No-pair,fx wire,Caceis booked the fx wire for SD 09-15-2020. Integrata yet to book,1500213855,1500213855,4551456423,-590882299,2021-07-29
1114,,16_316753_CACEIS,453176729,OB,OB,No-pair,wire transfer,Caceis booked the wire transfer for SD 03-01-2019. Integrata yet to book,453176729,453176729,4551456423,-590882299,2021-07-29
1115,,201_455726980_CACEIS,1107942561,OB,OB,No-pair,monthend interest,Caceis booked the monthend interest for SD 02-01-2020. Integrata yet to book,1107942561,1107942561,4551456423,-590882299,2021-07-29
1116,,178_455643841_CACEIS,975323250,OB,OB,No-pair,dividend,Caceis booked the dividend for SD 11-08-2019. Integrata yet to book,975323250,975323250,4551456423,-590882299,2021-07-29
1117,,737_455822501_CACEIS,1235308553,OB,OB,No-pair,fx wire,Caceis booked the fx wire for SD 04-15-2020. Integrata yet to book,1235308553,1235308553,4551456423,-590882299,2021-07-29
1118,,2_455820754_CACEIS,1233177633,OB,OB,No-pair,fees,Caceis booked the fees for SD 04-14-2020. Integrata yet to book,1233177633,1233177633,4551456423,-590882299,2021-07-29
1119,,62_4551127906_CACEIS,1637981927,OB,OB,No-pair,monthend interest,Caceis booked the monthend interest for SD 12-01-2020. Integrata yet to book,1637981927,1637981927,4551456423,-590882299,2021-07-29
1120,,16_455745203_CACEIS,1132280341,OB,OB,No-pair,wire transfer,Caceis booked the wire transfer for SD 02-14-2020. Integrata yet to book,1132280341,1132280341,4551456423,-590882299,2021-07-29
1121,,6_455846205_CACEIS,1265566732,OB,OB,No-pair,fx wire,Caceis booked the fx wire for SD 05-04-2020. Integrata yet to book,1265566732,1265566732,4551456423,-590882299,2021-07-29
1122,,51_4551011052_CACEIS,1483359769,OB,OB,No-pair,wire transfer,Caceis booked the wire transfer for SD 09-04-2020. Integrata yet to book,1483359769,1483359769,4551456423,-590882299,2021-07-29
1123,,14_455982783_CACEIS,1446488990,OB,OB,No-pair,wire transfer,Caceis booked the wire transfer for SD 06-22-2020. Integrata yet to book,1446488990,1446488990,4551456423,-590882299,2021-07-29
1124,,34_4551269721_CACEIS,1827473812,OB,OB,No-pair,fx wire,Caceis booked the fx wire for SD 03-15-2021. Integrata yet to book,1827473812,1827473812,4551456423,-590882299,2021-07-29
1125,,16_4551087502_CACEIS,1584326646,OB,OB,No-pair,monthend interest,Caceis booked the monthend interest for SD 11-01-2020. Integrata yet to book,1584326646,1584326646,4551456423,-590882299,2021-07-29
1126,,73_306589_CACEIS,433998219,OB,OB,No-pair,wire transfer,Caceis booked the wire transfer for SD 02-15-2019. Integrata yet to book,433998219,433998219,4551456423,-590882299,2021-07-29
1127,,235_455940640_CACEIS,1391596210,OB,OB,No-pair,fx wire,Caceis booked the fx wire for SD 07-15-2020. Integrata yet to book,1391596210,1391596210,4551456423,-590882299,2021-07-29
1128,,19_4551265958_CACEIS,1821951005,OB,OB,No-pair,fees,Caceis booked the fees for SD 03-10-2021. Integrata yet to book,1821951005,1821951005,4551456423,-590882299,2021-07-29
1129,,138_4551144082_CACEIS,1659707165,OB,OB,No-pair,fees,Caceis booked the fees for SD 12-10-2020. Integrata yet to book,1659707165,1659707165,4551456423,-590882299,2021-07-29
1130,,335_455900053_CACEIS,1336713584,OB,OB,No-pair,fx wire,Caceis booked the fx wire for SD 06-15-2020. Integrata yet to book,1336713584,1336713584,4551456423,-590882299,2021-07-29
1131,,382_455940640_CACEIS,1391596013,OB,OB,No-pair,proceeds sell,Caceis booked the Miscellaneous for SD 07-15-2020. Integrata yet to book,1391596013,1391596013,4551456423,-590882299,2021-07-29
1132,,32_4551267661_CACEIS,1824870520,OB,OB,No-pair,fx wire,Caceis booked the fx wire for SD 03-12-2021. Integrata yet to book,1824870520,1824870520,4551456423,-590882299,2021-07-29
1133,,11_4551062436_CACEIS,1551719867,OB,OB,No-pair,proceeds sell,Caceis booked the Miscellaneous for SD 10-13-2020. Integrata yet to book,1551719867,1551719867,4551456423,-590882299,2021-07-29
1134,,401_4551232906_CACEIS,1780156798,OB,OB,No-pair,fx wire,Caceis booked the fx wire for SD 02-16-2021. Integrata yet to book,1780156798,1780156798,4551456423,-590882299,2021-07-29
1135,,58_455726980_CACEIS,1107942651,OB,OB,No-pair,monthend interest,Caceis booked the monthend interest for SD 02-01-2020. Integrata yet to book,1107942651,1107942651,4551456423,-590882299,2021-07-29
1136,,25_4551373621_CACEIS,1970229489,OB,OB,No-pair,monthend interest,Caceis booked the monthend interest for SD 06-01-2021. Integrata yet to book,1970229489,1970229489,4551456423,-590882299,2021-07-29
1137,,72_4551269721_CACEIS,1827473961,OB,OB,No-pair,fx wire,Caceis booked the fx wire for SD 03-15-2021. Integrata yet to book,1827473961,1827473961,4551456423,-590882299,2021-07-29
1138,,22_455978912_CACEIS,1441832171,OB,OB,No-pair,wire transfer,Caceis booked the wire transfer for SD 08-12-2020. Integrata yet to book,1441832171,1441832171,4551456423,-590882299,2021-07-29
1139,,37_4551256295_CACEIS,1810321915,OB,OB,No-pair,proceeds sell,Caceis booked the Miscellaneous for SD 03-04-2021. Integrata yet to book,1810321915,1810321915,4551456423,-590882299,2021-07-29
1140,,10_455889377_CACEIS,1323110261,OB,OB,No-pair,wire transfer,Caceis booked the wire transfer for SD 06-05-2020. Integrata yet to book,1323110261,1323110261,4551456423,-590882299,2021-07-29
1141,,39_455846205_CACEIS,1265566680,OB,OB,No-pair,wire transfer,Caceis booked the wire transfer for SD 03-20-2020. Integrata yet to book,1265566680,1265566680,4551456423,-590882299,2021-07-29
1142,,83_4551388882_CACEIS,1989667587,OB,OB,No-pair,fees,Caceis booked the fees for SD 06-10-2021. Integrata yet to book,1989667587,1989667587,4551456423,-590882299,2021-07-29
1143,,257_4551248485_CACEIS,1800039524,OB,OB,No-pair,fx wire,Caceis booked the fx wire for SD 02-26-2021. Integrata yet to book,1800039524,1800039524,4551456423,-590882299,2021-07-29
1144,,9_455914788_CACEIS,1356802609,OB,OB,No-pair,proceeds sell,Caceis booked the proceeds sell for SD 06-22-2020. Integrata yet to book,1356802609,1356802609,4551456423,-590882299,2021-07-29
1145,,35_455978912_CACEIS,1441832210,OB,OB,No-pair,wire transfer,Caceis booked the wire transfer for SD 08-12-2020. Integrata yet to book,1441832210,1441832210,4551456423,-590882299,2021-07-29
1146,,1160_455643841_CACEIS,975324232,OB,OB,No-pair,fees,Caceis booked the fees for SD 11-13-2019. Integrata yet to book,975324232,975324232,4551456423,-590882299,2021-07-29
1147,,658_455862625_CACEIS,1287002699,OB,OB,No-pair,fees,Caceis booked the fees for SD 05-13-2020. Integrata yet to book,1287002699,1287002699,4551456423,-590882299,2021-07-29
1148,,20_307472_CACEIS,436148262,OB,OB,No-pair,wire transfer,Caceis booked the wire transfer for SD 02-13-2019. Integrata yet to book,436148262,436148262,4551456423,-590882299,2021-07-29
1149,,292_455669415_CACEIS,1020662053,OB,OB,No-pair,fx wire,Caceis booked the fx wire for SD 12-16-2019. Integrata yet to book,1020662053,1020662053,4551456423,-590882299,2021-07-29
1150,,65_4551109218_CACEIS,1613286782,OB,OB,No-pair,fx wire,Caceis booked the fx wire for SD 11-16-2020. Integrata yet to book,1613286782,1613286782,4551456423,-590882299,2021-07-29
1151,,50_455835232_CACEIS,1251293815,OB,OB,No-pair,fx wire,Caceis booked the fx wire for SD 04-24-2020. Integrata yet to book,1251293815,1251293815,4551456423,-590882299,2021-07-29
1152,,8_4551121201_CACEIS,1628740320,OB,OB,No-pair,proceeds sell,Caceis booked the proceeds sell for SD 11-23-2020. Integrata yet to book,1628740320,1628740320,4551456423,-590882299,2021-07-29
1153,,291_455669415_CACEIS,1020662016,OB,OB,No-pair,fx wire,Caceis booked the fx wire for SD 12-16-2019. Integrata yet to book,1020662016,1020662016,4551456423,-590882299,2021-07-29
1154,,3_309411_CACEIS,439623667,OB,OB,No-pair,wire transfer,Caceis booked the wire transfer for SD 02-22-2019. Integrata yet to book,439623667,439623667,4551456423,-590882299,2021-07-29
1155,,16_455662172_CACEIS,1008560367,OB,OB,No-pair,proceeds sell,Caceis booked the Miscellaneous for SD 12-11-2019. Integrata yet to book,1008560367,1008560367,4551456423,-590882299,2021-07-29
1156,,26_4551174457_CACEIS,1699762792,OB,OB,No-pair,fx wire,Caceis booked the fx wire for SD 01-04-2021. Integrata yet to book,1699762792,1699762792,4551456423,-590882299,2021-07-29
1157,,832_455822501_CACEIS,1235308825,OB,OB,No-pair,fx wire,Caceis booked the fx wire for SD 04-15-2020. Integrata yet to book,1235308825,1235308825,4551456423,-590882299,2021-07-29
1158,,8_4551229444_CACEIS,1775243182,OB,OB,No-pair,fx wire,Caceis booked the fx wire for SD 02-12-2021. Integrata yet to book,1775243182,1775243182,4551456423,-590882299,2021-07-29
1159,,253_4551149959_CACEIS,1667623018,OB,OB,No-pair,fx wire,Caceis booked the fx wire for SD 12-15-2020. Integrata yet to book,1667623018,1667623018,4551456423,-590882299,2021-07-29
1160,,180_4551066313_CACEIS,1556876326,OB,OB,No-pair,fx wire,Caceis booked the fx wire for SD 10-15-2020. Integrata yet to book,1556876326,1556876326,4551456423,-590882299,2021-07-29
1161,,25_4551197321_CACEIS,1730233485,OB,OB,No-pair,proceeds sell,Caceis booked the proceeds sell for SD 01-15-2021. Integrata yet to book,1730233485,1730233485,4551456423,-590882299,2021-07-29
1162,,139_4551149959_CACEIS,1667622972,OB,OB,No-pair,fx wire,Caceis booked the fx wire for SD 12-15-2020. Integrata yet to book,1667622972,1667622972,4551456423,-590882299,2021-07-29
1163,,69_4551388882_CACEIS,1989667645,OB,OB,No-pair,fees,Caceis booked the fees for SD 06-10-2021. Integrata yet to book,1989667645,1989667645,4551456423,-590882299,2021-07-29
1164,,4_4551305829_CACEIS,1874141007,OB,OB,No-pair,fx wire,Caceis booked the fx wire for SD 04-09-2021. Integrata yet to book,1874141007,1874141007,4551456423,-590882299,2021-07-29
1165,,91_455706635_CACEIS,1081907298,OB,OB,No-pair,fx wire,Caceis booked the fx wire for SD 01-15-2020. Integrata yet to book,1081907298,1081907298,4551456423,-590882299,2021-07-29
1166,,1_455468384_CACEIS,678554708,OB,OB,No-pair,proceeds sell,Caceis booked the Miscellaneous for SD 07-09-2019. Integrata yet to book,678554708,678554708,4551456423,-590882299,2021-07-29
1167,,285_4551149959_CACEIS,1667623199,OB,OB,No-pair,fx wire,Caceis booked the fx wire for SD 12-15-2020. Integrata yet to book,1667623199,1667623199,4551456423,-590882299,2021-07-29
1168,,200_4551269721_CACEIS,1827474001,OB,OB,No-pair,fx wire,Caceis booked the fx wire for SD 03-15-2021. Integrata yet to book,1827474001,1827474001,4551456423,-590882299,2021-07-29
1169,,102_4551388882_CACEIS,1989667558,OB,OB,No-pair,fees,Caceis booked the fees for SD 06-10-2021. Integrata yet to book,1989667558,1989667558,4551456423,-590882299,2021-07-29
1170,,10_4551324555_CACEIS,1898109376,OB,OB,No-pair,fx wire,Caceis booked the fx wire for SD 04-23-2021. Integrata yet to book,1898109376,1898109376,4551456423,-590882299,2021-07-29
1171,,88_455706635_CACEIS,1081907301,OB,OB,No-pair,fx wire,Caceis booked the fx wire for SD 01-15-2020. Integrata yet to book,1081907301,1081907301,4551456423,-590882299,2021-07-29
1172,,16_4551186410_CACEIS,1715586517,OB,OB,No-pair,wire transfer,Caceis booked the wire transfer for SD 01-12-2021. Integrata yet to book,1715586517,1715586517,4551456423,-590882299,2021-07-29
1173,,111_455693832_CACEIS,1063035308,OB,OB,No-pair,fx wire,Caceis booked the fx wire for SD 01-06-2020. Integrata yet to book,1063035308,1063035308,4551456423,-590882299,2021-07-29
1174,,488_4551066313_CACEIS,1556876768,OB,OB,No-pair,fx wire,Caceis booked the fx wire for SD 10-15-2020. Integrata yet to book,1556876768,1556876768,4551456423,-590882299,2021-07-29
1175,,10_455599601_CACEIS,898224387,OB,OB,No-pair,wire transfer,Caceis booked the wire transfer for SD 10-22-2019. Integrata yet to book,898224387,898224387,4551456423,-590882299,2021-07-29
1176,,23_4551388882_CACEIS,1989667611,OB,OB,No-pair,wire transfer,Caceis booked the wire transfer for SD 06-10-2021. Integrata yet to book,1989667611,1989667611,4551456423,-590882299,2021-07-29
1177,,8_286427_CACEIS,402006259,OB,OB,No-pair,fx wire,Caceis booked the fx wire for SD 02-01-2019. Integrata yet to book,402006259,402006259,4551456423,-590882299,2021-07-29
1178,,24_267975_CACEIS,368747241,OB,OB,No-pair,fx wire,Caceis booked the fx wire for SD 01-15-2019. Integrata yet to book,368747241,368747241,4551456423,-590882299,2021-07-29
1179,,233_4551269721_CACEIS,1827474072,OB,OB,No-pair,fx wire,Caceis booked the fx wire for SD 03-15-2021. Integrata yet to book,1827474072,1827474072,4551456423,-590882299,2021-07-29
1180,,135_455762980_CACEIS,1156897756,OB,OB,No-pair,fx wire,Caceis booked the fx wire for SD 02-28-2020. Integrata yet to book,1156897756,1156897756,4551456423,-590882299,2021-07-29
1181,,10_4551085502_CACEIS,1581818094,OB,OB,No-pair,proceeds sell,Caceis booked the proceeds sell for SD 10-29-2020. Integrata yet to book,1581818094,1581818094,4551456423,-590882299,2021-07-29
1182,,687_4551232906_CACEIS,1780156949,OB,OB,No-pair,fx wire,Caceis booked the fx wire for SD 02-16-2021. Integrata yet to book,1780156949,1780156949,4551456423,-590882299,2021-07-29
1183,,140_4551060531_CACEIS,1548950763,OB,OB,No-pair,wire transfer,Caceis booked the wire transfer for SD 10-12-2020. Integrata yet to book,1548950763,1548950763,4551456423,-590882299,2021-07-29
1184,,223_4551210754_CACEIS,1748958379,OB,OB,No-pair,monthend interest,Caceis booked the monthend interest for SD 02-01-2021. Integrata yet to book,1748958379,1748958379,4551456423,-590882299,2021-07-29
1185,,91_455726980_CACEIS,1107942699,OB,OB,No-pair,monthend interest,Caceis booked the monthend interest for SD 02-01-2020. Integrata yet to book,1107942699,1107942699,4551456423,-590882299,2021-07-29
1186,,186_455590588_CACEIS,883858517,OB,OB,No-pair,fx wire,Caceis booked the fx wire for SD 10-15-2019. Integrata yet to book,883858517,883858517,4551456423,-590882299,2021-07-29
1187,,45_4551155693_CACEIS,1675163279,OB,OB,No-pair,fx wire,Caceis booked the fx wire for SD 12-18-2020. Integrata yet to book,1675163279,1675163279,4551456423,-590882299,2021-07-29
1188,,62_455803095_CACEIS,1210223472,OB,OB,No-pair,monthend interest,Caceis booked the monthend interest for SD 04-01-2020. Integrata yet to book,1210223472,1210223472,4551456423,-590882299,2021-07-29
1189,,9_4551119048_CACEIS,1625949393,OB,OB,No-pair,proceeds sell,Caceis booked the Miscellaneous for SD 11-24-2020. Integrata yet to book,1625949393,1625949393,4551456423,-590882299,2021-07-29
1190,,138_4551248485_CACEIS,1800039502,OB,OB,No-pair,fx wire,Caceis booked the fx wire for SD 02-26-2021. Integrata yet to book,1800039502,1800039502,4551456423,-590882299,2021-07-29
1191,,168_455822501_CACEIS,1235307917,OB,OB,No-pair,fx wire,Caceis booked the fx wire for SD 04-15-2020. Integrata yet to book,1235307917,1235307917,4551456423,-590882299,2021-07-29
1192,,36_4551039598_CACEIS,1521245954,OB,OB,No-pair,fx wire,Caceis booked the fx wire for SD 09-25-2020. Integrata yet to book,1521245954,1521245954,4551456423,-590882299,2021-07-29
1193,,530_455783582_CACEIS,1185159717,OB,OB,No-pair,fx wire,Caceis booked the fx wire for SD 03-16-2020. Integrata yet to book,1185159717,1185159717,4551456423,-590882299,2021-07-29
1194,,88_4551269721_CACEIS,1827473938,OB,OB,No-pair,fx wire,Caceis booked the fx wire for SD 03-15-2021. Integrata yet to book,1827473938,1827473938,4551456423,-590882299,2021-07-29
1195,,7_455688261_CACEIS,1053516718,OB,OB,No-pair,monthend interest,Caceis booked the monthend interest for SD 01-01-2020. Integrata yet to book,1053516718,1053516718,4551456423,-590882299,2021-07-29
1196,,122_455835232_CACEIS,1251293832,OB,OB,No-pair,wire transfer,Caceis booked the wire transfer for SD 04-24-2020. Integrata yet to book,1251293832,1251293832,4551456423,-590882299,2021-07-29
1197,,11_333062_CACEIS,479846754,OB,OB,No-pair,fx wire,Caceis booked the fx wire for SD 03-15-2019. Integrata yet to book,479846754,479846754,4551456423,-590882299,2021-07-29
1198,,4_455909302_CACEIS,1349421683,OB,OB,No-pair,proceeds sell,Caceis booked the proceeds sell for SD 06-22-2020. Integrata yet to book,1349421683,1349421683,4551456423,-590882299,2021-07-29
1199,,179_4551232906_CACEIS,1780156569,OB,OB,No-pair,fx wire,Caceis booked the fx wire for SD 02-16-2021. Integrata yet to book,1780156569,1780156569,4551456423,-590882299,2021-07-29
1200,,55_455649350_CACEIS,985331625,OB,OB,No-pair,monthend interest,Caceis booked the monthend interest for SD 12-01-2019. Integrata yet to book,985331625,985331625,4551456423,-590882299,2021-07-29
1201,,1_263975_CACEIS,362290293,OB,OB,No-pair,proceeds sell,Caceis booked the Miscellaneous for SD 01-10-2019. Integrata yet to book,362290293,362290293,4551456423,-590882299,2021-07-29
1202,,203_4551066313_CACEIS,1556876376,OB,OB,No-pair,fx wire,Caceis booked the fx wire for SD 10-15-2020. Integrata yet to book,1556876376,1556876376,4551456423,-590882299,2021-07-29
1203,,294_4551313388_CACEIS,1883527842,OB,OB,No-pair,fx wire,Caceis booked the fx wire for SD 04-15-2021. Integrata yet to book,1883527842,1883527842,4551456423,-590882299,2021-07-29
1204,,36_4551256295_CACEIS,1810321911,OB,OB,No-pair,proceeds sell,Caceis booked the Miscellaneous for SD 03-04-2021. Integrata yet to book,1810321911,1810321911,4551456423,-590882299,2021-07-29
1205,,16_455861455_CACEIS,1285500775,OB,OB,No-pair,proceeds sell,Caceis booked the Miscellaneous for SD 05-14-2020. Integrata yet to book,1285500775,1285500775,4551456423,-590882299,2021-07-29
1206,,51_455898221_CACEIS,1334730821,OB,OB,No-pair,fees,Caceis booked the fees for SD 06-12-2020. Integrata yet to book,1334730821,1334730821,4551456423,-590882299,2021-07-29
1207,,25_455991947_CACEIS,1458088742,OB,OB,No-pair,fx wire,Caceis booked the fx wire for SD 08-21-2020. Integrata yet to book,1458088742,1458088742,4551456423,-590882299,2021-07-29
1208,,302_455706635_CACEIS,1081907658,OB,OB,No-pair,fx wire,Caceis booked the fx wire for SD 01-15-2020. Integrata yet to book,1081907658,1081907658,4551456423,-590882299,2021-07-29
1209,,62_4551436806_CACEIS,2049885814,OB,OB,No-pair,fx wire,Caceis booked the fx wire for SD 07-15-2021. Integrata yet to book,2049885814,2049885814,4551456423,-590882299,2021-07-29
1210,,40_4551171343_CACEIS,1696929183,OB,OB,No-pair,monthend interest,Caceis booked the monthend interest for SD 01-01-2021. Integrata yet to book,1696929183,1696929183,4551456423,-590882299,2021-07-29
1211,,15_455745203_CACEIS,1132280321,OB,OB,No-pair,fx wire,Caceis booked the fx wire for SD 02-14-2020. Integrata yet to book,1132280321,1132280321,4551456423,-590882299,2021-07-29
1212,,100_455862625_CACEIS,1287003288,OB,OB,No-pair,fx wire,Caceis booked the fx wire for SD 05-15-2020. Integrata yet to book,1287003288,1287003288,4551456423,-590882299,2021-07-29
1213,,56_455442954_CACEIS,637183755,OB,OB,No-pair,fx wire,Caceis booked the fx wire for SD 06-17-2019. Integrata yet to book,637183755,637183755,4551456423,-590882299,2021-07-29
1214,,16_455575944_CACEIS,858396502,OB,OB,No-pair,proceeds sell,Caceis booked the proceeds sell for SD 09-23-2019. Integrata yet to book,858396502,858396502,4551456423,-590882299,2021-07-29
1215,,7_455914788_CACEIS,1356802602,OB,OB,No-pair,proceeds sell,Caceis booked the proceeds sell for SD 06-22-2020. Integrata yet to book,1356802602,1356802602,4551456423,-590882299,2021-07-29
1216,,2_4551206835_CACEIS,1743521209,OB,OB,No-pair,proceeds sell,Caceis booked the Miscellaneous for SD 01-22-2021. Integrata yet to book,1743521209,1743521209,4551456423,-590882299,2021-07-29
1217,,14_306589_CACEIS,433998152,OB,OB,No-pair,fx wire,Caceis booked the fx wire for SD 02-15-2019. Integrata yet to book,433998152,433998152,4551456423,-590882299,2021-07-29
1218,,5_455857124_CACEIS,1279775031,OB,OB,No-pair,wire transfer,Caceis booked the wire transfer for SD 05-12-2020. Integrata yet to book,1279775031,1279775031,4551456423,-590882299,2021-07-29
1219,,482_4551149959_CACEIS,1667623270,OB,OB,No-pair,fx wire,Caceis booked the fx wire for SD 12-15-2020. Integrata yet to book,1667623270,1667623270,4551456423,-590882299,2021-07-29
1220,,14_455772338_CACEIS,1169827538,OB,OB,No-pair,fx wire,Caceis booked the fx wire for SD 03-06-2020. Integrata yet to book,1169827538,1169827538,4551456423,-590882299,2021-07-29
1221,,485_4551149959_CACEIS,1667623282,OB,OB,No-pair,fx wire,Caceis booked the fx wire for SD 12-15-2020. Integrata yet to book,1667623282,1667623282,4551456423,-590882299,2021-07-29
1222,,54_455706635_CACEIS,1081907328,OB,OB,No-pair,fx wire,Caceis booked the fx wire for SD 01-15-2020. Integrata yet to book,1081907328,1081907328,4551456423,-590882299,2021-07-29
1223,,45_4551097416_CACEIS,1597270337,OB,OB,No-pair,fx wire,Caceis booked the fx wire for SD 11-06-2020. Integrata yet to book,1597270337,1597270337,4551456423,-590882299,2021-07-29
1224,,83_4551220415_CACEIS,1761956098,OB,OB,No-pair,fx wire,Caceis booked the fx wire for SD 02-05-2021. Integrata yet to book,1761956098,1761956098,4551456423,-590882299,2021-07-29
1225,,15_4551326398_CACEIS,1900587948,OB,OB,No-pair,wire transfer,Caceis booked the wire transfer for SD 04-23-2021. Integrata yet to book,1900587948,1900587948,4551456423,-590882299,2021-07-29
1226,,5_455709628_CACEIS,1085770905,OB,OB,No-pair,fx wire,Caceis booked the fx wire for SD 01-17-2020. Integrata yet to book,1085770905,1085770905,4551456423,-590882299,2021-07-29
1227,,22_4551201062_CACEIS,1734565997,OB,OB,No-pair,wire transfer,Caceis booked the wire transfer for SD 01-22-2021. Integrata yet to book,1734565997,1734565997,4551456423,-590882299,2021-07-29
1228,,25_455726980_CACEIS,1107942654,OB,OB,No-pair,monthend interest,Caceis booked the monthend interest for SD 02-01-2020. Integrata yet to book,1107942654,1107942654,4551456423,-590882299,2021-07-29
1229,,309_4551149959_CACEIS,1667623152,OB,OB,No-pair,fx wire,Caceis booked the fx wire for SD 12-15-2020. Integrata yet to book,1667623152,1667623152,4551456423,-590882299,2021-07-29
1230,,385_455940640_CACEIS,1391596224,OB,OB,No-pair,fx wire,Caceis booked the fx wire for SD 07-15-2020. Integrata yet to book,1391596224,1391596224,4551456423,-590882299,2021-07-29
1231,,10_4551097416_CACEIS,1597270320,OB,OB,No-pair,wire transfer,Caceis booked the wire transfer for SD 11-06-2020. Integrata yet to book,1597270320,1597270320,4551456423,-590882299,2021-07-29
1232,,27_455662172_CACEIS,1008560382,OB,OB,No-pair,fees,Caceis booked the fees for SD 12-09-2019. Integrata yet to book,1008560382,1008560382,4551456423,-590882299,2021-07-29
1233,,36_4551166054_CACEIS,1689088075,OB,OB,No-pair,fx wire,Caceis booked the fx wire for SD 12-28-2020. Integrata yet to book,1689088075,1689088075,4551456423,-590882299,2021-07-29
1234,,1_4551446567_CACEIS,2061724330,OB,OB,No-pair,wire transfer,Caceis booked the wire transfer for SD 07-22-2021. Integrata yet to book,2061724330,2061724330,4551456423,-590882299,2021-07-29
1235,,15_455927788_CACEIS,1374347987,OB,OB,No-pair,wire transfer,Caceis booked the wire transfer for SD 07-06-2020. Integrata yet to book,1374347987,1374347987,4551456423,-590882299,2021-07-29
1236,,52_455577664_CACEIS,861360900,OB,OB,No-pair,wire transfer,Caceis booked the wire transfer for SD 10-04-2019. Integrata yet to book,861360900,861360900,4551456423,-590882299,2021-07-29
1237,,84_4551269721_CACEIS,1827473890,OB,OB,No-pair,fx wire,Caceis booked the fx wire for SD 03-15-2021. Integrata yet to book,1827473890,1827473890,4551456423,-590882299,2021-07-29
1238,,19_455826113_CACEIS,1239393756,OB,OB,No-pair,fees,Caceis booked the fees for SD 04-16-2020. Integrata yet to book,1239393756,1239393756,4551456423,-590882299,2021-07-29
1239,,116_4551239617_CACEIS,1789074823,OB,OB,No-pair,fx wire,Caceis booked the fx wire for SD 02-19-2021. Integrata yet to book,1789074823,1789074823,4551456423,-590882299,2021-07-29
1240,,45_4551125930_CACEIS,1635426513,OB,OB,No-pair,fx wire,Caceis booked the fx wire for SD 11-27-2020. Integrata yet to book,1635426513,1635426513,4551456423,-590882299,2021-07-29
1241,,47_455516633_CACEIS,760048257,OB,OB,No-pair,fx wire,Caceis booked the fx wire for SD 08-16-2019. Integrata yet to book,760048257,760048257,4551456423,-590882299,2021-07-29
1242,,87_4551349054_CACEIS,1933657820,OB,OB,No-pair,fees,Caceis booked the fees for SD 05-12-2021. Integrata yet to book,1933657820,1933657820,4551456423,-590882299,2021-07-29
1243,,107_4551060531_CACEIS,1548950735,OB,OB,No-pair,wire transfer,Caceis booked the wire transfer for SD 10-12-2020. Integrata yet to book,1548950735,1548950735,4551456423,-590882299,2021-07-29
1244,,406_4551232906_CACEIS,1780156809,OB,OB,No-pair,fx wire,Caceis booked the fx wire for SD 02-16-2021. Integrata yet to book,1780156809,1780156809,4551456423,-590882299,2021-07-29
1245,,22_4551003590_CACEIS,1473426012,OB,OB,No-pair,monthend interest,Caceis booked the monthend interest for SD 09-01-2020. Integrata yet to book,1473426012,1473426012,4551456423,-590882299,2021-07-29
1246,,133_4551060531_CACEIS,1548950756,OB,OB,No-pair,wire transfer,Caceis booked the wire transfer for SD 10-12-2020. Integrata yet to book,1548950756,1548950756,4551456423,-590882299,2021-07-29
1247,,410_455783582_CACEIS,1185159703,OB,OB,No-pair,fx wire,Caceis booked the fx wire for SD 03-16-2020. Integrata yet to book,1185159703,1185159703,4551456423,-590882299,2021-07-29
1248,,489_455900053_CACEIS,1336713979,OB,OB,No-pair,fx wire,Caceis booked the fx wire for SD 06-15-2020. Integrata yet to book,1336713979,1336713979,4551456423,-590882299,2021-07-29
1249,,1_4551062436_CACEIS,1551719864,OB,OB,No-pair,proceeds sell,Caceis booked the Miscellaneous for SD 10-13-2020. Integrata yet to book,1551719864,1551719864,4551456423,-590882299,2021-07-29
1250,,29_4551242873_CACEIS,1793109160,OB,OB,No-pair,wire transfer,Caceis booked the wire transfer for SD 02-21-2021. Integrata yet to book,1793109160,1793109160,4551456423,-590882299,2021-07-29
1251,,13_306589_CACEIS,433998184,OB,OB,No-pair,fx wire,Caceis booked the fx wire for SD 02-15-2019. Integrata yet to book,433998184,433998184,4551456423,-590882299,2021-07-29
1252,,90_4551066313_CACEIS,1556876296,OB,OB,No-pair,fx wire,Caceis booked the fx wire for SD 10-15-2020. Integrata yet to book,1556876296,1556876296,4551456423,-590882299,2021-07-29
1253,,47_455762980_CACEIS,1156897794,OB,OB,No-pair,monthend interest,Caceis booked the monthend interest for SD 03-01-2020. Integrata yet to book,1156897794,1156897794,4551456423,-590882299,2021-07-29
1254,,142_4551060531_CACEIS,1548950629,OB,OB,No-pair,wire transfer,Caceis booked the wire transfer for SD 10-12-2020. Integrata yet to book,1548950629,1548950629,4551456423,-590882299,2021-07-29
1255,,487_455900053_CACEIS,1336713853,OB,OB,No-pair,fx wire,Caceis booked the fx wire for SD 06-15-2020. Integrata yet to book,1336713853,1336713853,4551456423,-590882299,2021-07-29
1256,,4_4551419402_CACEIS,2029730696,OB,OB,No-pair,wire transfer,Caceis booked the wire transfer for SD 07-01-2021. Integrata yet to book,2029730696,2029730696,4551456423,-590882299,2021-07-29
1257,,4_455950138_CACEIS,1404595025,OB,OB,No-pair,wire transfer,Caceis booked the wire transfer for SD 07-22-2020. Integrata yet to book,1404595025,1404595025,4551456423,-590882299,2021-07-29
1258,,11_4551085502_CACEIS,1581818097,OB,OB,No-pair,wire transfer,Caceis booked the wire transfer for SD 10-29-2020. Integrata yet to book,1581818097,1581818097,4551456423,-590882299,2021-07-29
1259,,56_4551254304_CACEIS,1807385737,OB,OB,No-pair,wire transfer,Caceis booked the wire transfer for SD 03-02-2021. Integrata yet to book,1807385737,1807385737,4551456423,-590882299,2021-07-29
1260,,19_4551410165_CACEIS,2016505865,OB,OB,No-pair,wire transfer,Caceis booked the wire transfer for SD 06-23-2021. Integrata yet to book,2016505865,2016505865,4551456423,-590882299,2021-07-29
1261,,107_455898221_CACEIS,1334730845,OB,OB,No-pair,fees,Caceis booked the fees for SD 06-12-2020. Integrata yet to book,1334730845,1334730845,4551456423,-590882299,2021-07-29
1262,,10_455585083_CACEIS,874262508,OB,OB,No-pair,wire transfer,Caceis booked the wire transfer for SD 10-10-2019. Integrata yet to book,874262508,874262508,4551456423,-590882299,2021-07-29
1263,,3_455812360_CACEIS,1222709477,OB,OB,No-pair,wire transfer,Caceis booked the wire transfer for SD 04-07-2020. Integrata yet to book,1222709477,1222709477,4551456423,-590882299,2021-07-29
1264,,129_455688261_CACEIS,1053516685,OB,OB,No-pair,monthend interest,Caceis booked the monthend interest for SD 01-01-2020. Integrata yet to book,1053516685,1053516685,4551456423,-590882299,2021-07-29
1265,,275_4551109218_CACEIS,1613286765,OB,OB,No-pair,fx wire,Caceis booked the fx wire for SD 11-16-2020. Integrata yet to book,1613286765,1613286765,4551456423,-590882299,2021-07-29
1266,,87_4551105378_CACEIS,1608089221,OB,OB,No-pair,wire transfer,Caceis booked the wire transfer for SD 11-12-2020. Integrata yet to book,1608089221,1608089221,4551456423,-590882299,2021-07-29
1267,,76_455898221_CACEIS,1334730887,OB,OB,No-pair,wire transfer,Caceis booked the wire transfer for SD 06-12-2020. Integrata yet to book,1334730887,1334730887,4551456423,-590882299,2021-07-29
1268,,1_4551427001_CACEIS,2037990849,OB,OB,No-pair,wire transfer,Caceis booked the wire transfer for SD 07-08-2021. Integrata yet to book,2037990849,2037990849,4551456423,-590882299,2021-07-29
1269,,191_455783582_CACEIS,1185159372,OB,OB,No-pair,fx wire,Caceis booked the fx wire for SD 03-16-2020. Integrata yet to book,1185159372,1185159372,4551456423,-590882299,2021-07-29
1270,,88_4551066313_CACEIS,1556876286,OB,OB,No-pair,fx wire,Caceis booked the fx wire for SD 10-15-2020. Integrata yet to book,1556876286,1556876286,4551456423,-590882299,2021-07-29
1271,,52_455669415_CACEIS,1020661864,OB,OB,No-pair,fx wire,Caceis booked the fx wire for SD 12-16-2019. Integrata yet to book,1020661864,1020661864,4551456423,-590882299,2021-07-29
1272,,14_455803095_CACEIS,1210223534,OB,OB,No-pair,monthend interest,Caceis booked the monthend interest for SD 04-01-2020. Integrata yet to book,1210223534,1210223534,4551456423,-590882299,2021-07-29
1273,,74_4551105378_CACEIS,1608089292,OB,OB,No-pair,wire transfer,Caceis booked the wire transfer for SD 11-12-2020. Integrata yet to book,1608089292,1608089292,4551456423,-590882299,2021-07-29
1274,,67_4551254304_CACEIS,1807385725,OB,OB,No-pair,wire transfer,Caceis booked the wire transfer for SD 03-02-2021. Integrata yet to book,1807385725,1807385725,4551456423,-590882299,2021-07-29
1275,,72_455762980_CACEIS,1156897792,OB,OB,No-pair,wire transfer,Caceis booked the wire transfer for SD 02-28-2020. Integrata yet to book,1156897792,1156897792,4551456423,-590882299,2021-07-29
1276,,83_4551105378_CACEIS,1608089310,OB,OB,No-pair,wire transfer,Caceis booked the wire transfer for SD 11-12-2020. Integrata yet to book,1608089310,1608089310,4551456423,-590882299,2021-07-29
1277,,2_341093_CACEIS,490673970,OB,OB,No-pair,wire transfer,Caceis booked the wire transfer for SD 03-22-2019. Integrata yet to book,490673970,490673970,4551456423,-590882299,2021-07-29
1278,,408_4551109218_CACEIS,1613286914,OB,OB,No-pair,fx wire,Caceis booked the fx wire for SD 11-16-2020. Integrata yet to book,1613286914,1613286914,4551456423,-590882299,2021-07-29
1279,,86_4551127906_CACEIS,1637981944,OB,OB,No-pair,monthend interest,Caceis booked the monthend interest for SD 12-01-2020. Integrata yet to book,1637981944,1637981944,4551456423,-590882299,2021-07-29
1280,,493_455900053_CACEIS,1336713880,OB,OB,No-pair,fx wire,Caceis booked the fx wire for SD 06-15-2020. Integrata yet to book,1336713880,1336713880,4551456423,-590882299,2021-07-29
1281,,462_4551066313_CACEIS,1556876626,OB,OB,No-pair,fx wire,Caceis booked the fx wire for SD 10-15-2020. Integrata yet to book,1556876626,1556876626,4551456423,-590882299,2021-07-29
1282,,54_455898221_CACEIS,1334730850,OB,OB,No-pair,fees,Caceis booked the fees for SD 06-12-2020. Integrata yet to book,1334730850,1334730850,4551456423,-590882299,2021-07-29
1283,,506_4551066313_CACEIS,1556876569,OB,OB,No-pair,fx wire,Caceis booked the fx wire for SD 10-15-2020. Integrata yet to book,1556876569,1556876569,4551456423,-590882299,2021-07-29
1284,,379_4551232906_CACEIS,1780156732,OB,OB,No-pair,fx wire,Caceis booked the fx wire for SD 02-16-2021. Integrata yet to book,1780156732,1780156732,4551456423,-590882299,2021-07-29
1285,,275_4551394628_CACEIS,1997244744,OB,OB,No-pair,fx wire,Caceis booked the fx wire for SD 06-15-2021. Integrata yet to book,1997244744,1997244744,4551456423,-590882299,2021-07-29
1286,,40_4551087502_CACEIS,1584326667,OB,OB,No-pair,monthend interest,Caceis booked the monthend interest for SD 11-01-2020. Integrata yet to book,1584326667,1584326667,4551456423,-590882299,2021-07-29
1287,,111_4551018409_CACEIS,1492757210,OB,OB,No-pair,fees,Caceis booked the fees for SD 09-10-2020. Integrata yet to book,1492757210,1492757210,4551456423,-590882299,2021-07-29
1288,,74_4551149959_CACEIS,1667622925,OB,OB,No-pair,fx wire,Caceis booked the fx wire for SD 12-15-2020. Integrata yet to book,1667622925,1667622925,4551456423,-590882299,2021-07-29
1289,,138_4551018409_CACEIS,1492757151,OB,OB,No-pair,fees,Caceis booked the fees for SD 09-10-2020. Integrata yet to book,1492757151,1492757151,4551456423,-590882299,2021-07-29
1290,,153_455783582_CACEIS,1185159176,OB,OB,No-pair,proceeds sell,Caceis booked the proceeds sell for SD 03-16-2020. Integrata yet to book,1185159176,1185159176,4551456423,-590882299,2021-07-29
1291,,124_455862625_CACEIS,1287002924,OB,OB,No-pair,fx wire,Caceis booked the fx wire for SD 05-15-2020. Integrata yet to book,1287002924,1287002924,4551456423,-590882299,2021-07-29
1292,,320_4551191593_CACEIS,1722905253,OB,OB,No-pair,fx wire,Caceis booked the fx wire for SD 01-15-2021. Integrata yet to book,1722905253,1722905253,4551456423,-590882299,2021-07-29
1293,,64_455476582_CACEIS,691187981,OB,OB,No-pair,fx wire,Caceis booked the fx wire for SD 07-16-2019. Integrata yet to book,691187981,691187981,4551456423,-590882299,2021-07-29
1294,,102_455898221_CACEIS,1334730873,OB,OB,No-pair,wire transfer,Caceis booked the wire transfer for SD 06-12-2020. Integrata yet to book,1334730873,1334730873,4551456423,-590882299,2021-07-29
1295,,14_455662172_CACEIS,1008560375,OB,OB,No-pair,fees,Caceis booked the fees for SD 12-09-2019. Integrata yet to book,1008560375,1008560375,4551456423,-590882299,2021-07-29
1296,,24_4551252452_CACEIS,1805130269,OB,OB,No-pair,wire transfer,Caceis booked the wire transfer for SD 02-25-2021. Integrata yet to book,1805130269,1805130269,4551456423,-590882299,2021-07-29
1297,,145_455900053_CACEIS,1336713092,OB,OB,No-pair,fx wire,Caceis booked the fx wire for SD 06-15-2020. Integrata yet to book,1336713092,1336713092,4551456423,-590882299,2021-07-29
1298,,72_455783582_CACEIS,1185159339,OB,OB,No-pair,fx wire,Caceis booked the fx wire for SD 03-16-2020. Integrata yet to book,1185159339,1185159339,4551456423,-590882299,2021-07-29
1299,,10_455909302_CACEIS,1349421688,OB,OB,No-pair,proceeds sell,Caceis booked the proceeds sell for SD 06-22-2020. Integrata yet to book,1349421688,1349421688,4551456423,-590882299,2021-07-29
1300,,33_4551292839_CACEIS,1857221924,OB,OB,No-pair,wire transfer,Caceis booked the wire transfer for SD 03-31-2021. Integrata yet to book,1857221924,1857221924,4551456423,-590882299,2021-07-29
1301,,19_455842390_CACEIS,1260634993,OB,OB,No-pair,monthend interest,Caceis booked the monthend interest for SD 05-01-2020. Integrata yet to book,1260634993,1260634993,4551456423,-590882299,2021-07-29
1302,,170_455706635_CACEIS,1081907583,OB,OB,No-pair,proceeds sell,Caceis booked the Miscellaneous for SD 01-15-2020. Integrata yet to book,1081907583,1081907583,4551456423,-590882299,2021-07-29
1303,,59_455783582_CACEIS,1185159334,OB,OB,No-pair,fx wire,Caceis booked the fx wire for SD 03-16-2020. Integrata yet to book,1185159334,1185159334,4551456423,-590882299,2021-07-29
1304,,309_455669415_CACEIS,1020662092,OB,OB,No-pair,fx wire,Caceis booked the fx wire for SD 12-16-2019. Integrata yet to book,1020662092,1020662092,4551456423,-590882299,2021-07-29
1305,,14_4551414063_CACEIS,2021656556,OB,OB,No-pair,wire transfer,Caceis booked the wire transfer for SD 06-29-2021. Integrata yet to book,2021656556,2021656556,4551456423,-590882299,2021-07-29
1306,,119_455898221_CACEIS,1334730717,OB,OB,No-pair,wire transfer,Caceis booked the wire transfer for SD 06-12-2020. Integrata yet to book,1334730717,1334730717,4551456423,-590882299,2021-07-29
1307,,10_455762980_CACEIS,1156897746,OB,OB,No-pair,monthend interest,Caceis booked the monthend interest for SD 03-01-2020. Integrata yet to book,1156897746,1156897746,4551456423,-590882299,2021-07-29
1308,,488_455900053_CACEIS,1336713921,OB,OB,No-pair,fx wire,Caceis booked the fx wire for SD 06-15-2020. Integrata yet to book,1336713921,1336713921,4551456423,-590882299,2021-07-29
1309,,74_455404958_CACEIS,585162359,OB,OB,No-pair,fx wire,Caceis booked the fx wire for SD 05-15-2019. Integrata yet to book,585162359,585162359,4551456423,-590882299,2021-07-29
1310,,118_4551201062_CACEIS,1734565990,OB,OB,No-pair,fx wire,Caceis booked the fx wire for SD 01-22-2021. Integrata yet to book,1734565990,1734565990,4551456423,-590882299,2021-07-29
1311,,44_4551334292_CACEIS,1911737211,OB,OB,No-pair,wire transfer,Caceis booked the wire transfer for SD 04-30-2021. Integrata yet to book,1911737211,1911737211,4551456423,-590882299,2021-07-29
1312,,60_4551428980_CACEIS,2040344592,OB,OB,No-pair,fees,Caceis booked the fees for SD 07-08-2021. Integrata yet to book,2040344592,2040344592,4551456423,-590882299,2021-07-29
1313,,341_455862625_CACEIS,1287003599,OB,OB,No-pair,fx wire,Caceis booked the fx wire for SD 05-15-2020. Integrata yet to book,1287003599,1287003599,4551456423,-590882299,2021-07-29
1314,,30_4551428980_CACEIS,2040344587,OB,OB,No-pair,fees,Caceis booked the fees for SD 07-08-2021. Integrata yet to book,2040344587,2040344587,4551456423,-590882299,2021-07-29
1315,,44_4551011052_CACEIS,1483359741,OB,OB,No-pair,wire transfer,Caceis booked the wire transfer for SD 09-04-2020. Integrata yet to book,1483359741,1483359741,4551456423,-590882299,2021-07-29
1316,,22_455973142_CACEIS,1434650005,OB,OB,No-pair,wire transfer,Caceis booked the wire transfer for SD 08-07-2020. Integrata yet to book,1434650005,1434650005,4551456423,-590882299,2021-07-29
1317,,1164_455643841_CACEIS,975324236,OB,OB,No-pair,fees,Caceis booked the fees for SD 11-13-2019. Integrata yet to book,975324236,975324236,4551456423,-590882299,2021-07-29
1318,,13_4551042956_CACEIS,1525553094,OB,OB,No-pair,wire transfer,Caceis booked the wire transfer for SD 09-17-2020. Integrata yet to book,1525553094,1525553094,4551456423,-590882299,2021-07-29
1319,,25_4551003590_CACEIS,1473425965,OB,OB,No-pair,monthend interest,Caceis booked the monthend interest for SD 09-01-2020. Integrata yet to book,1473425965,1473425965,4551456423,-590882299,2021-07-29
1320,,61_455404958_CACEIS,585162378,OB,OB,No-pair,fx wire,Caceis booked the fx wire for SD 05-15-2019. Integrata yet to book,585162378,585162378,4551456423,-590882299,2021-07-29
1321,,280_4551191593_CACEIS,1722905217,OB,OB,No-pair,fx wire,Caceis booked the fx wire for SD 01-15-2021. Integrata yet to book,1722905217,1722905217,4551456423,-590882299,2021-07-29
1322,,77_4551127906_CACEIS,1637981973,OB,OB,No-pair,monthend interest,Caceis booked the monthend interest for SD 12-01-2020. Integrata yet to book,1637981973,1637981973,4551456423,-590882299,2021-07-29
1323,,269_4551394628_CACEIS,1997244725,OB,OB,No-pair,fx wire,Caceis booked the fx wire for SD 06-15-2021. Integrata yet to book,1997244725,1997244725,4551456423,-590882299,2021-07-29
1324,,47_4551174457_CACEIS,1699762765,OB,OB,No-pair,fx wire,Caceis booked the fx wire for SD 01-04-2021. Integrata yet to book,1699762765,1699762765,4551456423,-590882299,2021-07-29
1325,,16_455820754_CACEIS,1233177772,OB,OB,No-pair,fees,Caceis booked the fees for SD 04-14-2020. Integrata yet to book,1233177772,1233177772,4551456423,-590882299,2021-07-29
1326,,1070_455643841_CACEIS,975324142,OB,OB,No-pair,fees,Caceis booked the fees for SD 11-13-2019. Integrata yet to book,975324142,975324142,4551456423,-590882299,2021-07-29
1327,,13_4551174457_CACEIS,1699762763,OB,OB,No-pair,fx wire,Caceis booked the fx wire for SD 01-04-2021. Integrata yet to book,1699762763,1699762763,4551456423,-590882299,2021-07-29
1328,,11_316753_CACEIS,453176725,OB,OB,No-pair,wire transfer,Caceis booked the wire transfer for SD 03-01-2019. Integrata yet to book,453176725,453176725,4551456423,-590882299,2021-07-29
1329,,52_455985296_CACEIS,1449581758,OB,OB,No-pair,fx wire,Caceis booked the fx wire for SD 08-17-2020. Integrata yet to book,1449581758,1449581758,4551456423,-590882299,2021-07-29
1330,,400_4551066313_CACEIS,1556876741,OB,OB,No-pair,fx wire,Caceis booked the fx wire for SD 10-15-2020. Integrata yet to book,1556876741,1556876741,4551456423,-590882299,2021-07-29
1331,,60_455753887_CACEIS,1143364774,OB,OB,No-pair,fx wire,Caceis booked the fx wire for SD 02-21-2020. Integrata yet to book,1143364774,1143364774,4551456423,-590882299,2021-07-29
1332,,97_455898221_CACEIS,1334730841,OB,OB,No-pair,wire transfer,Caceis booked the wire transfer for SD 06-12-2020. Integrata yet to book,1334730841,1334730841,4551456423,-590882299,2021-07-29
1333,,424_4551232906_CACEIS,1780156844,OB,OB,No-pair,fx wire,Caceis booked the fx wire for SD 02-16-2021. Integrata yet to book,1780156844,1780156844,4551456423,-590882299,2021-07-29
1334,,17_455820754_CACEIS,1233177776,OB,OB,No-pair,fees,Caceis booked the fees for SD 04-14-2020. Integrata yet to book,1233177776,1233177776,4551456423,-590882299,2021-07-29
1335,,373_455862625_CACEIS,1287003568,OB,OB,No-pair,fees,Caceis booked the fees for SD 05-13-2020. Integrata yet to book,1287003568,1287003568,4551456423,-590882299,2021-07-29
1336,,193_455985296_CACEIS,1449581828,OB,OB,No-pair,fx wire,Caceis booked the fx wire for SD 08-17-2020. Integrata yet to book,1449581828,1449581828,4551456423,-590882299,2021-07-29
1337,,68_455718167_CACEIS,1096511631,OB,OB,No-pair,fx wire,Caceis booked the fx wire for SD 01-24-2020. Integrata yet to book,1096511631,1096511631,4551456423,-590882299,2021-07-29
1338,,399_455985296_CACEIS,1449581716,OB,OB,No-pair,proceeds sell,Caceis booked the Miscellaneous for SD 08-14-2020. Integrata yet to book,1449581716,1449581716,4551456423,-590882299,2021-07-29
1339,,1_4551060531_CACEIS,1548950610,OB,OB,No-pair,wire transfer,Caceis booked the wire transfer for SD 10-12-2020. Integrata yet to book,1548950610,1548950610,4551456423,-590882299,2021-07-29
1340,,421_4551191593_CACEIS,1722905519,OB,OB,No-pair,fx wire,Caceis booked the fx wire for SD 01-15-2021. Integrata yet to book,1722905519,1722905519,4551456423,-590882299,2021-07-29
1341,,9_4551142111_CACEIS,1657251526,OB,OB,No-pair,fees,Caceis booked the fees for SD 12-08-2020. Integrata yet to book,1657251526,1657251526,4551456423,-590882299,2021-07-29
1342,,19_4551444588_CACEIS,2059445498,OB,OB,No-pair,wire transfer,Caceis booked the wire transfer for SD 07-21-2021. Integrata yet to book,2059445498,2059445498,4551456423,-590882299,2021-07-29
1343,,31_4551060531_CACEIS,1548950738,OB,OB,No-pair,wire transfer,Caceis booked the wire transfer for SD 10-12-2020. Integrata yet to book,1548950738,1548950738,4551456423,-590882299,2021-07-29
1344,,330_455590588_CACEIS,883858683,OB,OB,No-pair,fx wire,Caceis booked the fx wire for SD 10-15-2019. Integrata yet to book,883858683,883858683,4551456423,-590882299,2021-07-29
1345,,440_4551023983_CACEIS,1500214245,OB,OB,No-pair,fx wire,Caceis booked the fx wire for SD 09-15-2020. Integrata yet to book,1500214245,1500214245,4551456423,-590882299,2021-07-29
1346,,2_4551292839_CACEIS,1857221913,OB,OB,No-pair,monthend interest,Caceis booked the monthend interest for SD 04-01-2021. Integrata yet to book,1857221913,1857221913,4551456423,-590882299,2021-07-29
1347,,4_455383061_CACEIS,555496406,OB,OB,No-pair,fx wire,Caceis booked the fx wire for SD 04-26-2019. Integrata yet to book,555496406,555496406,4551456423,-590882299,2021-07-29
1348,,12_455570278_CACEIS,849574795,OB,OB,No-pair,monthend interest,Caceis booked the monthend interest for SD 10-01-2019. Integrata yet to book,849574795,849574795,4551456423,-590882299,2021-07-29
1349,,18_4551197321_CACEIS,1730233491,OB,OB,No-pair,wire transfer,Caceis booked the wire transfer for SD 01-19-2021. Integrata yet to book,1730233491,1730233491,4551456423,-590882299,2021-07-29
1350,,123_4551201062_CACEIS,1734565996,OB,OB,No-pair,fx wire,Caceis booked the fx wire for SD 01-22-2021. Integrata yet to book,1734565996,1734565996,4551456423,-590882299,2021-07-29
1351,,183_4551023983_CACEIS,1500213959,OB,OB,No-pair,fx wire,Caceis booked the fx wire for SD 09-15-2020. Integrata yet to book,1500213959,1500213959,4551456423,-590882299,2021-07-29
1352,,480_455900053_CACEIS,1336713995,OB,OB,No-pair,fx wire,Caceis booked the fx wire for SD 06-15-2020. Integrata yet to book,1336713995,1336713995,4551456423,-590882299,2021-07-29
1353,,35_455803095_CACEIS,1210223482,OB,OB,No-pair,wire transfer,Caceis booked the wire transfer for SD 03-31-2020. Integrata yet to book,1210223482,1210223482,4551456423,-590882299,2021-07-29
1354,,110_455862625_CACEIS,1287003251,OB,OB,No-pair,fx wire,Caceis booked the fx wire for SD 05-15-2020. Integrata yet to book,1287003251,1287003251,4551456423,-590882299,2021-07-29
1355,,2_455973142_CACEIS,1434649965,OB,OB,No-pair,fx wire,Caceis booked the fx wire for SD 08-07-2020. Integrata yet to book,1434649965,1434649965,4551456423,-590882299,2021-07-29
1356,,17_455662172_CACEIS,1008560371,OB,OB,No-pair,proceeds sell,Caceis booked the Miscellaneous for SD 12-11-2019. Integrata yet to book,1008560371,1008560371,4551456423,-590882299,2021-07-29
1357,,368_455590588_CACEIS,883858467,OB,OB,No-pair,fx wire,Caceis booked the fx wire for SD 10-15-2019. Integrata yet to book,883858467,883858467,4551456423,-590882299,2021-07-29
1358,,88_455442954_CACEIS,637183890,OB,OB,No-pair,fx wire,Caceis booked the fx wire for SD 06-17-2019. Integrata yet to book,637183890,637183890,4551456423,-590882299,2021-07-29
1359,,742_455862625_CACEIS,1287005098,OB,OB,No-pair,fx wire,Caceis booked the fx wire for SD 05-15-2020. Integrata yet to book,1287005098,1287005098,4551456423,-590882299,2021-07-29
1360,,367_4551066313_CACEIS,1556876464,OB,OB,No-pair,fx wire,Caceis booked the fx wire for SD 10-15-2020. Integrata yet to book,1556876464,1556876464,4551456423,-590882299,2021-07-29
1361,,787_455822501_CACEIS,1235308729,OB,OB,No-pair,fx wire,Caceis booked the fx wire for SD 04-15-2020. Integrata yet to book,1235308729,1235308729,4551456423,-590882299,2021-07-29
1362,,1330_455643841_CACEIS,975324402,OB,OB,No-pair,fx wire,Caceis booked the fx wire for SD 11-15-2019. Integrata yet to book,975324402,975324402,4551456423,-590882299,2021-07-29
1363,,103_4551232906_CACEIS,1780156491,OB,OB,No-pair,fx wire,Caceis booked the fx wire for SD 02-16-2021. Integrata yet to book,1780156491,1780156491,4551456423,-590882299,2021-07-29
1364,,1_4551281272_CACEIS,1842371421,OB,OB,No-pair,wire transfer,Caceis booked the wire transfer for SD 03-23-2021. Integrata yet to book,1842371421,1842371421,4551456423,-590882299,2021-07-29
1365,,11_455662172_CACEIS,1008560370,OB,OB,No-pair,wire transfer,Caceis booked the wire transfer for SD 09-27-2019. Integrata yet to book,1008560370,1008560370,4551456423,-590882299,2021-07-29
1366,,264_4551109218_CACEIS,1613286795,OB,OB,No-pair,fx wire,Caceis booked the fx wire for SD 11-16-2020. Integrata yet to book,1613286795,1613286795,4551456423,-590882299,2021-07-29
1367,,5_455570278_CACEIS,849574792,OB,OB,No-pair,monthend interest,Caceis booked the monthend interest for SD 10-01-2019. Integrata yet to book,849574792,849574792,4551456423,-590882299,2021-07-29
1368,,160_4551201062_CACEIS,1734566006,OB,OB,No-pair,fx wire,Caceis booked the fx wire for SD 01-22-2021. Integrata yet to book,1734566006,1734566006,4551456423,-590882299,2021-07-29
1369,,1_455755745_CACEIS,1145540675,OB,OB,No-pair,wire transfer,Caceis booked the wire transfer for SD 02-24-2020. Integrata yet to book,1145540675,1145540675,4551456423,-590882299,2021-07-29
1370,,112_4551105378_CACEIS,1608089305,OB,OB,No-pair,fees,Caceis booked the fees for SD 11-12-2020. Integrata yet to book,1608089305,1608089305,4551456423,-590882299,2021-07-29
1371,,443_4551109218_CACEIS,1613287036,OB,OB,No-pair,fx wire,Caceis booked the fx wire for SD 11-16-2020. Integrata yet to book,1613287036,1613287036,4551456423,-590882299,2021-07-29
1372,,529_455822501_CACEIS,1235308353,OB,OB,No-pair,fx wire,Caceis booked the fx wire for SD 04-15-2020. Integrata yet to book,1235308353,1235308353,4551456423,-590882299,2021-07-29
1373,,375_455862625_CACEIS,1287003292,OB,OB,No-pair,fees,Caceis booked the fees for SD 05-13-2020. Integrata yet to book,1287003292,1287003292,4551456423,-590882299,2021-07-29
1374,,242_455748445_CACEIS,1136275263,OB,OB,No-pair,fx wire,Caceis booked the fx wire for SD 02-18-2020. Integrata yet to book,1136275263,1136275263,4551456423,-590882299,2021-07-29
1375,,767_455822501_CACEIS,1235308651,OB,OB,No-pair,fx wire,Caceis booked the fx wire for SD 04-15-2020. Integrata yet to book,1235308651,1235308651,4551456423,-590882299,2021-07-29
1376,,57_306589_CACEIS,433998208,OB,OB,No-pair,fx wire,Caceis booked the fx wire for SD 02-15-2019. Integrata yet to book,433998208,433998208,4551456423,-590882299,2021-07-29
1377,,43_455782293_CACEIS,1183563038,OB,OB,No-pair,fx wire,Caceis booked the fx wire for SD 03-13-2020. Integrata yet to book,1183563038,1183563038,4551456423,-590882299,2021-07-29
1378,,1_4551073975_CACEIS,1566704348,OB,OB,No-pair,wire transfer,Caceis booked the wire transfer for SD 10-21-2020. Integrata yet to book,1566704348,1566704348,4551456423,-590882299,2021-07-29
1379,,459_4551149959_CACEIS,1667623286,OB,OB,No-pair,fx wire,Caceis booked the fx wire for SD 12-15-2020. Integrata yet to book,1667623286,1667623286,4551456423,-590882299,2021-07-29
1380,,130_4551191593_CACEIS,1722905051,OB,OB,No-pair,fx wire,Caceis booked the fx wire for SD 01-15-2021. Integrata yet to book,1722905051,1722905051,4551456423,-590882299,2021-07-29
1381,,121_4551232906_CACEIS,1780156472,OB,OB,No-pair,fx wire,Caceis booked the fx wire for SD 02-16-2021. Integrata yet to book,1780156472,1780156472,4551456423,-590882299,2021-07-29
1382,,94_4551229444_CACEIS,1775243152,OB,OB,No-pair,fx wire,Caceis booked the fx wire for SD 02-12-2021. Integrata yet to book,1775243152,1775243152,4551456423,-590882299,2021-07-29
1383,,14_4551003590_CACEIS,1473425987,OB,OB,No-pair,monthend interest,Caceis booked the monthend interest for SD 09-01-2020. Integrata yet to book,1473425987,1473425987,4551456423,-590882299,2021-07-29
1384,,133_4551105378_CACEIS,1608089238,OB,OB,No-pair,fees,Caceis booked the fees for SD 11-12-2020. Integrata yet to book,1608089238,1608089238,4551456423,-590882299,2021-07-29
1385,,407_455822501_CACEIS,1235308342,OB,OB,No-pair,fx wire,Caceis booked the fx wire for SD 04-15-2020. Integrata yet to book,1235308342,1235308342,4551456423,-590882299,2021-07-29
1386,,140_4551144082_CACEIS,1659707095,OB,OB,No-pair,proceeds sell,Caceis booked the Miscellaneous for SD 12-10-2020. Integrata yet to book,1659707095,1659707095,4551456423,-590882299,2021-07-29
1387,,98_455590588_CACEIS,883858372,OB,OB,No-pair,fx wire,Caceis booked the fx wire for SD 10-15-2019. Integrata yet to book,883858372,883858372,4551456423,-590882299,2021-07-29
1388,,64_306589_CACEIS,433998253,OB,OB,No-pair,fx wire,Caceis booked the fx wire for SD 02-15-2019. Integrata yet to book,433998253,433998253,4551456423,-590882299,2021-07-29
1389,,442_455940640_CACEIS,1391596352,OB,OB,No-pair,fx wire,Caceis booked the fx wire for SD 07-15-2020. Integrata yet to book,1391596352,1391596352,4551456423,-590882299,2021-07-29
1390,,1_4551390838_CACEIS,1992497428,OB,OB,No-pair,fx wire,Caceis booked the fx wire for SD 06-11-2021. Integrata yet to book,1992497428,1992497428,4551456423,-590882299,2021-07-29
1391,,64_455907521_CACEIS,1347197348,OB,OB,No-pair,fx wire,Caceis booked the fx wire for SD 06-19-2020. Integrata yet to book,1347197348,1347197348,4551456423,-590882299,2021-07-29
1392,,13_4551374975_CACEIS,1971733178,OB,OB,No-pair,wire transfer,Caceis booked the wire transfer for SD 06-01-2021. Integrata yet to book,1971733178,1971733178,4551456423,-590882299,2021-07-29
1393,,76_455762980_CACEIS,1156897753,OB,OB,No-pair,fx wire,Caceis booked the fx wire for SD 02-28-2020. Integrata yet to book,1156897753,1156897753,4551456423,-590882299,2021-07-29
1394,,22_455577664_CACEIS,861360933,OB,OB,No-pair,wire transfer,Caceis booked the wire transfer for SD 09-30-2019. Integrata yet to book,861360933,861360933,4551456423,-590882299,2021-07-29
1395,,545_4551149959_CACEIS,1667623330,OB,OB,No-pair,fx wire,Caceis booked the fx wire for SD 12-15-2020. Integrata yet to book,1667623330,1667623330,4551456423,-590882299,2021-07-29
1396,,115_4551220415_CACEIS,1761956048,OB,OB,No-pair,fx wire,Caceis booked the fx wire for SD 02-05-2021. Integrata yet to book,1761956048,1761956048,4551456423,-590882299,2021-07-29
1397,,114_4551109218_CACEIS,1613286624,OB,OB,No-pair,fx wire,Caceis booked the fx wire for SD 11-16-2020. Integrata yet to book,1613286624,1613286624,4551456423,-590882299,2021-07-29
1398,,80_4551087502_CACEIS,1584326611,OB,OB,No-pair,monthend interest,Caceis booked the monthend interest for SD 11-01-2020. Integrata yet to book,1584326611,1584326611,4551456423,-590882299,2021-07-29
1399,,188_4551232906_CACEIS,1780156476,OB,OB,No-pair,fx wire,Caceis booked the fx wire for SD 02-16-2021. Integrata yet to book,1780156476,1780156476,4551456423,-590882299,2021-07-29
1400,,16_455963450_CACEIS,1421777857,OB,OB,No-pair,monthend interest,Caceis booked the monthend interest for SD 08-01-2020. Integrata yet to book,1421777857,1421777857,4551456423,-590882299,2021-07-29
1401,,29_4551060531_CACEIS,1548950721,OB,OB,No-pair,wire transfer,Caceis booked the wire transfer for SD 10-12-2020. Integrata yet to book,1548950721,1548950721,4551456423,-590882299,2021-07-29
1402,,59_455586694_CACEIS,876699152,OB,OB,No-pair,wire transfer,Caceis booked the wire transfer for SD 10-11-2019. Integrata yet to book,876699152,876699152,4551456423,-590882299,2021-07-29
1403,,15_455861455_CACEIS,1285500780,OB,OB,No-pair,fees,Caceis booked the fees for SD 05-12-2020. Integrata yet to book,1285500780,1285500780,4551456423,-590882299,2021-07-29
1404,,2_455672797_CACEIS,1026409323,OB,OB,No-pair,wire transfer,Caceis booked the wire transfer for SD 12-13-2019. Integrata yet to book,1026409323,1026409323,4551456423,-590882299,2021-07-29
1405,,665_455643841_CACEIS,975323737,OB,OB,No-pair,corporate action,Caceis booked the corporate action for SD 11-18-2019. Integrata yet to book,975323737,975323737,4551456423,-590882299,2021-07-29
1406,,53_455762980_CACEIS,1156897689,OB,OB,No-pair,monthend interest,Caceis booked the monthend interest for SD 03-01-2020. Integrata yet to book,1156897689,1156897689,4551456423,-590882299,2021-07-29
1407,,253_4551210754_CACEIS,1748958252,OB,OB,No-pair,monthend interest,Caceis booked the monthend interest for SD 02-01-2021. Integrata yet to book,1748958252,1748958252,4551456423,-590882299,2021-07-29
1408,,8_4551315208_CACEIS,1885912654,OB,OB,No-pair,fx wire,Caceis booked the fx wire for SD 04-16-2021. Integrata yet to book,1885912654,1885912654,4551456423,-590882299,2021-07-29
1409,,448_455783582_CACEIS,1185159620,OB,OB,No-pair,fx wire,Caceis booked the fx wire for SD 03-16-2020. Integrata yet to book,1185159620,1185159620,4551456423,-590882299,2021-07-29
1410,,722_455643841_CACEIS,975323794,OB,OB,No-pair,monthend interest,Caceis booked the monthend interest for SD 10-31-2019. Integrata yet to book,975323794,975323794,4551456423,-590882299,2021-07-29
1411,,462_455783582_CACEIS,1185159659,OB,OB,No-pair,fx wire,Caceis booked the fx wire for SD 03-16-2020. Integrata yet to book,1185159659,1185159659,4551456423,-590882299,2021-07-29
1412,,34_455662172_CACEIS,1008560383,OB,OB,No-pair,fees,Caceis booked the fees for SD 12-09-2019. Integrata yet to book,1008560383,1008560383,4551456423,-590882299,2021-07-29
1413,,8_4551220415_CACEIS,1761956062,OB,OB,No-pair,fx wire,Caceis booked the fx wire for SD 02-05-2021. Integrata yet to book,1761956062,1761956062,4551456423,-590882299,2021-07-29
1414,,101_455643841_CACEIS,975323173,OB,OB,No-pair,dividend,Caceis booked the dividend for SD 11-01-2019. Integrata yet to book,975323173,975323173,4551456423,-590882299,2021-07-29
1415,,485_455862625_CACEIS,1287003793,OB,OB,No-pair,fx wire,Caceis booked the fx wire for SD 05-15-2020. Integrata yet to book,1287003793,1287003793,4551456423,-590882299,2021-07-29
1416,,4_4551166054_CACEIS,1689088061,OB,OB,No-pair,wire transfer,Caceis booked the wire transfer for SD 12-28-2020. Integrata yet to book,1689088061,1689088061,4551456423,-590882299,2021-07-29
1417,,370_4551066313_CACEIS,1556876556,OB,OB,No-pair,fx wire,Caceis booked the fx wire for SD 10-15-2020. Integrata yet to book,1556876556,1556876556,4551456423,-590882299,2021-07-29
1418,,264_4551149959_CACEIS,1667623170,OB,OB,No-pair,fx wire,Caceis booked the fx wire for SD 12-15-2020. Integrata yet to book,1667623170,1667623170,4551456423,-590882299,2021-07-29
1419,,1_455439597_CACEIS,632008192,OB,OB,No-pair,wire transfer,Caceis booked the wire transfer for SD 06-13-2019. Integrata yet to book,632008192,632008192,4551456423,-590882299,2021-07-29
1420,,481_455822501_CACEIS,1235308175,OB,OB,No-pair,wire transfer,Caceis booked the wire transfer for SD 04-14-2020. Integrata yet to book,1235308175,1235308175,4551456423,-590882299,2021-07-29
1421,,12_4551324555_CACEIS,1898109386,OB,OB,No-pair,fx wire,Caceis booked the fx wire for SD 04-23-2021. Integrata yet to book,1898109386,1898109386,4551456423,-590882299,2021-07-29
1422,,354_455900053_CACEIS,1336713832,OB,OB,No-pair,fx wire,Caceis booked the fx wire for SD 06-15-2020. Integrata yet to book,1336713832,1336713832,4551456423,-590882299,2021-07-29
1423,,1_266489_CACEIS,366622942,OB,OB,No-pair,proceeds sell,Caceis booked the Miscellaneous for SD 01-14-2019. Integrata yet to book,366622942,366622942,4551456423,-590882299,2021-07-29
1424,,444_455985296_CACEIS,1449582227,OB,OB,No-pair,fx wire,Caceis booked the fx wire for SD 08-17-2020. Integrata yet to book,1449582227,1449582227,4551456423,-590882299,2021-07-29
1425,,269_455748445_CACEIS,1136275339,OB,OB,No-pair,fx wire,Caceis booked the fx wire for SD 02-18-2020. Integrata yet to book,1136275339,1136275339,4551456423,-590882299,2021-07-29
1426,,5_4551382936_CACEIS,1982280377,OB,OB,No-pair,wire transfer,Caceis booked the wire transfer for SD 06-07-2021. Integrata yet to book,1982280377,1982280377,4551456423,-590882299,2021-07-29
1427,,460_455783582_CACEIS,1185159636,OB,OB,No-pair,fx wire,Caceis booked the fx wire for SD 03-16-2020. Integrata yet to book,1185159636,1185159636,4551456423,-590882299,2021-07-29
1428,,86_4551087502_CACEIS,1584326668,OB,OB,No-pair,monthend interest,Caceis booked the monthend interest for SD 11-01-2020. Integrata yet to book,1584326668,1584326668,4551456423,-590882299,2021-07-29
1429,,107_455590588_CACEIS,883858362,OB,OB,No-pair,fx wire,Caceis booked the fx wire for SD 10-15-2019. Integrata yet to book,883858362,883858362,4551456423,-590882299,2021-07-29
1430,,14_4551343376_CACEIS,1925737860,OB,OB,No-pair,fx wire,Caceis booked the fx wire for SD 05-07-2021. Integrata yet to book,1925737860,1925737860,4551456423,-590882299,2021-07-29
1431,,5_455586694_CACEIS,876699090,OB,OB,No-pair,fx wire,Caceis booked the fx wire for SD 10-11-2019. Integrata yet to book,876699090,876699090,4551456423,-590882299,2021-07-29
1432,,27_455914788_CACEIS,1356802608,OB,OB,No-pair,proceeds sell,Caceis booked the Miscellaneous for SD 05-29-2020. Integrata yet to book,1356802608,1356802608,4551456423,-590882299,2021-07-29
1433,,77_4551125930_CACEIS,1635426476,OB,OB,No-pair,fx wire,Caceis booked the fx wire for SD 11-27-2020. Integrata yet to book,1635426476,1635426476,4551456423,-590882299,2021-07-29
1434,,26_4551246640_CACEIS,1797846192,OB,OB,No-pair,wire transfer,Caceis booked the wire transfer for SD 01-26-2021. Integrata yet to book,1797846192,1797846192,4551456423,-590882299,2021-07-29
1435,,38_455658450_CACEIS,1002374646,OB,OB,No-pair,fx wire,Caceis booked the fx wire for SD 12-06-2019. Integrata yet to book,1002374646,1002374646,4551456423,-590882299,2021-07-29
1436,,208_455643841_CACEIS,975323280,OB,OB,No-pair,dividend,Caceis booked the dividend for SD 11-08-2019. Integrata yet to book,975323280,975323280,4551456423,-590882299,2021-07-29
1437,,269_4551313388_CACEIS,1883527931,OB,OB,No-pair,fx wire,Caceis booked the fx wire for SD 04-15-2021. Integrata yet to book,1883527931,1883527931,4551456423,-590882299,2021-07-29
1438,,75_4551264332_CACEIS,1819946068,OB,OB,No-pair,wire transfer,Caceis booked the wire transfer for SD 03-10-2021. Integrata yet to book,1819946068,1819946068,4551456423,-590882299,2021-07-29
1439,,46_4551174457_CACEIS,1699762762,OB,OB,No-pair,fx wire,Caceis booked the fx wire for SD 01-04-2021. Integrata yet to book,1699762762,1699762762,4551456423,-590882299,2021-07-29
1440,,2_455570278_CACEIS,849574753,OB,OB,No-pair,monthend interest,Caceis booked the monthend interest for SD 10-01-2019. Integrata yet to book,849574753,849574753,4551456423,-590882299,2021-07-29
1441,,10_455703020_CACEIS,1077370240,OB,OB,No-pair,wire transfer,Caceis booked the wire transfer for SD 01-13-2020. Integrata yet to book,1077370240,1077370240,4551456423,-590882299,2021-07-29
1442,,393_455590588_CACEIS,883858651,OB,OB,No-pair,fx wire,Caceis booked the fx wire for SD 10-15-2019. Integrata yet to book,883858651,883858651,4551456423,-590882299,2021-07-29
1443,,61_4551171343_CACEIS,1696929197,OB,OB,No-pair,monthend interest,Caceis booked the monthend interest for SD 01-01-2021. Integrata yet to book,1696929197,1696929197,4551456423,-590882299,2021-07-29
1444,,142_455900053_CACEIS,1336713309,OB,OB,No-pair,fx wire,Caceis booked the fx wire for SD 06-15-2020. Integrata yet to book,1336713309,1336713309,4551456423,-590882299,2021-07-29
1445,,249_4551313388_CACEIS,1883527839,OB,OB,No-pair,fx wire,Caceis booked the fx wire for SD 04-15-2021. Integrata yet to book,1883527839,1883527839,4551456423,-590882299,2021-07-29
1446,,4_4551256295_CACEIS,1810321900,OB,OB,No-pair,proceeds sell,Caceis booked the Miscellaneous for SD 03-04-2021. Integrata yet to book,1810321900,1810321900,4551456423,-590882299,2021-07-29
1447,,7_4551033955_CACEIS,1513935507,OB,OB,No-pair,wire transfer,Caceis booked the wire transfer for SD 09-22-2020. Integrata yet to book,1513935507,1513935507,4551456423,-590882299,2021-07-29
1448,,357_455862625_CACEIS,1287003388,OB,OB,No-pair,fees,Caceis booked the fees for SD 05-13-2020. Integrata yet to book,1287003388,1287003388,4551456423,-590882299,2021-07-29
1449,,9_4551428980_CACEIS,2040344596,OB,OB,No-pair,fx wire,Caceis booked the fx wire for SD 07-09-2021. Integrata yet to book,2040344596,2040344596,4551456423,-590882299,2021-07-29
1450,,100_455762980_CACEIS,1156897880,OB,OB,No-pair,monthend interest,Caceis booked the monthend interest for SD 03-01-2020. Integrata yet to book,1156897880,1156897880,4551456423,-590882299,2021-07-29
1451,,105_4551269721_CACEIS,1827473833,OB,OB,No-pair,fx wire,Caceis booked the fx wire for SD 03-15-2021. Integrata yet to book,1827473833,1827473833,4551456423,-590882299,2021-07-29
1452,,444_455940640_CACEIS,1391596399,OB,OB,No-pair,fx wire,Caceis booked the fx wire for SD 07-15-2020. Integrata yet to book,1391596399,1391596399,4551456423,-590882299,2021-07-29
1453,,499_455900053_CACEIS,1336713952,OB,OB,No-pair,fx wire,Caceis booked the fx wire for SD 06-15-2020. Integrata yet to book,1336713952,1336713952,4551456423,-590882299,2021-07-29
1454,,70_455963450_CACEIS,1421777851,OB,OB,No-pair,fx wire,Caceis booked the fx wire for SD 07-31-2020. Integrata yet to book,1421777851,1421777851,4551456423,-590882299,2021-07-29
1455,,10_455916649_CACEIS,1359361372,OB,OB,No-pair,wire transfer,Caceis booked the wire transfer for SD 06-26-2020. Integrata yet to book,1359361372,1359361372,4551456423,-590882299,2021-07-29
1456,,38_4551044906_CACEIS,1528403626,OB,OB,No-pair,wire transfer,Caceis booked the wire transfer for SD 09-21-2020. Integrata yet to book,1528403626,1528403626,4551456423,-590882299,2021-07-29
1457,,14_4551155693_CACEIS,1675163294,OB,OB,No-pair,fx wire,Caceis booked the fx wire for SD 12-18-2020. Integrata yet to book,1675163294,1675163294,4551456423,-590882299,2021-07-29
1458,,12_4551182476_CACEIS,1710215372,OB,OB,No-pair,fx wire,Caceis booked the fx wire for SD 01-08-2021. Integrata yet to book,1710215372,1710215372,4551456423,-590882299,2021-07-29
1459,,26_455898221_CACEIS,1334730908,OB,OB,No-pair,fees,Caceis booked the fees for SD 06-12-2020. Integrata yet to book,1334730908,1334730908,4551456423,-590882299,2021-07-29
1460,,83_455808758_CACEIS,1217520414,OB,OB,No-pair,fx wire,Caceis booked the fx wire for SD 04-03-2020. Integrata yet to book,1217520414,1217520414,4551456423,-590882299,2021-07-29
1461,,34_455803095_CACEIS,1210223546,OB,OB,No-pair,monthend interest,Caceis booked the monthend interest for SD 04-01-2020. Integrata yet to book,1210223546,1210223546,4551456423,-590882299,2021-07-29
1462,,187_4551023983_CACEIS,1500213900,OB,OB,No-pair,fx wire,Caceis booked the fx wire for SD 09-15-2020. Integrata yet to book,1500213900,1500213900,4551456423,-590882299,2021-07-29
1463,,26_455439597_CACEIS,632008271,OB,OB,No-pair,wire transfer,Caceis booked the wire transfer for SD 06-13-2019. Integrata yet to book,632008271,632008271,4551456423,-590882299,2021-07-29
1464,,144_4551018409_CACEIS,1492757193,OB,OB,No-pair,fees,Caceis booked the fees for SD 09-10-2020. Integrata yet to book,1492757193,1492757193,4551456423,-590882299,2021-07-29
1465,,8_455464963_CACEIS,673465255,OB,OB,No-pair,fx wire,Caceis booked the fx wire for SD 07-05-2019. Integrata yet to book,673465255,673465255,4551456423,-590882299,2021-07-29
1466,,68_455822501_CACEIS,1235308016,OB,OB,No-pair,fx wire,Caceis booked the fx wire for SD 04-15-2020. Integrata yet to book,1235308016,1235308016,4551456423,-590882299,2021-07-29
1467,,254_4551354754_CACEIS,1942399744,OB,OB,No-pair,fx wire,Caceis booked the fx wire for SD 05-17-2021. Integrata yet to book,1942399744,1942399744,4551456423,-590882299,2021-07-29
1468,,853_455822501_CACEIS,1235308727,OB,OB,No-pair,fx wire,Caceis booked the fx wire for SD 04-15-2020. Integrata yet to book,1235308727,1235308727,4551456423,-590882299,2021-07-29
1469,,834_455822501_CACEIS,1235308855,OB,OB,No-pair,fx wire,Caceis booked the fx wire for SD 04-15-2020. Integrata yet to book,1235308855,1235308855,4551456423,-590882299,2021-07-29
1470,,62_455516633_CACEIS,760048315,OB,OB,No-pair,fx wire,Caceis booked the fx wire for SD 08-16-2019. Integrata yet to book,760048315,760048315,4551456423,-590882299,2021-07-29
1471,,33_4551044906_CACEIS,1528403621,OB,OB,No-pair,wire transfer,Caceis booked the wire transfer for SD 09-21-2020. Integrata yet to book,1528403621,1528403621,4551456423,-590882299,2021-07-29
1472,,8_307472_CACEIS,436148250,OB,OB,No-pair,wire transfer,Caceis booked the wire transfer for SD 02-13-2019. Integrata yet to book,436148250,436148250,4551456423,-590882299,2021-07-29
1473,,5_4551171343_CACEIS,1696929172,OB,OB,No-pair,monthend interest,Caceis booked the monthend interest for SD 01-01-2021. Integrata yet to book,1696929172,1696929172,4551456423,-590882299,2021-07-29
1474,,15_455449139_CACEIS,646003542,OB,OB,No-pair,wire transfer,Caceis booked the wire transfer for SD 06-21-2019. Integrata yet to book,646003542,646003542,4551456423,-590882299,2021-07-29
1475,,85_455898221_CACEIS,1334730727,OB,OB,No-pair,wire transfer,Caceis booked the wire transfer for SD 06-12-2020. Integrata yet to book,1334730727,1334730727,4551456423,-590882299,2021-07-29
1476,,3_455547231_CACEIS,811491715,OB,OB,No-pair,fees,Caceis booked the fees for SD 09-11-2019. Integrata yet to book,811491715,811491715,4551456423,-590882299,2021-07-29
1477,,23_455547231_CACEIS,811491658,OB,OB,No-pair,fees,Caceis booked the fees for SD 09-11-2019. Integrata yet to book,811491658,811491658,4551456423,-590882299,2021-07-29
1478,,97_4551394628_CACEIS,1997244559,OB,OB,No-pair,fx wire,Caceis booked the fx wire for SD 06-15-2021. Integrata yet to book,1997244559,1997244559,4551456423,-590882299,2021-07-29
1479,,328_455900053_CACEIS,1336713625,OB,OB,No-pair,fx wire,Caceis booked the fx wire for SD 06-15-2020. Integrata yet to book,1336713625,1336713625,4551456423,-590882299,2021-07-29
1480,,45_455782293_CACEIS,1183563019,OB,OB,No-pair,fx wire,Caceis booked the fx wire for SD 03-13-2020. Integrata yet to book,1183563019,1183563019,4551456423,-590882299,2021-07-29
1481,,100_4551239617_CACEIS,1789074792,OB,OB,No-pair,fx wire,Caceis booked the fx wire for SD 02-19-2021. Integrata yet to book,1789074792,1789074792,4551456423,-590882299,2021-07-29
1482,,1_455577664_CACEIS,861360874,OB,OB,No-pair,fx wire,Caceis booked the fx wire for SD 10-04-2019. Integrata yet to book,861360874,861360874,4551456423,-590882299,2021-07-29
1483,,14_455464963_CACEIS,673465230,OB,OB,No-pair,fx wire,Caceis booked the fx wire for SD 07-05-2019. Integrata yet to book,673465230,673465230,4551456423,-590882299,2021-07-29
1484,,2_306624_CACEIS,434144574,OB,OB,No-pair,proceeds sell,Caceis booked the Miscellaneous for SD 02-18-2019. Integrata yet to book,434144574,434144574,4551456423,-590882299,2021-07-29
1485,,30_4551182476_CACEIS,1710215373,OB,OB,No-pair,fx wire,Caceis booked the fx wire for SD 01-08-2021. Integrata yet to book,1710215373,1710215373,4551456423,-590882299,2021-07-29
1486,,78_455585083_CACEIS,874262494,OB,OB,No-pair,fees,Caceis booked the fees for SD 10-10-2019. Integrata yet to book,874262494,874262494,4551456423,-590882299,2021-07-29
1487,,83_455862625_CACEIS,1287003012,OB,OB,No-pair,fx wire,Caceis booked the fx wire for SD 05-15-2020. Integrata yet to book,1287003012,1287003012,4551456423,-590882299,2021-07-29
1488,,21_455920273_CACEIS,1364559782,OB,OB,No-pair,monthend interest,Caceis booked the monthend interest for SD 07-01-2020. Integrata yet to book,1364559782,1364559782,4551456423,-590882299,2021-07-29
1489,,71_4551232906_CACEIS,1780156450,OB,OB,No-pair,fx wire,Caceis booked the fx wire for SD 02-16-2021. Integrata yet to book,1780156450,1780156450,4551456423,-590882299,2021-07-29
1490,,233_4551248485_CACEIS,1800039550,OB,OB,No-pair,fx wire,Caceis booked the fx wire for SD 02-26-2021. Integrata yet to book,1800039550,1800039550,4551456423,-590882299,2021-07-29
1491,,12_455808758_CACEIS,1217520440,OB,OB,No-pair,fx wire,Caceis booked the fx wire for SD 04-03-2020. Integrata yet to book,1217520440,1217520440,4551456423,-590882299,2021-07-29
1492,,49_455748445_CACEIS,1136275040,OB,OB,No-pair,fx wire,Caceis booked the fx wire for SD 02-18-2020. Integrata yet to book,1136275040,1136275040,4551456423,-590882299,2021-07-29
1493,,33_455585083_CACEIS,874262525,OB,OB,No-pair,wire transfer,Caceis booked the wire transfer for SD 10-10-2019. Integrata yet to book,874262525,874262525,4551456423,-590882299,2021-07-29
1494,,252_4551269721_CACEIS,1827474090,OB,OB,No-pair,fx wire,Caceis booked the fx wire for SD 03-15-2021. Integrata yet to book,1827474090,1827474090,4551456423,-590882299,2021-07-29
1495,,4_4551178600_CACEIS,1704947171,OB,OB,No-pair,wire transfer,Caceis booked the wire transfer for SD 11-26-2020. Integrata yet to book,1704947171,1704947171,4551456423,-590882299,2021-07-29
1496,,52_455745203_CACEIS,1132280307,OB,OB,No-pair,fx wire,Caceis booked the fx wire for SD 02-14-2020. Integrata yet to book,1132280307,1132280307,4551456423,-590882299,2021-07-29
1497,,420_4551232906_CACEIS,1780156757,OB,OB,No-pair,fx wire,Caceis booked the fx wire for SD 02-16-2021. Integrata yet to book,1780156757,1780156757,4551456423,-590882299,2021-07-29
1498,,30_4551315208_CACEIS,1885912675,OB,OB,No-pair,wire transfer,Caceis booked the wire transfer for SD 04-16-2021. Integrata yet to book,1885912675,1885912675,4551456423,-590882299,2021-07-29
1499,,58_455718167_CACEIS,1096511942,OB,OB,No-pair,fx wire,Caceis booked the fx wire for SD 01-24-2020. Integrata yet to book,1096511942,1096511942,4551456423,-590882299,2021-07-29
1500,,246_4551394628_CACEIS,1997244761,OB,OB,No-pair,fx wire,Caceis booked the fx wire for SD 06-15-2021. Integrata yet to book,1997244761,1997244761,4551456423,-590882299,2021-07-29
1501,,64_4551220415_CACEIS,1761956035,OB,OB,No-pair,wire transfer,Caceis booked the wire transfer for SD 02-05-2021. Integrata yet to book,1761956035,1761956035,4551456423,-590882299,2021-07-29
1502,,47_455667500_CACEIS,1017540692,OB,OB,No-pair,wire transfer,Caceis booked the wire transfer for SD 12-13-2019. Integrata yet to book,1017540692,1017540692,4551456423,-590882299,2021-07-29
1503,,90_455585083_CACEIS,874262433,OB,OB,No-pair,fees,Caceis booked the fees for SD 10-10-2019. Integrata yet to book,874262433,874262433,4551456423,-590882299,2021-07-29
1504,,36_455554115_CACEIS,824384941,OB,OB,No-pair,fx wire,Caceis booked the fx wire for SD 09-17-2019. Integrata yet to book,824384941,824384941,4551456423,-590882299,2021-07-29
1505,,8_4551438780_CACEIS,2052260374,OB,OB,No-pair,fx wire,Caceis booked the fx wire for SD 07-16-2021. Integrata yet to book,2052260374,2052260374,4551456423,-590882299,2021-07-29
1506,,1_455699362_CACEIS,1072295551,OB,OB,No-pair,wire transfer,Caceis booked the wire transfer for SD 01-09-2020. Integrata yet to book,1072295551,1072295551,4551456423,-590882299,2021-07-29
1507,,1_306624_CACEIS,434144573,OB,OB,No-pair,proceeds sell,Caceis booked the Miscellaneous for SD 02-11-2019. Integrata yet to book,434144573,434144573,4551456423,-590882299,2021-07-29
1508,,53_306589_CACEIS,433998224,OB,OB,No-pair,fx wire,Caceis booked the fx wire for SD 02-15-2019. Integrata yet to book,433998224,433998224,4551456423,-590882299,2021-07-29
1509,,20_4551235027_CACEIS,1782782877,OB,OB,No-pair,proceeds sell,Caceis booked the Miscellaneous for SD 02-17-2021. Integrata yet to book,1782782877,1782782877,4551456423,-590882299,2021-07-29
1510,,10_455874345_CACEIS,1302176817,OB,OB,No-pair,fx wire,Caceis booked the fx wire for SD 05-26-2020. Integrata yet to book,1302176817,1302176817,4551456423,-590882299,2021-07-29
1511,,59_455718167_CACEIS,1096511953,OB,OB,No-pair,fx wire,Caceis booked the fx wire for SD 01-24-2020. Integrata yet to book,1096511953,1096511953,4551456423,-590882299,2021-07-29
1512,,43_455803095_CACEIS,1210223531,OB,OB,No-pair,monthend interest,Caceis booked the monthend interest for SD 04-01-2020. Integrata yet to book,1210223531,1210223531,4551456423,-590882299,2021-07-29
1513,,54_455953995_CACEIS,1409848169,OB,OB,No-pair,fx wire,Caceis booked the fx wire for SD 07-24-2020. Integrata yet to book,1409848169,1409848169,4551456423,-590882299,2021-07-29
1514,,132_4551105378_CACEIS,1608089230,OB,OB,No-pair,fees,Caceis booked the fees for SD 11-12-2020. Integrata yet to book,1608089230,1608089230,4551456423,-590882299,2021-07-29
1515,,101_455822501_CACEIS,1235307879,OB,OB,No-pair,fx wire,Caceis booked the fx wire for SD 04-15-2020. Integrata yet to book,1235307879,1235307879,4551456423,-590882299,2021-07-29
1516,,538_455822501_CACEIS,1235307940,OB,OB,No-pair,fees,Caceis booked the fees for SD 04-14-2020. Integrata yet to book,1235307940,1235307940,4551456423,-590882299,2021-07-29
1517,,80_455669415_CACEIS,1020661924,OB,OB,No-pair,fx wire,Caceis booked the fx wire for SD 12-16-2019. Integrata yet to book,1020661924,1020661924,4551456423,-590882299,2021-07-29
1518,,792_455862625_CACEIS,1287004918,OB,OB,No-pair,fees,Caceis booked the fees for SD 05-13-2020. Integrata yet to book,1287004918,1287004918,4551456423,-590882299,2021-07-29
1519,8_4551203153_Integrata,,1737813343,OB,OB,No-pair,wire transfer,Integrata booked the AUM plug for SD 01-22-2021.Caceis yet to book.,1737813343,1737813343,4551456423,-590882299,2021-07-29
1520,,123_455585083_CACEIS,874262437,OB,OB,No-pair,fees,Caceis booked the fees for SD 10-10-2019. Integrata yet to book,874262437,874262437,4551456423,-590882299,2021-07-29
1521,,86_455585083_CACEIS,874262408,OB,OB,No-pair,fees,Caceis booked the fees for SD 10-10-2019. Integrata yet to book,874262408,874262408,4551456423,-590882299,2021-07-29
1522,,54_455991947_CACEIS,1458085283,OB,OB,No-pair,fx wire,Caceis booked the fx wire for SD 08-21-2020. Integrata yet to book,1458085283,1458085283,4551456423,-590882299,2021-07-29
1523,,15_4551180537_CACEIS,1707592400,OB,OB,No-pair,wire transfer,Caceis booked the wire transfer for SD 12-31-2020. Integrata yet to book,1707592400,1707592400,4551456423,-590882299,2021-07-29
1524,6_4551343376_Integrata,,1925737800,OB,OB,No-pair,wire transfer,Integrata booked the AUM plug for SD 05-06-2021.Caceis yet to book.,1925737800,1925737800,4551456423,-590882299,2021-07-29
1525,,20_4551373621_CACEIS,1970229501,OB,OB,No-pair,monthend interest,Caceis booked the monthend interest for SD 06-01-2021. Integrata yet to book,1970229501,1970229501,4551456423,-590882299,2021-07-29
1526,2_4551373621_Integrata,,1970229476,OB,OB,No-pair,wire transfer,Integrata booked the AUM plug for SD 05-28-2021.Caceis yet to book.,1970229476,1970229476,4551456423,-590882299,2021-07-29
1527,,318_455669415_CACEIS,1020661809,OB,OB,No-pair,fx wire,Caceis booked the fx wire for SD 12-16-2019. Integrata yet to book,1020661809,1020661809,4551456423,-590882299,2021-07-29
1528,,712_455862625_CACEIS,1287004914,OB,OB,No-pair,fees,Caceis booked the fees for SD 05-13-2020. Integrata yet to book,1287004914,1287004914,4551456423,-590882299,2021-07-29
1529,,133_4551248485_CACEIS,1800039503,OB,OB,No-pair,fx wire,Caceis booked the fx wire for SD 02-26-2021. Integrata yet to book,1800039503,1800039503,4551456423,-590882299,2021-07-29
1530,6_4551117124_Integrata,,1623224428,OB,OB,No-pair,redemption,Integrata booked the redemption for SD 11-19-2020.Caceis yet to book.,1623224428,1623224428,4551456423,-590882299,2021-07-29
1531,,55_455610697_CACEIS,917943319,OB,OB,No-pair,fx wire,Caceis booked the fx wire for SD 10-18-2019. Integrata yet to book,917943319,917943319,4551456423,-590882299,2021-07-29
1532,,6_4551127906_CACEIS,1637981911,OB,OB,No-pair,monthend interest,Caceis booked the monthend interest for SD 12-01-2020. Integrata yet to book,1637981911,1637981911,4551456423,-590882299,2021-07-29
1533,,501_4551066313_CACEIS,1556876698,OB,OB,No-pair,fx wire,Caceis booked the fx wire for SD 10-15-2020. Integrata yet to book,1556876698,1556876698,4551456423,-590882299,2021-07-29
1534,,40_306589_CACEIS,433998170,OB,OB,No-pair,fx wire,Caceis booked the fx wire for SD 02-15-2019. Integrata yet to book,433998170,433998170,4551456423,-590882299,2021-07-29
1535,,64_4551087502_CACEIS,1584326635,OB,OB,No-pair,wire transfer,Caceis booked the wire transfer for SD 10-30-2020. Integrata yet to book,1584326635,1584326635,4551456423,-590882299,2021-07-29
1536,,38_4551419402_CACEIS,2029730735,OB,OB,No-pair,wire transfer,Caceis booked the wire transfer for SD 07-01-2021. Integrata yet to book,2029730735,2029730735,4551456423,-590882299,2021-07-29
1537,1_4551415924_Integrata,,2024089310,OB,OB,No-pair,wire transfer,Integrata booked the AUM plug for SD 06-29-2021.Caceis yet to book.,2024089310,2024089310,4551456423,-590882299,2021-07-29
1538,,41_4551155693_CACEIS,1675163264,OB,OB,No-pair,fx wire,Caceis booked the fx wire for SD 12-18-2020. Integrata yet to book,1675163264,1675163264,4551456423,-590882299,2021-07-29
1539,,141_4551191593_CACEIS,1722905121,OB,OB,No-pair,fx wire,Caceis booked the fx wire for SD 01-15-2021. Integrata yet to book,1722905121,1722905121,4551456423,-590882299,2021-07-29
1540,,1_455914788_CACEIS,1356802596,OB,OB,No-pair,wire transfer,Caceis booked the wire transfer for SD 06-25-2020. Integrata yet to book,1356802596,1356802596,4551456423,-590882299,2021-07-29
1541,,256_455748445_CACEIS,1136275273,OB,OB,No-pair,fx wire,Caceis booked the fx wire for SD 02-18-2020. Integrata yet to book,1136275273,1136275273,4551456423,-590882299,2021-07-29
1542,,91_455753887_CACEIS,1143364788,OB,OB,No-pair,fx wire,Caceis booked the fx wire for SD 02-21-2020. Integrata yet to book,1143364788,1143364788,4551456423,-590882299,2021-07-29
1543,,24_4551035437_CACEIS,1516099556,OB,OB,No-pair,fees,Caceis booked the fees for SD 04-16-2020. Integrata yet to book,1516099556,1516099556,4551456423,-590882299,2021-07-29
1544,,130_4551109218_CACEIS,1613286611,OB,OB,No-pair,fx wire,Caceis booked the fx wire for SD 11-16-2020. Integrata yet to book,1613286611,1613286611,4551456423,-590882299,2021-07-29
1545,,221_455985296_CACEIS,1449582057,OB,OB,No-pair,fx wire,Caceis booked the fx wire for SD 08-17-2020. Integrata yet to book,1449582057,1449582057,4551456423,-590882299,2021-07-29
1546,,14_307472_CACEIS,436148256,OB,OB,No-pair,wire transfer,Caceis booked the wire transfer for SD 02-13-2019. Integrata yet to book,436148256,436148256,4551456423,-590882299,2021-07-29
1547,,135_455688261_CACEIS,1053516714,OB,OB,No-pair,monthend interest,Caceis booked the monthend interest for SD 01-01-2020. Integrata yet to book,1053516714,1053516714,4551456423,-590882299,2021-07-29
1548,,282_4551149959_CACEIS,1667622898,OB,OB,No-pair,fx wire,Caceis booked the fx wire for SD 12-15-2020. Integrata yet to book,1667622898,1667622898,4551456423,-590882299,2021-07-29
1549,,80_4551269721_CACEIS,1827473849,OB,OB,No-pair,fx wire,Caceis booked the fx wire for SD 03-15-2021. Integrata yet to book,1827473849,1827473849,4551456423,-590882299,2021-07-29
1550,,141_4551105378_CACEIS,1608089266,OB,OB,No-pair,fees,Caceis booked the fees for SD 11-12-2020. Integrata yet to book,1608089266,1608089266,4551456423,-590882299,2021-07-29
1551,,58_455669415_CACEIS,1020661909,OB,OB,No-pair,fx wire,Caceis booked the fx wire for SD 12-16-2019. Integrata yet to book,1020661909,1020661909,4551456423,-590882299,2021-07-29
1552,,40_4551394628_CACEIS,1997244571,OB,OB,No-pair,fx wire,Caceis booked the fx wire for SD 06-15-2021. Integrata yet to book,1997244571,1997244571,4551456423,-590882299,2021-07-29
1553,,65_4551220415_CACEIS,1761956223,OB,OB,No-pair,wire transfer,Caceis booked the wire transfer for SD 02-05-2021. Integrata yet to book,1761956223,1761956223,4551456423,-590882299,2021-07-29
1554,,405_4551066313_CACEIS,1556876678,OB,OB,No-pair,fx wire,Caceis booked the fx wire for SD 10-15-2020. Integrata yet to book,1556876678,1556876678,4551456423,-590882299,2021-07-29
1555,,526_455822501_CACEIS,1235307953,OB,OB,No-pair,fees,Caceis booked the fees for SD 04-14-2020. Integrata yet to book,1235307953,1235307953,4551456423,-590882299,2021-07-29
1556,,361_455985296_CACEIS,1449581928,OB,OB,No-pair,fx wire,Caceis booked the fx wire for SD 08-17-2020. Integrata yet to book,1449581928,1449581928,4551456423,-590882299,2021-07-29
1557,,16_328180_CACEIS,473992285,OB,OB,No-pair,wire transfer,Caceis booked the wire transfer for SD 03-12-2019. Integrata yet to book,473992285,473992285,4551456423,-590882299,2021-07-29
1558,,436_4551191593_CACEIS,1722905526,OB,OB,No-pair,fx wire,Caceis booked the fx wire for SD 01-15-2021. Integrata yet to book,1722905526,1722905526,4551456423,-590882299,2021-07-29
1559,,88_455554115_CACEIS,824384906,OB,OB,No-pair,proceeds sell,Caceis booked the Miscellaneous for SD 09-17-2019. Integrata yet to book,824384906,824384906,4551456423,-590882299,2021-07-29
1560,,1_4551242873_CACEIS,1793109146,OB,OB,No-pair,proceeds sell,Caceis booked the proceeds sell for SD 02-23-2021. Integrata yet to book,1793109146,1793109146,4551456423,-590882299,2021-07-29
1561,,90_4551313388_CACEIS,1883527778,OB,OB,No-pair,fx wire,Caceis booked the fx wire for SD 04-15-2021. Integrata yet to book,1883527778,1883527778,4551456423,-590882299,2021-07-29
1562,,15_4551058652_CACEIS,1546340326,OB,OB,No-pair,fees,Caceis booked the fees for SD 10-08-2020. Integrata yet to book,1546340326,1546340326,4551456423,-590882299,2021-07-29
1563,,32_455547231_CACEIS,811491690,OB,OB,No-pair,fees,Caceis booked the fees for SD 09-11-2019. Integrata yet to book,811491690,811491690,4551456423,-590882299,2021-07-29
1564,,429_4551023983_CACEIS,1500214200,OB,OB,No-pair,fx wire,Caceis booked the fx wire for SD 09-15-2020. Integrata yet to book,1500214200,1500214200,4551456423,-590882299,2021-07-29
1565,,1484_455643841_CACEIS,975324556,OB,OB,No-pair,fx wire,Caceis booked the fx wire for SD 11-18-2019. Integrata yet to book,975324556,975324556,4551456423,-590882299,2021-07-29
1566,,186_455985296_CACEIS,1449581893,OB,OB,No-pair,fx wire,Caceis booked the fx wire for SD 08-17-2020. Integrata yet to book,1449581893,1449581893,4551456423,-590882299,2021-07-29
1567,,104_455585083_CACEIS,874262511,OB,OB,No-pair,fees,Caceis booked the fees for SD 10-10-2019. Integrata yet to book,874262511,874262511,4551456423,-590882299,2021-07-29
1568,1_4551320866_Integrata,,1893229410,OB,OB,No-pair,wire transfer,Integrata booked the AUM plug for SD 04-20-2021.Caceis yet to book.,1893229410,1893229410,4551456423,-590882299,2021-07-29
1569,,75_455516633_CACEIS,760048392,OB,OB,No-pair,fx wire,Caceis booked the fx wire for SD 08-16-2019. Integrata yet to book,760048392,760048392,4551456423,-590882299,2021-07-29
1570,,68_455404958_CACEIS,585162365,OB,OB,No-pair,fx wire,Caceis booked the fx wire for SD 05-15-2019. Integrata yet to book,585162365,585162365,4551456423,-590882299,2021-07-29
1571,,69_455879764_CACEIS,1309543773,OB,OB,No-pair,monthend interest,Caceis booked the monthend interest for SD 06-01-2020. Integrata yet to book,1309543773,1309543773,4551456423,-590882299,2021-07-29
1572,1_4551136088_Integrata,,1649475109,OB,OB,No-pair,wire transfer,Integrata booked the Net Sub/Red for SD 12-03-2020.Caceis yet to book.,1649475109,1649475109,4551456423,-590882299,2021-07-29
1573,,279_455900053_CACEIS,1336713666,OB,OB,No-pair,fx wire,Caceis booked the fx wire for SD 06-15-2020. Integrata yet to book,1336713666,1336713666,4551456423,-590882299,2021-07-29
1574,,12_4551220415_CACEIS,1761955980,OB,OB,No-pair,wire transfer,Caceis booked the wire transfer for SD 02-05-2021. Integrata yet to book,1761955980,1761955980,4551456423,-590882299,2021-07-29
1575,,172_4551248485_CACEIS,1800039530,OB,OB,No-pair,fx wire,Caceis booked the fx wire for SD 02-26-2021. Integrata yet to book,1800039530,1800039530,4551456423,-590882299,2021-07-29
1576,2_4551428980_Integrata,,2040344571,OB,OB,No-pair,redemption,Integrata booked the redemption for SD 07-08-2021.Caceis yet to book.,2040344571,2040344571,4551456423,-590882299,2021-07-29
1577,,52_455777858_CACEIS,1177395812,OB,OB,No-pair,wire transfer,Caceis booked the wire transfer for SD 03-11-2020. Integrata yet to book,1177395812,1177395812,4551456423,-590882299,2021-07-29
1578,,9_455400675_CACEIS,579063105,OB,OB,No-pair,proceeds sell,Caceis booked the Miscellaneous for SD 05-09-2019. Integrata yet to book,579063105,579063105,4551456423,-590882299,2021-07-29
1579,3_4551244633_Integrata,,1795375908,OB,OB,No-pair,wire transfer,Integrata booked the AUM plug for SD 02-23-2021.Caceis yet to book.,1795375908,1795375908,4551456423,-590882299,2021-07-29
1580,,136_4551105378_CACEIS,1608089296,OB,OB,No-pair,fees,Caceis booked the fees for SD 11-12-2020. Integrata yet to book,1608089296,1608089296,4551456423,-590882299,2021-07-29
1581,,670_4551232906_CACEIS,1780157109,OB,OB,No-pair,fx wire,Caceis booked the fx wire for SD 02-16-2021. Integrata yet to book,1780157109,1780157109,4551456423,-590882299,2021-07-29
1582,,114_455585083_CACEIS,874262411,OB,OB,No-pair,fees,Caceis booked the fees for SD 10-10-2019. Integrata yet to book,874262411,874262411,4551456423,-590882299,2021-07-29
1583,,799_455862625_CACEIS,1287005038,OB,OB,No-pair,fees,Caceis booked the fees for SD 05-13-2020. Integrata yet to book,1287005038,1287005038,4551456423,-590882299,2021-07-29
1584,,1159_455643841_CACEIS,975324231,OB,OB,No-pair,fees,Caceis booked the fees for SD 11-13-2019. Integrata yet to book,975324231,975324231,4551456423,-590882299,2021-07-29
1585,2_4551244633_Integrata,,1795375907,OB,OB,No-pair,wire transfer,Integrata booked the AUM plug for SD 02-23-2021.Caceis yet to book.,1795375907,1795375907,4551456423,-590882299,2021-07-29
1586,,58_455822501_CACEIS,1235307972,OB,OB,No-pair,fx wire,Caceis booked the fx wire for SD 04-15-2020. Integrata yet to book,1235307972,1235307972,4551456423,-590882299,2021-07-29
1587,,133_4551144082_CACEIS,1659707168,OB,OB,No-pair,fees,Caceis booked the fees for SD 12-10-2020. Integrata yet to book,1659707168,1659707168,4551456423,-590882299,2021-07-29
1588,,13_4551220415_CACEIS,1761956022,OB,OB,No-pair,wire transfer,Caceis booked the wire transfer for SD 02-05-2021. Integrata yet to book,1761956022,1761956022,4551456423,-590882299,2021-07-29
1589,,419_455748445_CACEIS,1136275452,OB,OB,No-pair,fx wire,Caceis booked the fx wire for SD 02-18-2020. Integrata yet to book,1136275452,1136275452,4551456423,-590882299,2021-07-29
1590,5_4551305829_Integrata,,1874140996,OB,OB,No-pair,fx wire,Integrata booked the fx wire for SD 03-10-2021.Caceis yet to book.,1874140996,1874140996,4551456423,-590882299,2021-07-29
1591,,1_455586694_CACEIS,876699088,OB,OB,No-pair,proceeds sell,Caceis booked the Miscellaneous for SD 10-11-2019. Integrata yet to book,876699088,876699088,4551456423,-590882299,2021-07-29
1592,2_4551415924_Integrata,,2024089311,OB,OB,No-pair,wire transfer,Integrata booked the AUM plug for SD 06-29-2021.Caceis yet to book.,2024089311,2024089311,4551456423,-590882299,2021-07-29
1593,,96_368123_CACEIS,532374167,OB,OB,No-pair,fx wire,Caceis booked the fx wire for SD 04-15-2019. Integrata yet to book,532374167,532374167,4551456423,-590882299,2021-07-29
1594,,63_455940640_CACEIS,1391595996,OB,OB,No-pair,proceeds sell,Caceis booked the Miscellaneous for SD 07-15-2020. Integrata yet to book,1391595996,1391595996,4551456423,-590882299,2021-07-29
1595,7_4551267661_Integrata,,1824870491,OB,OB,No-pair,wire transfer,Integrata booked the AUM plug for SD 03-11-2021.Caceis yet to book.,1824870491,1824870491,4551456423,-590882299,2021-07-29
1596,,101_455777858_CACEIS,1177395829,OB,OB,No-pair,wire transfer,Caceis booked the wire transfer for SD 03-11-2020. Integrata yet to book,1177395829,1177395829,4551456423,-590882299,2021-07-29
1597,4_4551277470_Integrata,,1837468609,OB,OB,No-pair,wire transfer,Integrata booked the AUM plug for SD 03-18-2021.Caceis yet to book.,1837468609,1837468609,4551456423,-590882299,2021-07-29
1598,,6_4551136088_CACEIS,1649475133,OB,OB,No-pair,wire transfer,Caceis booked the wire transfer for SD 12-04-2020. Integrata yet to book,1649475133,1649475133,4551456423,-590882299,2021-07-29
1599,,295_4551313388_CACEIS,1883527872,OB,OB,No-pair,fx wire,Caceis booked the fx wire for SD 04-15-2021. Integrata yet to book,1883527872,1883527872,4551456423,-590882299,2021-07-29
1600,,699_4551232906_CACEIS,1780157053,OB,OB,No-pair,fx wire,Caceis booked the fx wire for SD 02-16-2021. Integrata yet to book,1780157053,1780157053,4551456423,-590882299,2021-07-29
1601,75_4551085502_Integrata,,1581818071,OB,OB,No-pair,wire transfer,Integrata booked the wire transfer for SD 10-27-2020.Caceis yet to book.,1581818071,1581818071,4551456423,-590882299,2021-07-29
1602,19_4551331846_Integrata,,1908172329,OB,OB,No-pair,monthend interest,Integrata booked the monthend interest for SD 04-01-2021.Caceis yet to book.,1908172329,1908172329,4551456423,-590882299,2021-07-29
1603,,8_455547231_CACEIS,811491617,OB,OB,No-pair,fees,Caceis booked the fees for SD 09-11-2019. Integrata yet to book,811491617,811491617,4551456423,-590882299,2021-07-29
1604,,1_455662172_CACEIS,1008560366,OB,OB,No-pair,proceeds sell,Caceis booked the Miscellaneous for SD 12-11-2019. Integrata yet to book,1008560366,1008560366,4551456423,-590882299,2021-07-29
1605,1_4551434840_Integrata,,2047506122,OB,OB,No-pair,wire transfer,Integrata booked the AUM plug for SD 07-13-2021.Caceis yet to book.,2047506122,2047506122,4551456423,-590882299,2021-07-29
1606,,7_4551438780_CACEIS,2052260378,OB,OB,No-pair,fx wire,Caceis booked the fx wire for SD 07-16-2021. Integrata yet to book,2052260378,2052260378,4551456423,-590882299,2021-07-29
1607,5_4551379030_Integrata,,1976618404,OB,OB,No-pair,wire transfer,Integrata booked the AUM plug for SD 06-02-2021.Caceis yet to book.,1976618404,1976618404,4551456423,-590882299,2021-07-29
1608,,421_455748445_CACEIS,1136275466,OB,OB,No-pair,fx wire,Caceis booked the fx wire for SD 02-18-2020. Integrata yet to book,1136275466,1136275466,4551456423,-590882299,2021-07-29
1609,,48_455900053_CACEIS,1336713330,OB,OB,No-pair,fx wire,Caceis booked the fx wire for SD 06-15-2020. Integrata yet to book,1336713330,1336713330,4551456423,-590882299,2021-07-29
1610,,478_4551149959_CACEIS,1667623353,OB,OB,No-pair,fx wire,Caceis booked the fx wire for SD 12-15-2020. Integrata yet to book,1667623353,1667623353,4551456423,-590882299,2021-07-29
1611,2_4551307616_Integrata,,1876494338,OB,OB,No-pair,wire transfer,Integrata booked the AUM plug for SD 04-09-2021.Caceis yet to book.,1876494338,1876494338,4551456423,-590882299,2021-07-29
1612,,430_4551109218_CACEIS,1613286946,OB,OB,No-pair,fx wire,Caceis booked the fx wire for SD 11-16-2020. Integrata yet to book,1613286946,1613286946,4551456423,-590882299,2021-07-29
1613,,810_455822501_CACEIS,1235308728,OB,OB,No-pair,fx wire,Caceis booked the fx wire for SD 04-15-2020. Integrata yet to book,1235308728,1235308728,4551456423,-590882299,2021-07-29
1614,,18_328180_CACEIS,473992292,OB,OB,No-pair,wire transfer,Caceis booked the wire transfer for SD 03-12-2019. Integrata yet to book,473992292,473992292,4551456423,-590882299,2021-07-29
1615,,7_4551366297_CACEIS,1958861174,OB,OB,No-pair,wire transfer,Caceis booked the wire transfer for SD 04-28-2021. Integrata yet to book,1958861174,1958861174,4551456423,-590882299,2021-07-29
1616,3_4551287241_Integrata,,1850449266,OB,OB,No-pair,wire transfer,Integrata booked the AUM plug for SD 03-25-2021.Caceis yet to book.,1850449266,1850449266,4551456423,-590882299,2021-07-29
1617,,387_455985296_CACEIS,1449582184,OB,OB,No-pair,fx wire,Caceis booked the fx wire for SD 08-17-2020. Integrata yet to book,1449582184,1449582184,4551456423,-590882299,2021-07-29
1618,15_4551283365_Integrata,,1845308067,OB,OB,No-pair,wire transfer,Integrata booked the AUM plug for SD 03-23-2021.Caceis yet to book.,1845308067,1845308067,4551456423,-590882299,2021-07-29
1619,,215_455590588_CACEIS,883858609,OB,OB,No-pair,fx wire,Caceis booked the fx wire for SD 10-15-2019. Integrata yet to book,883858609,883858609,4551456423,-590882299,2021-07-29
1620,,430_4551023983_CACEIS,1500214210,OB,OB,No-pair,fx wire,Caceis booked the fx wire for SD 09-15-2020. Integrata yet to book,1500214210,1500214210,4551456423,-590882299,2021-07-29
1621,,763_4551232906_CACEIS,1780157125,OB,OB,No-pair,fx wire,Caceis booked the fx wire for SD 02-16-2021. Integrata yet to book,1780157125,1780157125,4551456423,-590882299,2021-07-29
1622,,9_4551430779_CACEIS,2043021919,OB,OB,No-pair,fees,Caceis booked the fees for SD 07-12-2021. Integrata yet to book,2043021919,2043021919,4551456423,-590882299,2021-07-29
1623,,791_4551232906_CACEIS,1780157131,OB,OB,No-pair,fx wire,Caceis booked the fx wire for SD 02-16-2021. Integrata yet to book,1780157131,1780157131,4551456423,-590882299,2021-07-29
1624,,464_455900053_CACEIS,1336713872,OB,OB,No-pair,fx wire,Caceis booked the fx wire for SD 06-15-2020. Integrata yet to book,1336713872,1336713872,4551456423,-590882299,2021-07-29
1625,,84_455777858_CACEIS,1177395656,OB,OB,No-pair,wire transfer,Caceis booked the wire transfer for SD 03-11-2020. Integrata yet to book,1177395656,1177395656,4551456423,-590882299,2021-07-29
1626,,44_455442954_CACEIS,637183801,OB,OB,No-pair,fx wire,Caceis booked the fx wire for SD 06-17-2019. Integrata yet to book,637183801,637183801,4551456423,-590882299,2021-07-29
1627,,24_4551058652_CACEIS,1546340360,OB,OB,No-pair,fx wire,Caceis booked the fx wire for SD 10-09-2020. Integrata yet to book,1546340360,1546340360,4551456423,-590882299,2021-07-29
1628,,1339_455643841_CACEIS,975324411,OB,OB,No-pair,fx wire,Caceis booked the fx wire for SD 11-15-2019. Integrata yet to book,975324411,975324411,4551456423,-590882299,2021-07-29
1629,,318_455900053_CACEIS,1336713839,OB,OB,No-pair,fx wire,Caceis booked the fx wire for SD 06-15-2020. Integrata yet to book,1336713839,1336713839,4551456423,-590882299,2021-07-29
1630,,10_455708279_CACEIS,1083909603,OB,OB,No-pair,wire transfer,Caceis booked the wire transfer for SD 01-16-2020. Integrata yet to book,1083909603,1083909603,4551456423,-590882299,2021-07-29
1631,,121_4551144082_CACEIS,1659707160,OB,OB,No-pair,fees,Caceis booked the fees for SD 12-10-2020. Integrata yet to book,1659707160,1659707160,4551456423,-590882299,2021-07-29
1632,,6_455439597_CACEIS,632008203,OB,OB,No-pair,wire transfer,Caceis booked the wire transfer for SD 06-13-2019. Integrata yet to book,632008203,632008203,4551456423,-590882299,2021-07-29
1633,,216_4551269721_CACEIS,1827474057,OB,OB,No-pair,fx wire,Caceis booked the fx wire for SD 03-15-2021. Integrata yet to book,1827474057,1827474057,4551456423,-590882299,2021-07-29
1634,,166_455669415_CACEIS,1020662019,OB,OB,No-pair,fx wire,Caceis booked the fx wire for SD 12-16-2019. Integrata yet to book,1020662019,1020662019,4551456423,-590882299,2021-07-29
1635,,126_4551191593_CACEIS,1722905124,OB,OB,No-pair,fx wire,Caceis booked the fx wire for SD 01-15-2021. Integrata yet to book,1722905124,1722905124,4551456423,-590882299,2021-07-29
1636,,7_328180_CACEIS,473992270,OB,OB,No-pair,wire transfer,Caceis booked the wire transfer for SD 03-12-2019. Integrata yet to book,473992270,473992270,4551456423,-590882299,2021-07-29
1637,,26_455978912_CACEIS,1441832192,OB,OB,No-pair,wire transfer,Caceis booked the wire transfer for SD 08-12-2020. Integrata yet to book,1441832192,1441832192,4551456423,-590882299,2021-07-29
1638,,11_4551220415_CACEIS,1761955926,OB,OB,No-pair,fx wire,Caceis booked the fx wire for SD 02-05-2021. Integrata yet to book,1761955926,1761955926,4551456423,-590882299,2021-07-29
1639,,26_4551430779_CACEIS,2043021927,OB,OB,No-pair,fees,Caceis booked the fees for SD 07-12-2021. Integrata yet to book,2043021927,2043021927,4551456423,-590882299,2021-07-29
1640,,122_4551144082_CACEIS,1659707174,OB,OB,No-pair,fees,Caceis booked the fees for SD 12-10-2020. Integrata yet to book,1659707174,1659707174,4551456423,-590882299,2021-07-29
1641,,45_455442954_CACEIS,637183831,OB,OB,No-pair,fx wire,Caceis booked the fx wire for SD 06-17-2019. Integrata yet to book,637183831,637183831,4551456423,-590882299,2021-07-29
1642,,9_4551356653_CACEIS,1945281528,OB,OB,No-pair,fees,Caceis booked the fees for SD 05-17-2021. Integrata yet to book,1945281528,1945281528,4551456423,-590882299,2021-07-29
1643,,162_4551023983_CACEIS,1500213889,OB,OB,No-pair,fx wire,Caceis booked the fx wire for SD 09-15-2020. Integrata yet to book,1500213889,1500213889,4551456423,-590882299,2021-07-29
1644,,247_4551109218_CACEIS,1613286862,OB,OB,No-pair,fx wire,Caceis booked the fx wire for SD 11-16-2020. Integrata yet to book,1613286862,1613286862,4551456423,-590882299,2021-07-29
1645,,34_455940640_CACEIS,1391596050,OB,OB,No-pair,fx wire,Caceis booked the fx wire for SD 07-15-2020. Integrata yet to book,1391596050,1391596050,4551456423,-590882299,2021-07-29
1646,,376_455643841_CACEIS,975323448,OB,OB,No-pair,fx wire,Caceis booked the fx wire for SD 11-15-2019. Integrata yet to book,975323448,975323448,4551456423,-590882299,2021-07-29
1647,,510_4551066313_CACEIS,1556876661,OB,OB,No-pair,fx wire,Caceis booked the fx wire for SD 10-15-2020. Integrata yet to book,1556876661,1556876661,4551456423,-590882299,2021-07-29
1648,,9_4551062436_CACEIS,1551719863,OB,OB,No-pair,proceeds sell,Caceis booked the Miscellaneous for SD 10-13-2020. Integrata yet to book,1551719863,1551719863,4551456423,-590882299,2021-07-29
1649,,206_4551232906_CACEIS,1780156426,OB,OB,No-pair,fx wire,Caceis booked the fx wire for SD 02-16-2021. Integrata yet to book,1780156426,1780156426,4551456423,-590882299,2021-07-29
1650,,313_455643841_CACEIS,975323385,OB,OB,No-pair,fx wire,Caceis booked the fx wire for SD 11-15-2019. Integrata yet to book,975323385,975323385,4551456423,-590882299,2021-07-29
1651,,251_4551210754_CACEIS,1748958380,OB,OB,No-pair,monthend interest,Caceis booked the monthend interest for SD 02-01-2021. Integrata yet to book,1748958380,1748958380,4551456423,-590882299,2021-07-29
1652,,24_455842390_CACEIS,1260634955,OB,OB,No-pair,monthend interest,Caceis booked the monthend interest for SD 05-01-2020. Integrata yet to book,1260634955,1260634955,4551456423,-590882299,2021-07-29
1653,,734_455862625_CACEIS,1287004897,OB,OB,No-pair,fees,Caceis booked the fees for SD 05-13-2020. Integrata yet to book,1287004897,1287004897,4551456423,-590882299,2021-07-29
1654,,56_455978912_CACEIS,1441832148,OB,OB,No-pair,fees,Caceis booked the fees for SD 08-12-2020. Integrata yet to book,1441832148,1441832148,4551456423,-590882299,2021-07-29
1655,,84_455442954_CACEIS,637183915,OB,OB,No-pair,fx wire,Caceis booked the fx wire for SD 06-17-2019. Integrata yet to book,637183915,637183915,4551456423,-590882299,2021-07-29
1656,,53_455953995_CACEIS,1409848152,OB,OB,No-pair,fx wire,Caceis booked the fx wire for SD 07-24-2020. Integrata yet to book,1409848152,1409848152,4551456423,-590882299,2021-07-29
1657,,653_4551232906_CACEIS,1780157060,OB,OB,No-pair,fx wire,Caceis booked the fx wire for SD 02-16-2021. Integrata yet to book,1780157060,1780157060,4551456423,-590882299,2021-07-29
1658,,43_368123_CACEIS,532374027,OB,OB,No-pair,fx wire,Caceis booked the fx wire for SD 04-15-2019. Integrata yet to book,532374027,532374027,4551456423,-590882299,2021-07-29
1659,1_455424626_Integrata,,610989024,OB,OB,No-pair,wire transfer,Integrata booked the Net Sub/Red for SD 05-29-2019.Caceis yet to book.,610989024,610989024,4551456423,-590882299,2021-07-29
1660,,44_4551125930_CACEIS,1635426488,OB,OB,No-pair,fx wire,Caceis booked the fx wire for SD 11-27-2020. Integrata yet to book,1635426488,1635426488,4551456423,-590882299,2021-07-29
1661,1_4551260237_Integrata,,1815145565,OB,OB,No-pair,wire transfer,Integrata booked the AUM plug for SD 03-05-2021.Caceis yet to book.,1815145565,1815145565,4551456423,-590882299,2021-07-29
1662,,2_455439597_CACEIS,632008191,OB,OB,No-pair,wire transfer,Caceis booked the wire transfer for SD 06-13-2019. Integrata yet to book,632008191,632008191,4551456423,-590882299,2021-07-29
1663,,964_455643841_CACEIS,975324036,OB,OB,No-pair,wire transfer,Caceis booked the wire transfer for SD 11-13-2019. Integrata yet to book,975324036,975324036,4551456423,-590882299,2021-07-29
1664,15_4551237030_Integrata,,1785359465,OB,OB,No-pair,fx wire,Integrata booked the fx wire for SD 02-18-2021.Caceis yet to book.,1785359465,1785359465,4551456423,-590882299,2021-07-29
1665,,386_455940640_CACEIS,1391596123,OB,OB,No-pair,fx wire,Caceis booked the fx wire for SD 07-15-2020. Integrata yet to book,1391596123,1391596123,4551456423,-590882299,2021-07-29
1666,31_4551188298_Integrata,,1718045055,OB,OB,No-pair,fx wire,Integrata booked the fx wire for SD 01-13-2021.Caceis yet to book.,1718045055,1718045055,4551456423,-590882299,2021-07-29
1667,,804_455862625_CACEIS,1287004817,OB,OB,No-pair,fees,Caceis booked the fees for SD 05-13-2020. Integrata yet to book,1287004817,1287004817,4551456423,-590882299,2021-07-29
1668,,528_455900053_CACEIS,1336713999,OB,OB,No-pair,fx wire,Caceis booked the fx wire for SD 06-15-2020. Integrata yet to book,1336713999,1336713999,4551456423,-590882299,2021-07-29
1669,,38_455783582_CACEIS,1185159265,OB,OB,No-pair,fx wire,Caceis booked the fx wire for SD 03-16-2020. Integrata yet to book,1185159265,1185159265,4551456423,-590882299,2021-07-29
1670,,132_455718167_CACEIS,1096511760,OB,OB,No-pair,fx wire,Caceis booked the fx wire for SD 01-24-2020. Integrata yet to book,1096511760,1096511760,4551456423,-590882299,2021-07-29
1671,,92_455978912_CACEIS,1441832134,OB,OB,No-pair,fees,Caceis booked the fees for SD 08-12-2020. Integrata yet to book,1441832134,1441832134,4551456423,-590882299,2021-07-29
1672,,37_455728881_CACEIS,1110507079,OB,OB,No-pair,fees,Caceis booked the fees for SD 02-03-2020. Integrata yet to book,1110507079,1110507079,4551456423,-590882299,2021-07-29
1673,,61_455963450_CACEIS,1421777784,OB,OB,No-pair,monthend interest,Caceis booked the monthend interest for SD 08-01-2020. Integrata yet to book,1421777784,1421777784,4551456423,-590882299,2021-07-29
1674,,14_455439597_CACEIS,632008226,OB,OB,No-pair,wire transfer,Caceis booked the wire transfer for SD 06-13-2019. Integrata yet to book,632008226,632008226,4551456423,-590882299,2021-07-29
1675,,1_4551003590_CACEIS,1473425950,OB,OB,No-pair,monthend interest,Caceis booked the monthend interest for SD 09-01-2020. Integrata yet to book,1473425950,1473425950,4551456423,-590882299,2021-07-29
1676,,956_455643841_CACEIS,975324028,OB,OB,No-pair,wire transfer,Caceis booked the wire transfer for SD 11-13-2019. Integrata yet to book,975324028,975324028,4551456423,-590882299,2021-07-29
1677,,19_328180_CACEIS,473992296,OB,OB,No-pair,wire transfer,Caceis booked the wire transfer for SD 03-12-2019. Integrata yet to book,473992296,473992296,4551456423,-590882299,2021-07-29
1678,,45_4551105378_CACEIS,1608089166,OB,OB,No-pair,wire transfer,Caceis booked the wire transfer for SD 11-12-2020. Integrata yet to book,1608089166,1608089166,4551456423,-590882299,2021-07-29
1679,,99_4551239617_CACEIS,1789074916,OB,OB,No-pair,wire transfer,Caceis booked the wire transfer for SD 02-19-2021. Integrata yet to book,1789074916,1789074916,4551456423,-590882299,2021-07-29
1680,,243_4551436806_CACEIS,2049886015,OB,OB,No-pair,fx wire,Caceis booked the fx wire for SD 07-15-2021. Integrata yet to book,2049886015,2049886015,4551456423,-590882299,2021-07-29
1681,,711_455862625_CACEIS,1287004848,OB,OB,No-pair,fees,Caceis booked the fees for SD 05-13-2020. Integrata yet to book,1287004848,1287004848,4551456423,-590882299,2021-07-29
1682,,10_455933037_CACEIS,1381439419,OB,OB,No-pair,wire transfer,Caceis booked the wire transfer for SD 07-09-2020. Integrata yet to book,1381439419,1381439419,4551456423,-590882299,2021-07-29
1683,,4_4551060531_CACEIS,1548950758,OB,OB,No-pair,fees,Caceis booked the fees for SD 10-12-2020. Integrata yet to book,1548950758,1548950758,4551456423,-590882299,2021-07-29
1684,,75_4551436806_CACEIS,2049885795,OB,OB,No-pair,fx wire,Caceis booked the fx wire for SD 07-15-2021. Integrata yet to book,2049885795,2049885795,4551456423,-590882299,2021-07-29
1685,,84_455978912_CACEIS,1441832256,OB,OB,No-pair,fees,Caceis booked the fees for SD 08-12-2020. Integrata yet to book,1441832256,1441832256,4551456423,-590882299,2021-07-29
1686,,517_455783582_CACEIS,1185159638,OB,OB,No-pair,fx wire,Caceis booked the fx wire for SD 03-16-2020. Integrata yet to book,1185159638,1185159638,4551456423,-590882299,2021-07-29
1687,,6_455955831_CACEIS,1412132601,OB,OB,No-pair,wire transfer,Caceis booked the wire transfer for SD 07-27-2020. Integrata yet to book,1412132601,1412132601,4551456423,-590882299,2021-07-29
1688,,48_455476582_CACEIS,691188274,OB,OB,No-pair,fx wire,Caceis booked the fx wire for SD 07-16-2019. Integrata yet to book,691188274,691188274,4551456423,-590882299,2021-07-29
1689,,451_455862625_CACEIS,1287003498,OB,OB,No-pair,fees,Caceis booked the fees for SD 05-13-2020. Integrata yet to book,1287003498,1287003498,4551456423,-590882299,2021-07-29
1690,,393_455822501_CACEIS,1235308326,OB,OB,No-pair,fx wire,Caceis booked the fx wire for SD 04-15-2020. Integrata yet to book,1235308326,1235308326,4551456423,-590882299,2021-07-29
1691,,1196_455643841_CACEIS,975324268,OB,OB,No-pair,fx wire,Caceis booked the fx wire for SD 11-15-2019. Integrata yet to book,975324268,975324268,4551456423,-590882299,2021-07-29
1692,,99_4551109218_CACEIS,1613286796,OB,OB,No-pair,fx wire,Caceis booked the fx wire for SD 11-16-2020. Integrata yet to book,1613286796,1613286796,4551456423,-590882299,2021-07-29
1693,,176_455669415_CACEIS,1020661910,OB,OB,No-pair,fx wire,Caceis booked the fx wire for SD 12-16-2019. Integrata yet to book,1020661910,1020661910,4551456423,-590882299,2021-07-29
1694,,9_455575944_CACEIS,858396498,OB,OB,No-pair,wire transfer,Caceis booked the wire transfer for SD 10-03-2019. Integrata yet to book,858396498,858396498,4551456423,-590882299,2021-07-29
1695,4_455672797_Integrata,,1029176363,OB,OB,No-pair,dividend,Integrata booked the dividend for SD 12-18-2019.Caceis yet to book.,1029176363,1029176363,4551456423,-590882299,2021-07-29
1696,,135_455663909_CACEIS,1011570629,OB,OB,No-pair,wire transfer,Caceis booked the wire transfer for SD 12-11-2019. Integrata yet to book,1011570629,1011570629,4551456423,-590882299,2021-07-29
1697,15_455614192_Integrata,,925287759,OB,OB,No-pair,proceeds sell,Integrata booked the proceeds sell for SD 11-01-2019.Caceis yet to book.,925287759,925287759,4551456423,-590882299,2021-07-29
1698,,30_455920273_CACEIS,1364559771,OB,OB,No-pair,monthend interest,Caceis booked the monthend interest for SD 07-01-2020. Integrata yet to book,1364559771,1364559771,4551456423,-590882299,2021-07-29
1699,13_455812360_Integrata,,1222709481,OB,OB,No-pair,proceeds sell,Integrata booked the proceeds sell for SD 04-07-2020.Caceis yet to book.,1222709481,1222709481,4551456423,-590882299,2021-07-29
1700,16_4551057246_Integrata,,1544059581,OB,OB,No-pair,proceeds sell,Integrata booked the proceeds sell for SD 10-08-2020.Caceis yet to book.,1544059581,1544059581,4551456423,-590882299,2021-07-29
1701,3_4551326398_Integrata,,1900587944,OB,OB,No-pair,proceeds sell,Integrata booked the proceeds sell for SD 03-26-2021.Caceis yet to book.,1900587944,1900587944,4551456423,-590882299,2021-07-29
1702,,7_309411_CACEIS,439623709,OB,OB,No-pair,fx wire,Caceis booked the fx wire for SD 02-22-2019. Integrata yet to book,439623709,439623709,4551456423,-590882299,2021-07-29
1703,,36_455649350_CACEIS,985331739,OB,OB,No-pair,monthend interest,Caceis booked the monthend interest for SD 12-01-2019. Integrata yet to book,985331739,985331739,4551456423,-590882299,2021-07-29
1704,,383_4551066313_CACEIS,1556876714,OB,OB,No-pair,fx wire,Caceis booked the fx wire for SD 10-15-2020. Integrata yet to book,1556876714,1556876714,4551456423,-590882299,2021-07-29
1705,,278_4551313388_CACEIS,1883527961,OB,OB,No-pair,fx wire,Caceis booked the fx wire for SD 04-15-2021. Integrata yet to book,1883527961,1883527961,4551456423,-590882299,2021-07-29
1706,,473_455985296_CACEIS,1449582157,OB,OB,No-pair,fx wire,Caceis booked the fx wire for SD 08-17-2020. Integrata yet to book,1449582157,1449582157,4551456423,-590882299,2021-07-29
1707,,248_455748445_CACEIS,1136275363,OB,OB,No-pair,fx wire,Caceis booked the fx wire for SD 02-18-2020. Integrata yet to book,1136275363,1136275363,4551456423,-590882299,2021-07-29
1708,,270_4551313388_CACEIS,1883527955,OB,OB,No-pair,fx wire,Caceis booked the fx wire for SD 04-15-2021. Integrata yet to book,1883527955,1883527955,4551456423,-590882299,2021-07-29
1709,,98_368123_CACEIS,532374005,OB,OB,No-pair,fx wire,Caceis booked the fx wire for SD 04-15-2019. Integrata yet to book,532374005,532374005,4551456423,-590882299,2021-07-29
1710,,360_455862625_CACEIS,1287003517,OB,OB,No-pair,fees,Caceis booked the fees for SD 05-13-2020. Integrata yet to book,1287003517,1287003517,4551456423,-590882299,2021-07-29
1711,,11_4551229444_CACEIS,1775243197,OB,OB,No-pair,fx wire,Caceis booked the fx wire for SD 02-12-2021. Integrata yet to book,1775243197,1775243197,4551456423,-590882299,2021-07-29
1712,,53_368123_CACEIS,532374028,OB,OB,No-pair,fx wire,Caceis booked the fx wire for SD 04-15-2019. Integrata yet to book,532374028,532374028,4551456423,-590882299,2021-07-29
1713,,4_4551415924_CACEIS,2024089319,OB,OB,No-pair,monthend interest,Caceis booked the monthend interest for SD 07-01-2021. Integrata yet to book,2024089319,2024089319,4551456423,-590882299,2021-07-29
1714,,85_455726980_CACEIS,1107942582,OB,OB,No-pair,monthend interest,Caceis booked the monthend interest for SD 02-01-2020. Integrata yet to book,1107942582,1107942582,4551456423,-590882299,2021-07-29
1715,,106_455688261_CACEIS,1053516749,OB,OB,No-pair,monthend interest,Caceis booked the monthend interest for SD 01-01-2020. Integrata yet to book,1053516749,1053516749,4551456423,-590882299,2021-07-29
1716,,6_4551111173_CACEIS,1615781823,OB,OB,No-pair,wire transfer,Caceis booked the wire transfer for SD 11-17-2020. Integrata yet to book,1615781823,1615781823,4551456423,-590882299,2021-07-29
1717,,204_455985296_CACEIS,1449581978,OB,OB,No-pair,fx wire,Caceis booked the fx wire for SD 08-17-2020. Integrata yet to book,1449581978,1449581978,4551456423,-590882299,2021-07-29
1718,,82_4551105378_CACEIS,1608089232,OB,OB,No-pair,fees,Caceis booked the fees for SD 11-12-2020. Integrata yet to book,1608089232,1608089232,4551456423,-590882299,2021-07-29
1719,,1_4551373621_CACEIS,1970229477,OB,OB,No-pair,monthend interest,Caceis booked the monthend interest for SD 06-01-2021. Integrata yet to book,1970229477,1970229477,4551456423,-590882299,2021-07-29
1720,,77_455476582_CACEIS,691188754,OB,OB,No-pair,fx wire,Caceis booked the fx wire for SD 07-16-2019. Integrata yet to book,691188754,691188754,4551456423,-590882299,2021-07-29
1721,,373_455940640_CACEIS,1391596324,OB,OB,No-pair,fx wire,Caceis booked the fx wire for SD 07-15-2020. Integrata yet to book,1391596324,1391596324,4551456423,-590882299,2021-07-29
1722,,25_4551277470_CACEIS,1837468626,OB,OB,No-pair,fx wire,Caceis booked the fx wire for SD 03-19-2021. Integrata yet to book,1837468626,1837468626,4551456423,-590882299,2021-07-29
1723,,30_455803095_CACEIS,1210223537,OB,OB,No-pair,monthend interest,Caceis booked the monthend interest for SD 04-01-2020. Integrata yet to book,1210223537,1210223537,4551456423,-590882299,2021-07-29
1724,,108_4551232906_CACEIS,1780156385,OB,OB,No-pair,fx wire,Caceis booked the fx wire for SD 02-16-2021. Integrata yet to book,1780156385,1780156385,4551456423,-590882299,2021-07-29
1725,,93_455846205_CACEIS,1265566704,OB,OB,No-pair,fx wire,Caceis booked the fx wire for SD 05-04-2020. Integrata yet to book,1265566704,1265566704,4551456423,-590882299,2021-07-29
1726,,10_4551388882_CACEIS,1989667579,OB,OB,No-pair,wire transfer,Caceis booked the wire transfer for SD 06-10-2021. Integrata yet to book,1989667579,1989667579,4551456423,-590882299,2021-07-29
1727,,123_455862625_CACEIS,1287002909,OB,OB,No-pair,fx wire,Caceis booked the fx wire for SD 05-15-2020. Integrata yet to book,1287002909,1287002909,4551456423,-590882299,2021-07-29
1728,,74_4551313388_CACEIS,1883527712,OB,OB,No-pair,fx wire,Caceis booked the fx wire for SD 04-15-2021. Integrata yet to book,1883527712,1883527712,4551456423,-590882299,2021-07-29
1729,,97_4551313388_CACEIS,1883527773,OB,OB,No-pair,fx wire,Caceis booked the fx wire for SD 04-15-2021. Integrata yet to book,1883527773,1883527773,4551456423,-590882299,2021-07-29
1730,,992_455643841_CACEIS,975324064,OB,OB,No-pair,wire transfer,Caceis booked the wire transfer for SD 11-13-2019. Integrata yet to book,975324064,975324064,4551456423,-590882299,2021-07-29
1731,,311_4551149959_CACEIS,1667623048,OB,OB,No-pair,fx wire,Caceis booked the fx wire for SD 12-15-2020. Integrata yet to book,1667623048,1667623048,4551456423,-590882299,2021-07-29
1732,,69_4551105378_CACEIS,1608089222,OB,OB,No-pair,fees,Caceis booked the fees for SD 11-12-2020. Integrata yet to book,1608089222,1608089222,4551456423,-590882299,2021-07-29
1733,,115_4551184426_CACEIS,1712749774,OB,OB,No-pair,wire transfer,Caceis booked the wire transfer for SD 01-11-2021. Integrata yet to book,1712749774,1712749774,4551456423,-590882299,2021-07-29
1734,,961_455643841_CACEIS,975324033,OB,OB,No-pair,wire transfer,Caceis booked the wire transfer for SD 11-13-2019. Integrata yet to book,975324033,975324033,4551456423,-590882299,2021-07-29
1735,,1_265456_CACEIS,364728581,OB,OB,No-pair,fx wire,Caceis booked the fx wire for SD 01-11-2019. Integrata yet to book,364728581,364728581,4551456423,-590882299,2021-07-29
1736,,22_455907521_CACEIS,1347197456,OB,OB,No-pair,wire transfer,Caceis booked the wire transfer for SD 06-19-2020. Integrata yet to book,1347197456,1347197456,4551456423,-590882299,2021-07-29
1737,3_455851677_Integrata,,1275438401,OB,OB,No-pair,proceeds sell,Integrata booked the proceeds sell for SD 05-08-2020.Caceis yet to book.,1275438401,1275438401,4551456423,-590882299,2021-07-29
1738,,951_455822501_CACEIS,1235308649,OB,OB,No-pair,wire transfer,Caceis booked the wire transfer for SD 04-14-2020. Integrata yet to book,1235308649,1235308649,4551456423,-590882299,2021-07-29
1739,,70_455762980_CACEIS,1156897747,OB,OB,No-pair,fx wire,Caceis booked the fx wire for SD 02-28-2020. Integrata yet to book,1156897747,1156897747,4551456423,-590882299,2021-07-29
1740,45_4551085502_Integrata,,1581818068,OB,OB,No-pair,proceeds sell,Integrata booked the proceeds sell for SD 10-07-2020.Caceis yet to book.,1581818068,1581818068,4551456423,-590882299,2021-07-29
1741,,385_455862625_CACEIS,1287003273,OB,OB,No-pair,fees,Caceis booked the fees for SD 05-13-2020. Integrata yet to book,1287003273,1287003273,4551456423,-590882299,2021-07-29
1742,,64_333062_CACEIS,479846808,OB,OB,No-pair,fx wire,Caceis booked the fx wire for SD 03-15-2019. Integrata yet to book,479846808,479846808,4551456423,-590882299,2021-07-29
1743,,50_455978912_CACEIS,1441832185,OB,OB,No-pair,fees,Caceis booked the fees for SD 08-12-2020. Integrata yet to book,1441832185,1441832185,4551456423,-590882299,2021-07-29
1744,1_4551009589_Integrata,,1480921559,OB,OB,No-pair,wire transfer,Integrata booked the subscription for SD 09-03-2020.Caceis yet to book.,1480921559,1480921559,4551456423,-590882299,2021-07-29
1745,,804_455822501_CACEIS,1235308723,OB,OB,No-pair,fx wire,Caceis booked the fx wire for SD 04-15-2020. Integrata yet to book,1235308723,1235308723,4551456423,-590882299,2021-07-29
1746,,508_455862625_CACEIS,1287003873,OB,OB,No-pair,fx wire,Caceis booked the fx wire for SD 05-15-2020. Integrata yet to book,1287003873,1287003873,4551456423,-590882299,2021-07-29
1747,24_455548957_Integrata,,814988685,OB,OB,No-pair,wire transfer,Integrata booked the Net Sub/Red for SD 09-12-2019.Caceis yet to book.,814988685,814988685,4551456423,-590882299,2021-07-29
1748,,991_455643841_CACEIS,975324063,OB,OB,No-pair,wire transfer,Caceis booked the wire transfer for SD 11-13-2019. Integrata yet to book,975324063,975324063,4551456423,-590882299,2021-07-29
1749,,141_455663909_CACEIS,1011570601,OB,OB,No-pair,wire transfer,Caceis booked the wire transfer for SD 12-11-2019. Integrata yet to book,1011570601,1011570601,4551456423,-590882299,2021-07-29
1750,2_455575944_Integrata,,858396495,OB,OB,No-pair,wire transfer,Integrata booked the subscription for SD 10-03-2019.Caceis yet to book.,858396495,858396495,4551456423,-590882299,2021-07-29
1751,,41_455706635_CACEIS,1081907317,OB,OB,No-pair,fx wire,Caceis booked the fx wire for SD 01-15-2020. Integrata yet to book,1081907317,1081907317,4551456423,-590882299,2021-07-29
1752,,659_455862625_CACEIS,1287004486,OB,OB,No-pair,fees,Caceis booked the fees for SD 05-13-2020. Integrata yet to book,1287004486,1287004486,4551456423,-590882299,2021-07-29
1753,,12_4551430779_CACEIS,2043021922,OB,OB,No-pair,fees,Caceis booked the fees for SD 07-12-2021. Integrata yet to book,2043021922,2043021922,4551456423,-590882299,2021-07-29
1754,,349_4551023983_CACEIS,1500214104,OB,OB,No-pair,fx wire,Caceis booked the fx wire for SD 09-15-2020. Integrata yet to book,1500214104,1500214104,4551456423,-590882299,2021-07-29
1755,,36_455709628_CACEIS,1085770925,OB,OB,No-pair,fx wire,Caceis booked the fx wire for SD 01-17-2020. Integrata yet to book,1085770925,1085770925,4551456423,-590882299,2021-07-29
1756,,85_4551191593_CACEIS,1722905136,OB,OB,No-pair,wire transfer,Caceis booked the wire transfer for SD 01-15-2021. Integrata yet to book,1722905136,1722905136,4551456423,-590882299,2021-07-29
1757,5_455878037_Integrata,,1307184505,OB,OB,No-pair,wire transfer,Integrata booked the Net Sub/Red for SD 05-28-2020.Caceis yet to book.,1307184505,1307184505,4551456423,-590882299,2021-07-29
1758,,4_455742022_CACEIS,1127725641,OB,OB,No-pair,fees,Caceis booked the fees for SD 02-12-2020. Integrata yet to book,1127725641,1127725641,4551456423,-590882299,2021-07-29
1759,,78_306589_CACEIS,433998240,OB,OB,No-pair,fx wire,Caceis booked the fx wire for SD 02-15-2019. Integrata yet to book,433998240,433998240,4551456423,-590882299,2021-07-29
1760,,64_455985296_CACEIS,1449581819,OB,OB,No-pair,fx wire,Caceis booked the fx wire for SD 08-17-2020. Integrata yet to book,1449581819,1449581819,4551456423,-590882299,2021-07-29
1761,,5_455726980_CACEIS,1107942596,OB,OB,No-pair,monthend interest,Caceis booked the monthend interest for SD 02-01-2020. Integrata yet to book,1107942596,1107942596,4551456423,-590882299,2021-07-29
1762,,11_4551430779_CACEIS,2043021921,OB,OB,No-pair,fees,Caceis booked the fees for SD 07-12-2021. Integrata yet to book,2043021921,2043021921,4551456423,-590882299,2021-07-29
1763,,60_455978912_CACEIS,1441832175,OB,OB,No-pair,fees,Caceis booked the fees for SD 08-12-2020. Integrata yet to book,1441832175,1441832175,4551456423,-590882299,2021-07-29
1764,,124_4551144082_CACEIS,1659707162,OB,OB,No-pair,fees,Caceis booked the fees for SD 12-10-2020. Integrata yet to book,1659707162,1659707162,4551456423,-590882299,2021-07-29
1765,,44_455777858_CACEIS,1177395813,OB,OB,No-pair,wire transfer,Caceis booked the wire transfer for SD 03-11-2020. Integrata yet to book,1177395813,1177395813,4551456423,-590882299,2021-07-29
1766,,54_455900053_CACEIS,1336713315,OB,OB,No-pair,fx wire,Caceis booked the fx wire for SD 06-15-2020. Integrata yet to book,1336713315,1336713315,4551456423,-590882299,2021-07-29
1767,,483_4551149959_CACEIS,1667623340,OB,OB,No-pair,fx wire,Caceis booked the fx wire for SD 12-15-2020. Integrata yet to book,1667623340,1667623340,4551456423,-590882299,2021-07-29
1768,,60_455442954_CACEIS,637183908,OB,OB,No-pair,fx wire,Caceis booked the fx wire for SD 06-17-2019. Integrata yet to book,637183908,637183908,4551456423,-590882299,2021-07-29
1769,,764_455862625_CACEIS,1287005137,OB,OB,No-pair,fx wire,Caceis booked the fx wire for SD 05-15-2020. Integrata yet to book,1287005137,1287005137,4551456423,-590882299,2021-07-29
1770,,165_455669415_CACEIS,1020662008,OB,OB,No-pair,fx wire,Caceis booked the fx wire for SD 12-16-2019. Integrata yet to book,1020662008,1020662008,4551456423,-590882299,2021-07-29
1771,,835_455822501_CACEIS,1235308757,OB,OB,No-pair,fx wire,Caceis booked the fx wire for SD 04-15-2020. Integrata yet to book,1235308757,1235308757,4551456423,-590882299,2021-07-29
1772,,50_4551388882_CACEIS,1989667638,OB,OB,No-pair,wire transfer,Caceis booked the wire transfer for SD 06-10-2021. Integrata yet to book,1989667638,1989667638,4551456423,-590882299,2021-07-29
1773,,116_4551144082_CACEIS,1659707158,OB,OB,No-pair,wire transfer,Caceis booked the wire transfer for SD 12-10-2020. Integrata yet to book,1659707158,1659707158,4551456423,-590882299,2021-07-29
1774,,59_455762980_CACEIS,1156897750,OB,OB,No-pair,monthend interest,Caceis booked the monthend interest for SD 03-01-2020. Integrata yet to book,1156897750,1156897750,4551456423,-590882299,2021-07-29
1775,,477_455862625_CACEIS,1287003914,OB,OB,No-pair,fx wire,Caceis booked the fx wire for SD 05-15-2020. Integrata yet to book,1287003914,1287003914,4551456423,-590882299,2021-07-29
1776,,31_328180_CACEIS,473992304,OB,OB,No-pair,wire transfer,Caceis booked the wire transfer for SD 03-12-2019. Integrata yet to book,473992304,473992304,4551456423,-590882299,2021-07-29
1777,,380_455822501_CACEIS,1235308347,OB,OB,No-pair,fx wire,Caceis booked the fx wire for SD 04-15-2020. Integrata yet to book,1235308347,1235308347,4551456423,-590882299,2021-07-29
1778,,294_455706635_CACEIS,1081907675,OB,OB,No-pair,fx wire,Caceis booked the fx wire for SD 01-15-2020. Integrata yet to book,1081907675,1081907675,4551456423,-590882299,2021-07-29
1779,,58_455978912_CACEIS,1441832158,OB,OB,No-pair,fees,Caceis booked the fees for SD 08-12-2020. Integrata yet to book,1441832158,1441832158,4551456423,-590882299,2021-07-29
1780,,47_4551097416_CACEIS,1597270343,OB,OB,No-pair,fx wire,Caceis booked the fx wire for SD 11-06-2020. Integrata yet to book,1597270343,1597270343,4551456423,-590882299,2021-07-29
1781,,105_4551105378_CACEIS,1608089308,OB,OB,No-pair,fees,Caceis booked the fees for SD 11-12-2020. Integrata yet to book,1608089308,1608089308,4551456423,-590882299,2021-07-29
1782,,58_455963450_CACEIS,1421777883,OB,OB,No-pair,monthend interest,Caceis booked the monthend interest for SD 08-01-2020. Integrata yet to book,1421777883,1421777883,4551456423,-590882299,2021-07-29
1783,,12_455803095_CACEIS,1210223496,OB,OB,No-pair,monthend interest,Caceis booked the monthend interest for SD 04-01-2020. Integrata yet to book,1210223496,1210223496,4551456423,-590882299,2021-07-29
1784,,72_455605017_CACEIS,907407273,OB,OB,No-pair,wire transfer,Caceis booked the wire transfer for SD 10-25-2019. Integrata yet to book,907407273,907407273,4551456423,-590882299,2021-07-29
1785,,58_455745203_CACEIS,1132280302,OB,OB,No-pair,fx wire,Caceis booked the fx wire for SD 02-14-2020. Integrata yet to book,1132280302,1132280302,4551456423,-590882299,2021-07-29
1786,,390_455590588_CACEIS,883858725,OB,OB,No-pair,fx wire,Caceis booked the fx wire for SD 10-15-2019. Integrata yet to book,883858725,883858725,4551456423,-590882299,2021-07-29
1787,,161_4551248485_CACEIS,1800039489,OB,OB,No-pair,wire transfer,Caceis booked the wire transfer for SD 02-26-2021. Integrata yet to book,1800039489,1800039489,4551456423,-590882299,2021-07-29
1788,,101_455726980_CACEIS,1107942602,OB,OB,No-pair,wire transfer,Caceis booked the wire transfer for SD 01-31-2020. Integrata yet to book,1107942602,1107942602,4551456423,-590882299,2021-07-29
1789,,99_455963450_CACEIS,1421777873,OB,OB,No-pair,monthend interest,Caceis booked the monthend interest for SD 08-01-2020. Integrata yet to book,1421777873,1421777873,4551456423,-590882299,2021-07-29
1790,,176_4551248485_CACEIS,1800039392,OB,OB,No-pair,wire transfer,Caceis booked the wire transfer for SD 02-26-2021. Integrata yet to book,1800039392,1800039392,4551456423,-590882299,2021-07-29
1791,,142_4551248485_CACEIS,1800039463,OB,OB,No-pair,fx wire,Caceis booked the fx wire for SD 02-26-2021. Integrata yet to book,1800039463,1800039463,4551456423,-590882299,2021-07-29
1792,,30_455978912_CACEIS,1441832223,OB,OB,No-pair,wire transfer,Caceis booked the wire transfer for SD 08-12-2020. Integrata yet to book,1441832223,1441832223,4551456423,-590882299,2021-07-29
1793,,177_455726980_CACEIS,1107942559,OB,OB,No-pair,monthend interest,Caceis booked the monthend interest for SD 02-01-2020. Integrata yet to book,1107942559,1107942559,4551456423,-590882299,2021-07-29
1794,,79_4551436806_CACEIS,2049885738,OB,OB,No-pair,fx wire,Caceis booked the fx wire for SD 07-15-2021. Integrata yet to book,2049885738,2049885738,4551456423,-590882299,2021-07-29
1795,,53_455667500_CACEIS,1017540700,OB,OB,No-pair,wire transfer,Caceis booked the wire transfer for SD 12-13-2019. Integrata yet to book,1017540700,1017540700,4551456423,-590882299,2021-07-29
1796,,258_455783582_CACEIS,1185159539,OB,OB,No-pair,fx wire,Caceis booked the fx wire for SD 03-16-2020. Integrata yet to book,1185159539,1185159539,4551456423,-590882299,2021-07-29
1797,,394_455862625_CACEIS,1287003334,OB,OB,No-pair,fees,Caceis booked the fees for SD 05-13-2020. Integrata yet to book,1287003334,1287003334,4551456423,-590882299,2021-07-29
1798,,154_455900053_CACEIS,1336713457,OB,OB,No-pair,fx wire,Caceis booked the fx wire for SD 06-15-2020. Integrata yet to book,1336713457,1336713457,4551456423,-590882299,2021-07-29
1799,,78_455782293_CACEIS,1183563044,OB,OB,No-pair,fx wire,Caceis booked the fx wire for SD 03-13-2020. Integrata yet to book,1183563044,1183563044,4551456423,-590882299,2021-07-29
1800,,194_4551023983_CACEIS,1500213961,OB,OB,No-pair,fx wire,Caceis booked the fx wire for SD 09-15-2020. Integrata yet to book,1500213961,1500213961,4551456423,-590882299,2021-07-29
1801,,153_4551184426_CACEIS,1712749757,OB,OB,No-pair,wire transfer,Caceis booked the wire transfer for SD 01-11-2021. Integrata yet to book,1712749757,1712749757,4551456423,-590882299,2021-07-29
1802,,234_4551354754_CACEIS,1942399704,OB,OB,No-pair,fx wire,Caceis booked the fx wire for SD 05-17-2021. Integrata yet to book,1942399704,1942399704,4551456423,-590882299,2021-07-29
1803,,5_455920273_CACEIS,1364559759,OB,OB,No-pair,monthend interest,Caceis booked the monthend interest for SD 07-01-2020. Integrata yet to book,1364559759,1364559759,4551456423,-590882299,2021-07-29
1804,,207_4551269721_CACEIS,1827473992,OB,OB,No-pair,fx wire,Caceis booked the fx wire for SD 03-15-2021. Integrata yet to book,1827473992,1827473992,4551456423,-590882299,2021-07-29
1805,,33_368123_CACEIS,532373997,OB,OB,No-pair,fx wire,Caceis booked the fx wire for SD 04-15-2019. Integrata yet to book,532373997,532373997,4551456423,-590882299,2021-07-29
1806,,57_4551436806_CACEIS,2049885746,OB,OB,No-pair,fx wire,Caceis booked the fx wire for SD 07-15-2021. Integrata yet to book,2049885746,2049885746,4551456423,-590882299,2021-07-29
1807,,115_455726980_CACEIS,1107942535,OB,OB,No-pair,monthend interest,Caceis booked the monthend interest for SD 02-01-2020. Integrata yet to book,1107942535,1107942535,4551456423,-590882299,2021-07-29
1808,,8_333062_CACEIS,479846743,OB,OB,No-pair,fx wire,Caceis booked the fx wire for SD 03-15-2019. Integrata yet to book,479846743,479846743,4551456423,-590882299,2021-07-29
1809,,123_4551184426_CACEIS,1712749830,OB,OB,No-pair,wire transfer,Caceis booked the wire transfer for SD 01-11-2021. Integrata yet to book,1712749830,1712749830,4551456423,-590882299,2021-07-29
1810,,110_4551191593_CACEIS,1722905115,OB,OB,No-pair,fx wire,Caceis booked the fx wire for SD 01-15-2021. Integrata yet to book,1722905115,1722905115,4551456423,-590882299,2021-07-29
1811,,504_455783582_CACEIS,1185159657,OB,OB,No-pair,fx wire,Caceis booked the fx wire for SD 03-16-2020. Integrata yet to book,1185159657,1185159657,4551456423,-590882299,2021-07-29
1812,,196_4551232906_CACEIS,1780156683,OB,OB,No-pair,fx wire,Caceis booked the fx wire for SD 02-16-2021. Integrata yet to book,1780156683,1780156683,4551456423,-590882299,2021-07-29
1813,,56_455803095_CACEIS,1210223510,OB,OB,No-pair,monthend interest,Caceis booked the monthend interest for SD 04-01-2020. Integrata yet to book,1210223510,1210223510,4551456423,-590882299,2021-07-29
1814,,326_455590588_CACEIS,883858692,OB,OB,No-pair,wire transfer,Caceis booked the wire transfer for SD 10-15-2019. Integrata yet to book,883858692,883858692,4551456423,-590882299,2021-07-29
1815,,19_4551201062_CACEIS,1734565992,OB,OB,No-pair,wire transfer,Caceis booked the wire transfer for SD 01-22-2021. Integrata yet to book,1734565992,1734565992,4551456423,-590882299,2021-07-29
1816,,24_4551182476_CACEIS,1710215354,OB,OB,No-pair,fx wire,Caceis booked the fx wire for SD 01-08-2021. Integrata yet to book,1710215354,1710215354,4551456423,-590882299,2021-07-29
1817,,60_455772338_CACEIS,1169827536,OB,OB,No-pair,wire transfer,Caceis booked the wire transfer for SD 03-06-2020. Integrata yet to book,1169827536,1169827536,4551456423,-590882299,2021-07-29
1818,,72_4551066313_CACEIS,1556876375,OB,OB,No-pair,fx wire,Caceis booked the fx wire for SD 10-15-2020. Integrata yet to book,1556876375,1556876375,4551456423,-590882299,2021-07-29
1819,,699_455862625_CACEIS,1287005210,OB,OB,No-pair,fx wire,Caceis booked the fx wire for SD 05-15-2020. Integrata yet to book,1287005210,1287005210,4551456423,-590882299,2021-07-29
1820,,401_455940640_CACEIS,1391596301,OB,OB,No-pair,fx wire,Caceis booked the fx wire for SD 07-15-2020. Integrata yet to book,1391596301,1391596301,4551456423,-590882299,2021-07-29
1821,,5_455499153_CACEIS,729733316,OB,OB,No-pair,fx wire,Caceis booked the fx wire for SD 08-02-2019. Integrata yet to book,729733316,729733316,4551456423,-590882299,2021-07-29
1822,,223_4551394628_CACEIS,1997244663,OB,OB,No-pair,fx wire,Caceis booked the fx wire for SD 06-15-2021. Integrata yet to book,1997244663,1997244663,4551456423,-590882299,2021-07-29
1823,,13_4551258322_CACEIS,1812652683,OB,OB,No-pair,wire transfer,Caceis booked the wire transfer for SD 03-05-2021. Integrata yet to book,1812652683,1812652683,4551456423,-590882299,2021-07-29
1824,,782_455862625_CACEIS,1287005215,OB,OB,No-pair,fx wire,Caceis booked the fx wire for SD 05-15-2020. Integrata yet to book,1287005215,1287005215,4551456423,-590882299,2021-07-29
1825,,72_4551044906_CACEIS,1528403620,OB,OB,No-pair,monthend interest,Caceis booked the monthend interest for SD 10-01-2020. Integrata yet to book,1528403620,1528403620,4551456423,-590882299,2021-07-29
1826,,414_455783582_CACEIS,1185159663,OB,OB,No-pair,fx wire,Caceis booked the fx wire for SD 03-16-2020. Integrata yet to book,1185159663,1185159663,4551456423,-590882299,2021-07-29
1827,,17_4551171343_CACEIS,1696929212,OB,OB,No-pair,wire transfer,Caceis booked the wire transfer for SD 12-30-2020. Integrata yet to book,1696929212,1696929212,4551456423,-590882299,2021-07-29
1828,,13_455439597_CACEIS,632008223,OB,OB,No-pair,wire transfer,Caceis booked the wire transfer for SD 06-13-2019. Integrata yet to book,632008223,632008223,4551456423,-590882299,2021-07-29
1829,,94_4551066313_CACEIS,1556876330,OB,OB,No-pair,fx wire,Caceis booked the fx wire for SD 10-15-2020. Integrata yet to book,1556876330,1556876330,4551456423,-590882299,2021-07-29
1830,,1030_455643841_CACEIS,975324102,OB,OB,No-pair,wire transfer,Caceis booked the wire transfer for SD 11-13-2019. Integrata yet to book,975324102,975324102,4551456423,-590882299,2021-07-29
1831,,11_4551372778_CACEIS,1969041953,OB,OB,No-pair,wire transfer,Caceis booked the wire transfer for SD 05-28-2021. Integrata yet to book,1969041953,1969041953,4551456423,-590882299,2021-07-29
1832,,36_455982783_CACEIS,1446489007,OB,OB,No-pair,fx wire,Caceis booked the fx wire for SD 08-14-2020. Integrata yet to book,1446489007,1446489007,4551456423,-590882299,2021-07-29
1833,,308_455706635_CACEIS,1081907522,OB,OB,No-pair,fx wire,Caceis booked the fx wire for SD 01-15-2020. Integrata yet to book,1081907522,1081907522,4551456423,-590882299,2021-07-29
1834,,70_455404958_CACEIS,585162399,OB,OB,No-pair,fx wire,Caceis booked the fx wire for SD 05-15-2019. Integrata yet to book,585162399,585162399,4551456423,-590882299,2021-07-29
1835,,532_4551109218_CACEIS,1613287082,OB,OB,No-pair,fx wire,Caceis booked the fx wire for SD 11-16-2020. Integrata yet to book,1613287082,1613287082,4551456423,-590882299,2021-07-29
1836,,16_455953995_CACEIS,1409848222,OB,OB,No-pair,fx wire,Caceis booked the fx wire for SD 07-24-2020. Integrata yet to book,1409848222,1409848222,4551456423,-590882299,2021-07-29
1837,,106_4551149959_CACEIS,1667622886,OB,OB,No-pair,fx wire,Caceis booked the fx wire for SD 12-15-2020. Integrata yet to book,1667622886,1667622886,4551456423,-590882299,2021-07-29
1838,,402_455862625_CACEIS,1287003762,OB,OB,No-pair,fx wire,Caceis booked the fx wire for SD 05-15-2020. Integrata yet to book,1287003762,1287003762,4551456423,-590882299,2021-07-29
1839,,1082_455643841_CACEIS,975324154,OB,OB,No-pair,wire transfer,Caceis booked the wire transfer for SD 11-13-2019. Integrata yet to book,975324154,975324154,4551456423,-590882299,2021-07-29
1840,,12_455820754_CACEIS,1233177757,OB,OB,No-pair,fees,Caceis booked the fees for SD 04-14-2020. Integrata yet to book,1233177757,1233177757,4551456423,-590882299,2021-07-29
1841,,103_4551394628_CACEIS,1997244676,OB,OB,No-pair,fx wire,Caceis booked the fx wire for SD 06-15-2021. Integrata yet to book,1997244676,1997244676,4551456423,-590882299,2021-07-29
1842,,408_455748445_CACEIS,1136275362,OB,OB,No-pair,fx wire,Caceis booked the fx wire for SD 02-18-2020. Integrata yet to book,1136275362,1136275362,4551456423,-590882299,2021-07-29
1843,,1263_455643841_CACEIS,975324335,OB,OB,No-pair,fx wire,Caceis booked the fx wire for SD 11-15-2019. Integrata yet to book,975324335,975324335,4551456423,-590882299,2021-07-29
1844,,973_455643841_CACEIS,975324045,OB,OB,No-pair,wire transfer,Caceis booked the wire transfer for SD 11-13-2019. Integrata yet to book,975324045,975324045,4551456423,-590882299,2021-07-29
1845,,2_4551136088_CACEIS,1649475111,OB,OB,No-pair,fx wire,Caceis booked the fx wire for SD 12-04-2020. Integrata yet to book,1649475111,1649475111,4551456423,-590882299,2021-07-29
1846,,507_455822501_CACEIS,1235308376,OB,OB,No-pair,fx wire,Caceis booked the fx wire for SD 04-15-2020. Integrata yet to book,1235308376,1235308376,4551456423,-590882299,2021-07-29
1847,,3_4551188298_CACEIS,1718045057,OB,OB,No-pair,fees,Caceis booked the fees for SD 01-12-2021. Integrata yet to book,1718045057,1718045057,4551456423,-590882299,2021-07-29
1848,,130_4551149959_CACEIS,1667622897,OB,OB,No-pair,fx wire,Caceis booked the fx wire for SD 12-15-2020. Integrata yet to book,1667622897,1667622897,4551456423,-590882299,2021-07-29
1849,,69_455783582_CACEIS,1185159247,OB,OB,No-pair,fx wire,Caceis booked the fx wire for SD 03-16-2020. Integrata yet to book,1185159247,1185159247,4551456423,-590882299,2021-07-29
1850,,19_4551117124_CACEIS,1623224499,OB,OB,No-pair,fx wire,Caceis booked the fx wire for SD 11-20-2020. Integrata yet to book,1623224499,1623224499,4551456423,-590882299,2021-07-29
1851,,400_455822501_CACEIS,1235308370,OB,OB,No-pair,fx wire,Caceis booked the fx wire for SD 04-15-2020. Integrata yet to book,1235308370,1235308370,4551456423,-590882299,2021-07-29
1852,,48_4551155693_CACEIS,1675163283,OB,OB,No-pair,wire transfer,Caceis booked the wire transfer for SD 12-18-2020. Integrata yet to book,1675163283,1675163283,4551456423,-590882299,2021-07-29
1853,,825_455822501_CACEIS,1235308840,OB,OB,No-pair,fx wire,Caceis booked the fx wire for SD 04-15-2020. Integrata yet to book,1235308840,1235308840,4551456423,-590882299,2021-07-29
1854,,229_4551210754_CACEIS,1748958211,OB,OB,No-pair,monthend interest,Caceis booked the monthend interest for SD 02-01-2021. Integrata yet to book,1748958211,1748958211,4551456423,-590882299,2021-07-29
1855,,25_4551168254_CACEIS,1691686503,OB,OB,No-pair,fx wire,Caceis booked the fx wire for SD 12-29-2020. Integrata yet to book,1691686503,1691686503,4551456423,-590882299,2021-07-29
1856,,1021_455643841_CACEIS,975324093,OB,OB,No-pair,wire transfer,Caceis booked the wire transfer for SD 11-13-2019. Integrata yet to book,975324093,975324093,4551456423,-590882299,2021-07-29
1857,2_4551456423_Integrata,,2074469228,OB,OB,No-pair,wire transfer,Integrata booked the AUM plug for SD 07-28-2021.Caceis yet to book.,2074469228,2074469228,4551456423,-590882299,2021-07-29
1858,,7_4551182476_CACEIS,1710215363,OB,OB,No-pair,fx wire,Caceis booked the fx wire for SD 01-08-2021. Integrata yet to book,1710215363,1710215363,4551456423,-590882299,2021-07-29
1859,6_455779682_Integrata,,1179968819,OB,OB,No-pair,wire transfer,Integrata booked the Net Sub/Red for SD 03-12-2020.Caceis yet to book.,1179968819,1179968819,4551456423,-590882299,2021-07-29
1860,,11_455507970_CACEIS,745225904,OB,OB,No-pair,wire transfer,Caceis booked the wire transfer for SD 08-09-2019. Integrata yet to book,745225904,745225904,4551456423,-590882299,2021-07-29
1861,,9_455762980_CACEIS,1156897741,OB,OB,No-pair,monthend interest,Caceis booked the monthend interest for SD 03-01-2020. Integrata yet to book,1156897741,1156897741,4551456423,-590882299,2021-07-29
1862,,57_4551044906_CACEIS,1528403657,OB,OB,No-pair,monthend interest,Caceis booked the monthend interest for SD 10-01-2020. Integrata yet to book,1528403657,1528403657,4551456423,-590882299,2021-07-29
1863,,51_455610697_CACEIS,917943315,OB,OB,No-pair,fx wire,Caceis booked the fx wire for SD 10-18-2019. Integrata yet to book,917943315,917943315,4551456423,-590882299,2021-07-29
1864,,352_4551023983_CACEIS,1500214047,OB,OB,No-pair,fx wire,Caceis booked the fx wire for SD 09-15-2020. Integrata yet to book,1500214047,1500214047,4551456423,-590882299,2021-07-29
1865,,184_4551023983_CACEIS,1500213830,OB,OB,No-pair,fx wire,Caceis booked the fx wire for SD 09-15-2020. Integrata yet to book,1500213830,1500213830,4551456423,-590882299,2021-07-29
1866,,65_455476582_CACEIS,691188133,OB,OB,No-pair,fx wire,Caceis booked the fx wire for SD 07-16-2019. Integrata yet to book,691188133,691188133,4551456423,-590882299,2021-07-29
1867,,367_4551232906_CACEIS,1780156770,OB,OB,No-pair,fx wire,Caceis booked the fx wire for SD 02-16-2021. Integrata yet to book,1780156770,1780156770,4551456423,-590882299,2021-07-29
1868,,235_455985296_CACEIS,1449582040,OB,OB,No-pair,fx wire,Caceis booked the fx wire for SD 08-17-2020. Integrata yet to book,1449582040,1449582040,4551456423,-590882299,2021-07-29
1869,,368_4551066313_CACEIS,1556876521,OB,OB,No-pair,fx wire,Caceis booked the fx wire for SD 10-15-2020. Integrata yet to book,1556876521,1556876521,4551456423,-590882299,2021-07-29
1870,,31_455940640_CACEIS,1391596079,OB,OB,No-pair,fx wire,Caceis booked the fx wire for SD 07-15-2020. Integrata yet to book,1391596079,1391596079,4551456423,-590882299,2021-07-29
1871,,447_455748445_CACEIS,1136275375,OB,OB,No-pair,fx wire,Caceis booked the fx wire for SD 02-18-2020. Integrata yet to book,1136275375,1136275375,4551456423,-590882299,2021-07-29
1872,,15_4551210754_CACEIS,1748958218,OB,OB,No-pair,fx wire,Caceis booked the fx wire for SD 01-29-2021. Integrata yet to book,1748958218,1748958218,4551456423,-590882299,2021-07-29
1873,,115_4551060531_CACEIS,1548950677,OB,OB,No-pair,wire transfer,Caceis booked the wire transfer for SD 10-12-2020. Integrata yet to book,1548950677,1548950677,4551456423,-590882299,2021-07-29
1874,,197_4551248485_CACEIS,1800039542,OB,OB,No-pair,fx wire,Caceis booked the fx wire for SD 02-26-2021. Integrata yet to book,1800039542,1800039542,4551456423,-590882299,2021-07-29
1875,,82_4551313388_CACEIS,1883527714,OB,OB,No-pair,fx wire,Caceis booked the fx wire for SD 04-15-2021. Integrata yet to book,1883527714,1883527714,4551456423,-590882299,2021-07-29
1876,,84_455585083_CACEIS,874262393,OB,OB,No-pair,fees,Caceis booked the fees for SD 10-10-2019. Integrata yet to book,874262393,874262393,4551456423,-590882299,2021-07-29
1877,,44_4551087502_CACEIS,1584326607,OB,OB,No-pair,monthend interest,Caceis booked the monthend interest for SD 11-01-2020. Integrata yet to book,1584326607,1584326607,4551456423,-590882299,2021-07-29
1878,,470_455900053_CACEIS,1336714002,OB,OB,No-pair,fx wire,Caceis booked the fx wire for SD 06-15-2020. Integrata yet to book,1336714002,1336714002,4551456423,-590882299,2021-07-29
1879,,53_4551109218_CACEIS,1613286703,OB,OB,No-pair,fx wire,Caceis booked the fx wire for SD 11-16-2020. Integrata yet to book,1613286703,1613286703,4551456423,-590882299,2021-07-29
1880,,66_4551087502_CACEIS,1584326617,OB,OB,No-pair,fx wire,Caceis booked the fx wire for SD 10-30-2020. Integrata yet to book,1584326617,1584326617,4551456423,-590882299,2021-07-29
1881,,58_4551313388_CACEIS,1883527659,OB,OB,No-pair,fx wire,Caceis booked the fx wire for SD 04-15-2021. Integrata yet to book,1883527659,1883527659,4551456423,-590882299,2021-07-29
1882,,23_455457456_CACEIS,662167909,OB,OB,No-pair,monthend interest,Caceis booked the monthend interest for SD 07-01-2019. Integrata yet to book,662167909,662167909,4551456423,-590882299,2021-07-29
1883,,118_455649350_CACEIS,985331662,OB,OB,No-pair,monthend interest,Caceis booked the monthend interest for SD 12-01-2019. Integrata yet to book,985331662,985331662,4551456423,-590882299,2021-07-29
1884,,56_4551109218_CACEIS,1613286815,OB,OB,No-pair,fx wire,Caceis booked the fx wire for SD 11-16-2020. Integrata yet to book,1613286815,1613286815,4551456423,-590882299,2021-07-29
1885,,1_455759405_CACEIS,1151884752,OB,OB,No-pair,wire transfer,Caceis booked the wire transfer for SD 02-24-2020. Integrata yet to book,1151884752,1151884752,4551456423,-590882299,2021-07-29
1886,,204_4551248485_CACEIS,1800039540,OB,OB,No-pair,fx wire,Caceis booked the fx wire for SD 02-26-2021. Integrata yet to book,1800039540,1800039540,4551456423,-590882299,2021-07-29
1887,,519_4551149959_CACEIS,1667623310,OB,OB,No-pair,fx wire,Caceis booked the fx wire for SD 12-15-2020. Integrata yet to book,1667623310,1667623310,4551456423,-590882299,2021-07-29
1888,,61_4551313388_CACEIS,1883527726,OB,OB,No-pair,fx wire,Caceis booked the fx wire for SD 04-15-2021. Integrata yet to book,1883527726,1883527726,4551456423,-590882299,2021-07-29
1889,,131_455862625_CACEIS,1287002685,OB,OB,No-pair,fx wire,Caceis booked the fx wire for SD 05-15-2020. Integrata yet to book,1287002685,1287002685,4551456423,-590882299,2021-07-29
1890,,288_455706635_CACEIS,1081907615,OB,OB,No-pair,fx wire,Caceis booked the fx wire for SD 01-15-2020. Integrata yet to book,1081907615,1081907615,4551456423,-590882299,2021-07-29
1891,,1_278910_CACEIS,390854416,OB,OB,No-pair,wire transfer,Caceis booked the wire transfer for SD 01-25-2019. Integrata yet to book,390854416,390854416,4551456423,-590882299,2021-07-29
1892,,5_4551400940_CACEIS,2004694235,OB,OB,No-pair,fx wire,Caceis booked the fx wire for SD 06-18-2021. Integrata yet to book,2004694235,2004694235,4551456423,-590882299,2021-07-29
1893,,44_455516633_CACEIS,760048536,OB,OB,No-pair,fx wire,Caceis booked the fx wire for SD 08-16-2019. Integrata yet to book,760048536,760048536,4551456423,-590882299,2021-07-29
1894,,407_4551109218_CACEIS,1613287033,OB,OB,No-pair,fx wire,Caceis booked the fx wire for SD 11-16-2020. Integrata yet to book,1613287033,1613287033,4551456423,-590882299,2021-07-29
1895,,69_455898221_CACEIS,1334730822,OB,OB,No-pair,wire transfer,Caceis booked the wire transfer for SD 06-12-2020. Integrata yet to book,1334730822,1334730822,4551456423,-590882299,2021-07-29
1896,,6_455424626_CACEIS,610989036,OB,OB,No-pair,fx wire,Caceis booked the fx wire for SD 05-31-2019. Integrata yet to book,610989036,610989036,4551456423,-590882299,2021-07-29
1897,,323_4551191593_CACEIS,1722905240,OB,OB,No-pair,fx wire,Caceis booked the fx wire for SD 01-15-2021. Integrata yet to book,1722905240,1722905240,4551456423,-590882299,2021-07-29
1898,,484_4551109218_CACEIS,1613287027,OB,OB,No-pair,fx wire,Caceis booked the fx wire for SD 11-16-2020. Integrata yet to book,1613287027,1613287027,4551456423,-590882299,2021-07-29
1899,,13_455909302_CACEIS,1349421693,OB,OB,No-pair,proceeds sell,Caceis booked the proceeds sell for SD 06-22-2020. Integrata yet to book,1349421693,1349421693,4551456423,-590882299,2021-07-29
1900,,330_455706635_CACEIS,1081907645,OB,OB,No-pair,wire transfer,Caceis booked the wire transfer for SD 01-15-2020. Integrata yet to book,1081907645,1081907645,4551456423,-590882299,2021-07-29
1901,,32_4551060531_CACEIS,1548950755,OB,OB,No-pair,fees,Caceis booked the fees for SD 10-12-2020. Integrata yet to book,1548950755,1548950755,4551456423,-590882299,2021-07-29
1902,,74_455585083_CACEIS,874262474,OB,OB,No-pair,fees,Caceis booked the fees for SD 10-10-2019. Integrata yet to book,874262474,874262474,4551456423,-590882299,2021-07-29
1903,,238_455748445_CACEIS,1136275210,OB,OB,No-pair,fx wire,Caceis booked the fx wire for SD 02-18-2020. Integrata yet to book,1136275210,1136275210,4551456423,-590882299,2021-07-29
1904,,46_4551155693_CACEIS,1675163282,OB,OB,No-pair,fx wire,Caceis booked the fx wire for SD 12-18-2020. Integrata yet to book,1675163282,1675163282,4551456423,-590882299,2021-07-29
1905,,25_455879764_CACEIS,1309543730,OB,OB,No-pair,monthend interest,Caceis booked the monthend interest for SD 06-01-2020. Integrata yet to book,1309543730,1309543730,4551456423,-590882299,2021-07-29
1906,,535_455822501_CACEIS,1235307905,OB,OB,No-pair,fees,Caceis booked the fees for SD 04-14-2020. Integrata yet to book,1235307905,1235307905,4551456423,-590882299,2021-07-29
1907,,55_455898221_CACEIS,1334730861,OB,OB,No-pair,fees,Caceis booked the fees for SD 06-12-2020. Integrata yet to book,1334730861,1334730861,4551456423,-590882299,2021-07-29
1908,,71_4551066313_CACEIS,1556876361,OB,OB,No-pair,fx wire,Caceis booked the fx wire for SD 10-15-2020. Integrata yet to book,1556876361,1556876361,4551456423,-590882299,2021-07-29
1909,,117_455898221_CACEIS,1334730738,OB,OB,No-pair,fees,Caceis booked the fees for SD 06-12-2020. Integrata yet to book,1334730738,1334730738,4551456423,-590882299,2021-07-29
1910,,392_4551023983_CACEIS,1500214148,OB,OB,No-pair,fx wire,Caceis booked the fx wire for SD 09-15-2020. Integrata yet to book,1500214148,1500214148,4551456423,-590882299,2021-07-29
1911,,964_455822501_CACEIS,1235308211,OB,OB,No-pair,fx wire,Caceis booked the fx wire for SD 04-15-2020. Integrata yet to book,1235308211,1235308211,4551456423,-590882299,2021-07-29
1912,,142_4551018409_CACEIS,1492757171,OB,OB,No-pair,fees,Caceis booked the fees for SD 09-10-2020. Integrata yet to book,1492757171,1492757171,4551456423,-590882299,2021-07-29
1913,,2_4551064383_CACEIS,1554267362,OB,OB,No-pair,proceeds sell,Caceis booked the proceeds sell for SD 10-13-2020. Integrata yet to book,1554267362,1554267362,4551456423,-590882299,2021-07-29
1914,,74_4551220415_CACEIS,1761955963,OB,OB,No-pair,fx wire,Caceis booked the fx wire for SD 02-05-2021. Integrata yet to book,1761955963,1761955963,4551456423,-590882299,2021-07-29
1915,,251_4551436806_CACEIS,2049885978,OB,OB,No-pair,fx wire,Caceis booked the fx wire for SD 07-15-2021. Integrata yet to book,2049885978,2049885978,4551456423,-590882299,2021-07-29
1916,,137_455663909_CACEIS,1011570699,OB,OB,No-pair,fees,Caceis booked the fees for SD 12-11-2019. Integrata yet to book,1011570699,1011570699,4551456423,-590882299,2021-07-29
1917,,228_455940640_CACEIS,1391596135,OB,OB,No-pair,fx wire,Caceis booked the fx wire for SD 07-15-2020. Integrata yet to book,1391596135,1391596135,4551456423,-590882299,2021-07-29
1918,,223_455940640_CACEIS,1391596116,OB,OB,No-pair,fx wire,Caceis booked the fx wire for SD 07-15-2020. Integrata yet to book,1391596116,1391596116,4551456423,-590882299,2021-07-29
1919,,265_4551149959_CACEIS,1667623033,OB,OB,No-pair,fx wire,Caceis booked the fx wire for SD 12-15-2020. Integrata yet to book,1667623033,1667623033,4551456423,-590882299,2021-07-29
1920,,216_455985296_CACEIS,1449581957,OB,OB,No-pair,fx wire,Caceis booked the fx wire for SD 08-17-2020. Integrata yet to book,1449581957,1449581957,4551456423,-590882299,2021-07-29
1921,,20_4551011052_CACEIS,1483359831,OB,OB,No-pair,fx wire,Caceis booked the fx wire for SD 09-04-2020. Integrata yet to book,1483359831,1483359831,4551456423,-590882299,2021-07-29
1922,,34_4551060531_CACEIS,1548950748,OB,OB,No-pair,wire transfer,Caceis booked the wire transfer for SD 10-12-2020. Integrata yet to book,1548950748,1548950748,4551456423,-590882299,2021-07-29
1923,,423_4551066313_CACEIS,1556876780,OB,OB,No-pair,fx wire,Caceis booked the fx wire for SD 10-15-2020. Integrata yet to book,1556876780,1556876780,4551456423,-590882299,2021-07-29
1924,,95_455822501_CACEIS,1235307909,OB,OB,No-pair,fx wire,Caceis booked the fx wire for SD 04-15-2020. Integrata yet to book,1235307909,1235307909,4551456423,-590882299,2021-07-29
1925,,8_455495487_CACEIS,723389996,OB,OB,No-pair,monthend interest,Caceis booked the monthend interest for SD 08-01-2019. Integrata yet to book,723389996,723389996,4551456423,-590882299,2021-07-29
1926,,1060_455643841_CACEIS,975324132,OB,OB,No-pair,fees,Caceis booked the fees for SD 11-13-2019. Integrata yet to book,975324132,975324132,4551456423,-590882299,2021-07-29
1927,,2_4551060531_CACEIS,1548950611,OB,OB,No-pair,wire transfer,Caceis booked the wire transfer for SD 10-12-2020. Integrata yet to book,1548950611,1548950611,4551456423,-590882299,2021-07-29
1928,,1049_455643841_CACEIS,975324121,OB,OB,No-pair,fees,Caceis booked the fees for SD 11-13-2019. Integrata yet to book,975324121,975324121,4551456423,-590882299,2021-07-29
1929,,89_4551109218_CACEIS,1613286664,OB,OB,No-pair,fx wire,Caceis booked the fx wire for SD 11-16-2020. Integrata yet to book,1613286664,1613286664,4551456423,-590882299,2021-07-29
1930,,15_4551097416_CACEIS,1597270350,OB,OB,No-pair,fx wire,Caceis booked the fx wire for SD 11-06-2020. Integrata yet to book,1597270350,1597270350,4551456423,-590882299,2021-07-29
1931,,6_455861455_CACEIS,1285500778,OB,OB,No-pair,fees,Caceis booked the fees for SD 05-12-2020. Integrata yet to book,1285500778,1285500778,4551456423,-590882299,2021-07-29
1932,,102_455742022_CACEIS,1127725771,OB,OB,No-pair,wire transfer,Caceis booked the wire transfer for SD 02-12-2020. Integrata yet to book,1127725771,1127725771,4551456423,-590882299,2021-07-29
1933,,8_4551070074_CACEIS,1561670138,OB,OB,No-pair,wire transfer,Caceis booked the wire transfer for SD 10-15-2020. Integrata yet to book,1561670138,1561670138,4551456423,-590882299,2021-07-29
1934,,45_455779682_CACEIS,1179968828,OB,OB,No-pair,wire transfer,Caceis booked the wire transfer for SD 02-27-2020. Integrata yet to book,1179968828,1179968828,4551456423,-590882299,2021-07-29
1935,,6_455978912_CACEIS,1441832118,OB,OB,No-pair,fees,Caceis booked the fees for SD 08-12-2020. Integrata yet to book,1441832118,1441832118,4551456423,-590882299,2021-07-29
1936,,4_455736646_CACEIS,1120326826,OB,OB,No-pair,fx wire,Caceis booked the fx wire for SD 02-07-2020. Integrata yet to book,1120326826,1120326826,4551456423,-590882299,2021-07-29
1937,,56_455898221_CACEIS,1334730797,OB,OB,No-pair,wire transfer,Caceis booked the wire transfer for SD 06-12-2020. Integrata yet to book,1334730797,1334730797,4551456423,-590882299,2021-07-29
1938,,1027_455643841_CACEIS,975324099,OB,OB,No-pair,fees,Caceis booked the fees for SD 11-13-2019. Integrata yet to book,975324099,975324099,4551456423,-590882299,2021-07-29
1939,,530_455822501_CACEIS,1235307975,OB,OB,No-pair,fees,Caceis booked the fees for SD 04-14-2020. Integrata yet to book,1235307975,1235307975,4551456423,-590882299,2021-07-29
1940,,285_455748445_CACEIS,1136275225,OB,OB,No-pair,wire transfer,Caceis booked the wire transfer for SD 02-18-2020. Integrata yet to book,1136275225,1136275225,4551456423,-590882299,2021-07-29
1941,,4_455903805_CACEIS,1341692744,OB,OB,No-pair,proceeds sell,Caceis booked the Miscellaneous for SD 06-17-2020. Integrata yet to book,1341692744,1341692744,4551456423,-590882299,2021-07-29
1942,,86_4551149959_CACEIS,1667622889,OB,OB,No-pair,fx wire,Caceis booked the fx wire for SD 12-15-2020. Integrata yet to book,1667622889,1667622889,4551456423,-590882299,2021-07-29
1943,,1_455861455_CACEIS,1285500771,OB,OB,No-pair,proceeds sell,Caceis booked the Miscellaneous for SD 05-14-2020. Integrata yet to book,1285500771,1285500771,4551456423,-590882299,2021-07-29
1944,,82_455585083_CACEIS,874262506,OB,OB,No-pair,fees,Caceis booked the fees for SD 10-10-2019. Integrata yet to book,874262506,874262506,4551456423,-590882299,2021-07-29
1945,,84_455742022_CACEIS,1127725760,OB,OB,No-pair,wire transfer,Caceis booked the wire transfer for SD 02-12-2020. Integrata yet to book,1127725760,1127725760,4551456423,-590882299,2021-07-29
1946,,112_4551087502_CACEIS,1584326644,OB,OB,No-pair,monthend interest,Caceis booked the monthend interest for SD 11-01-2020. Integrata yet to book,1584326644,1584326644,4551456423,-590882299,2021-07-29
1947,,281_455748445_CACEIS,1136275359,OB,OB,No-pair,fx wire,Caceis booked the fx wire for SD 02-18-2020. Integrata yet to book,1136275359,1136275359,4551456423,-590882299,2021-07-29
1948,,176_455862625_CACEIS,1287002895,OB,OB,No-pair,fx wire,Caceis booked the fx wire for SD 05-15-2020. Integrata yet to book,1287002895,1287002895,4551456423,-590882299,2021-07-29
1949,,90_455649350_CACEIS,985331703,OB,OB,No-pair,fx wire,Caceis booked the fx wire for SD 11-29-2019. Integrata yet to book,985331703,985331703,4551456423,-590882299,2021-07-29
1950,,159_4551248485_CACEIS,1800039379,OB,OB,No-pair,wire transfer,Caceis booked the wire transfer for SD 02-26-2021. Integrata yet to book,1800039379,1800039379,4551456423,-590882299,2021-07-29
1951,,69_4551117124_CACEIS,1623224435,OB,OB,No-pair,fx wire,Caceis booked the fx wire for SD 11-20-2020. Integrata yet to book,1623224435,1623224435,4551456423,-590882299,2021-07-29
1952,,221_4551394628_CACEIS,1997244591,OB,OB,No-pair,fx wire,Caceis booked the fx wire for SD 06-15-2021. Integrata yet to book,1997244591,1997244591,4551456423,-590882299,2021-07-29
1953,,72_4551388882_CACEIS,1989667600,OB,OB,No-pair,wire transfer,Caceis booked the wire transfer for SD 06-10-2021. Integrata yet to book,1989667600,1989667600,4551456423,-590882299,2021-07-29
1954,,802_455822501_CACEIS,1235308690,OB,OB,No-pair,fx wire,Caceis booked the fx wire for SD 04-15-2020. Integrata yet to book,1235308690,1235308690,4551456423,-590882299,2021-07-29
1955,,13_455978912_CACEIS,1441832164,OB,OB,No-pair,fees,Caceis booked the fees for SD 08-12-2020. Integrata yet to book,1441832164,1441832164,4551456423,-590882299,2021-07-29
1956,,20_455978912_CACEIS,1441832159,OB,OB,No-pair,wire transfer,Caceis booked the wire transfer for SD 08-12-2020. Integrata yet to book,1441832159,1441832159,4551456423,-590882299,2021-07-29
1957,,61_455907521_CACEIS,1347197453,OB,OB,No-pair,fx wire,Caceis booked the fx wire for SD 06-19-2020. Integrata yet to book,1347197453,1347197453,4551456423,-590882299,2021-07-29
1958,,259_4551109218_CACEIS,1613286891,OB,OB,No-pair,fx wire,Caceis booked the fx wire for SD 11-16-2020. Integrata yet to book,1613286891,1613286891,4551456423,-590882299,2021-07-29
1959,,388_4551232906_CACEIS,1780156700,OB,OB,No-pair,fx wire,Caceis booked the fx wire for SD 02-16-2021. Integrata yet to book,1780156700,1780156700,4551456423,-590882299,2021-07-29
1960,,67_455822501_CACEIS,1235308084,OB,OB,No-pair,fx wire,Caceis booked the fx wire for SD 04-15-2020. Integrata yet to book,1235308084,1235308084,4551456423,-590882299,2021-07-29
1961,,63_4551388882_CACEIS,1989667573,OB,OB,No-pair,wire transfer,Caceis booked the wire transfer for SD 06-10-2021. Integrata yet to book,1989667573,1989667573,4551456423,-590882299,2021-07-29
1962,,19_4551144082_CACEIS,1659707074,OB,OB,No-pair,proceeds sell,Caceis booked the Miscellaneous for SD 12-10-2020. Integrata yet to book,1659707074,1659707074,4551456423,-590882299,2021-07-29
1963,,279_4551354754_CACEIS,1942399672,OB,OB,No-pair,fx wire,Caceis booked the fx wire for SD 05-17-2021. Integrata yet to book,1942399672,1942399672,4551456423,-590882299,2021-07-29
1964,,49_333062_CACEIS,479846746,OB,OB,No-pair,fx wire,Caceis booked the fx wire for SD 03-15-2019. Integrata yet to book,479846746,479846746,4551456423,-590882299,2021-07-29
1965,,25_4551222350_CACEIS,1765090411,OB,OB,No-pair,fees,Caceis booked the fees for SD 02-05-2021. Integrata yet to book,1765090411,1765090411,4551456423,-590882299,2021-07-29
1966,,127_4551018409_CACEIS,1492757124,OB,OB,No-pair,fees,Caceis booked the fees for SD 09-10-2020. Integrata yet to book,1492757124,1492757124,4551456423,-590882299,2021-07-29
1967,,156_4551018409_CACEIS,1492757258,OB,OB,No-pair,fees,Caceis booked the fees for SD 09-10-2020. Integrata yet to book,1492757258,1492757258,4551456423,-590882299,2021-07-29
1968,,12_455826113_CACEIS,1239393743,OB,OB,No-pair,fees,Caceis booked the fees for SD 04-16-2020. Integrata yet to book,1239393743,1239393743,4551456423,-590882299,2021-07-29
1969,,353_455940640_CACEIS,1391596233,OB,OB,No-pair,fx wire,Caceis booked the fx wire for SD 07-15-2020. Integrata yet to book,1391596233,1391596233,4551456423,-590882299,2021-07-29
1970,,33_455577664_CACEIS,861360875,OB,OB,No-pair,fx wire,Caceis booked the fx wire for SD 10-04-2019. Integrata yet to book,861360875,861360875,4551456423,-590882299,2021-07-29
1971,,82_4551109218_CACEIS,1613286603,OB,OB,No-pair,fx wire,Caceis booked the fx wire for SD 11-16-2020. Integrata yet to book,1613286603,1613286603,4551456423,-590882299,2021-07-29
1972,,104_455898221_CACEIS,1334730897,OB,OB,No-pair,wire transfer,Caceis booked the wire transfer for SD 06-12-2020. Integrata yet to book,1334730897,1334730897,4551456423,-590882299,2021-07-29
1973,,17_455881630_CACEIS,1312494346,OB,OB,No-pair,proceeds sell,Caceis booked the proceeds sell for SD 05-11-2020. Integrata yet to book,1312494346,1312494346,4551456423,-590882299,2021-07-29
1974,,64_455701234_CACEIS,1075203699,OB,OB,No-pair,proceeds sell,Caceis booked the proceeds sell for SD 08-15-2019. Integrata yet to book,1075203699,1075203699,4551456423,-590882299,2021-07-29
1975,,83_4551066313_CACEIS,1556876362,OB,OB,No-pair,fx wire,Caceis booked the fx wire for SD 10-15-2020. Integrata yet to book,1556876362,1556876362,4551456423,-590882299,2021-07-29
1976,,288_4551191593_CACEIS,1722905373,OB,OB,No-pair,fx wire,Caceis booked the fx wire for SD 01-15-2021. Integrata yet to book,1722905373,1722905373,4551456423,-590882299,2021-07-29
1977,,137_455585083_CACEIS,874262490,OB,OB,No-pair,fees,Caceis booked the fees for SD 10-10-2019. Integrata yet to book,874262490,874262490,4551456423,-590882299,2021-07-29
1978,,146_4551248485_CACEIS,1800039446,OB,OB,No-pair,wire transfer,Caceis booked the wire transfer for SD 02-26-2021. Integrata yet to book,1800039446,1800039446,4551456423,-590882299,2021-07-29
1979,,42_455585083_CACEIS,874262495,OB,OB,No-pair,fees,Caceis booked the fees for SD 10-10-2019. Integrata yet to book,874262495,874262495,4551456423,-590882299,2021-07-29
1980,,185_4551269721_CACEIS,1827473918,OB,OB,No-pair,fx wire,Caceis booked the fx wire for SD 03-15-2021. Integrata yet to book,1827473918,1827473918,4551456423,-590882299,2021-07-29
1981,,204_455669415_CACEIS,1020662075,OB,OB,No-pair,fx wire,Caceis booked the fx wire for SD 12-16-2019. Integrata yet to book,1020662075,1020662075,4551456423,-590882299,2021-07-29
1982,,7_4551229444_CACEIS,1775243144,OB,OB,No-pair,fx wire,Caceis booked the fx wire for SD 02-12-2021. Integrata yet to book,1775243144,1775243144,4551456423,-590882299,2021-07-29
1983,,95_455585083_CACEIS,874262451,OB,OB,No-pair,fees,Caceis booked the fees for SD 10-10-2019. Integrata yet to book,874262451,874262451,4551456423,-590882299,2021-07-29
1984,,185_455978912_CACEIS,1441832237,OB,OB,No-pair,fees,Caceis booked the fees for SD 08-11-2020. Integrata yet to book,1441832237,1441832237,4551456423,-590882299,2021-07-29
1985,,63_4551023983_CACEIS,1500213793,OB,OB,No-pair,fx wire,Caceis booked the fx wire for SD 09-15-2020. Integrata yet to book,1500213793,1500213793,4551456423,-590882299,2021-07-29
1986,,16_4551208898_CACEIS,1746080552,OB,OB,No-pair,wire transfer,Caceis booked the wire transfer for SD 01-28-2021. Integrata yet to book,1746080552,1746080552,4551456423,-590882299,2021-07-29
1987,,3_455716646_CACEIS,1094282293,OB,OB,No-pair,proceeds sell,Caceis booked the proceeds sell for SD 01-23-2020. Integrata yet to book,1094282293,1094282293,4551456423,-590882299,2021-07-29
1988,,92_455585083_CACEIS,874262439,OB,OB,No-pair,fees,Caceis booked the fees for SD 10-10-2019. Integrata yet to book,874262439,874262439,4551456423,-590882299,2021-07-29
1989,,71_455934920_CACEIS,1383926712,OB,OB,No-pair,wire transfer,Caceis booked the wire transfer for SD 07-10-2020. Integrata yet to book,1383926712,1383926712,4551456423,-590882299,2021-07-29
1990,,711_4551232906_CACEIS,1780156940,OB,OB,No-pair,fx wire,Caceis booked the fx wire for SD 02-16-2021. Integrata yet to book,1780156940,1780156940,4551456423,-590882299,2021-07-29
1991,,202_4551232906_CACEIS,1780156659,OB,OB,No-pair,fx wire,Caceis booked the fx wire for SD 02-16-2021. Integrata yet to book,1780156659,1780156659,4551456423,-590882299,2021-07-29
1992,,14_455842390_CACEIS,1260634978,OB,OB,No-pair,monthend interest,Caceis booked the monthend interest for SD 05-01-2020. Integrata yet to book,1260634978,1260634978,4551456423,-590882299,2021-07-29
1993,,4_455424626_CACEIS,610989030,OB,OB,No-pair,monthend interest,Caceis booked the monthend interest for SD 06-01-2019. Integrata yet to book,610989030,610989030,4551456423,-590882299,2021-07-29
1994,,53_455907521_CACEIS,1347197427,OB,OB,No-pair,fx wire,Caceis booked the fx wire for SD 06-19-2020. Integrata yet to book,1347197427,1347197427,4551456423,-590882299,2021-07-29
1995,,493_4551109218_CACEIS,1613287128,OB,OB,No-pair,fx wire,Caceis booked the fx wire for SD 11-16-2020. Integrata yet to book,1613287128,1613287128,4551456423,-590882299,2021-07-29
1996,,490_455862625_CACEIS,1287003899,OB,OB,No-pair,fx wire,Caceis booked the fx wire for SD 05-15-2020. Integrata yet to book,1287003899,1287003899,4551456423,-590882299,2021-07-29
1997,,48_4551436806_CACEIS,2049885854,OB,OB,No-pair,fx wire,Caceis booked the fx wire for SD 07-15-2021. Integrata yet to book,2049885854,2049885854,4551456423,-590882299,2021-07-29
1998,,5_455889377_CACEIS,1323110238,OB,OB,No-pair,fx wire,Caceis booked the fx wire for SD 06-05-2020. Integrata yet to book,1323110238,1323110238,4551456423,-590882299,2021-07-29
1999,,5_4551372778_CACEIS,1969041946,OB,OB,No-pair,fx wire,Caceis booked the fx wire for SD 05-28-2021. Integrata yet to book,1969041946,1969041946,4551456423,-590882299,2021-07-29
2000,,233_455762980_CACEIS,1156897882,OB,OB,No-pair,monthend interest,Caceis booked the monthend interest for SD 03-01-2020. Integrata yet to book,1156897882,1156897882,4551456423,-590882299,2021-07-29
2001,,165_4551201062_CACEIS,1734565991,OB,OB,No-pair,fx wire,Caceis booked the fx wire for SD 01-22-2021. Integrata yet to book,1734565991,1734565991,4551456423,-590882299,2021-07-29
2002,,18_455790609_CACEIS,1194036419,OB,OB,No-pair,fx wire,Caceis booked the fx wire for SD 03-20-2020. Integrata yet to book,1194036419,1194036419,4551456423,-590882299,2021-07-29
2003,,148_4551232906_CACEIS,1780156461,OB,OB,No-pair,fx wire,Caceis booked the fx wire for SD 02-16-2021. Integrata yet to book,1780156461,1780156461,4551456423,-590882299,2021-07-29
2004,,113_4551149959_CACEIS,1667622823,OB,OB,No-pair,fx wire,Caceis booked the fx wire for SD 12-15-2020. Integrata yet to book,1667622823,1667622823,4551456423,-590882299,2021-07-29
2005,,453_4551149959_CACEIS,1667623305,OB,OB,No-pair,fx wire,Caceis booked the fx wire for SD 12-15-2020. Integrata yet to book,1667623305,1667623305,4551456423,-590882299,2021-07-29
2006,,25_455585083_CACEIS,874262523,OB,OB,No-pair,wire transfer,Caceis booked the wire transfer for SD 10-10-2019. Integrata yet to book,874262523,874262523,4551456423,-590882299,2021-07-29
2007,,238_455783582_CACEIS,1185159523,OB,OB,No-pair,fx wire,Caceis booked the fx wire for SD 03-16-2020. Integrata yet to book,1185159523,1185159523,4551456423,-590882299,2021-07-29
2008,,622_4551232906_CACEIS,1780157094,OB,OB,No-pair,fx wire,Caceis booked the fx wire for SD 02-16-2021. Integrata yet to book,1780157094,1780157094,4551456423,-590882299,2021-07-29
2009,,11_278910_CACEIS,390854437,OB,OB,No-pair,fx wire,Caceis booked the fx wire for SD 01-25-2019. Integrata yet to book,390854437,390854437,4551456423,-590882299,2021-07-29
2010,,51_333062_CACEIS,479846800,OB,OB,No-pair,fx wire,Caceis booked the fx wire for SD 03-15-2019. Integrata yet to book,479846800,479846800,4551456423,-590882299,2021-07-29
2011,,212_455590588_CACEIS,883858448,OB,OB,No-pair,fx wire,Caceis booked the fx wire for SD 10-15-2019. Integrata yet to book,883858448,883858448,4551456423,-590882299,2021-07-29
2012,,37_455973142_CACEIS,1434649995,OB,OB,No-pair,fx wire,Caceis booked the fx wire for SD 08-07-2020. Integrata yet to book,1434649995,1434649995,4551456423,-590882299,2021-07-29
2013,,107_4551191593_CACEIS,1722905172,OB,OB,No-pair,fx wire,Caceis booked the fx wire for SD 01-15-2021. Integrata yet to book,1722905172,1722905172,4551456423,-590882299,2021-07-29
2014,,54_4551269721_CACEIS,1827473908,OB,OB,No-pair,fx wire,Caceis booked the fx wire for SD 03-15-2021. Integrata yet to book,1827473908,1827473908,4551456423,-590882299,2021-07-29
2015,,1052_455643841_CACEIS,975324124,OB,OB,No-pair,fees,Caceis booked the fees for SD 11-13-2019. Integrata yet to book,975324124,975324124,4551456423,-590882299,2021-07-29
2016,,182_4551269721_CACEIS,1827473874,OB,OB,No-pair,fx wire,Caceis booked the fx wire for SD 03-15-2021. Integrata yet to book,1827473874,1827473874,4551456423,-590882299,2021-07-29
2017,,98_455934920_CACEIS,1383926754,OB,OB,No-pair,wire transfer,Caceis booked the wire transfer for SD 07-10-2020. Integrata yet to book,1383926754,1383926754,4551456423,-590882299,2021-07-29
2018,,310_455590588_CACEIS,883858579,OB,OB,No-pair,wire transfer,Caceis booked the wire transfer for SD 10-15-2019. Integrata yet to book,883858579,883858579,4551456423,-590882299,2021-07-29
2019,,1261_455643841_CACEIS,975324333,OB,OB,No-pair,fx wire,Caceis booked the fx wire for SD 11-15-2019. Integrata yet to book,975324333,975324333,4551456423,-590882299,2021-07-29
2020,,10_4551248485_CACEIS,1800039347,OB,OB,No-pair,wire transfer,Caceis booked the wire transfer for SD 02-26-2021. Integrata yet to book,1800039347,1800039347,4551456423,-590882299,2021-07-29
2021,,1_281977_CACEIS,395390321,OB,OB,No-pair,proceeds sell,Caceis booked the Miscellaneous for SD 01-29-2019. Integrata yet to book,395390321,395390321,4551456423,-590882299,2021-07-29
2022,,751_455822501_CACEIS,1235308694,OB,OB,No-pair,fees,Caceis booked the fees for SD 04-14-2020. Integrata yet to book,1235308694,1235308694,4551456423,-590882299,2021-07-29
2023,,88_455742022_CACEIS,1127725699,OB,OB,No-pair,wire transfer,Caceis booked the wire transfer for SD 02-12-2020. Integrata yet to book,1127725699,1127725699,4551456423,-590882299,2021-07-29
2024,,158_455742022_CACEIS,1127725788,OB,OB,No-pair,proceeds sell,Caceis booked the Miscellaneous for SD 02-12-2020. Integrata yet to book,1127725788,1127725788,4551456423,-590882299,2021-07-29
2025,,64_4551145900_CACEIS,1662179000,OB,OB,No-pair,fx wire,Caceis booked the fx wire for SD 12-11-2020. Integrata yet to book,1662179000,1662179000,4551456423,-590882299,2021-07-29
2026,,51_4551248485_CACEIS,1800039377,OB,OB,No-pair,proceeds sell,Caceis booked the proceeds sell for SD 02-26-2021. Integrata yet to book,1800039377,1800039377,4551456423,-590882299,2021-07-29
2027,,62_4551109218_CACEIS,1613286760,OB,OB,No-pair,fx wire,Caceis booked the fx wire for SD 11-16-2020. Integrata yet to book,1613286760,1613286760,4551456423,-590882299,2021-07-29
2028,,84_455706635_CACEIS,1081907353,OB,OB,No-pair,fx wire,Caceis booked the fx wire for SD 01-15-2020. Integrata yet to book,1081907353,1081907353,4551456423,-590882299,2021-07-29
2029,,9_260823_CACEIS,357057707,OB,OB,No-pair,proceeds sell,Caceis booked the Miscellaneous for SD 01-08-2019. Integrata yet to book,357057707,357057707,4551456423,-590882299,2021-07-29
2030,,44_4551105378_CACEIS,1608089157,OB,OB,No-pair,wire transfer,Caceis booked the wire transfer for SD 11-12-2020. Integrata yet to book,1608089157,1608089157,4551456423,-590882299,2021-07-29
2031,,473_455862625_CACEIS,1287003662,OB,OB,No-pair,fx wire,Caceis booked the fx wire for SD 05-15-2020. Integrata yet to book,1287003662,1287003662,4551456423,-590882299,2021-07-29
2032,,86_4551105378_CACEIS,1608089190,OB,OB,No-pair,wire transfer,Caceis booked the wire transfer for SD 11-12-2020. Integrata yet to book,1608089190,1608089190,4551456423,-590882299,2021-07-29
2033,,14_4551334292_CACEIS,1911737218,OB,OB,No-pair,fx wire,Caceis booked the fx wire for SD 04-30-2021. Integrata yet to book,1911737218,1911737218,4551456423,-590882299,2021-07-29
2034,,29_455755745_CACEIS,1145540684,OB,OB,No-pair,wire transfer,Caceis booked the wire transfer for SD 02-24-2020. Integrata yet to book,1145540684,1145540684,4551456423,-590882299,2021-07-29
2035,,43_4551044906_CACEIS,1528403599,OB,OB,No-pair,monthend interest,Caceis booked the monthend interest for SD 10-01-2020. Integrata yet to book,1528403599,1528403599,4551456423,-590882299,2021-07-29
2036,,67_455934920_CACEIS,1383926801,OB,OB,No-pair,fx wire,Caceis booked the fx wire for SD 07-10-2020. Integrata yet to book,1383926801,1383926801,4551456423,-590882299,2021-07-29
2037,,148_455934920_CACEIS,1383926842,OB,OB,No-pair,fx wire,Caceis booked the fx wire for SD 07-10-2020. Integrata yet to book,1383926842,1383926842,4551456423,-590882299,2021-07-29
2038,,73_455742022_CACEIS,1127725714,OB,OB,No-pair,wire transfer,Caceis booked the wire transfer for SD 02-12-2020. Integrata yet to book,1127725714,1127725714,4551456423,-590882299,2021-07-29
2039,,89_455898221_CACEIS,1334730755,OB,OB,No-pair,wire transfer,Caceis booked the wire transfer for SD 06-12-2020. Integrata yet to book,1334730755,1334730755,4551456423,-590882299,2021-07-29
2040,,167_455822501_CACEIS,1235308012,OB,OB,No-pair,fx wire,Caceis booked the fx wire for SD 04-15-2020. Integrata yet to book,1235308012,1235308012,4551456423,-590882299,2021-07-29
2041,,105_4551087502_CACEIS,1584326614,OB,OB,No-pair,monthend interest,Caceis booked the monthend interest for SD 11-01-2020. Integrata yet to book,1584326614,1584326614,4551456423,-590882299,2021-07-29
2042,,42_455663909_CACEIS,1011570702,OB,OB,No-pair,fees,Caceis booked the fees for SD 12-11-2019. Integrata yet to book,1011570702,1011570702,4551456423,-590882299,2021-07-29
2043,,1175_455643841_CACEIS,975324247,OB,OB,No-pair,fees,Caceis booked the fees for SD 11-13-2019. Integrata yet to book,975324247,975324247,4551456423,-590882299,2021-07-29
2044,,156_455963450_CACEIS,1421777717,OB,OB,No-pair,monthend interest,Caceis booked the monthend interest for SD 08-01-2020. Integrata yet to book,1421777717,1421777717,4551456423,-590882299,2021-07-29
2045,,79_455663909_CACEIS,1011570634,OB,OB,No-pair,fees,Caceis booked the fees for SD 12-11-2019. Integrata yet to book,1011570634,1011570634,4551456423,-590882299,2021-07-29
2046,,36_4551388882_CACEIS,1989667640,OB,OB,No-pair,wire transfer,Caceis booked the wire transfer for SD 06-10-2021. Integrata yet to book,1989667640,1989667640,4551456423,-590882299,2021-07-29
2047,,97_455900053_CACEIS,1336713375,OB,OB,No-pair,fx wire,Caceis booked the fx wire for SD 06-15-2020. Integrata yet to book,1336713375,1336713375,4551456423,-590882299,2021-07-29
2048,,250_4551436806_CACEIS,2049885922,OB,OB,No-pair,fx wire,Caceis booked the fx wire for SD 07-15-2021. Integrata yet to book,2049885922,2049885922,4551456423,-590882299,2021-07-29
2049,,95_4551201062_CACEIS,1734565949,OB,OB,No-pair,fx wire,Caceis booked the fx wire for SD 01-22-2021. Integrata yet to book,1734565949,1734565949,4551456423,-590882299,2021-07-29
2050,,16_4551388882_CACEIS,1989667597,OB,OB,No-pair,wire transfer,Caceis booked the wire transfer for SD 06-10-2021. Integrata yet to book,1989667597,1989667597,4551456423,-590882299,2021-07-29
2051,,96_4551105378_CACEIS,1608089259,OB,OB,No-pair,wire transfer,Caceis booked the wire transfer for SD 11-12-2020. Integrata yet to book,1608089259,1608089259,4551456423,-590882299,2021-07-29
2052,,49_455803095_CACEIS,1210223542,OB,OB,No-pair,monthend interest,Caceis booked the monthend interest for SD 04-01-2020. Integrata yet to book,1210223542,1210223542,4551456423,-590882299,2021-07-29
2053,,163_455898221_CACEIS,1334730895,OB,OB,No-pair,fees,Caceis booked the fees for SD 06-12-2020. Integrata yet to book,1334730895,1334730895,4551456423,-590882299,2021-07-29
2054,,328_455590588_CACEIS,883858478,OB,OB,No-pair,fx wire,Caceis booked the fx wire for SD 10-15-2019. Integrata yet to book,883858478,883858478,4551456423,-590882299,2021-07-29
2055,,99_4551394628_CACEIS,1997244650,OB,OB,No-pair,fx wire,Caceis booked the fx wire for SD 06-15-2021. Integrata yet to book,1997244650,1997244650,4551456423,-590882299,2021-07-29
2056,,1_306628_CACEIS,434144773,OB,OB,No-pair,fees,Caceis booked the fees for SD 02-20-2019. Integrata yet to book,434144773,434144773,4551456423,-590882299,2021-07-29
2057,,113_455777858_CACEIS,1177395639,OB,OB,No-pair,wire transfer,Caceis booked the wire transfer for SD 03-11-2020. Integrata yet to book,1177395639,1177395639,4551456423,-590882299,2021-07-29
2058,,157_4551394628_CACEIS,1997244696,OB,OB,No-pair,wire transfer,Caceis booked the wire transfer for SD 06-15-2021. Integrata yet to book,1997244696,1997244696,4551456423,-590882299,2021-07-29
2059,,19_455742022_CACEIS,1127725646,OB,OB,No-pair,wire transfer,Caceis booked the wire transfer for SD 02-12-2020. Integrata yet to book,1127725646,1127725646,4551456423,-590882299,2021-07-29
2060,,257_4551149959_CACEIS,1667622846,OB,OB,No-pair,fx wire,Caceis booked the fx wire for SD 12-15-2020. Integrata yet to book,1667622846,1667622846,4551456423,-590882299,2021-07-29
2061,,17_455909302_CACEIS,1349421698,OB,OB,No-pair,proceeds sell,Caceis booked the proceeds sell for SD 06-22-2020. Integrata yet to book,1349421698,1349421698,4551456423,-590882299,2021-07-29
2062,,4_455889377_CACEIS,1323110233,OB,OB,No-pair,fx wire,Caceis booked the fx wire for SD 06-05-2020. Integrata yet to book,1323110233,1323110233,4551456423,-590882299,2021-07-29
2063,,70_4551354754_CACEIS,1942399576,OB,OB,No-pair,fx wire,Caceis booked the fx wire for SD 05-17-2021. Integrata yet to book,1942399576,1942399576,4551456423,-590882299,2021-07-29
2064,,224_4551023983_CACEIS,1500213956,OB,OB,No-pair,wire transfer,Caceis booked the wire transfer for SD 09-15-2020. Integrata yet to book,1500213956,1500213956,4551456423,-590882299,2021-07-29
2065,,42_455777858_CACEIS,1177395767,OB,OB,No-pair,proceeds sell,Caceis booked the proceeds sell for SD 03-11-2020. Integrata yet to book,1177395767,1177395767,4551456423,-590882299,2021-07-29
2066,,86_306589_CACEIS,433998230,OB,OB,No-pair,fx wire,Caceis booked the fx wire for SD 02-15-2019. Integrata yet to book,433998230,433998230,4551456423,-590882299,2021-07-29
2067,,29_4551343376_CACEIS,1925737857,OB,OB,No-pair,wire transfer,Caceis booked the wire transfer for SD 05-05-2021. Integrata yet to book,1925737857,1925737857,4551456423,-590882299,2021-07-29
2068,,98_455898221_CACEIS,1334730858,OB,OB,No-pair,wire transfer,Caceis booked the wire transfer for SD 06-12-2020. Integrata yet to book,1334730858,1334730858,4551456423,-590882299,2021-07-29
2069,,55_455742022_CACEIS,1127725700,OB,OB,No-pair,wire transfer,Caceis booked the wire transfer for SD 02-12-2020. Integrata yet to book,1127725700,1127725700,4551456423,-590882299,2021-07-29
2070,,419_4551023983_CACEIS,1500214158,OB,OB,No-pair,fx wire,Caceis booked the fx wire for SD 09-15-2020. Integrata yet to book,1500214158,1500214158,4551456423,-590882299,2021-07-29
2071,,53_4551313388_CACEIS,1883527642,OB,OB,No-pair,fx wire,Caceis booked the fx wire for SD 04-15-2021. Integrata yet to book,1883527642,1883527642,4551456423,-590882299,2021-07-29
2072,,60_455889377_CACEIS,1323110237,OB,OB,No-pair,wire transfer,Caceis booked the wire transfer for SD 06-05-2020. Integrata yet to book,1323110237,1323110237,4551456423,-590882299,2021-07-29
2073,,5_455967430_CACEIS,1426645174,OB,OB,No-pair,wire transfer,Caceis booked the wire transfer for SD 08-04-2020. Integrata yet to book,1426645174,1426645174,4551456423,-590882299,2021-07-29
2074,,450_455862625_CACEIS,1287003401,OB,OB,No-pair,fees,Caceis booked the fees for SD 05-13-2020. Integrata yet to book,1287003401,1287003401,4551456423,-590882299,2021-07-29
2075,,13_4551171343_CACEIS,1696929203,OB,OB,No-pair,monthend interest,Caceis booked the monthend interest for SD 01-01-2021. Integrata yet to book,1696929203,1696929203,4551456423,-590882299,2021-07-29
2076,,932_455822501_CACEIS,1235308086,OB,OB,No-pair,fx wire,Caceis booked the fx wire for SD 04-15-2020. Integrata yet to book,1235308086,1235308086,4551456423,-590882299,2021-07-29
2077,,204_455706635_CACEIS,1081907361,OB,OB,No-pair,fx wire,Caceis booked the fx wire for SD 01-15-2020. Integrata yet to book,1081907361,1081907361,4551456423,-590882299,2021-07-29
2078,,69_455736646_CACEIS,1120326854,OB,OB,No-pair,fx wire,Caceis booked the fx wire for SD 02-07-2020. Integrata yet to book,1120326854,1120326854,4551456423,-590882299,2021-07-29
2079,,6_4551324555_CACEIS,1898109382,OB,OB,No-pair,fx wire,Caceis booked the fx wire for SD 04-23-2021. Integrata yet to book,1898109382,1898109382,4551456423,-590882299,2021-07-29
2080,,177_455706635_CACEIS,1081907691,OB,OB,No-pair,fx wire,Caceis booked the fx wire for SD 01-15-2020. Integrata yet to book,1081907691,1081907691,4551456423,-590882299,2021-07-29
2081,,5_455610697_CACEIS,917943269,OB,OB,No-pair,fx wire,Caceis booked the fx wire for SD 10-18-2019. Integrata yet to book,917943269,917943269,4551456423,-590882299,2021-07-29
2082,,370_4551232906_CACEIS,1780156719,OB,OB,No-pair,fx wire,Caceis booked the fx wire for SD 02-16-2021. Integrata yet to book,1780156719,1780156719,4551456423,-590882299,2021-07-29
2083,,352_455900053_CACEIS,1336713533,OB,OB,No-pair,fx wire,Caceis booked the fx wire for SD 06-15-2020. Integrata yet to book,1336713533,1336713533,4551456423,-590882299,2021-07-29
2084,,27_4551285256_CACEIS,1847792961,OB,OB,No-pair,wire transfer,Caceis booked the wire transfer for SD 03-25-2021. Integrata yet to book,1847792961,1847792961,4551456423,-590882299,2021-07-29
2085,,8_316753_CACEIS,453176706,OB,OB,No-pair,fx wire,Caceis booked the fx wire for SD 03-01-2019. Integrata yet to book,453176706,453176706,4551456423,-590882299,2021-07-29
2086,,1_4551377029_CACEIS,1974407565,OB,OB,No-pair,wire transfer,Caceis booked the wire transfer for SD 06-02-2021. Integrata yet to book,1974407565,1974407565,4551456423,-590882299,2021-07-29
2087,,346_455643841_CACEIS,975323418,OB,OB,No-pair,fx wire,Caceis booked the fx wire for SD 11-15-2019. Integrata yet to book,975323418,975323418,4551456423,-590882299,2021-07-29
2088,,12_455378188_CACEIS,548739498,OB,OB,No-pair,fx wire,Caceis booked the fx wire for SD 04-23-2019. Integrata yet to book,548739498,548739498,4551456423,-590882299,2021-07-29
2089,,478_4551066313_CACEIS,1556876699,OB,OB,No-pair,fx wire,Caceis booked the fx wire for SD 10-15-2020. Integrata yet to book,1556876699,1556876699,4551456423,-590882299,2021-07-29
2090,,1_455833544_CACEIS,1249040834,OB,OB,No-pair,wire transfer,Caceis booked the wire transfer for SD 04-23-2020. Integrata yet to book,1249040834,1249040834,4551456423,-590882299,2021-07-29
2091,,61_368123_CACEIS,532374030,OB,OB,No-pair,fx wire,Caceis booked the fx wire for SD 04-15-2019. Integrata yet to book,532374030,532374030,4551456423,-590882299,2021-07-29
2092,,132_4551184426_CACEIS,1712749824,OB,OB,No-pair,wire transfer,Caceis booked the wire transfer for SD 01-11-2021. Integrata yet to book,1712749824,1712749824,4551456423,-590882299,2021-07-29
2093,,29_4551107328_CACEIS,1610764972,OB,OB,No-pair,fees,Caceis booked the fees for SD 11-12-2020. Integrata yet to book,1610764972,1610764972,4551456423,-590882299,2021-07-29
2094,,426_455748445_CACEIS,1136275396,OB,OB,No-pair,fx wire,Caceis booked the fx wire for SD 02-18-2020. Integrata yet to book,1136275396,1136275396,4551456423,-590882299,2021-07-29
2095,,148_455862625_CACEIS,1287002788,OB,OB,No-pair,fx wire,Caceis booked the fx wire for SD 05-15-2020. Integrata yet to book,1287002788,1287002788,4551456423,-590882299,2021-07-29
2096,,355_455862625_CACEIS,1287003327,OB,OB,No-pair,fees,Caceis booked the fees for SD 05-13-2020. Integrata yet to book,1287003327,1287003327,4551456423,-590882299,2021-07-29
2097,,15_455541826_CACEIS,801870220,OB,OB,No-pair,wire transfer,Caceis booked the wire transfer for SD 09-06-2019. Integrata yet to book,801870220,801870220,4551456423,-590882299,2021-07-29
2098,,152_455898221_CACEIS,1334730759,OB,OB,No-pair,fx wire,Caceis booked the fx wire for SD 06-12-2020. Integrata yet to book,1334730759,1334730759,4551456423,-590882299,2021-07-29
2099,,46_4551023983_CACEIS,1500213845,OB,OB,No-pair,fx wire,Caceis booked the fx wire for SD 09-15-2020. Integrata yet to book,1500213845,1500213845,4551456423,-590882299,2021-07-29
2100,,375_455985296_CACEIS,1449582078,OB,OB,No-pair,fx wire,Caceis booked the fx wire for SD 08-17-2020. Integrata yet to book,1449582078,1449582078,4551456423,-590882299,2021-07-29
2101,,34_4551127906_CACEIS,1637981956,OB,OB,No-pair,proceeds sell,Caceis booked the proceeds sell for SD 11-30-2020. Integrata yet to book,1637981956,1637981956,4551456423,-590882299,2021-07-29
2102,,63_455476582_CACEIS,691187961,OB,OB,No-pair,fx wire,Caceis booked the fx wire for SD 07-16-2019. Integrata yet to book,691187961,691187961,4551456423,-590882299,2021-07-29
2103,,22_4551214580_CACEIS,1754128759,OB,OB,No-pair,wire transfer,Caceis booked the wire transfer for SD 02-02-2021. Integrata yet to book,1754128759,1754128759,4551456423,-590882299,2021-07-29
2104,,433_455748445_CACEIS,1136275409,OB,OB,No-pair,fx wire,Caceis booked the fx wire for SD 02-18-2020. Integrata yet to book,1136275409,1136275409,4551456423,-590882299,2021-07-29
2105,,13_4551072061_CACEIS,1564185619,OB,OB,No-pair,wire transfer,Caceis booked the wire transfer for SD 10-20-2020. Integrata yet to book,1564185619,1564185619,4551456423,-590882299,2021-07-29
2106,,22_4551042956_CACEIS,1525553100,OB,OB,No-pair,wire transfer,Caceis booked the wire transfer for SD 09-17-2020. Integrata yet to book,1525553100,1525553100,4551456423,-590882299,2021-07-29
2107,,11_455799620_CACEIS,1205700386,OB,OB,No-pair,fx wire,Caceis booked the fx wire for SD 03-27-2020. Integrata yet to book,1205700386,1205700386,4551456423,-590882299,2021-07-29
2108,,62_4551354754_CACEIS,1942399592,OB,OB,No-pair,fx wire,Caceis booked the fx wire for SD 05-17-2021. Integrata yet to book,1942399592,1942399592,4551456423,-590882299,2021-07-29
2109,,17_455721813_CACEIS,1101209630,OB,OB,No-pair,wire transfer,Caceis booked the wire transfer for SD 01-14-2020. Integrata yet to book,1101209630,1101209630,4551456423,-590882299,2021-07-29
2110,,412_455748445_CACEIS,1136275395,OB,OB,No-pair,wire transfer,Caceis booked the wire transfer for SD 02-18-2020. Integrata yet to book,1136275395,1136275395,4551456423,-590882299,2021-07-29
2111,,66_455742022_CACEIS,1127725648,OB,OB,No-pair,fees,Caceis booked the fees for SD 02-12-2020. Integrata yet to book,1127725648,1127725648,4551456423,-590882299,2021-07-29
2112,,129_455748445_CACEIS,1136275149,OB,OB,No-pair,fx wire,Caceis booked the fx wire for SD 02-18-2020. Integrata yet to book,1136275149,1136275149,4551456423,-590882299,2021-07-29
2113,,127_4551060531_CACEIS,1548950713,OB,OB,No-pair,wire transfer,Caceis booked the wire transfer for SD 10-12-2020. Integrata yet to book,1548950713,1548950713,4551456423,-590882299,2021-07-29
2114,,21_455907521_CACEIS,1347197434,OB,OB,No-pair,wire transfer,Caceis booked the wire transfer for SD 06-19-2020. Integrata yet to book,1347197434,1347197434,4551456423,-590882299,2021-07-29
2115,,81_4551232906_CACEIS,1780156403,OB,OB,No-pair,fx wire,Caceis booked the fx wire for SD 02-16-2021. Integrata yet to book,1780156403,1780156403,4551456423,-590882299,2021-07-29
2116,,198_4551248485_CACEIS,1800039535,OB,OB,No-pair,fx wire,Caceis booked the fx wire for SD 02-26-2021. Integrata yet to book,1800039535,1800039535,4551456423,-590882299,2021-07-29
2117,,531_4551149959_CACEIS,1667623301,OB,OB,No-pair,fx wire,Caceis booked the fx wire for SD 12-15-2020. Integrata yet to book,1667623301,1667623301,4551456423,-590882299,2021-07-29
2118,,528_4551149959_CACEIS,1667623227,OB,OB,No-pair,fx wire,Caceis booked the fx wire for SD 12-15-2020. Integrata yet to book,1667623227,1667623227,4551456423,-590882299,2021-07-29
2119,,25_4551349054_CACEIS,1933657835,OB,OB,No-pair,fees,Caceis booked the fees for SD 05-12-2021. Integrata yet to book,1933657835,1933657835,4551456423,-590882299,2021-07-29
2120,,433_4551023983_CACEIS,1500214121,OB,OB,No-pair,fx wire,Caceis booked the fx wire for SD 09-15-2020. Integrata yet to book,1500214121,1500214121,4551456423,-590882299,2021-07-29
2121,,91_455822501_CACEIS,1235307872,OB,OB,No-pair,fx wire,Caceis booked the fx wire for SD 04-15-2020. Integrata yet to book,1235307872,1235307872,4551456423,-590882299,2021-07-29
2122,,84_4551394628_CACEIS,1997244575,OB,OB,No-pair,fx wire,Caceis booked the fx wire for SD 06-15-2021. Integrata yet to book,1997244575,1997244575,4551456423,-590882299,2021-07-29
2123,,20_455439597_CACEIS,632008232,OB,OB,No-pair,wire transfer,Caceis booked the wire transfer for SD 06-13-2019. Integrata yet to book,632008232,632008232,4551456423,-590882299,2021-07-29
2124,,1127_455643841_CACEIS,975324199,OB,OB,No-pair,wire transfer,Caceis booked the wire transfer for SD 11-13-2019. Integrata yet to book,975324199,975324199,4551456423,-590882299,2021-07-29
2125,,415_455985296_CACEIS,1449582116,OB,OB,No-pair,fx wire,Caceis booked the fx wire for SD 08-17-2020. Integrata yet to book,1449582116,1449582116,4551456423,-590882299,2021-07-29
2126,,9_4551011052_CACEIS,1483359742,OB,OB,No-pair,wire transfer,Caceis booked the wire transfer for SD 08-18-2020. Integrata yet to book,1483359742,1483359742,4551456423,-590882299,2021-07-29
2127,,162_4551191593_CACEIS,1722905181,OB,OB,No-pair,fx wire,Caceis booked the fx wire for SD 01-15-2021. Integrata yet to book,1722905181,1722905181,4551456423,-590882299,2021-07-29
2128,,118_455898221_CACEIS,1334730757,OB,OB,No-pair,fees,Caceis booked the fees for SD 06-12-2020. Integrata yet to book,1334730757,1334730757,4551456423,-590882299,2021-07-29
2129,,99_455783582_CACEIS,1185159202,OB,OB,No-pair,fx wire,Caceis booked the fx wire for SD 03-16-2020. Integrata yet to book,1185159202,1185159202,4551456423,-590882299,2021-07-29
2130,,2_306589_CACEIS,433998155,OB,OB,No-pair,fx wire,Caceis booked the fx wire for SD 02-15-2019. Integrata yet to book,433998155,433998155,4551456423,-590882299,2021-07-29
2131,,98_455663909_CACEIS,1011570638,OB,OB,No-pair,wire transfer,Caceis booked the wire transfer for SD 12-11-2019. Integrata yet to book,1011570638,1011570638,4551456423,-590882299,2021-07-29
2132,,33_455649350_CACEIS,985331718,OB,OB,No-pair,monthend interest,Caceis booked the monthend interest for SD 12-01-2019. Integrata yet to book,985331718,985331718,4551456423,-590882299,2021-07-29
2133,,925_455822501_CACEIS,1235308136,OB,OB,No-pair,fx wire,Caceis booked the fx wire for SD 04-15-2020. Integrata yet to book,1235308136,1235308136,4551456423,-590882299,2021-07-29
2134,,121_4551018409_CACEIS,1492757228,OB,OB,No-pair,fees,Caceis booked the fees for SD 09-10-2020. Integrata yet to book,1492757228,1492757228,4551456423,-590882299,2021-07-29
2135,,68_455762980_CACEIS,1156897800,OB,OB,No-pair,wire transfer,Caceis booked the wire transfer for SD 02-28-2020. Integrata yet to book,1156897800,1156897800,4551456423,-590882299,2021-07-29
2136,,91_455898221_CACEIS,1334730768,OB,OB,No-pair,wire transfer,Caceis booked the wire transfer for SD 06-12-2020. Integrata yet to book,1334730768,1334730768,4551456423,-590882299,2021-07-29
2137,,2_455586694_CACEIS,876699091,OB,OB,No-pair,fx wire,Caceis booked the fx wire for SD 10-11-2019. Integrata yet to book,876699091,876699091,4551456423,-590882299,2021-07-29
2138,,1157_455643841_CACEIS,975324229,OB,OB,No-pair,wire transfer,Caceis booked the wire transfer for SD 11-13-2019. Integrata yet to book,975324229,975324229,4551456423,-590882299,2021-07-29
2139,,452_4551191593_CACEIS,1722905483,OB,OB,No-pair,fx wire,Caceis booked the fx wire for SD 01-15-2021. Integrata yet to book,1722905483,1722905483,4551456423,-590882299,2021-07-29
2140,,13_455916649_CACEIS,1359361381,OB,OB,No-pair,fx wire,Caceis booked the fx wire for SD 06-26-2020. Integrata yet to book,1359361381,1359361381,4551456423,-590882299,2021-07-29
2141,,9_4551117124_CACEIS,1623224467,OB,OB,No-pair,fx wire,Caceis booked the fx wire for SD 11-20-2020. Integrata yet to book,1623224467,1623224467,4551456423,-590882299,2021-07-29
2142,,266_4551394628_CACEIS,1997244779,OB,OB,No-pair,fx wire,Caceis booked the fx wire for SD 06-15-2021. Integrata yet to book,1997244779,1997244779,4551456423,-590882299,2021-07-29
2143,,440_4551066313_CACEIS,1556876515,OB,OB,No-pair,fx wire,Caceis booked the fx wire for SD 10-15-2020. Integrata yet to book,1556876515,1556876515,4551456423,-590882299,2021-07-29
2144,,77_455963450_CACEIS,1421777859,OB,OB,No-pair,fx wire,Caceis booked the fx wire for SD 07-31-2020. Integrata yet to book,1421777859,1421777859,4551456423,-590882299,2021-07-29
2145,,1_455991947_CACEIS,1458085086,OB,OB,No-pair,fx wire,Caceis booked the fx wire for SD 08-21-2020. Integrata yet to book,1458085086,1458085086,4551456423,-590882299,2021-07-29
2146,,24_4551042956_CACEIS,1525553101,OB,OB,No-pair,wire transfer,Caceis booked the wire transfer for SD 09-21-2020. Integrata yet to book,1525553101,1525553101,4551456423,-590882299,2021-07-29
2147,,36_455667500_CACEIS,1017540722,OB,OB,No-pair,fx wire,Caceis booked the fx wire for SD 12-13-2019. Integrata yet to book,1017540722,1017540722,4551456423,-590882299,2021-07-29
2148,,85_455554115_CACEIS,824384903,OB,OB,No-pair,fx wire,Caceis booked the fx wire for SD 09-17-2019. Integrata yet to book,824384903,824384903,4551456423,-590882299,2021-07-29
2149,,69_455688261_CACEIS,1053516788,OB,OB,No-pair,monthend interest,Caceis booked the monthend interest for SD 01-01-2020. Integrata yet to book,1053516788,1053516788,4551456423,-590882299,2021-07-29
2150,,131_4551144082_CACEIS,1659707144,OB,OB,No-pair,fees,Caceis booked the fees for SD 12-10-2020. Integrata yet to book,1659707144,1659707144,4551456423,-590882299,2021-07-29
2151,,25_455516633_CACEIS,760048403,OB,OB,No-pair,fx wire,Caceis booked the fx wire for SD 08-16-2019. Integrata yet to book,760048403,760048403,4551456423,-590882299,2021-07-29
2152,,30_455742022_CACEIS,1127725706,OB,OB,No-pair,wire transfer,Caceis booked the wire transfer for SD 02-12-2020. Integrata yet to book,1127725706,1127725706,4551456423,-590882299,2021-07-29
2153,,445_455862625_CACEIS,1287003721,OB,OB,No-pair,fees,Caceis booked the fees for SD 05-13-2020. Integrata yet to book,1287003721,1287003721,4551456423,-590882299,2021-07-29
2154,,333_455669415_CACEIS,1020661874,OB,OB,No-pair,fx wire,Caceis booked the fx wire for SD 12-16-2019. Integrata yet to book,1020661874,1020661874,4551456423,-590882299,2021-07-29
2155,,372_455985296_CACEIS,1449582066,OB,OB,No-pair,fx wire,Caceis booked the fx wire for SD 08-17-2020. Integrata yet to book,1449582066,1449582066,4551456423,-590882299,2021-07-29
2156,,141_4551018409_CACEIS,1492757161,OB,OB,No-pair,fees,Caceis booked the fees for SD 09-10-2020. Integrata yet to book,1492757161,1492757161,4551456423,-590882299,2021-07-29
2157,,31_455688261_CACEIS,1053516744,OB,OB,No-pair,monthend interest,Caceis booked the monthend interest for SD 01-01-2020. Integrata yet to book,1053516744,1053516744,4551456423,-590882299,2021-07-29
2158,,27_4551277470_CACEIS,1837468629,OB,OB,No-pair,fx wire,Caceis booked the fx wire for SD 03-19-2021. Integrata yet to book,1837468629,1837468629,4551456423,-590882299,2021-07-29
2159,,14_455896330_CACEIS,1332271852,OB,OB,No-pair,fees,Caceis booked the fees for SD 06-10-2020. Integrata yet to book,1332271852,1332271852,4551456423,-590882299,2021-07-29
2160,,30_455547231_CACEIS,811491674,OB,OB,No-pair,fees,Caceis booked the fees for SD 09-11-2019. Integrata yet to book,811491674,811491674,4551456423,-590882299,2021-07-29
2161,,107_455742022_CACEIS,1127725754,OB,OB,No-pair,wire transfer,Caceis booked the wire transfer for SD 02-12-2020. Integrata yet to book,1127725754,1127725754,4551456423,-590882299,2021-07-29
2162,,279_4551313388_CACEIS,1883527971,OB,OB,No-pair,fx wire,Caceis booked the fx wire for SD 04-15-2021. Integrata yet to book,1883527971,1883527971,4551456423,-590882299,2021-07-29
2163,,373_4551232906_CACEIS,1780156764,OB,OB,No-pair,fx wire,Caceis booked the fx wire for SD 02-16-2021. Integrata yet to book,1780156764,1780156764,4551456423,-590882299,2021-07-29
2164,,25_455439597_CACEIS,632008263,OB,OB,No-pair,wire transfer,Caceis booked the wire transfer for SD 06-13-2019. Integrata yet to book,632008263,632008263,4551456423,-590882299,2021-07-29
2165,,57_455718167_CACEIS,1096512017,OB,OB,No-pair,fx wire,Caceis booked the fx wire for SD 01-24-2020. Integrata yet to book,1096512017,1096512017,4551456423,-590882299,2021-07-29
2166,,9_455997894_CACEIS,1465639293,OB,OB,No-pair,wire transfer,Caceis booked the wire transfer for SD 08-26-2020. Integrata yet to book,1465639293,1465639293,4551456423,-590882299,2021-07-29
2167,,55_4551044906_CACEIS,1528403653,OB,OB,No-pair,monthend interest,Caceis booked the monthend interest for SD 10-01-2020. Integrata yet to book,1528403653,1528403653,4551456423,-590882299,2021-07-29
2168,,1029_455643841_CACEIS,975324101,OB,OB,No-pair,wire transfer,Caceis booked the wire transfer for SD 11-12-2019. Integrata yet to book,975324101,975324101,4551456423,-590882299,2021-07-29
2169,,1_455530421_CACEIS,783090510,OB,OB,No-pair,proceeds sell,Caceis booked the proceeds sell for SD 08-28-2019. Integrata yet to book,783090510,783090510,4551456423,-590882299,2021-07-29
2170,,92_4551436806_CACEIS,2049885824,OB,OB,No-pair,fx wire,Caceis booked the fx wire for SD 07-15-2021. Integrata yet to book,2049885824,2049885824,4551456423,-590882299,2021-07-29
2171,,109_455663909_CACEIS,1011570647,OB,OB,No-pair,wire transfer,Caceis booked the wire transfer for SD 12-11-2019. Integrata yet to book,1011570647,1011570647,4551456423,-590882299,2021-07-29
2172,,86_455978912_CACEIS,1441832222,OB,OB,No-pair,wire transfer,Caceis booked the wire transfer for SD 08-12-2020. Integrata yet to book,1441832222,1441832222,4551456423,-590882299,2021-07-29
2173,,102_4551436806_CACEIS,2049885853,OB,OB,No-pair,fx wire,Caceis booked the fx wire for SD 07-15-2021. Integrata yet to book,2049885853,2049885853,4551456423,-590882299,2021-07-29
2174,,76_455985296_CACEIS,1449581807,OB,OB,No-pair,fx wire,Caceis booked the fx wire for SD 08-17-2020. Integrata yet to book,1449581807,1449581807,4551456423,-590882299,2021-07-29
2175,,392_455862625_CACEIS,1287003607,OB,OB,No-pair,fees,Caceis booked the fees for SD 05-13-2020. Integrata yet to book,1287003607,1287003607,4551456423,-590882299,2021-07-29
2176,,752_455643841_CACEIS,975323824,OB,OB,No-pair,monthend interest,Caceis booked the monthend interest for SD 10-31-2019. Integrata yet to book,975323824,975323824,4551456423,-590882299,2021-07-29
2177,,190_455985296_CACEIS,1449581863,OB,OB,No-pair,fx wire,Caceis booked the fx wire for SD 08-17-2020. Integrata yet to book,1449581863,1449581863,4551456423,-590882299,2021-07-29
2178,,10_4551430779_CACEIS,2043021920,OB,OB,No-pair,fees,Caceis booked the fees for SD 07-12-2021. Integrata yet to book,2043021920,2043021920,4551456423,-590882299,2021-07-29
2179,,8_328180_CACEIS,473992269,OB,OB,No-pair,wire transfer,Caceis booked the wire transfer for SD 03-12-2019. Integrata yet to book,473992269,473992269,4551456423,-590882299,2021-07-29
2180,,81_455934920_CACEIS,1383926793,OB,OB,No-pair,wire transfer,Caceis booked the wire transfer for SD 07-10-2020. Integrata yet to book,1383926793,1383926793,4551456423,-590882299,2021-07-29
2181,,18_455991947_CACEIS,1458094081,OB,OB,No-pair,fx wire,Caceis booked the fx wire for SD 08-21-2020. Integrata yet to book,1458094081,1458094081,4551456423,-590882299,2021-07-29
2182,,78_4551436806_CACEIS,2049885909,OB,OB,No-pair,fx wire,Caceis booked the fx wire for SD 07-15-2021. Integrata yet to book,2049885909,2049885909,4551456423,-590882299,2021-07-29
2183,,474_4551066313_CACEIS,1556876632,OB,OB,No-pair,fx wire,Caceis booked the fx wire for SD 10-15-2020. Integrata yet to book,1556876632,1556876632,4551456423,-590882299,2021-07-29
2184,,7_4551016578_CACEIS,1490395195,OB,OB,No-pair,wire transfer,Caceis booked the wire transfer for SD 09-09-2020. Integrata yet to book,1490395195,1490395195,4551456423,-590882299,2021-07-29
2185,,28_4551265958_CACEIS,1821951007,OB,OB,No-pair,fees,Caceis booked the fees for SD 03-10-2021. Integrata yet to book,1821951007,1821951007,4551456423,-590882299,2021-07-29
2186,,426_4551232906_CACEIS,1780156836,OB,OB,No-pair,fx wire,Caceis booked the fx wire for SD 02-16-2021. Integrata yet to book,1780156836,1780156836,4551456423,-590882299,2021-07-29
2187,,1_455775994_CACEIS,1174727503,OB,OB,No-pair,wire transfer,Caceis booked the wire transfer for SD 03-10-2020. Integrata yet to book,1174727503,1174727503,4551456423,-590882299,2021-07-29
2188,,211_4551023983_CACEIS,1500213943,OB,OB,No-pair,fx wire,Caceis booked the fx wire for SD 09-15-2020. Integrata yet to book,1500213943,1500213943,4551456423,-590882299,2021-07-29
2189,,8_455775994_CACEIS,1174727508,OB,OB,No-pair,fees,Caceis booked the fees for SD 03-09-2020. Integrata yet to book,1174727508,1174727508,4551456423,-590882299,2021-07-29
2190,,67_4551149959_CACEIS,1667622938,OB,OB,No-pair,fx wire,Caceis booked the fx wire for SD 12-15-2020. Integrata yet to book,1667622938,1667622938,4551456423,-590882299,2021-07-29
2191,,17_4551127906_CACEIS,1637981942,OB,OB,No-pair,monthend interest,Caceis booked the monthend interest for SD 12-01-2020. Integrata yet to book,1637981942,1637981942,4551456423,-590882299,2021-07-29
2192,,449_4551149959_CACEIS,1667623368,OB,OB,No-pair,fx wire,Caceis booked the fx wire for SD 12-15-2020. Integrata yet to book,1667623368,1667623368,4551456423,-590882299,2021-07-29
2193,,52_455742022_CACEIS,1127725649,OB,OB,No-pair,wire transfer,Caceis booked the wire transfer for SD 02-12-2020. Integrata yet to book,1127725649,1127725649,4551456423,-590882299,2021-07-29
2194,,491_4551149959_CACEIS,1667623382,OB,OB,No-pair,fx wire,Caceis booked the fx wire for SD 12-15-2020. Integrata yet to book,1667623382,1667623382,4551456423,-590882299,2021-07-29
2195,,52_4551145900_CACEIS,1662179007,OB,OB,No-pair,wire transfer,Caceis booked the wire transfer for SD 12-11-2020. Integrata yet to book,1662179007,1662179007,4551456423,-590882299,2021-07-29
2196,,676_455862625_CACEIS,1287003939,OB,OB,No-pair,fees,Caceis booked the fees for SD 05-13-2020. Integrata yet to book,1287003939,1287003939,4551456423,-590882299,2021-07-29
2197,,14_315245_CACEIS,450739051,OB,OB,No-pair,monthend interest,Caceis booked the monthend interest for SD 03-01-2019. Integrata yet to book,450739051,450739051,4551456423,-590882299,2021-07-29
2198,,381_4551023983_CACEIS,1500214259,OB,OB,No-pair,fx wire,Caceis booked the fx wire for SD 09-15-2020. Integrata yet to book,1500214259,1500214259,4551456423,-590882299,2021-07-29
2199,,11_455982783_CACEIS,1446488991,OB,OB,No-pair,wire transfer,Caceis booked the wire transfer for SD 07-16-2020. Integrata yet to book,1446488991,1446488991,4551456423,-590882299,2021-07-29
2200,,5_455714596_CACEIS,1091890300,OB,OB,No-pair,proceeds sell,Caceis booked the proceeds sell for SD 01-22-2020. Integrata yet to book,1091890300,1091890300,4551456423,-590882299,2021-07-29
2201,,715_4551232906_CACEIS,1780157191,OB,OB,No-pair,fx wire,Caceis booked the fx wire for SD 02-16-2021. Integrata yet to book,1780157191,1780157191,4551456423,-590882299,2021-07-29
2202,,16_455585083_CACEIS,874262514,OB,OB,No-pair,wire transfer,Caceis booked the wire transfer for SD 10-10-2019. Integrata yet to book,874262514,874262514,4551456423,-590882299,2021-07-29
2203,,11_455730876_CACEIS,1112842544,OB,OB,No-pair,wire transfer,Caceis booked the wire transfer for SD 02-04-2020. Integrata yet to book,1112842544,1112842544,4551456423,-590882299,2021-07-29
2204,,10_455658450_CACEIS,1002374649,OB,OB,No-pair,fx wire,Caceis booked the fx wire for SD 12-06-2019. Integrata yet to book,1002374649,1002374649,4551456423,-590882299,2021-07-29
2205,,1267_455643841_CACEIS,975324339,OB,OB,No-pair,fx wire,Caceis booked the fx wire for SD 11-15-2019. Integrata yet to book,975324339,975324339,4551456423,-590882299,2021-07-29
2206,,118_4551191593_CACEIS,1722905031,OB,OB,No-pair,fx wire,Caceis booked the fx wire for SD 01-15-2021. Integrata yet to book,1722905031,1722905031,4551456423,-590882299,2021-07-29
2207,,2_4551033955_CACEIS,1513935503,OB,OB,No-pair,wire transfer,Caceis booked the wire transfer for SD 09-21-2020. Integrata yet to book,1513935503,1513935503,4551456423,-590882299,2021-07-29
2208,,142_4551191593_CACEIS,1722905155,OB,OB,No-pair,fx wire,Caceis booked the fx wire for SD 01-15-2021. Integrata yet to book,1722905155,1722905155,4551456423,-590882299,2021-07-29
2209,,56_455745203_CACEIS,1132280403,OB,OB,No-pair,fx wire,Caceis booked the fx wire for SD 02-14-2020. Integrata yet to book,1132280403,1132280403,4551456423,-590882299,2021-07-29
2210,,68_4551381021_CACEIS,1979694288,OB,OB,No-pair,fx wire,Caceis booked the fx wire for SD 06-04-2021. Integrata yet to book,1979694288,1979694288,4551456423,-590882299,2021-07-29
2211,,3_455952085_CACEIS,1407030026,OB,OB,No-pair,wire transfer,Caceis booked the wire transfer for SD 07-23-2020. Integrata yet to book,1407030026,1407030026,4551456423,-590882299,2021-07-29
2212,,92_455669415_CACEIS,1020661774,OB,OB,No-pair,fx wire,Caceis booked the fx wire for SD 12-16-2019. Integrata yet to book,1020661774,1020661774,4551456423,-590882299,2021-07-29
2213,,209_4551066313_CACEIS,1556876495,OB,OB,No-pair,fx wire,Caceis booked the fx wire for SD 10-15-2020. Integrata yet to book,1556876495,1556876495,4551456423,-590882299,2021-07-29
2214,,16_4551334292_CACEIS,1911737224,OB,OB,No-pair,fx wire,Caceis booked the fx wire for SD 04-30-2021. Integrata yet to book,1911737224,1911737224,4551456423,-590882299,2021-07-29
2215,,87_4551239617_CACEIS,1789074830,OB,OB,No-pair,wire transfer,Caceis booked the wire transfer for SD 02-19-2021. Integrata yet to book,1789074830,1789074830,4551456423,-590882299,2021-07-29
2216,,76_4551105378_CACEIS,1608089159,OB,OB,No-pair,wire transfer,Caceis booked the wire transfer for SD 11-12-2020. Integrata yet to book,1608089159,1608089159,4551456423,-590882299,2021-07-29
2217,,605_4551232906_CACEIS,1780156951,OB,OB,No-pair,fx wire,Caceis booked the fx wire for SD 02-16-2021. Integrata yet to book,1780156951,1780156951,4551456423,-590882299,2021-07-29
2218,,98_4551436806_CACEIS,2049885784,OB,OB,No-pair,fx wire,Caceis booked the fx wire for SD 07-15-2021. Integrata yet to book,2049885784,2049885784,4551456423,-590882299,2021-07-29
2219,,62_455586694_CACEIS,876699154,OB,OB,No-pair,wire transfer,Caceis booked the wire transfer for SD 10-11-2019. Integrata yet to book,876699154,876699154,4551456423,-590882299,2021-07-29
2220,,115_4551239617_CACEIS,1789074937,OB,OB,No-pair,fx wire,Caceis booked the fx wire for SD 02-19-2021. Integrata yet to book,1789074937,1789074937,4551456423,-590882299,2021-07-29
2221,,508_455900053_CACEIS,1336714003,OB,OB,No-pair,fx wire,Caceis booked the fx wire for SD 06-15-2020. Integrata yet to book,1336714003,1336714003,4551456423,-590882299,2021-07-29
2222,,979_455643841_CACEIS,975324051,OB,OB,No-pair,wire transfer,Caceis booked the wire transfer for SD 11-13-2019. Integrata yet to book,975324051,975324051,4551456423,-590882299,2021-07-29
2223,,287_455706635_CACEIS,1081907614,OB,OB,No-pair,fx wire,Caceis booked the fx wire for SD 01-15-2020. Integrata yet to book,1081907614,1081907614,4551456423,-590882299,2021-07-29
2224,,7_4551062436_CACEIS,1551719872,OB,OB,No-pair,wire transfer,Caceis booked the wire transfer for SD 10-13-2020. Integrata yet to book,1551719872,1551719872,4551456423,-590882299,2021-07-29
2225,,83_455846205_CACEIS,1265566697,OB,OB,No-pair,fx wire,Caceis booked the fx wire for SD 05-04-2020. Integrata yet to book,1265566697,1265566697,4551456423,-590882299,2021-07-29
2226,,2_328180_CACEIS,473992266,OB,OB,No-pair,wire transfer,Caceis booked the wire transfer for SD 03-12-2019. Integrata yet to book,473992266,473992266,4551456423,-590882299,2021-07-29
2227,,2_455515517_CACEIS,758065165,OB,OB,No-pair,fees,Caceis booked the fees for SD 08-14-2019. Integrata yet to book,758065165,758065165,4551456423,-590882299,2021-07-29
2228,,298_455590588_CACEIS,883858678,OB,OB,No-pair,fx wire,Caceis booked the fx wire for SD 10-15-2019. Integrata yet to book,883858678,883858678,4551456423,-590882299,2021-07-29
2229,,11_455672797_CACEIS,1026409330,OB,OB,No-pair,wire transfer,Caceis booked the wire transfer for SD 12-17-2019. Integrata yet to book,1026409330,1026409330,4551456423,-590882299,2021-07-29
2230,,65_368123_CACEIS,532374084,OB,OB,No-pair,wire transfer,Caceis booked the wire transfer for SD 04-15-2019. Integrata yet to book,532374084,532374084,4551456423,-590882299,2021-07-29
2231,,45_4551269721_CACEIS,1827473954,OB,OB,No-pair,fx wire,Caceis booked the fx wire for SD 03-15-2021. Integrata yet to book,1827473954,1827473954,4551456423,-590882299,2021-07-29
2232,,116_455726980_CACEIS,1107942565,OB,OB,No-pair,monthend interest,Caceis booked the monthend interest for SD 02-01-2020. Integrata yet to book,1107942565,1107942565,4551456423,-590882299,2021-07-29
2233,,938_455822501_CACEIS,1235308643,OB,OB,No-pair,fx wire,Caceis booked the fx wire for SD 04-15-2020. Integrata yet to book,1235308643,1235308643,4551456423,-590882299,2021-07-29
2234,,844_455822501_CACEIS,1235308574,OB,OB,No-pair,wire transfer,Caceis booked the wire transfer for SD 04-14-2020. Integrata yet to book,1235308574,1235308574,4551456423,-590882299,2021-07-29
2235,,269_4551149959_CACEIS,1667623173,OB,OB,No-pair,fx wire,Caceis booked the fx wire for SD 12-15-2020. Integrata yet to book,1667623173,1667623173,4551456423,-590882299,2021-07-29
2236,,349_455940640_CACEIS,1391596256,OB,OB,No-pair,fx wire,Caceis booked the fx wire for SD 07-15-2020. Integrata yet to book,1391596256,1391596256,4551456423,-590882299,2021-07-29
2237,,774_455822501_CACEIS,1235308568,OB,OB,No-pair,fx wire,Caceis booked the fx wire for SD 04-15-2020. Integrata yet to book,1235308568,1235308568,4551456423,-590882299,2021-07-29
2238,,276_455748445_CACEIS,1136275310,OB,OB,No-pair,fx wire,Caceis booked the fx wire for SD 02-18-2020. Integrata yet to book,1136275310,1136275310,4551456423,-590882299,2021-07-29
2239,,13_455820754_CACEIS,1233177762,OB,OB,No-pair,fees,Caceis booked the fees for SD 04-14-2020. Integrata yet to book,1233177762,1233177762,4551456423,-590882299,2021-07-29
2240,,91_455978912_CACEIS,1441832111,OB,OB,No-pair,fees,Caceis booked the fees for SD 08-12-2020. Integrata yet to book,1441832111,1441832111,4551456423,-590882299,2021-07-29
2241,,247_455985296_CACEIS,1449582052,OB,OB,No-pair,fx wire,Caceis booked the fx wire for SD 08-17-2020. Integrata yet to book,1449582052,1449582052,4551456423,-590882299,2021-07-29
2242,,768_455862625_CACEIS,1287005114,OB,OB,No-pair,fx wire,Caceis booked the fx wire for SD 05-15-2020. Integrata yet to book,1287005114,1287005114,4551456423,-590882299,2021-07-29
2243,,393_455862625_CACEIS,1287003308,OB,OB,No-pair,fees,Caceis booked the fees for SD 05-13-2020. Integrata yet to book,1287003308,1287003308,4551456423,-590882299,2021-07-29
2244,,7_455903805_CACEIS,1341692748,OB,OB,No-pair,wire transfer,Caceis booked the wire transfer for SD 06-17-2020. Integrata yet to book,1341692748,1341692748,4551456423,-590882299,2021-07-29
2245,,4_4551050873_CACEIS,1536076984,OB,OB,No-pair,wire transfer,Caceis booked the wire transfer for SD 10-02-2020. Integrata yet to book,1536076984,1536076984,4551456423,-590882299,2021-07-29
2246,,2_455803095_CACEIS,1210223474,OB,OB,No-pair,monthend interest,Caceis booked the monthend interest for SD 04-01-2020. Integrata yet to book,1210223474,1210223474,4551456423,-590882299,2021-07-29
2247,,7_455752143_CACEIS,1141004394,OB,OB,No-pair,wire transfer,Caceis booked the wire transfer for SD 02-20-2020. Integrata yet to book,1141004394,1141004394,4551456423,-590882299,2021-07-29
2248,,63_333062_CACEIS,479846799,OB,OB,No-pair,fx wire,Caceis booked the fx wire for SD 03-15-2019. Integrata yet to book,479846799,479846799,4551456423,-590882299,2021-07-29
2249,,195_4551248485_CACEIS,1800039452,OB,OB,No-pair,fx wire,Caceis booked the fx wire for SD 02-26-2021. Integrata yet to book,1800039452,1800039452,4551456423,-590882299,2021-07-29
2250,,127_455862625_CACEIS,1287002692,OB,OB,No-pair,fx wire,Caceis booked the fx wire for SD 05-15-2020. Integrata yet to book,1287002692,1287002692,4551456423,-590882299,2021-07-29
2251,,759_455822501_CACEIS,1235308640,OB,OB,No-pair,wire transfer,Caceis booked the wire transfer for SD 04-14-2020. Integrata yet to book,1235308640,1235308640,4551456423,-590882299,2021-07-29
2252,,436_455940640_CACEIS,1391596401,OB,OB,No-pair,fx wire,Caceis booked the fx wire for SD 07-15-2020. Integrata yet to book,1391596401,1391596401,4551456423,-590882299,2021-07-29
2253,,114_455934920_CACEIS,1383926764,OB,OB,No-pair,wire transfer,Caceis booked the wire transfer for SD 07-10-2020. Integrata yet to book,1383926764,1383926764,4551456423,-590882299,2021-07-29
2254,,431_455940640_CACEIS,1391596344,OB,OB,No-pair,fx wire,Caceis booked the fx wire for SD 07-15-2020. Integrata yet to book,1391596344,1391596344,4551456423,-590882299,2021-07-29
2255,,101_455978912_CACEIS,1441832239,OB,OB,No-pair,fees,Caceis booked the fees for SD 08-12-2020. Integrata yet to book,1441832239,1441832239,4551456423,-590882299,2021-07-29
2256,,9_4551390838_CACEIS,1992497429,OB,OB,No-pair,fx wire,Caceis booked the fx wire for SD 06-11-2021. Integrata yet to book,1992497429,1992497429,4551456423,-590882299,2021-07-29
2257,,11_341093_CACEIS,490673985,OB,OB,No-pair,fx wire,Caceis booked the fx wire for SD 03-22-2019. Integrata yet to book,490673985,490673985,4551456423,-590882299,2021-07-29
2258,,5_4551044906_CACEIS,1528403581,OB,OB,No-pair,monthend interest,Caceis booked the monthend interest for SD 10-01-2020. Integrata yet to book,1528403581,1528403581,4551456423,-590882299,2021-07-29
2259,,89_455934920_CACEIS,1383926810,OB,OB,No-pair,wire transfer,Caceis booked the wire transfer for SD 07-10-2020. Integrata yet to book,1383926810,1383926810,4551456423,-590882299,2021-07-29
2260,,181_455940640_CACEIS,1391596085,OB,OB,No-pair,fx wire,Caceis booked the fx wire for SD 07-15-2020. Integrata yet to book,1391596085,1391596085,4551456423,-590882299,2021-07-29
2261,,848_455822501_CACEIS,1235308665,OB,OB,No-pair,wire transfer,Caceis booked the wire transfer for SD 04-14-2020. Integrata yet to book,1235308665,1235308665,4551456423,-590882299,2021-07-29
2262,,413_4551109218_CACEIS,1613286941,OB,OB,No-pair,fx wire,Caceis booked the fx wire for SD 11-16-2020. Integrata yet to book,1613286941,1613286941,4551456423,-590882299,2021-07-29
2263,,73_4551039598_CACEIS,1521245901,OB,OB,No-pair,fx wire,Caceis booked the fx wire for SD 09-25-2020. Integrata yet to book,1521245901,1521245901,4551456423,-590882299,2021-07-29
2264,,102_455978912_CACEIS,1441832250,OB,OB,No-pair,fees,Caceis booked the fees for SD 08-12-2020. Integrata yet to book,1441832250,1441832250,4551456423,-590882299,2021-07-29
2265,,92_4551229444_CACEIS,1775243137,OB,OB,No-pair,fx wire,Caceis booked the fx wire for SD 02-12-2021. Integrata yet to book,1775243137,1775243137,4551456423,-590882299,2021-07-29
2266,,1_455942533_CACEIS,1393935323,OB,OB,No-pair,wire transfer,Caceis booked the wire transfer for SD 07-16-2020. Integrata yet to book,1393935323,1393935323,4551456423,-590882299,2021-07-29
2267,,460_4551066313_CACEIS,1556876666,OB,OB,No-pair,fx wire,Caceis booked the fx wire for SD 10-15-2020. Integrata yet to book,1556876666,1556876666,4551456423,-590882299,2021-07-29
2268,,16_4551125930_CACEIS,1635426534,OB,OB,No-pair,fx wire,Caceis booked the fx wire for SD 11-27-2020. Integrata yet to book,1635426534,1635426534,4551456423,-590882299,2021-07-29
2269,,965_455643841_CACEIS,975324037,OB,OB,No-pair,wire transfer,Caceis booked the wire transfer for SD 11-13-2019. Integrata yet to book,975324037,975324037,4551456423,-590882299,2021-07-29
2270,,237_4551109218_CACEIS,1613286746,OB,OB,No-pair,fx wire,Caceis booked the fx wire for SD 11-16-2020. Integrata yet to book,1613286746,1613286746,4551456423,-590882299,2021-07-29
2271,,438_4551066313_CACEIS,1556876705,OB,OB,No-pair,fx wire,Caceis booked the fx wire for SD 10-15-2020. Integrata yet to book,1556876705,1556876705,4551456423,-590882299,2021-07-29
2272,,33_4551023983_CACEIS,1500213863,OB,OB,No-pair,fx wire,Caceis booked the fx wire for SD 09-15-2020. Integrata yet to book,1500213863,1500213863,4551456423,-590882299,2021-07-29
2273,,5_4551305829_CACEIS,1874140998,OB,OB,No-pair,fx wire,Caceis booked the fx wire for SD 04-09-2021. Integrata yet to book,1874140998,1874140998,4551456423,-590882299,2021-07-29
2274,,41_4551184426_CACEIS,1712749745,OB,OB,No-pair,proceeds sell,Caceis booked the proceeds sell for SD 01-11-2021. Integrata yet to book,1712749745,1712749745,4551456423,-590882299,2021-07-29
2275,,1034_455643841_CACEIS,975324106,OB,OB,No-pair,wire transfer,Caceis booked the wire transfer for SD 11-13-2019. Integrata yet to book,975324106,975324106,4551456423,-590882299,2021-07-29
2276,,76_455783582_CACEIS,1185159364,OB,OB,No-pair,fx wire,Caceis booked the fx wire for SD 03-16-2020. Integrata yet to book,1185159364,1185159364,4551456423,-590882299,2021-07-29
2277,,77_455669415_CACEIS,1020661822,OB,OB,No-pair,fx wire,Caceis booked the fx wire for SD 12-16-2019. Integrata yet to book,1020661822,1020661822,4551456423,-590882299,2021-07-29
2278,,23_4551060531_CACEIS,1548950683,OB,OB,No-pair,wire transfer,Caceis booked the wire transfer for SD 10-12-2020. Integrata yet to book,1548950683,1548950683,4551456423,-590882299,2021-07-29
2279,,14_4551125930_CACEIS,1635426528,OB,OB,No-pair,fx wire,Caceis booked the fx wire for SD 11-27-2020. Integrata yet to book,1635426528,1635426528,4551456423,-590882299,2021-07-29
2280,,7_455861455_CACEIS,1285500779,OB,OB,No-pair,fees,Caceis booked the fees for SD 05-12-2020. Integrata yet to book,1285500779,1285500779,4551456423,-590882299,2021-07-29
2281,,6_4551188298_CACEIS,1718045058,OB,OB,No-pair,fees,Caceis booked the fees for SD 01-12-2021. Integrata yet to book,1718045058,1718045058,4551456423,-590882299,2021-07-29
2282,,998_455643841_CACEIS,975324070,OB,OB,No-pair,wire transfer,Caceis booked the wire transfer for SD 11-13-2019. Integrata yet to book,975324070,975324070,4551456423,-590882299,2021-07-29
2283,,17_4551334292_CACEIS,1911737227,OB,OB,No-pair,fx wire,Caceis booked the fx wire for SD 04-30-2021. Integrata yet to book,1911737227,1911737227,4551456423,-590882299,2021-07-29
2284,,27_4551060531_CACEIS,1548950702,OB,OB,No-pair,wire transfer,Caceis booked the wire transfer for SD 10-12-2020. Integrata yet to book,1548950702,1548950702,4551456423,-590882299,2021-07-29
2285,,71_455762980_CACEIS,1156897781,OB,OB,No-pair,wire transfer,Caceis booked the wire transfer for SD 02-28-2020. Integrata yet to book,1156897781,1156897781,4551456423,-590882299,2021-07-29
2286,,448_455862625_CACEIS,1287003367,OB,OB,No-pair,fees,Caceis booked the fees for SD 05-13-2020. Integrata yet to book,1287003367,1287003367,4551456423,-590882299,2021-07-29
2287,,44_4551381021_CACEIS,1979694232,OB,OB,No-pair,wire transfer,Caceis booked the wire transfer for SD 06-02-2021. Integrata yet to book,1979694232,1979694232,4551456423,-590882299,2021-07-29
2288,,445_4551109218_CACEIS,1613287070,OB,OB,No-pair,fx wire,Caceis booked the fx wire for SD 11-16-2020. Integrata yet to book,1613287070,1613287070,4551456423,-590882299,2021-07-29
2289,,166_4551232906_CACEIS,1780156507,OB,OB,No-pair,fx wire,Caceis booked the fx wire for SD 02-16-2021. Integrata yet to book,1780156507,1780156507,4551456423,-590882299,2021-07-29
2290,,2_4551046894_CACEIS,1531161776,OB,OB,No-pair,proceeds sell,Caceis booked the proceeds sell for SD 10-01-2020. Integrata yet to book,1531161776,1531161776,4551456423,-590882299,2021-07-29
2291,,69_455706635_CACEIS,1081907347,OB,OB,No-pair,fx wire,Caceis booked the fx wire for SD 01-15-2020. Integrata yet to book,1081907347,1081907347,4551456423,-590882299,2021-07-29
2292,,286_455669415_CACEIS,1020661783,OB,OB,No-pair,fx wire,Caceis booked the fx wire for SD 12-16-2019. Integrata yet to book,1020661783,1020661783,4551456423,-590882299,2021-07-29
2293,,17_455896330_CACEIS,1332271854,OB,OB,No-pair,wire transfer,Caceis booked the wire transfer for SD 05-18-2020. Integrata yet to book,1332271854,1332271854,4551456423,-590882299,2021-07-29
2294,,384_455748445_CACEIS,1136275089,OB,OB,No-pair,fx wire,Caceis booked the fx wire for SD 02-18-2020. Integrata yet to book,1136275089,1136275089,4551456423,-590882299,2021-07-29
2295,,49_455846205_CACEIS,1265566738,OB,OB,No-pair,fx wire,Caceis booked the fx wire for SD 05-04-2020. Integrata yet to book,1265566738,1265566738,4551456423,-590882299,2021-07-29
2296,,206_4551248485_CACEIS,1800039370,OB,OB,No-pair,fx wire,Caceis booked the fx wire for SD 02-26-2021. Integrata yet to book,1800039370,1800039370,4551456423,-590882299,2021-07-29
2297,,24_455439597_CACEIS,632008279,OB,OB,No-pair,fees,Caceis booked the fees for SD 06-13-2019. Integrata yet to book,632008279,632008279,4551456423,-590882299,2021-07-29
2298,,60_4551127906_CACEIS,1637981914,OB,OB,No-pair,monthend interest,Caceis booked the monthend interest for SD 12-01-2020. Integrata yet to book,1637981914,1637981914,4551456423,-590882299,2021-07-29
2299,,1074_455643841_CACEIS,975324146,OB,OB,No-pair,wire transfer,Caceis booked the wire transfer for SD 11-13-2019. Integrata yet to book,975324146,975324146,4551456423,-590882299,2021-07-29
2300,,242_4551109218_CACEIS,1613286890,OB,OB,No-pair,fx wire,Caceis booked the fx wire for SD 11-16-2020. Integrata yet to book,1613286890,1613286890,4551456423,-590882299,2021-07-29
2301,,56_455667500_CACEIS,1017540734,OB,OB,No-pair,fx wire,Caceis booked the fx wire for SD 12-13-2019. Integrata yet to book,1017540734,1017540734,4551456423,-590882299,2021-07-29
2302,,49_455898221_CACEIS,1334730764,OB,OB,No-pair,fx wire,Caceis booked the fx wire for SD 06-12-2020. Integrata yet to book,1334730764,1334730764,4551456423,-590882299,2021-07-29
2303,,22_4551373621_CACEIS,1970229484,OB,OB,No-pair,monthend interest,Caceis booked the monthend interest for SD 06-01-2021. Integrata yet to book,1970229484,1970229484,4551456423,-590882299,2021-07-29
2304,,58_4551023983_CACEIS,1500213840,OB,OB,No-pair,fx wire,Caceis booked the fx wire for SD 09-15-2020. Integrata yet to book,1500213840,1500213840,4551456423,-590882299,2021-07-29
2305,,30_4551107328_CACEIS,1610764973,OB,OB,No-pair,fees,Caceis booked the fees for SD 11-12-2020. Integrata yet to book,1610764973,1610764973,4551456423,-590882299,2021-07-29
2306,,15_316753_CACEIS,453176743,OB,OB,No-pair,fx wire,Caceis booked the fx wire for SD 03-01-2019. Integrata yet to book,453176743,453176743,4551456423,-590882299,2021-07-29
2307,,76_4551191593_CACEIS,1722905065,OB,OB,No-pair,fx wire,Caceis booked the fx wire for SD 01-15-2021. Integrata yet to book,1722905065,1722905065,4551456423,-590882299,2021-07-29
2308,,397_4551066313_CACEIS,1556876677,OB,OB,No-pair,fx wire,Caceis booked the fx wire for SD 10-15-2020. Integrata yet to book,1556876677,1556876677,4551456423,-590882299,2021-07-29
2309,,15_455799620_CACEIS,1205700391,OB,OB,No-pair,fx wire,Caceis booked the fx wire for SD 03-27-2020. Integrata yet to book,1205700391,1205700391,4551456423,-590882299,2021-07-29
2310,,473_455643841_CACEIS,975323545,OB,OB,No-pair,fx wire,Caceis booked the fx wire for SD 11-15-2019. Integrata yet to book,975323545,975323545,4551456423,-590882299,2021-07-29
2311,,533_4551149959_CACEIS,1667623313,OB,OB,No-pair,fx wire,Caceis booked the fx wire for SD 12-15-2020. Integrata yet to book,1667623313,1667623313,4551456423,-590882299,2021-07-29
2312,,104_455963450_CACEIS,1421777910,OB,OB,No-pair,monthend interest,Caceis booked the monthend interest for SD 08-01-2020. Integrata yet to book,1421777910,1421777910,4551456423,-590882299,2021-07-29
2313,,480_455822501_CACEIS,1235308162,OB,OB,No-pair,wire transfer,Caceis booked the wire transfer for SD 04-14-2020. Integrata yet to book,1235308162,1235308162,4551456423,-590882299,2021-07-29
2314,,183_4551248485_CACEIS,1800039414,OB,OB,No-pair,fx wire,Caceis booked the fx wire for SD 02-26-2021. Integrata yet to book,1800039414,1800039414,4551456423,-590882299,2021-07-29
2315,,32_455669415_CACEIS,1020661784,OB,OB,No-pair,fx wire,Caceis booked the fx wire for SD 12-16-2019. Integrata yet to book,1020661784,1020661784,4551456423,-590882299,2021-07-29
2316,,152_4551144082_CACEIS,1659707058,OB,OB,No-pair,fees,Caceis booked the fees for SD 12-10-2020. Integrata yet to book,1659707058,1659707058,4551456423,-590882299,2021-07-29
2317,,1_4551430779_CACEIS,2043021913,OB,OB,No-pair,fees,Caceis booked the fees for SD 07-12-2021. Integrata yet to book,2043021913,2043021913,4551456423,-590882299,2021-07-29
2318,,14_455790609_CACEIS,1194036472,OB,OB,No-pair,wire transfer,Caceis booked the wire transfer for SD 03-19-2020. Integrata yet to book,1194036472,1194036472,4551456423,-590882299,2021-07-29
2319,,138_4551232906_CACEIS,1780156459,OB,OB,No-pair,fx wire,Caceis booked the fx wire for SD 02-16-2021. Integrata yet to book,1780156459,1780156459,4551456423,-590882299,2021-07-29
2320,,2_455649350_CACEIS,985331634,OB,OB,No-pair,monthend interest,Caceis booked the monthend interest for SD 12-01-2019. Integrata yet to book,985331634,985331634,4551456423,-590882299,2021-07-29
2321,,17_4551362459_CACEIS,1953424888,OB,OB,No-pair,fx wire,Caceis booked the fx wire for SD 05-21-2021. Integrata yet to book,1953424888,1953424888,4551456423,-590882299,2021-07-29
2322,,8_4551083561_CACEIS,1579309185,OB,OB,No-pair,wire transfer,Caceis booked the wire transfer for SD 10-28-2020. Integrata yet to book,1579309185,1579309185,4551456423,-590882299,2021-07-29
2323,,127_4551105378_CACEIS,1608089170,OB,OB,No-pair,fees,Caceis booked the fees for SD 11-12-2020. Integrata yet to book,1608089170,1608089170,4551456423,-590882299,2021-07-29
2324,,34_455927788_CACEIS,1374347988,OB,OB,No-pair,fx wire,Caceis booked the fx wire for SD 07-06-2020. Integrata yet to book,1374347988,1374347988,4551456423,-590882299,2021-07-29
2325,,70_4551149959_CACEIS,1667622825,OB,OB,No-pair,fx wire,Caceis booked the fx wire for SD 12-15-2020. Integrata yet to book,1667622825,1667622825,4551456423,-590882299,2021-07-29
2326,,41_455799620_CACEIS,1205700353,OB,OB,No-pair,wire transfer,Caceis booked the wire transfer for SD 03-27-2020. Integrata yet to book,1205700353,1205700353,4551456423,-590882299,2021-07-29
2327,,441_4551191593_CACEIS,1722905501,OB,OB,No-pair,fx wire,Caceis booked the fx wire for SD 01-15-2021. Integrata yet to book,1722905501,1722905501,4551456423,-590882299,2021-07-29
2328,,136_4551144082_CACEIS,1659707080,OB,OB,No-pair,fees,Caceis booked the fees for SD 12-10-2020. Integrata yet to book,1659707080,1659707080,4551456423,-590882299,2021-07-29
2329,,53_455516633_CACEIS,760048363,OB,OB,No-pair,fx wire,Caceis booked the fx wire for SD 08-16-2019. Integrata yet to book,760048363,760048363,4551456423,-590882299,2021-07-29
2330,,7_4551430779_CACEIS,2043021917,OB,OB,No-pair,fees,Caceis booked the fees for SD 07-12-2021. Integrata yet to book,2043021917,2043021917,4551456423,-590882299,2021-07-29
2331,,391_455862625_CACEIS,1287003526,OB,OB,No-pair,fees,Caceis booked the fees for SD 05-13-2020. Integrata yet to book,1287003526,1287003526,4551456423,-590882299,2021-07-29
2332,,109_455718167_CACEIS,1096511757,OB,OB,No-pair,fx wire,Caceis booked the fx wire for SD 01-24-2020. Integrata yet to book,1096511757,1096511757,4551456423,-590882299,2021-07-29
2333,,587_455643841_CACEIS,975323659,OB,OB,No-pair,wire transfer,Caceis booked the wire transfer for SD 11-18-2019. Integrata yet to book,975323659,975323659,4551456423,-590882299,2021-07-29
2334,,4_455550632_CACEIS,818475505,OB,OB,No-pair,fx wire,Caceis booked the fx wire for SD 09-13-2019. Integrata yet to book,818475505,818475505,4551456423,-590882299,2021-07-29
2335,,435_455940640_CACEIS,1391596391,OB,OB,No-pair,fx wire,Caceis booked the fx wire for SD 07-15-2020. Integrata yet to book,1391596391,1391596391,4551456423,-590882299,2021-07-29
2336,,28_4551157661_CACEIS,1677770280,OB,OB,No-pair,proceeds sell,Caceis booked the proceeds sell for SD 12-21-2020. Integrata yet to book,1677770280,1677770280,4551456423,-590882299,2021-07-29
2337,,125_455688261_CACEIS,1053516724,OB,OB,No-pair,monthend interest,Caceis booked the monthend interest for SD 01-01-2020. Integrata yet to book,1053516724,1053516724,4551456423,-590882299,2021-07-29
2338,,312_455900053_CACEIS,1336713574,OB,OB,No-pair,fx wire,Caceis booked the fx wire for SD 06-15-2020. Integrata yet to book,1336713574,1336713574,4551456423,-590882299,2021-07-29
2339,,9_4551042956_CACEIS,1525553086,OB,OB,No-pair,wire transfer,Caceis booked the wire transfer for SD 09-21-2020. Integrata yet to book,1525553086,1525553086,4551456423,-590882299,2021-07-29
2340,,101_4551232906_CACEIS,1780156428,OB,OB,No-pair,fx wire,Caceis booked the fx wire for SD 02-16-2021. Integrata yet to book,1780156428,1780156428,4551456423,-590882299,2021-07-29
2341,,12_455605017_CACEIS,907407258,OB,OB,No-pair,fx wire,Caceis booked the fx wire for SD 10-25-2019. Integrata yet to book,907407258,907407258,4551456423,-590882299,2021-07-29
2342,,226_455783582_CACEIS,1185159359,OB,OB,No-pair,fx wire,Caceis booked the fx wire for SD 03-16-2020. Integrata yet to book,1185159359,1185159359,4551456423,-590882299,2021-07-29
2343,,62_4551117124_CACEIS,1623224471,OB,OB,No-pair,fx wire,Caceis booked the fx wire for SD 11-20-2020. Integrata yet to book,1623224471,1623224471,4551456423,-590882299,2021-07-29
2344,,491_455822501_CACEIS,1235308145,OB,OB,No-pair,wire transfer,Caceis booked the wire transfer for SD 04-14-2020. Integrata yet to book,1235308145,1235308145,4551456423,-590882299,2021-07-29
2345,,18_4551145900_CACEIS,1662179049,OB,OB,No-pair,fx wire,Caceis booked the fx wire for SD 12-11-2020. Integrata yet to book,1662179049,1662179049,4551456423,-590882299,2021-07-29
2346,,678_455643841_CACEIS,975323750,OB,OB,No-pair,monthend interest,Caceis booked the monthend interest for SD 10-31-2019. Integrata yet to book,975323750,975323750,4551456423,-590882299,2021-07-29
2347,,42_4551269721_CACEIS,1827473919,OB,OB,No-pair,fx wire,Caceis booked the fx wire for SD 03-15-2021. Integrata yet to book,1827473919,1827473919,4551456423,-590882299,2021-07-29
2348,,151_4551232906_CACEIS,1780156539,OB,OB,No-pair,fx wire,Caceis booked the fx wire for SD 02-16-2021. Integrata yet to book,1780156539,1780156539,4551456423,-590882299,2021-07-29
2349,,1215_455643841_CACEIS,975324287,OB,OB,No-pair,fx wire,Caceis booked the fx wire for SD 11-15-2019. Integrata yet to book,975324287,975324287,4551456423,-590882299,2021-07-29
2350,,16_455909302_CACEIS,1349421695,OB,OB,No-pair,proceeds sell,Caceis booked the proceeds sell for SD 06-22-2020. Integrata yet to book,1349421695,1349421695,4551456423,-590882299,2021-07-29
2351,,537_455822501_CACEIS,1235308203,OB,OB,No-pair,wire transfer,Caceis booked the wire transfer for SD 04-14-2020. Integrata yet to book,1235308203,1235308203,4551456423,-590882299,2021-07-29
2352,,604_4551232906_CACEIS,1780157078,OB,OB,No-pair,fx wire,Caceis booked the fx wire for SD 02-16-2021. Integrata yet to book,1780157078,1780157078,4551456423,-590882299,2021-07-29
2353,,222_4551109218_CACEIS,1613286721,OB,OB,No-pair,fx wire,Caceis booked the fx wire for SD 11-16-2020. Integrata yet to book,1613286721,1613286721,4551456423,-590882299,2021-07-29
2354,,247_455783582_CACEIS,1185159491,OB,OB,No-pair,fx wire,Caceis booked the fx wire for SD 03-16-2020. Integrata yet to book,1185159491,1185159491,4551456423,-590882299,2021-07-29
2355,,14_455978912_CACEIS,1441832121,OB,OB,No-pair,wire transfer,Caceis booked the wire transfer for SD 08-12-2020. Integrata yet to book,1441832121,1441832121,4551456423,-590882299,2021-07-29
2356,,971_455643841_CACEIS,975324043,OB,OB,No-pair,wire transfer,Caceis booked the wire transfer for SD 11-08-2019. Integrata yet to book,975324043,975324043,4551456423,-590882299,2021-07-29
2357,,484_455822501_CACEIS,1235308215,OB,OB,No-pair,wire transfer,Caceis booked the wire transfer for SD 04-14-2020. Integrata yet to book,1235308215,1235308215,4551456423,-590882299,2021-07-29
2358,,13_455896330_CACEIS,1332271850,OB,OB,No-pair,wire transfer,Caceis booked the wire transfer for SD 03-17-2020. Integrata yet to book,1332271850,1332271850,4551456423,-590882299,2021-07-29
2359,,443_4551023983_CACEIS,1500214261,OB,OB,No-pair,fx wire,Caceis booked the fx wire for SD 09-15-2020. Integrata yet to book,1500214261,1500214261,4551456423,-590882299,2021-07-29
2360,,54_455709628_CACEIS,1085770957,OB,OB,No-pair,fx wire,Caceis booked the fx wire for SD 01-17-2020. Integrata yet to book,1085770957,1085770957,4551456423,-590882299,2021-07-29
2361,,191_455706635_CACEIS,1081907286,OB,OB,No-pair,fx wire,Caceis booked the fx wire for SD 01-15-2020. Integrata yet to book,1081907286,1081907286,4551456423,-590882299,2021-07-29
2362,,31_455404958_CACEIS,585162338,OB,OB,No-pair,fx wire,Caceis booked the fx wire for SD 05-15-2019. Integrata yet to book,585162338,585162338,4551456423,-590882299,2021-07-29
2363,,59_4551354754_CACEIS,1942399550,OB,OB,No-pair,fx wire,Caceis booked the fx wire for SD 05-17-2021. Integrata yet to book,1942399550,1942399550,4551456423,-590882299,2021-07-29
2364,,273_455748445_CACEIS,1136275284,OB,OB,No-pair,fx wire,Caceis booked the fx wire for SD 02-18-2020. Integrata yet to book,1136275284,1136275284,4551456423,-590882299,2021-07-29
2365,,69_455669415_CACEIS,1020661780,OB,OB,No-pair,fx wire,Caceis booked the fx wire for SD 12-16-2019. Integrata yet to book,1020661780,1020661780,4551456423,-590882299,2021-07-29
2366,,857_455822501_CACEIS,1235308792,OB,OB,No-pair,fx wire,Caceis booked the fx wire for SD 04-15-2020. Integrata yet to book,1235308792,1235308792,4551456423,-590882299,2021-07-29
2367,,53_4551149959_CACEIS,1667622978,OB,OB,No-pair,fx wire,Caceis booked the fx wire for SD 12-15-2020. Integrata yet to book,1667622978,1667622978,4551456423,-590882299,2021-07-29
2368,,42_4551174457_CACEIS,1699762783,OB,OB,No-pair,fx wire,Caceis booked the fx wire for SD 01-04-2021. Integrata yet to book,1699762783,1699762783,4551456423,-590882299,2021-07-29
2369,,250_4551149959_CACEIS,1667622888,OB,OB,No-pair,fx wire,Caceis booked the fx wire for SD 12-15-2020. Integrata yet to book,1667622888,1667622888,4551456423,-590882299,2021-07-29
2370,,67_455973142_CACEIS,1434650018,OB,OB,No-pair,wire transfer,Caceis booked the wire transfer for SD 08-06-2020. Integrata yet to book,1434650018,1434650018,4551456423,-590882299,2021-07-29
2371,,41_455516633_CACEIS,760048617,OB,OB,No-pair,fx wire,Caceis booked the fx wire for SD 08-16-2019. Integrata yet to book,760048617,760048617,4551456423,-590882299,2021-07-29
2372,,63_455669415_CACEIS,1020661769,OB,OB,No-pair,fx wire,Caceis booked the fx wire for SD 12-16-2019. Integrata yet to book,1020661769,1020661769,4551456423,-590882299,2021-07-29
2373,,5_455842390_CACEIS,1260634953,OB,OB,No-pair,monthend interest,Caceis booked the monthend interest for SD 05-01-2020. Integrata yet to book,1260634953,1260634953,4551456423,-590882299,2021-07-29
2374,,340_455643841_CACEIS,975323412,OB,OB,No-pair,fx wire,Caceis booked the fx wire for SD 11-15-2019. Integrata yet to book,975323412,975323412,4551456423,-590882299,2021-07-29
2375,,51_455846205_CACEIS,1265566766,OB,OB,No-pair,fx wire,Caceis booked the fx wire for SD 05-04-2020. Integrata yet to book,1265566766,1265566766,4551456423,-590882299,2021-07-29
2376,,208_4551066313_CACEIS,1556876389,OB,OB,No-pair,fx wire,Caceis booked the fx wire for SD 10-15-2020. Integrata yet to book,1556876389,1556876389,4551456423,-590882299,2021-07-29
2377,,29_455963450_CACEIS,1421777827,OB,OB,No-pair,monthend interest,Caceis booked the monthend interest for SD 08-01-2020. Integrata yet to book,1421777827,1421777827,4551456423,-590882299,2021-07-29
2378,,542_455900053_CACEIS,1336713916,OB,OB,No-pair,wire transfer,Caceis booked the wire transfer for SD 06-15-2020. Integrata yet to book,1336713916,1336713916,4551456423,-590882299,2021-07-29
2379,,160_4551184426_CACEIS,1712749790,OB,OB,No-pair,wire transfer,Caceis booked the wire transfer for SD 01-11-2021. Integrata yet to book,1712749790,1712749790,4551456423,-590882299,2021-07-29
2380,,24_4551087502_CACEIS,1584326594,OB,OB,No-pair,monthend interest,Caceis booked the monthend interest for SD 11-01-2020. Integrata yet to book,1584326594,1584326594,4551456423,-590882299,2021-07-29
2381,,307_4551191593_CACEIS,1722905238,OB,OB,No-pair,fx wire,Caceis booked the fx wire for SD 01-15-2021. Integrata yet to book,1722905238,1722905238,4551456423,-590882299,2021-07-29
2382,,158_4551144082_CACEIS,1659707181,OB,OB,No-pair,fees,Caceis booked the fees for SD 12-10-2020. Integrata yet to book,1659707181,1659707181,4551456423,-590882299,2021-07-29
2383,,460_4551191593_CACEIS,1722905441,OB,OB,No-pair,fx wire,Caceis booked the fx wire for SD 01-15-2021. Integrata yet to book,1722905441,1722905441,4551456423,-590882299,2021-07-29
2384,,439_455822501_CACEIS,1235308360,OB,OB,No-pair,fx wire,Caceis booked the fx wire for SD 04-15-2020. Integrata yet to book,1235308360,1235308360,4551456423,-590882299,2021-07-29
2385,,59_4551149959_CACEIS,1667622999,OB,OB,No-pair,fx wire,Caceis booked the fx wire for SD 12-15-2020. Integrata yet to book,1667622999,1667622999,4551456423,-590882299,2021-07-29
2386,,7_455568470_CACEIS,846652423,OB,OB,No-pair,fx wire,Caceis booked the fx wire for SD 09-27-2019. Integrata yet to book,846652423,846652423,4551456423,-590882299,2021-07-29
2387,,376_455748445_CACEIS,1136275474,OB,OB,No-pair,fx wire,Caceis booked the fx wire for SD 02-18-2020. Integrata yet to book,1136275474,1136275474,4551456423,-590882299,2021-07-29
2388,,11_455605017_CACEIS,907407256,OB,OB,No-pair,fx wire,Caceis booked the fx wire for SD 10-25-2019. Integrata yet to book,907407256,907407256,4551456423,-590882299,2021-07-29
2389,,359_455862625_CACEIS,1287003499,OB,OB,No-pair,fees,Caceis booked the fees for SD 05-13-2020. Integrata yet to book,1287003499,1287003499,4551456423,-590882299,2021-07-29
2390,,235_4551066313_CACEIS,1556876499,OB,OB,No-pair,fx wire,Caceis booked the fx wire for SD 10-15-2020. Integrata yet to book,1556876499,1556876499,4551456423,-590882299,2021-07-29
2391,,859_455822501_CACEIS,1235308680,OB,OB,No-pair,fx wire,Caceis booked the fx wire for SD 04-15-2020. Integrata yet to book,1235308680,1235308680,4551456423,-590882299,2021-07-29
2392,,304_4551149959_CACEIS,1667623137,OB,OB,No-pair,fx wire,Caceis booked the fx wire for SD 12-15-2020. Integrata yet to book,1667623137,1667623137,4551456423,-590882299,2021-07-29
2393,,184_455940640_CACEIS,1391595975,OB,OB,No-pair,fx wire,Caceis booked the fx wire for SD 07-15-2020. Integrata yet to book,1391595975,1391595975,4551456423,-590882299,2021-07-29
2394,,969_455643841_CACEIS,975324041,OB,OB,No-pair,wire transfer,Caceis booked the wire transfer for SD 11-13-2019. Integrata yet to book,975324041,975324041,4551456423,-590882299,2021-07-29
2395,,61_455762980_CACEIS,1156897759,OB,OB,No-pair,monthend interest,Caceis booked the monthend interest for SD 03-01-2020. Integrata yet to book,1156897759,1156897759,4551456423,-590882299,2021-07-29
2396,,8_4551430779_CACEIS,2043021918,OB,OB,No-pair,fees,Caceis booked the fees for SD 07-12-2021. Integrata yet to book,2043021918,2043021918,4551456423,-590882299,2021-07-29
2397,,461_455783582_CACEIS,1185159558,OB,OB,No-pair,fx wire,Caceis booked the fx wire for SD 03-16-2020. Integrata yet to book,1185159558,1185159558,4551456423,-590882299,2021-07-29
2398,,60_455900053_CACEIS,1336713290,OB,OB,No-pair,fx wire,Caceis booked the fx wire for SD 06-15-2020. Integrata yet to book,1336713290,1336713290,4551456423,-590882299,2021-07-29
2399,,161_455940640_CACEIS,1391596084,OB,OB,No-pair,fx wire,Caceis booked the fx wire for SD 07-15-2020. Integrata yet to book,1391596084,1391596084,4551456423,-590882299,2021-07-29
2400,,87_455846205_CACEIS,1265566768,OB,OB,No-pair,fx wire,Caceis booked the fx wire for SD 05-04-2020. Integrata yet to book,1265566768,1265566768,4551456423,-590882299,2021-07-29
2401,,740_455822501_CACEIS,1235308677,OB,OB,No-pair,fx wire,Caceis booked the fx wire for SD 04-15-2020. Integrata yet to book,1235308677,1235308677,4551456423,-590882299,2021-07-29
2402,,212_455706635_CACEIS,1081907388,OB,OB,No-pair,fx wire,Caceis booked the fx wire for SD 01-15-2020. Integrata yet to book,1081907388,1081907388,4551456423,-590882299,2021-07-29
2403,,333_455822501_CACEIS,1235308168,OB,OB,No-pair,fx wire,Caceis booked the fx wire for SD 04-15-2020. Integrata yet to book,1235308168,1235308168,4551456423,-590882299,2021-07-29
2404,,5_455742022_CACEIS,1127725654,OB,OB,No-pair,fees,Caceis booked the fees for SD 02-12-2020. Integrata yet to book,1127725654,1127725654,4551456423,-590882299,2021-07-29
2405,,195_455643841_CACEIS,975323267,OB,OB,No-pair,fx wire,Caceis booked the fx wire for SD 11-08-2019. Integrata yet to book,975323267,975323267,4551456423,-590882299,2021-07-29
2406,,207_4551248485_CACEIS,1800039472,OB,OB,No-pair,fx wire,Caceis booked the fx wire for SD 02-26-2021. Integrata yet to book,1800039472,1800039472,4551456423,-590882299,2021-07-29
2407,,214_455762980_CACEIS,1156897845,OB,OB,No-pair,monthend interest,Caceis booked the monthend interest for SD 03-01-2020. Integrata yet to book,1156897845,1156897845,4551456423,-590882299,2021-07-29
2408,,37_455742022_CACEIS,1127725763,OB,OB,No-pair,fees,Caceis booked the fees for SD 02-12-2020. Integrata yet to book,1127725763,1127725763,4551456423,-590882299,2021-07-29
2409,,1_455868069_CACEIS,1293865186,OB,OB,No-pair,wire transfer,Caceis booked the wire transfer for SD 05-20-2020. Integrata yet to book,1293865186,1293865186,4551456423,-590882299,2021-07-29
2410,,103_4551313388_CACEIS,1883527822,OB,OB,No-pair,fx wire,Caceis booked the fx wire for SD 04-15-2021. Integrata yet to book,1883527822,1883527822,4551456423,-590882299,2021-07-29
2411,,73_4551388882_CACEIS,1989667586,OB,OB,No-pair,wire transfer,Caceis booked the wire transfer for SD 06-10-2021. Integrata yet to book,1989667586,1989667586,4551456423,-590882299,2021-07-29
2412,,113_455900053_CACEIS,1336713304,OB,OB,No-pair,fx wire,Caceis booked the fx wire for SD 06-15-2020. Integrata yet to book,1336713304,1336713304,4551456423,-590882299,2021-07-29
2413,,108_4551394628_CACEIS,1997244615,OB,OB,No-pair,fx wire,Caceis booked the fx wire for SD 06-15-2021. Integrata yet to book,1997244615,1997244615,4551456423,-590882299,2021-07-29
2414,,133_455726980_CACEIS,1107942540,OB,OB,No-pair,fx wire,Caceis booked the fx wire for SD 01-31-2020. Integrata yet to book,1107942540,1107942540,4551456423,-590882299,2021-07-29
2415,,172_455940640_CACEIS,1391595987,OB,OB,No-pair,fx wire,Caceis booked the fx wire for SD 07-15-2020. Integrata yet to book,1391595987,1391595987,4551456423,-590882299,2021-07-29
2416,,155_4551144082_CACEIS,1659707067,OB,OB,No-pair,fees,Caceis booked the fees for SD 12-10-2020. Integrata yet to book,1659707067,1659707067,4551456423,-590882299,2021-07-29
2417,,429_455783582_CACEIS,1185159759,OB,OB,No-pair,fx wire,Caceis booked the fx wire for SD 03-16-2020. Integrata yet to book,1185159759,1185159759,4551456423,-590882299,2021-07-29
2418,,777_455862625_CACEIS,1287004431,OB,OB,No-pair,fx wire,Caceis booked the fx wire for SD 05-15-2020. Integrata yet to book,1287004431,1287004431,4551456423,-590882299,2021-07-29
2419,,438_455862625_CACEIS,1287003720,OB,OB,No-pair,fx wire,Caceis booked the fx wire for SD 05-15-2020. Integrata yet to book,1287003720,1287003720,4551456423,-590882299,2021-07-29
2420,,29_4551003590_CACEIS,1473425973,OB,OB,No-pair,monthend interest,Caceis booked the monthend interest for SD 09-01-2020. Integrata yet to book,1473425973,1473425973,4551456423,-590882299,2021-07-29
2421,,60_4551109218_CACEIS,1613286770,OB,OB,No-pair,fx wire,Caceis booked the fx wire for SD 11-16-2020. Integrata yet to book,1613286770,1613286770,4551456423,-590882299,2021-07-29
2422,,215_455706635_CACEIS,1081907396,OB,OB,No-pair,fx wire,Caceis booked the fx wire for SD 01-15-2020. Integrata yet to book,1081907396,1081907396,4551456423,-590882299,2021-07-29
2423,,103_455862625_CACEIS,1287002797,OB,OB,No-pair,fx wire,Caceis booked the fx wire for SD 05-15-2020. Integrata yet to book,1287002797,1287002797,4551456423,-590882299,2021-07-29
2424,,800_455822501_CACEIS,1235308811,OB,OB,No-pair,fx wire,Caceis booked the fx wire for SD 04-15-2020. Integrata yet to book,1235308811,1235308811,4551456423,-590882299,2021-07-29
2425,,44_455762980_CACEIS,1156897687,OB,OB,No-pair,monthend interest,Caceis booked the monthend interest for SD 03-01-2020. Integrata yet to book,1156897687,1156897687,4551456423,-590882299,2021-07-29
2426,,8_455820754_CACEIS,1233177736,OB,OB,No-pair,fees,Caceis booked the fees for SD 04-14-2020. Integrata yet to book,1233177736,1233177736,4551456423,-590882299,2021-07-29
2427,,443_455862625_CACEIS,1287003668,OB,OB,No-pair,fees,Caceis booked the fees for SD 05-13-2020. Integrata yet to book,1287003668,1287003668,4551456423,-590882299,2021-07-29
2428,,5_455887206_CACEIS,1320167954,OB,OB,No-pair,proceeds sell,Caceis booked the proceeds sell for SD 06-04-2020. Integrata yet to book,1320167954,1320167954,4551456423,-590882299,2021-07-29
2429,,402_455822501_CACEIS,1235308381,OB,OB,No-pair,fx wire,Caceis booked the fx wire for SD 04-15-2020. Integrata yet to book,1235308381,1235308381,4551456423,-590882299,2021-07-29
2430,,283_455748445_CACEIS,1136275370,OB,OB,No-pair,fx wire,Caceis booked the fx wire for SD 02-18-2020. Integrata yet to book,1136275370,1136275370,4551456423,-590882299,2021-07-29
2431,,96_455663909_CACEIS,1011570622,OB,OB,No-pair,wire transfer,Caceis booked the wire transfer for SD 12-11-2019. Integrata yet to book,1011570622,1011570622,4551456423,-590882299,2021-07-29
2432,,7_455864447_CACEIS,1289293333,OB,OB,No-pair,wire transfer,Caceis booked the wire transfer for SD 04-16-2020. Integrata yet to book,1289293333,1289293333,4551456423,-590882299,2021-07-29
2433,,12_4551218474_CACEIS,1759361016,OB,OB,No-pair,wire transfer,Caceis booked the wire transfer for SD 01-26-2021. Integrata yet to book,1759361016,1759361016,4551456423,-590882299,2021-07-29
2434,,65_455658450_CACEIS,1002374636,OB,OB,No-pair,fx wire,Caceis booked the fx wire for SD 12-06-2019. Integrata yet to book,1002374636,1002374636,4551456423,-590882299,2021-07-29
2435,,65_4551149959_CACEIS,1667622874,OB,OB,No-pair,fx wire,Caceis booked the fx wire for SD 12-15-2020. Integrata yet to book,1667622874,1667622874,4551456423,-590882299,2021-07-29
2436,,354_4551023983_CACEIS,1500214085,OB,OB,No-pair,fx wire,Caceis booked the fx wire for SD 09-15-2020. Integrata yet to book,1500214085,1500214085,4551456423,-590882299,2021-07-29
2437,,16_4551373621_CACEIS,1970229497,OB,OB,No-pair,monthend interest,Caceis booked the monthend interest for SD 06-01-2021. Integrata yet to book,1970229497,1970229497,4551456423,-590882299,2021-07-29
2438,,458_4551109218_CACEIS,1613287028,OB,OB,No-pair,fx wire,Caceis booked the fx wire for SD 11-16-2020. Integrata yet to book,1613287028,1613287028,4551456423,-590882299,2021-07-29
2439,,68_455658450_CACEIS,1002374633,OB,OB,No-pair,wire transfer,Caceis booked the wire transfer for SD 12-06-2019. Integrata yet to book,1002374633,1002374633,4551456423,-590882299,2021-07-29
2440,,11_455643841_CACEIS,975323083,OB,OB,No-pair,monthend interest,Caceis booked the monthend interest for SD 10-31-2019. Integrata yet to book,975323083,975323083,4551456423,-590882299,2021-07-29
2441,,16_455978912_CACEIS,1441832129,OB,OB,No-pair,wire transfer,Caceis booked the wire transfer for SD 08-12-2020. Integrata yet to book,1441832129,1441832129,4551456423,-590882299,2021-07-29
2442,,4_455432903_CACEIS,623045705,OB,OB,No-pair,fx wire,Caceis booked the fx wire for SD 06-07-2019. Integrata yet to book,623045705,623045705,4551456423,-590882299,2021-07-29
2443,,17_455868069_CACEIS,1293865189,OB,OB,No-pair,wire transfer,Caceis booked the wire transfer for SD 05-05-2020. Integrata yet to book,1293865189,1293865189,4551456423,-590882299,2021-07-29
2444,,26_455803095_CACEIS,1210223521,OB,OB,No-pair,monthend interest,Caceis booked the monthend interest for SD 04-01-2020. Integrata yet to book,1210223521,1210223521,4551456423,-590882299,2021-07-29
2445,,95_455649350_CACEIS,985331696,OB,OB,No-pair,fx wire,Caceis booked the fx wire for SD 11-29-2019. Integrata yet to book,985331696,985331696,4551456423,-590882299,2021-07-29
2446,,25_4551023983_CACEIS,1500213805,OB,OB,No-pair,fx wire,Caceis booked the fx wire for SD 09-15-2020. Integrata yet to book,1500213805,1500213805,4551456423,-590882299,2021-07-29
2447,,33_455978912_CACEIS,1441832255,OB,OB,No-pair,wire transfer,Caceis booked the wire transfer for SD 08-12-2020. Integrata yet to book,1441832255,1441832255,4551456423,-590882299,2021-07-29
2448,,13_455871083_CACEIS,1298154321,OB,OB,No-pair,fx wire,Caceis booked the fx wire for SD 05-22-2020. Integrata yet to book,1298154321,1298154321,4551456423,-590882299,2021-07-29
2449,,45_455404958_CACEIS,585162368,OB,OB,No-pair,fx wire,Caceis booked the fx wire for SD 05-15-2019. Integrata yet to book,585162368,585162368,4551456423,-590882299,2021-07-29
2450,,315_4551191593_CACEIS,1722905330,OB,OB,No-pair,fx wire,Caceis booked the fx wire for SD 01-15-2021. Integrata yet to book,1722905330,1722905330,4551456423,-590882299,2021-07-29
2451,,22_455879764_CACEIS,1309543792,OB,OB,No-pair,monthend interest,Caceis booked the monthend interest for SD 06-01-2020. Integrata yet to book,1309543792,1309543792,4551456423,-590882299,2021-07-29
2452,,74_4551109218_CACEIS,1613286763,OB,OB,No-pair,fx wire,Caceis booked the fx wire for SD 11-16-2020. Integrata yet to book,1613286763,1613286763,4551456423,-590882299,2021-07-29
2453,,371_455940640_CACEIS,1391596258,OB,OB,No-pair,fx wire,Caceis booked the fx wire for SD 07-15-2020. Integrata yet to book,1391596258,1391596258,4551456423,-590882299,2021-07-29
2454,,466_455643841_CACEIS,975323538,OB,OB,No-pair,fx wire,Caceis booked the fx wire for SD 11-15-2019. Integrata yet to book,975323538,975323538,4551456423,-590882299,2021-07-29
2455,,12_4551083561_CACEIS,1579309194,OB,OB,No-pair,wire transfer,Caceis booked the wire transfer for SD 10-28-2020. Integrata yet to book,1579309194,1579309194,4551456423,-590882299,2021-07-29
2456,,13_455826113_CACEIS,1239393746,OB,OB,No-pair,fees,Caceis booked the fees for SD 04-16-2020. Integrata yet to book,1239393746,1239393746,4551456423,-590882299,2021-07-29
2457,,449_455862625_CACEIS,1287003326,OB,OB,No-pair,fees,Caceis booked the fees for SD 05-13-2020. Integrata yet to book,1287003326,1287003326,4551456423,-590882299,2021-07-29
2458,,4_4551324555_CACEIS,1898109372,OB,OB,No-pair,fx wire,Caceis booked the fx wire for SD 04-23-2021. Integrata yet to book,1898109372,1898109372,4551456423,-590882299,2021-07-29
2459,,128_4551109218_CACEIS,1613286719,OB,OB,No-pair,fx wire,Caceis booked the fx wire for SD 11-16-2020. Integrata yet to book,1613286719,1613286719,4551456423,-590882299,2021-07-29
2460,,65_455403345_CACEIS,582954897,OB,OB,No-pair,wire transfer,Caceis booked the wire transfer for SD 05-14-2019. Integrata yet to book,582954897,582954897,4551456423,-590882299,2021-07-29
2461,,45_4551149959_CACEIS,1667622851,OB,OB,No-pair,fx wire,Caceis booked the fx wire for SD 12-15-2020. Integrata yet to book,1667622851,1667622851,4551456423,-590882299,2021-07-29
2462,,121_4551149959_CACEIS,1667623000,OB,OB,No-pair,fx wire,Caceis booked the fx wire for SD 12-15-2020. Integrata yet to book,1667623000,1667623000,4551456423,-590882299,2021-07-29
2463,,16_4551203153_CACEIS,1737813340,OB,OB,No-pair,wire transfer,Caceis booked the wire transfer for SD 01-25-2021. Integrata yet to book,1737813340,1737813340,4551456423,-590882299,2021-07-29
2464,,265_455748445_CACEIS,1136275394,OB,OB,No-pair,fx wire,Caceis booked the fx wire for SD 02-18-2020. Integrata yet to book,1136275394,1136275394,4551456423,-590882299,2021-07-29
2465,,81_4551191593_CACEIS,1722905066,OB,OB,No-pair,fx wire,Caceis booked the fx wire for SD 01-15-2021. Integrata yet to book,1722905066,1722905066,4551456423,-590882299,2021-07-29
2466,,142_4551149959_CACEIS,1667622950,OB,OB,No-pair,fx wire,Caceis booked the fx wire for SD 12-15-2020. Integrata yet to book,1667622950,1667622950,4551456423,-590882299,2021-07-29
2467,,2_455790609_CACEIS,1194036412,OB,OB,No-pair,fx wire,Caceis booked the fx wire for SD 03-20-2020. Integrata yet to book,1194036412,1194036412,4551456423,-590882299,2021-07-29
2468,,22_4551011052_CACEIS,1483359851,OB,OB,No-pair,wire transfer,Caceis booked the wire transfer for SD 09-04-2020. Integrata yet to book,1483359851,1483359851,4551456423,-590882299,2021-07-29
2469,,432_4551149959_CACEIS,1667623298,OB,OB,No-pair,fx wire,Caceis booked the fx wire for SD 12-15-2020. Integrata yet to book,1667623298,1667623298,4551456423,-590882299,2021-07-29
2470,,25_455574099_CACEIS,855526087,OB,OB,No-pair,fx wire,Caceis booked the fx wire for SD 10-02-2019. Integrata yet to book,855526087,855526087,4551456423,-590882299,2021-07-29
2471,,42_4551343376_CACEIS,1925737823,OB,OB,No-pair,fx wire,Caceis booked the fx wire for SD 05-07-2021. Integrata yet to book,1925737823,1925737823,4551456423,-590882299,2021-07-29
2472,,72_4551220415_CACEIS,1761955897,OB,OB,No-pair,fx wire,Caceis booked the fx wire for SD 02-05-2021. Integrata yet to book,1761955897,1761955897,4551456423,-590882299,2021-07-29
2473,,89_4551066313_CACEIS,1556876307,OB,OB,No-pair,fx wire,Caceis booked the fx wire for SD 10-15-2020. Integrata yet to book,1556876307,1556876307,4551456423,-590882299,2021-07-29
2474,,32_4551044906_CACEIS,1528403633,OB,OB,No-pair,monthend interest,Caceis booked the monthend interest for SD 10-01-2020. Integrata yet to book,1528403633,1528403633,4551456423,-590882299,2021-07-29
2475,,519_455783582_CACEIS,1185159672,OB,OB,No-pair,fx wire,Caceis booked the fx wire for SD 03-16-2020. Integrata yet to book,1185159672,1185159672,4551456423,-590882299,2021-07-29
2476,,422_4551023983_CACEIS,1500214123,OB,OB,No-pair,fx wire,Caceis booked the fx wire for SD 09-15-2020. Integrata yet to book,1500214123,1500214123,4551456423,-590882299,2021-07-29
2477,,296_4551313388_CACEIS,1883527890,OB,OB,No-pair,fx wire,Caceis booked the fx wire for SD 04-15-2021. Integrata yet to book,1883527890,1883527890,4551456423,-590882299,2021-07-29
2478,,7_4551157661_CACEIS,1677770264,OB,OB,No-pair,proceeds sell,Caceis booked the proceeds sell for SD 12-21-2020. Integrata yet to book,1677770264,1677770264,4551456423,-590882299,2021-07-29
2479,,25_4551127906_CACEIS,1637981934,OB,OB,No-pair,monthend interest,Caceis booked the monthend interest for SD 12-01-2020. Integrata yet to book,1637981934,1637981934,4551456423,-590882299,2021-07-29
2480,,74_4551191593_CACEIS,1722905200,OB,OB,No-pair,fx wire,Caceis booked the fx wire for SD 01-15-2021. Integrata yet to book,1722905200,1722905200,4551456423,-590882299,2021-07-29
2481,,56_455953995_CACEIS,1409848231,OB,OB,No-pair,fx wire,Caceis booked the fx wire for SD 07-24-2020. Integrata yet to book,1409848231,1409848231,4551456423,-590882299,2021-07-29
2482,,469_455643841_CACEIS,975323541,OB,OB,No-pair,fx wire,Caceis booked the fx wire for SD 11-15-2019. Integrata yet to book,975323541,975323541,4551456423,-590882299,2021-07-29
2483,,265_4551109218_CACEIS,1613286831,OB,OB,No-pair,fx wire,Caceis booked the fx wire for SD 11-16-2020. Integrata yet to book,1613286831,1613286831,4551456423,-590882299,2021-07-29
2484,,50_368123_CACEIS,532374052,OB,OB,No-pair,fx wire,Caceis booked the fx wire for SD 04-15-2019. Integrata yet to book,532374052,532374052,4551456423,-590882299,2021-07-29
2485,,133_455663909_CACEIS,1011570614,OB,OB,No-pair,wire transfer,Caceis booked the wire transfer for SD 12-11-2019. Integrata yet to book,1011570614,1011570614,4551456423,-590882299,2021-07-29
2486,,161_4551232906_CACEIS,1780156421,OB,OB,No-pair,fx wire,Caceis booked the fx wire for SD 02-16-2021. Integrata yet to book,1780156421,1780156421,4551456423,-590882299,2021-07-29
2487,,22_306589_CACEIS,433998181,OB,OB,No-pair,fx wire,Caceis booked the fx wire for SD 02-15-2019. Integrata yet to book,433998181,433998181,4551456423,-590882299,2021-07-29
2488,,248_4551109218_CACEIS,1613286971,OB,OB,No-pair,fx wire,Caceis booked the fx wire for SD 11-16-2020. Integrata yet to book,1613286971,1613286971,4551456423,-590882299,2021-07-29
2489,,465_455643841_CACEIS,975323537,OB,OB,No-pair,fx wire,Caceis booked the fx wire for SD 11-15-2019. Integrata yet to book,975323537,975323537,4551456423,-590882299,2021-07-29
2490,,43_455920273_CACEIS,1364559751,OB,OB,No-pair,monthend interest,Caceis booked the monthend interest for SD 07-01-2020. Integrata yet to book,1364559751,1364559751,4551456423,-590882299,2021-07-29
2491,,38_455842390_CACEIS,1260635000,OB,OB,No-pair,monthend interest,Caceis booked the monthend interest for SD 05-01-2020. Integrata yet to book,1260635000,1260635000,4551456423,-590882299,2021-07-29
2492,,513_4551109218_CACEIS,1613287097,OB,OB,No-pair,fx wire,Caceis booked the fx wire for SD 11-16-2020. Integrata yet to book,1613287097,1613287097,4551456423,-590882299,2021-07-29
2493,,93_455900053_CACEIS,1336713287,OB,OB,No-pair,fx wire,Caceis booked the fx wire for SD 06-15-2020. Integrata yet to book,1336713287,1336713287,4551456423,-590882299,2021-07-29
2494,,68_4551023983_CACEIS,1500213836,OB,OB,No-pair,fx wire,Caceis booked the fx wire for SD 09-15-2020. Integrata yet to book,1500213836,1500213836,4551456423,-590882299,2021-07-29
2495,,70_455693832_CACEIS,1063035295,OB,OB,No-pair,wire transfer,Caceis booked the wire transfer for SD 01-06-2020. Integrata yet to book,1063035295,1063035295,4551456423,-590882299,2021-07-29
2496,,356_455862625_CACEIS,1287003360,OB,OB,No-pair,fees,Caceis booked the fees for SD 05-13-2020. Integrata yet to book,1287003360,1287003360,4551456423,-590882299,2021-07-29
2497,,155_4551248485_CACEIS,1800039480,OB,OB,No-pair,fx wire,Caceis booked the fx wire for SD 02-26-2021. Integrata yet to book,1800039480,1800039480,4551456423,-590882299,2021-07-29
2498,,123_4551144082_CACEIS,1659707153,OB,OB,No-pair,fees,Caceis booked the fees for SD 12-10-2020. Integrata yet to book,1659707153,1659707153,4551456423,-590882299,2021-07-29
2499,,237_4551269721_CACEIS,1827473989,OB,OB,No-pair,fx wire,Caceis booked the fx wire for SD 03-15-2021. Integrata yet to book,1827473989,1827473989,4551456423,-590882299,2021-07-29
2500,,44_368123_CACEIS,532374034,OB,OB,No-pair,fx wire,Caceis booked the fx wire for SD 04-15-2019. Integrata yet to book,532374034,532374034,4551456423,-590882299,2021-07-29
2501,,162_455669415_CACEIS,1020661954,OB,OB,No-pair,fx wire,Caceis booked the fx wire for SD 12-16-2019. Integrata yet to book,1020661954,1020661954,4551456423,-590882299,2021-07-29
2502,,343_4551232906_CACEIS,1780156779,OB,OB,No-pair,fx wire,Caceis booked the fx wire for SD 02-16-2021. Integrata yet to book,1780156779,1780156779,4551456423,-590882299,2021-07-29
2503,,5_4551201062_CACEIS,1734565918,OB,OB,No-pair,wire transfer,Caceis booked the wire transfer for SD 01-22-2021. Integrata yet to book,1734565918,1734565918,4551456423,-590882299,2021-07-29
2504,,381_455862625_CACEIS,1287003907,OB,OB,No-pair,fx wire,Caceis booked the fx wire for SD 05-15-2020. Integrata yet to book,1287003907,1287003907,4551456423,-590882299,2021-07-29
2505,,54_4551023983_CACEIS,1500214162,OB,OB,No-pair,fx wire,Caceis booked the fx wire for SD 09-15-2020. Integrata yet to book,1500214162,1500214162,4551456423,-590882299,2021-07-29
2506,,237_455748445_CACEIS,1136275180,OB,OB,No-pair,fx wire,Caceis booked the fx wire for SD 02-18-2020. Integrata yet to book,1136275180,1136275180,4551456423,-590882299,2021-07-29
2507,,239_4551066313_CACEIS,1556876469,OB,OB,No-pair,fx wire,Caceis booked the fx wire for SD 10-15-2020. Integrata yet to book,1556876469,1556876469,4551456423,-590882299,2021-07-29
2508,,279_455748445_CACEIS,1136275286,OB,OB,No-pair,fx wire,Caceis booked the fx wire for SD 02-18-2020. Integrata yet to book,1136275286,1136275286,4551456423,-590882299,2021-07-29
2509,,52_4551023983_CACEIS,1500214147,OB,OB,No-pair,fx wire,Caceis booked the fx wire for SD 09-15-2020. Integrata yet to book,1500214147,1500214147,4551456423,-590882299,2021-07-29
2510,,6_4551292839_CACEIS,1857221917,OB,OB,No-pair,monthend interest,Caceis booked the monthend interest for SD 04-01-2021. Integrata yet to book,1857221917,1857221917,4551456423,-590882299,2021-07-29
2511,,49_4551428980_CACEIS,2040344621,OB,OB,No-pair,wire transfer,Caceis booked the wire transfer for SD 07-09-2021. Integrata yet to book,2040344621,2040344621,4551456423,-590882299,2021-07-29
2512,,328_455822501_CACEIS,1235308170,OB,OB,No-pair,fx wire,Caceis booked the fx wire for SD 04-15-2020. Integrata yet to book,1235308170,1235308170,4551456423,-590882299,2021-07-29
2513,,1414_455643841_CACEIS,975324486,OB,OB,No-pair,fx wire,Caceis booked the fx wire for SD 11-15-2019. Integrata yet to book,975324486,975324486,4551456423,-590882299,2021-07-29
2514,,23_455568470_CACEIS,846652384,OB,OB,No-pair,wire transfer,Caceis booked the wire transfer for SD 09-27-2019. Integrata yet to book,846652384,846652384,4551456423,-590882299,2021-07-29
2515,,276_4551436806_CACEIS,2049885983,OB,OB,No-pair,fx wire,Caceis booked the fx wire for SD 07-15-2021. Integrata yet to book,2049885983,2049885983,4551456423,-590882299,2021-07-29
2516,,1085_455643841_CACEIS,975324157,OB,OB,No-pair,fees,Caceis booked the fees for SD 11-13-2019. Integrata yet to book,975324157,975324157,4551456423,-590882299,2021-07-29
2517,,200_455590588_CACEIS,883858436,OB,OB,No-pair,fx wire,Caceis booked the fx wire for SD 10-15-2019. Integrata yet to book,883858436,883858436,4551456423,-590882299,2021-07-29
2518,,56_455934920_CACEIS,1383926735,OB,OB,No-pair,fx wire,Caceis booked the fx wire for SD 07-10-2020. Integrata yet to book,1383926735,1383926735,4551456423,-590882299,2021-07-29
2519,,18_4551334292_CACEIS,1911737174,OB,OB,No-pair,fx wire,Caceis booked the fx wire for SD 04-30-2021. Integrata yet to book,1911737174,1911737174,4551456423,-590882299,2021-07-29
2520,,95_455663909_CACEIS,1011570692,OB,OB,No-pair,wire transfer,Caceis booked the wire transfer for SD 12-11-2019. Integrata yet to book,1011570692,1011570692,4551456423,-590882299,2021-07-29
2521,,930_455822501_CACEIS,1235308693,OB,OB,No-pair,fx wire,Caceis booked the fx wire for SD 04-15-2020. Integrata yet to book,1235308693,1235308693,4551456423,-590882299,2021-07-29
2522,,182_4551248485_CACEIS,1800039405,OB,OB,No-pair,fx wire,Caceis booked the fx wire for SD 02-26-2021. Integrata yet to book,1800039405,1800039405,4551456423,-590882299,2021-07-29
2523,,108_4551109218_CACEIS,1613286775,OB,OB,No-pair,fx wire,Caceis booked the fx wire for SD 11-16-2020. Integrata yet to book,1613286775,1613286775,4551456423,-590882299,2021-07-29
2524,,629_4551232906_CACEIS,1780157091,OB,OB,No-pair,fx wire,Caceis booked the fx wire for SD 02-16-2021. Integrata yet to book,1780157091,1780157091,4551456423,-590882299,2021-07-29
2525,,120_4551144082_CACEIS,1659707150,OB,OB,No-pair,fees,Caceis booked the fees for SD 12-10-2020. Integrata yet to book,1659707150,1659707150,4551456423,-590882299,2021-07-29
2526,,53_4551264332_CACEIS,1819946093,OB,OB,No-pair,wire transfer,Caceis booked the wire transfer for SD 03-16-2020. Integrata yet to book,1819946093,1819946093,4551456423,-590882299,2021-07-29
2527,,368_455900053_CACEIS,1336713996,OB,OB,No-pair,fx wire,Caceis booked the fx wire for SD 06-15-2020. Integrata yet to book,1336713996,1336713996,4551456423,-590882299,2021-07-29
2528,,119_4551144082_CACEIS,1659707133,OB,OB,No-pair,fees,Caceis booked the fees for SD 12-10-2020. Integrata yet to book,1659707133,1659707133,4551456423,-590882299,2021-07-29
2529,,222_455783582_CACEIS,1185159428,OB,OB,No-pair,fx wire,Caceis booked the fx wire for SD 03-16-2020. Integrata yet to book,1185159428,1185159428,4551456423,-590882299,2021-07-29
2530,,48_4551428980_CACEIS,2040344576,OB,OB,No-pair,wire transfer,Caceis booked the wire transfer for SD 07-09-2021. Integrata yet to book,2040344576,2040344576,4551456423,-590882299,2021-07-29
2531,,95_455442954_CACEIS,637183886,OB,OB,No-pair,fx wire,Caceis booked the fx wire for SD 06-17-2019. Integrata yet to book,637183886,637183886,4551456423,-590882299,2021-07-29
2532,,235_4551109218_CACEIS,1613286771,OB,OB,No-pair,fx wire,Caceis booked the fx wire for SD 11-16-2020. Integrata yet to book,1613286771,1613286771,4551456423,-590882299,2021-07-29
2533,,184_455669415_CACEIS,1020661968,OB,OB,No-pair,fx wire,Caceis booked the fx wire for SD 12-16-2019. Integrata yet to book,1020661968,1020661968,4551456423,-590882299,2021-07-29
2534,,7_455775994_CACEIS,1174727507,OB,OB,No-pair,fees,Caceis booked the fees for SD 03-09-2020. Integrata yet to book,1174727507,1174727507,4551456423,-590882299,2021-07-29
2535,,38_4551105378_CACEIS,1608089165,OB,OB,No-pair,wire transfer,Caceis booked the wire transfer for SD 11-12-2020. Integrata yet to book,1608089165,1608089165,4551456423,-590882299,2021-07-29
2536,,1089_455643841_CACEIS,975324161,OB,OB,No-pair,fees,Caceis booked the fees for SD 11-13-2019. Integrata yet to book,975324161,975324161,4551456423,-590882299,2021-07-29
2537,,27_455742022_CACEIS,1127725755,OB,OB,No-pair,fees,Caceis booked the fees for SD 02-12-2020. Integrata yet to book,1127725755,1127725755,4551456423,-590882299,2021-07-29
2538,,255_4551394628_CACEIS,1997244749,OB,OB,No-pair,fx wire,Caceis booked the fx wire for SD 06-15-2021. Integrata yet to book,1997244749,1997244749,4551456423,-590882299,2021-07-29
2539,,44_333062_CACEIS,479846745,OB,OB,No-pair,fx wire,Caceis booked the fx wire for SD 03-15-2019. Integrata yet to book,479846745,479846745,4551456423,-590882299,2021-07-29
2540,,62_368123_CACEIS,532374078,OB,OB,No-pair,fx wire,Caceis booked the fx wire for SD 04-15-2019. Integrata yet to book,532374078,532374078,4551456423,-590882299,2021-07-29
2541,,229_455940640_CACEIS,1391596134,OB,OB,No-pair,fx wire,Caceis booked the fx wire for SD 07-15-2020. Integrata yet to book,1391596134,1391596134,4551456423,-590882299,2021-07-29
2542,,167_4551144082_CACEIS,1659707032,OB,OB,No-pair,fees,Caceis booked the fees for SD 12-10-2020. Integrata yet to book,1659707032,1659707032,4551456423,-590882299,2021-07-29
2543,,52_4551428980_CACEIS,2040344580,OB,OB,No-pair,wire transfer,Caceis booked the wire transfer for SD 07-09-2021. Integrata yet to book,2040344580,2040344580,4551456423,-590882299,2021-07-29
2544,,98_455442954_CACEIS,637183807,OB,OB,No-pair,fx wire,Caceis booked the fx wire for SD 06-17-2019. Integrata yet to book,637183807,637183807,4551456423,-590882299,2021-07-29
2545,,426_455862625_CACEIS,1287003584,OB,OB,No-pair,fees,Caceis booked the fees for SD 05-13-2020. Integrata yet to book,1287003584,1287003584,4551456423,-590882299,2021-07-29
2546,,58_4551264332_CACEIS,1819946069,OB,OB,No-pair,fees,Caceis booked the fees for SD 03-09-2021. Integrata yet to book,1819946069,1819946069,4551456423,-590882299,2021-07-29
2547,,46_455403345_CACEIS,582954851,OB,OB,No-pair,wire transfer,Caceis booked the wire transfer for SD 05-14-2019. Integrata yet to book,582954851,582954851,4551456423,-590882299,2021-07-29
2548,,54_455718167_CACEIS,1096511814,OB,OB,No-pair,fx wire,Caceis booked the fx wire for SD 01-24-2020. Integrata yet to book,1096511814,1096511814,4551456423,-590882299,2021-07-29
2549,,35_4551242873_CACEIS,1793109149,OB,OB,No-pair,proceeds sell,Caceis booked the proceeds sell for SD 02-23-2021. Integrata yet to book,1793109149,1793109149,4551456423,-590882299,2021-07-29
2550,,14_455808758_CACEIS,1217520450,OB,OB,No-pair,fx wire,Caceis booked the fx wire for SD 04-03-2020. Integrata yet to book,1217520450,1217520450,4551456423,-590882299,2021-07-29
2551,,5_294330_CACEIS,412596767,OB,OB,No-pair,wire transfer,Caceis booked the wire transfer for SD 02-08-2019. Integrata yet to book,412596767,412596767,4551456423,-590882299,2021-07-29
2552,,225_4551109218_CACEIS,1613286755,OB,OB,No-pair,fx wire,Caceis booked the fx wire for SD 11-16-2020. Integrata yet to book,1613286755,1613286755,4551456423,-590882299,2021-07-29
2553,,90_455554115_CACEIS,824385019,OB,OB,No-pair,fx wire,Caceis booked the fx wire for SD 09-17-2019. Integrata yet to book,824385019,824385019,4551456423,-590882299,2021-07-29
2554,,11_4551438780_CACEIS,2052260390,OB,OB,No-pair,wire transfer,Caceis booked the wire transfer for SD 07-16-2021. Integrata yet to book,2052260390,2052260390,4551456423,-590882299,2021-07-29
2555,,167_455669415_CACEIS,1020662030,OB,OB,No-pair,fx wire,Caceis booked the fx wire for SD 12-16-2019. Integrata yet to book,1020662030,1020662030,4551456423,-590882299,2021-07-29
2556,,129_4551191593_CACEIS,1722905034,OB,OB,No-pair,fx wire,Caceis booked the fx wire for SD 01-15-2021. Integrata yet to book,1722905034,1722905034,4551456423,-590882299,2021-07-29
2557,,158_455669415_CACEIS,1020661875,OB,OB,No-pair,fx wire,Caceis booked the fx wire for SD 12-16-2019. Integrata yet to book,1020661875,1020661875,4551456423,-590882299,2021-07-29
2558,,37_4551299798_CACEIS,1866915135,OB,OB,No-pair,wire transfer,Caceis booked the wire transfer for SD 03-31-2021. Integrata yet to book,1866915135,1866915135,4551456423,-590882299,2021-07-29
2559,,420_455643841_CACEIS,975323492,OB,OB,No-pair,fx wire,Caceis booked the fx wire for SD 11-15-2019. Integrata yet to book,975323492,975323492,4551456423,-590882299,2021-07-29
2560,,749_4551232906_CACEIS,1780157056,OB,OB,No-pair,fx wire,Caceis booked the fx wire for SD 02-16-2021. Integrata yet to book,1780157056,1780157056,4551456423,-590882299,2021-07-29
2561,,35_455940640_CACEIS,1391596091,OB,OB,No-pair,fx wire,Caceis booked the fx wire for SD 07-15-2020. Integrata yet to book,1391596091,1391596091,4551456423,-590882299,2021-07-29
2562,,151_455898221_CACEIS,1334730837,OB,OB,No-pair,fx wire,Caceis booked the fx wire for SD 06-12-2020. Integrata yet to book,1334730837,1334730837,4551456423,-590882299,2021-07-29
2563,,71_455403345_CACEIS,582954847,OB,OB,No-pair,wire transfer,Caceis booked the wire transfer for SD 05-14-2019. Integrata yet to book,582954847,582954847,4551456423,-590882299,2021-07-29
2564,,56_368123_CACEIS,532374069,OB,OB,No-pair,fx wire,Caceis booked the fx wire for SD 04-15-2019. Integrata yet to book,532374069,532374069,4551456423,-590882299,2021-07-29
2565,,41_455590588_CACEIS,883858422,OB,OB,No-pair,fx wire,Caceis booked the fx wire for SD 10-15-2019. Integrata yet to book,883858422,883858422,4551456423,-590882299,2021-07-29
2566,,28_4551136088_CACEIS,1649475154,OB,OB,No-pair,fx wire,Caceis booked the fx wire for SD 12-04-2020. Integrata yet to book,1649475154,1649475154,4551456423,-590882299,2021-07-29
2567,,25_4551210754_CACEIS,1748958248,OB,OB,No-pair,wire transfer,Caceis booked the wire transfer for SD 01-29-2021. Integrata yet to book,1748958248,1748958248,4551456423,-590882299,2021-07-29
2568,,79_4551313388_CACEIS,1883527661,OB,OB,No-pair,fx wire,Caceis booked the fx wire for SD 04-15-2021. Integrata yet to book,1883527661,1883527661,4551456423,-590882299,2021-07-29
2569,,49_455649350_CACEIS,985331736,OB,OB,No-pair,monthend interest,Caceis booked the monthend interest for SD 12-01-2019. Integrata yet to book,985331736,985331736,4551456423,-590882299,2021-07-29
2570,,3_4551085502_CACEIS,1581818052,OB,OB,No-pair,proceeds sell,Caceis booked the proceeds sell for SD 10-29-2020. Integrata yet to book,1581818052,1581818052,4551456423,-590882299,2021-07-29
2571,,205_455985296_CACEIS,1449581983,OB,OB,No-pair,fx wire,Caceis booked the fx wire for SD 08-17-2020. Integrata yet to book,1449581983,1449581983,4551456423,-590882299,2021-07-29
2572,,42_4551171343_CACEIS,1696929191,OB,OB,No-pair,monthend interest,Caceis booked the monthend interest for SD 01-01-2021. Integrata yet to book,1696929191,1696929191,4551456423,-590882299,2021-07-29
2573,,31_455835232_CACEIS,1251293792,OB,OB,No-pair,fx wire,Caceis booked the fx wire for SD 04-24-2020. Integrata yet to book,1251293792,1251293792,4551456423,-590882299,2021-07-29
2574,,907_455822501_CACEIS,1235308018,OB,OB,No-pair,fx wire,Caceis booked the fx wire for SD 04-15-2020. Integrata yet to book,1235308018,1235308018,4551456423,-590882299,2021-07-29
2575,,440_455940640_CACEIS,1391596307,OB,OB,No-pair,fx wire,Caceis booked the fx wire for SD 07-15-2020. Integrata yet to book,1391596307,1391596307,4551456423,-590882299,2021-07-29
2576,,335_455643841_CACEIS,975323407,OB,OB,No-pair,fx wire,Caceis booked the fx wire for SD 11-15-2019. Integrata yet to book,975323407,975323407,4551456423,-590882299,2021-07-29
2577,,1_455684258_CACEIS,1044723205,OB,OB,No-pair,wire transfer,Caceis booked the wire transfer for SD 12-20-2019. Integrata yet to book,1044723205,1044723205,4551456423,-590882299,2021-07-29
2578,,23_333062_CACEIS,479846739,OB,OB,No-pair,fx wire,Caceis booked the fx wire for SD 03-15-2019. Integrata yet to book,479846739,479846739,4551456423,-590882299,2021-07-29
2579,,21_4551083561_CACEIS,1579309201,OB,OB,No-pair,wire transfer,Caceis booked the wire transfer for SD 10-28-2020. Integrata yet to book,1579309201,1579309201,4551456423,-590882299,2021-07-29
2580,,464_4551149959_CACEIS,1667623367,OB,OB,No-pair,fx wire,Caceis booked the fx wire for SD 12-15-2020. Integrata yet to book,1667623367,1667623367,4551456423,-590882299,2021-07-29
2581,,112_4551191593_CACEIS,1722905168,OB,OB,No-pair,fx wire,Caceis booked the fx wire for SD 01-15-2021. Integrata yet to book,1722905168,1722905168,4551456423,-590882299,2021-07-29
2582,,496_4551149959_CACEIS,1667623343,OB,OB,No-pair,fx wire,Caceis booked the fx wire for SD 12-15-2020. Integrata yet to book,1667623343,1667623343,4551456423,-590882299,2021-07-29
2583,,147_4551248485_CACEIS,1800039455,OB,OB,No-pair,wire transfer,Caceis booked the wire transfer for SD 02-26-2021. Integrata yet to book,1800039455,1800039455,4551456423,-590882299,2021-07-29
2584,,679_4551232906_CACEIS,1780157005,OB,OB,No-pair,fx wire,Caceis booked the fx wire for SD 02-16-2021. Integrata yet to book,1780157005,1780157005,4551456423,-590882299,2021-07-29
2585,,277_4551394628_CACEIS,1997244774,OB,OB,No-pair,fx wire,Caceis booked the fx wire for SD 06-15-2021. Integrata yet to book,1997244774,1997244774,4551456423,-590882299,2021-07-29
2586,,1045_455643841_CACEIS,975324117,OB,OB,No-pair,fees,Caceis booked the fees for SD 11-13-2019. Integrata yet to book,975324117,975324117,4551456423,-590882299,2021-07-29
2587,,156_4551248485_CACEIS,1800039501,OB,OB,No-pair,wire transfer,Caceis booked the wire transfer for SD 02-26-2021. Integrata yet to book,1800039501,1800039501,4551456423,-590882299,2021-07-29
2588,,29_4551136088_CACEIS,1649475150,OB,OB,No-pair,wire transfer,Caceis booked the wire transfer for SD 12-04-2020. Integrata yet to book,1649475150,1649475150,4551456423,-590882299,2021-07-29
2589,,10_455764911_CACEIS,1159528249,OB,OB,No-pair,fx wire,Caceis booked the fx wire for SD 03-02-2020. Integrata yet to book,1159528249,1159528249,4551456423,-590882299,2021-07-29
2590,,6_4551347247_CACEIS,1931198818,OB,OB,No-pair,wire transfer,Caceis booked the wire transfer for SD 05-11-2021. Integrata yet to book,1931198818,1931198818,4551456423,-590882299,2021-07-29
2591,,87_455688261_CACEIS,1053516663,OB,OB,No-pair,proceeds sell,Caceis booked the proceeds sell for SD 12-31-2019. Integrata yet to book,1053516663,1053516663,4551456423,-590882299,2021-07-29
2592,,79_455554115_CACEIS,824385066,OB,OB,No-pair,fx wire,Caceis booked the fx wire for SD 09-17-2019. Integrata yet to book,824385066,824385066,4551456423,-590882299,2021-07-29
2593,,38_4551171343_CACEIS,1696929175,OB,OB,No-pair,monthend interest,Caceis booked the monthend interest for SD 01-01-2021. Integrata yet to book,1696929175,1696929175,4551456423,-590882299,2021-07-29
2594,,9_4551229444_CACEIS,1775243190,OB,OB,No-pair,fx wire,Caceis booked the fx wire for SD 02-12-2021. Integrata yet to book,1775243190,1775243190,4551456423,-590882299,2021-07-29
2595,,1025_455643841_CACEIS,975324097,OB,OB,No-pair,fees,Caceis booked the fees for SD 11-13-2019. Integrata yet to book,975324097,975324097,4551456423,-590882299,2021-07-29
2596,,67_4551125930_CACEIS,1635426556,OB,OB,No-pair,fx wire,Caceis booked the fx wire for SD 11-27-2020. Integrata yet to book,1635426556,1635426556,4551456423,-590882299,2021-07-29
2597,,7_4551258322_CACEIS,1812652666,OB,OB,No-pair,fx wire,Caceis booked the fx wire for SD 03-05-2021. Integrata yet to book,1812652666,1812652666,4551456423,-590882299,2021-07-29
2598,,6_455944496_CACEIS,1396484594,OB,OB,No-pair,fx wire,Caceis booked the fx wire for SD 07-17-2020. Integrata yet to book,1396484594,1396484594,4551456423,-590882299,2021-07-29
2599,,1039_455643841_CACEIS,975324111,OB,OB,No-pair,fees,Caceis booked the fees for SD 11-13-2019. Integrata yet to book,975324111,975324111,4551456423,-590882299,2021-07-29
2600,,443_455783582_CACEIS,1185159679,OB,OB,No-pair,fx wire,Caceis booked the fx wire for SD 03-16-2020. Integrata yet to book,1185159679,1185159679,4551456423,-590882299,2021-07-29
2601,,54_455853613_CACEIS,1275438491,OB,OB,No-pair,fx wire,Caceis booked the fx wire for SD 05-08-2020. Integrata yet to book,1275438491,1275438491,4551456423,-590882299,2021-07-29
2602,,231_4551023983_CACEIS,1500214135,OB,OB,No-pair,fx wire,Caceis booked the fx wire for SD 09-15-2020. Integrata yet to book,1500214135,1500214135,4551456423,-590882299,2021-07-29
2603,,138_455862625_CACEIS,1287002962,OB,OB,No-pair,fx wire,Caceis booked the fx wire for SD 05-15-2020. Integrata yet to book,1287002962,1287002962,4551456423,-590882299,2021-07-29
2604,,52_455649350_CACEIS,985331755,OB,OB,No-pair,fx wire,Caceis booked the fx wire for SD 11-29-2019. Integrata yet to book,985331755,985331755,4551456423,-590882299,2021-07-29
2605,,649_4551232906_CACEIS,1780157087,OB,OB,No-pair,fx wire,Caceis booked the fx wire for SD 02-16-2021. Integrata yet to book,1780157087,1780157087,4551456423,-590882299,2021-07-29
2606,,11_366528_CACEIS,530188210,OB,OB,No-pair,fx wire,Caceis booked the fx wire for SD 04-12-2019. Integrata yet to book,530188210,530188210,4551456423,-590882299,2021-07-29
2607,,4_4551089446_CACEIS,1586935968,OB,OB,No-pair,wire transfer,Caceis booked the wire transfer for SD 10-30-2020. Integrata yet to book,1586935968,1586935968,4551456423,-590882299,2021-07-29
2608,,169_4551248485_CACEIS,1800039465,OB,OB,No-pair,wire transfer,Caceis booked the wire transfer for SD 02-26-2021. Integrata yet to book,1800039465,1800039465,4551456423,-590882299,2021-07-29
2609,,21_455439597_CACEIS,632008249,OB,OB,No-pair,wire transfer,Caceis booked the wire transfer for SD 06-13-2019. Integrata yet to book,632008249,632008249,4551456423,-590882299,2021-07-29
2610,,145_4551149959_CACEIS,1667622952,OB,OB,No-pair,fx wire,Caceis booked the fx wire for SD 12-15-2020. Integrata yet to book,1667622952,1667622952,4551456423,-590882299,2021-07-29
2611,,21_4551003590_CACEIS,1473426009,OB,OB,No-pair,monthend interest,Caceis booked the monthend interest for SD 09-01-2020. Integrata yet to book,1473426009,1473426009,4551456423,-590882299,2021-07-29
2612,,525_455900053_CACEIS,1336713923,OB,OB,No-pair,fx wire,Caceis booked the fx wire for SD 06-15-2020. Integrata yet to book,1336713923,1336713923,4551456423,-590882299,2021-07-29
2613,,32_455978912_CACEIS,1441832240,OB,OB,No-pair,fees,Caceis booked the fees for SD 08-12-2020. Integrata yet to book,1441832240,1441832240,4551456423,-590882299,2021-07-29
2614,,264_455748445_CACEIS,1136275382,OB,OB,No-pair,fx wire,Caceis booked the fx wire for SD 02-18-2020. Integrata yet to book,1136275382,1136275382,4551456423,-590882299,2021-07-29
2615,,1_455768650_CACEIS,1164892769,OB,OB,No-pair,wire transfer,Caceis booked the wire transfer for SD 03-04-2020. Integrata yet to book,1164892769,1164892769,4551456423,-590882299,2021-07-29
2616,,5_455866165_CACEIS,1291480002,OB,OB,No-pair,wire transfer,Caceis booked the wire transfer for SD 05-19-2020. Integrata yet to book,1291480002,1291480002,4551456423,-590882299,2021-07-29
2617,,9_4551377029_CACEIS,1974407567,OB,OB,No-pair,wire transfer,Caceis booked the wire transfer for SD 06-02-2021. Integrata yet to book,1974407567,1974407567,4551456423,-590882299,2021-07-29
2618,,497_455783582_CACEIS,1185159568,OB,OB,No-pair,fx wire,Caceis booked the fx wire for SD 03-16-2020. Integrata yet to book,1185159568,1185159568,4551456423,-590882299,2021-07-29
2619,,368_455822501_CACEIS,1235308228,OB,OB,No-pair,fx wire,Caceis booked the fx wire for SD 04-15-2020. Integrata yet to book,1235308228,1235308228,4551456423,-590882299,2021-07-29
2620,,406_455783582_CACEIS,1185159675,OB,OB,No-pair,fx wire,Caceis booked the fx wire for SD 03-16-2020. Integrata yet to book,1185159675,1185159675,4551456423,-590882299,2021-07-29
2621,,203_4551269721_CACEIS,1827474031,OB,OB,No-pair,fx wire,Caceis booked the fx wire for SD 03-15-2021. Integrata yet to book,1827474031,1827474031,4551456423,-590882299,2021-07-29
2622,,281_455900053_CACEIS,1336713894,OB,OB,No-pair,fx wire,Caceis booked the fx wire for SD 06-15-2020. Integrata yet to book,1336713894,1336713894,4551456423,-590882299,2021-07-29
2623,,12_4551087502_CACEIS,1584326622,OB,OB,No-pair,monthend interest,Caceis booked the monthend interest for SD 11-01-2020. Integrata yet to book,1584326622,1584326622,4551456423,-590882299,2021-07-29
2624,,82_4551066313_CACEIS,1556876342,OB,OB,No-pair,fx wire,Caceis booked the fx wire for SD 10-15-2020. Integrata yet to book,1556876342,1556876342,4551456423,-590882299,2021-07-29
2625,,7_455759405_CACEIS,1151884754,OB,OB,No-pair,wire transfer,Caceis booked the wire transfer for SD 02-26-2020. Integrata yet to book,1151884754,1151884754,4551456423,-590882299,2021-07-29
2626,,162_455940640_CACEIS,1391595948,OB,OB,No-pair,fx wire,Caceis booked the fx wire for SD 07-15-2020. Integrata yet to book,1391595948,1391595948,4551456423,-590882299,2021-07-29
2627,,10_455742022_CACEIS,1127725632,OB,OB,No-pair,wire transfer,Caceis booked the wire transfer for SD 02-12-2020. Integrata yet to book,1127725632,1127725632,4551456423,-590882299,2021-07-29
2628,,861_455822501_CACEIS,1235307735,OB,OB,No-pair,fx wire,Caceis booked the fx wire for SD 04-15-2020. Integrata yet to book,1235307735,1235307735,4551456423,-590882299,2021-07-29
2629,,65_455404958_CACEIS,585162382,OB,OB,No-pair,fx wire,Caceis booked the fx wire for SD 05-15-2019. Integrata yet to book,585162382,585162382,4551456423,-590882299,2021-07-29
2630,,472_455862625_CACEIS,1287003644,OB,OB,No-pair,fx wire,Caceis booked the fx wire for SD 05-15-2020. Integrata yet to book,1287003644,1287003644,4551456423,-590882299,2021-07-29
2631,,10_455820754_CACEIS,1233177745,OB,OB,No-pair,fees,Caceis booked the fees for SD 04-14-2020. Integrata yet to book,1233177745,1233177745,4551456423,-590882299,2021-07-29
2632,,14_455820754_CACEIS,1233177767,OB,OB,No-pair,fees,Caceis booked the fees for SD 04-14-2020. Integrata yet to book,1233177767,1233177767,4551456423,-590882299,2021-07-29
2633,,19_455820754_CACEIS,1233177785,OB,OB,No-pair,fees,Caceis booked the fees for SD 04-14-2020. Integrata yet to book,1233177785,1233177785,4551456423,-590882299,2021-07-29
2634,,335_455822501_CACEIS,1235308218,OB,OB,No-pair,fx wire,Caceis booked the fx wire for SD 04-15-2020. Integrata yet to book,1235308218,1235308218,4551456423,-590882299,2021-07-29
2635,,508_4551109218_CACEIS,1613287011,OB,OB,No-pair,fx wire,Caceis booked the fx wire for SD 11-16-2020. Integrata yet to book,1613287011,1613287011,4551456423,-590882299,2021-07-29
2636,,117_306589_CACEIS,433998292,OB,OB,No-pair,fx wire,Caceis booked the fx wire for SD 02-15-2019. Integrata yet to book,433998292,433998292,4551456423,-590882299,2021-07-29
2637,,26_455842390_CACEIS,1260634960,OB,OB,No-pair,monthend interest,Caceis booked the monthend interest for SD 05-01-2020. Integrata yet to book,1260634960,1260634960,4551456423,-590882299,2021-07-29
2638,,73_455900053_CACEIS,1336713356,OB,OB,No-pair,fx wire,Caceis booked the fx wire for SD 06-15-2020. Integrata yet to book,1336713356,1336713356,4551456423,-590882299,2021-07-29
2639,,908_455822501_CACEIS,1235308035,OB,OB,No-pair,fx wire,Caceis booked the fx wire for SD 04-15-2020. Integrata yet to book,1235308035,1235308035,4551456423,-590882299,2021-07-29
2640,,279_455706635_CACEIS,1081907507,OB,OB,No-pair,fx wire,Caceis booked the fx wire for SD 01-15-2020. Integrata yet to book,1081907507,1081907507,4551456423,-590882299,2021-07-29
2641,,7_455439597_CACEIS,632008212,OB,OB,No-pair,wire transfer,Caceis booked the wire transfer for SD 06-13-2019. Integrata yet to book,632008212,632008212,4551456423,-590882299,2021-07-29
2642,,5_455978912_CACEIS,1441832103,OB,OB,No-pair,fees,Caceis booked the fees for SD 08-12-2020. Integrata yet to book,1441832103,1441832103,4551456423,-590882299,2021-07-29
2643,,20_4551265958_CACEIS,1821950999,OB,OB,No-pair,fees,Caceis booked the fees for SD 03-10-2021. Integrata yet to book,1821950999,1821950999,4551456423,-590882299,2021-07-29
2644,,306_455590588_CACEIS,883858455,OB,OB,No-pair,fx wire,Caceis booked the fx wire for SD 10-15-2019. Integrata yet to book,883858455,883858455,4551456423,-590882299,2021-07-29
2645,,50_4551149959_CACEIS,1667622988,OB,OB,No-pair,fx wire,Caceis booked the fx wire for SD 12-15-2020. Integrata yet to book,1667622988,1667622988,4551456423,-590882299,2021-07-29
2646,,45_4551145900_CACEIS,1662179018,OB,OB,No-pair,wire transfer,Caceis booked the wire transfer for SD 12-11-2020. Integrata yet to book,1662179018,1662179018,4551456423,-590882299,2021-07-29
2647,,51_4551109218_CACEIS,1613286662,OB,OB,No-pair,fx wire,Caceis booked the fx wire for SD 11-16-2020. Integrata yet to book,1613286662,1613286662,4551456423,-590882299,2021-07-29
2648,,28_4551277470_CACEIS,1837468632,OB,OB,No-pair,fx wire,Caceis booked the fx wire for SD 03-19-2021. Integrata yet to book,1837468632,1837468632,4551456423,-590882299,2021-07-29
2649,,2_455887206_CACEIS,1320167951,OB,OB,No-pair,proceeds sell,Caceis booked the proceeds sell for SD 06-04-2020. Integrata yet to book,1320167951,1320167951,4551456423,-590882299,2021-07-29
2650,,34_455853613_CACEIS,1275438486,OB,OB,No-pair,fx wire,Caceis booked the fx wire for SD 05-08-2020. Integrata yet to book,1275438486,1275438486,4551456423,-590882299,2021-07-29
2651,,2_455401727_CACEIS,580740936,OB,OB,No-pair,fx wire,Caceis booked the fx wire for SD 05-13-2019. Integrata yet to book,580740936,580740936,4551456423,-590882299,2021-07-29
2652,,1340_455643841_CACEIS,975324412,OB,OB,No-pair,fx wire,Caceis booked the fx wire for SD 11-15-2019. Integrata yet to book,975324412,975324412,4551456423,-590882299,2021-07-29
2653,,43_267975_CACEIS,368747350,OB,OB,No-pair,fx wire,Caceis booked the fx wire for SD 01-15-2019. Integrata yet to book,368747350,368747350,4551456423,-590882299,2021-07-29
2654,,207_455669415_CACEIS,1020661994,OB,OB,No-pair,fx wire,Caceis booked the fx wire for SD 12-16-2019. Integrata yet to book,1020661994,1020661994,4551456423,-590882299,2021-07-29
2655,,29_4551201062_CACEIS,1734565920,OB,OB,No-pair,wire transfer,Caceis booked the wire transfer for SD 01-22-2021. Integrata yet to book,1734565920,1734565920,4551456423,-590882299,2021-07-29
2656,,140_4551149959_CACEIS,1667622840,OB,OB,No-pair,fx wire,Caceis booked the fx wire for SD 12-15-2020. Integrata yet to book,1667622840,1667622840,4551456423,-590882299,2021-07-29
2657,,152_4551191593_CACEIS,1722905080,OB,OB,No-pair,fx wire,Caceis booked the fx wire for SD 01-15-2021. Integrata yet to book,1722905080,1722905080,4551456423,-590882299,2021-07-29
2658,,29_4551419402_CACEIS,2029730733,OB,OB,No-pair,fees,Caceis booked the fees for SD 07-02-2021. Integrata yet to book,2029730733,2029730733,4551456423,-590882299,2021-07-29
2659,,86_455669415_CACEIS,1020661887,OB,OB,No-pair,fx wire,Caceis booked the fx wire for SD 12-16-2019. Integrata yet to book,1020661887,1020661887,4551456423,-590882299,2021-07-29
2660,,1355_455643841_CACEIS,975324427,OB,OB,No-pair,fx wire,Caceis booked the fx wire for SD 11-15-2019. Integrata yet to book,975324427,975324427,4551456423,-590882299,2021-07-29
2661,,37_4551039598_CACEIS,1521245964,OB,OB,No-pair,wire transfer,Caceis booked the wire transfer for SD 09-25-2020. Integrata yet to book,1521245964,1521245964,4551456423,-590882299,2021-07-29
2662,,107_455934920_CACEIS,1383926743,OB,OB,No-pair,wire transfer,Caceis booked the wire transfer for SD 07-10-2020. Integrata yet to book,1383926743,1383926743,4551456423,-590882299,2021-07-29
2663,,1054_455643841_CACEIS,975324126,OB,OB,No-pair,fees,Caceis booked the fees for SD 11-13-2019. Integrata yet to book,975324126,975324126,4551456423,-590882299,2021-07-29
2664,,450_455822501_CACEIS,1235308041,OB,OB,No-pair,fx wire,Caceis booked the fx wire for SD 04-15-2020. Integrata yet to book,1235308041,1235308041,4551456423,-590882299,2021-07-29
2665,,1_4551341492_CACEIS,1922960758,OB,OB,No-pair,wire transfer,Caceis booked the wire transfer for SD 05-06-2021. Integrata yet to book,1922960758,1922960758,4551456423,-590882299,2021-07-29
2666,,57_4551269721_CACEIS,1827473937,OB,OB,No-pair,fx wire,Caceis booked the fx wire for SD 03-15-2021. Integrata yet to book,1827473937,1827473937,4551456423,-590882299,2021-07-29
2667,,9_455672797_CACEIS,1026409325,OB,OB,No-pair,wire transfer,Caceis booked the wire transfer for SD 12-18-2019. Integrata yet to book,1026409325,1026409325,4551456423,-590882299,2021-07-29
2668,,6_455896330_CACEIS,1332271844,OB,OB,No-pair,fees,Caceis booked the fees for SD 06-10-2020. Integrata yet to book,1332271844,1332271844,4551456423,-590882299,2021-07-29
2669,,91_455745203_CACEIS,1132280417,OB,OB,No-pair,fx wire,Caceis booked the fx wire for SD 02-14-2020. Integrata yet to book,1132280417,1132280417,4551456423,-590882299,2021-07-29
2670,,103_455934920_CACEIS,1383926806,OB,OB,No-pair,wire transfer,Caceis booked the wire transfer for SD 07-10-2020. Integrata yet to book,1383926806,1383926806,4551456423,-590882299,2021-07-29
2671,,516_4551149959_CACEIS,1667623250,OB,OB,No-pair,fx wire,Caceis booked the fx wire for SD 12-15-2020. Integrata yet to book,1667623250,1667623250,4551456423,-590882299,2021-07-29
2672,,40_455533322_CACEIS,787871254,OB,OB,No-pair,monthend interest,Caceis booked the monthend interest for SD 09-01-2019. Integrata yet to book,787871254,787871254,4551456423,-590882299,2021-07-29
2673,,4_455857124_CACEIS,1279775029,OB,OB,No-pair,wire transfer,Caceis booked the wire transfer for SD 05-12-2020. Integrata yet to book,1279775029,1279775029,4551456423,-590882299,2021-07-29
2674,,87_455585083_CACEIS,874262415,OB,OB,No-pair,fees,Caceis booked the fees for SD 10-10-2019. Integrata yet to book,874262415,874262415,4551456423,-590882299,2021-07-29
2675,,24_4551168254_CACEIS,1691686502,OB,OB,No-pair,fx wire,Caceis booked the fx wire for SD 12-29-2020. Integrata yet to book,1691686502,1691686502,4551456423,-590882299,2021-07-29
2676,,239_455985296_CACEIS,1449581929,OB,OB,No-pair,fx wire,Caceis booked the fx wire for SD 08-17-2020. Integrata yet to book,1449581929,1449581929,4551456423,-590882299,2021-07-29
2677,,52_455934920_CACEIS,1383926660,OB,OB,No-pair,wire transfer,Caceis booked the wire transfer for SD 07-10-2020. Integrata yet to book,1383926660,1383926660,4551456423,-590882299,2021-07-29
2678,,478_4551109218_CACEIS,1613287026,OB,OB,No-pair,fx wire,Caceis booked the fx wire for SD 11-16-2020. Integrata yet to book,1613287026,1613287026,4551456423,-590882299,2021-07-29
2679,,674_4551232906_CACEIS,1780156989,OB,OB,No-pair,fx wire,Caceis booked the fx wire for SD 02-16-2021. Integrata yet to book,1780156989,1780156989,4551456423,-590882299,2021-07-29
2680,,164_4551232906_CACEIS,1780156543,OB,OB,No-pair,fx wire,Caceis booked the fx wire for SD 02-16-2021. Integrata yet to book,1780156543,1780156543,4551456423,-590882299,2021-07-29
2681,,705_455862625_CACEIS,1287005099,OB,OB,No-pair,fx wire,Caceis booked the fx wire for SD 05-15-2020. Integrata yet to book,1287005099,1287005099,4551456423,-590882299,2021-07-29
2682,,517_4551149959_CACEIS,1667623242,OB,OB,No-pair,fx wire,Caceis booked the fx wire for SD 12-15-2020. Integrata yet to book,1667623242,1667623242,4551456423,-590882299,2021-07-29
2683,,41_4551354754_CACEIS,1942399610,OB,OB,No-pair,fx wire,Caceis booked the fx wire for SD 05-17-2021. Integrata yet to book,1942399610,1942399610,4551456423,-590882299,2021-07-29
2684,,72_455736646_CACEIS,1120326843,OB,OB,No-pair,fx wire,Caceis booked the fx wire for SD 02-07-2020. Integrata yet to book,1120326843,1120326843,4551456423,-590882299,2021-07-29
2685,,613_4551232906_CACEIS,1780157067,OB,OB,No-pair,fx wire,Caceis booked the fx wire for SD 02-16-2021. Integrata yet to book,1780157067,1780157067,4551456423,-590882299,2021-07-29
2686,,12_455963450_CACEIS,1421777821,OB,OB,No-pair,monthend interest,Caceis booked the monthend interest for SD 08-01-2020. Integrata yet to book,1421777821,1421777821,4551456423,-590882299,2021-07-29
2687,,109_4551313388_CACEIS,1883527738,OB,OB,No-pair,fx wire,Caceis booked the fx wire for SD 04-15-2021. Integrata yet to book,1883527738,1883527738,4551456423,-590882299,2021-07-29
2688,,101_368123_CACEIS,532374182,OB,OB,No-pair,fx wire,Caceis booked the fx wire for SD 04-15-2019. Integrata yet to book,532374182,532374182,4551456423,-590882299,2021-07-29
2689,,8_455507970_CACEIS,745225907,OB,OB,No-pair,fx wire,Caceis booked the fx wire for SD 08-09-2019. Integrata yet to book,745225907,745225907,4551456423,-590882299,2021-07-29
2690,,9_455898221_CACEIS,1334730744,OB,OB,No-pair,fees,Caceis booked the fees for SD 06-12-2020. Integrata yet to book,1334730744,1334730744,4551456423,-590882299,2021-07-29
2691,,2_455767183_CACEIS,1162470263,OB,OB,No-pair,wire transfer,Caceis booked the wire transfer for SD 03-03-2020. Integrata yet to book,1162470263,1162470263,4551456423,-590882299,2021-07-29
2692,,366_4551232906_CACEIS,1780156686,OB,OB,No-pair,fx wire,Caceis booked the fx wire for SD 02-16-2021. Integrata yet to book,1780156686,1780156686,4551456423,-590882299,2021-07-29
2693,,2_455495487_CACEIS,723389958,OB,OB,No-pair,monthend interest,Caceis booked the monthend interest for SD 08-01-2019. Integrata yet to book,723389958,723389958,4551456423,-590882299,2021-07-29
2694,,136_4551248485_CACEIS,1800039525,OB,OB,No-pair,fx wire,Caceis booked the fx wire for SD 02-26-2021. Integrata yet to book,1800039525,1800039525,4551456423,-590882299,2021-07-29
2695,,394_455822501_CACEIS,1235308349,OB,OB,No-pair,fx wire,Caceis booked the fx wire for SD 04-15-2020. Integrata yet to book,1235308349,1235308349,4551456423,-590882299,2021-07-29
2696,,119_4551232906_CACEIS,1780156550,OB,OB,No-pair,fx wire,Caceis booked the fx wire for SD 02-16-2021. Integrata yet to book,1780156550,1780156550,4551456423,-590882299,2021-07-29
2697,,70_455934920_CACEIS,1383926702,OB,OB,No-pair,wire transfer,Caceis booked the wire transfer for SD 07-10-2020. Integrata yet to book,1383926702,1383926702,4551456423,-590882299,2021-07-29
2698,,476_455783582_CACEIS,1185159645,OB,OB,No-pair,fx wire,Caceis booked the fx wire for SD 03-16-2020. Integrata yet to book,1185159645,1185159645,4551456423,-590882299,2021-07-29
2699,,95_455726980_CACEIS,1107942707,OB,OB,No-pair,fx wire,Caceis booked the fx wire for SD 01-31-2020. Integrata yet to book,1107942707,1107942707,4551456423,-590882299,2021-07-29
2700,,12_455742022_CACEIS,1127725634,OB,OB,No-pair,wire transfer,Caceis booked the wire transfer for SD 02-12-2020. Integrata yet to book,1127725634,1127725634,4551456423,-590882299,2021-07-29
2701,,17_455914788_CACEIS,1356802617,OB,OB,No-pair,wire transfer,Caceis booked the wire transfer for SD 06-25-2020. Integrata yet to book,1356802617,1356802617,4551456423,-590882299,2021-07-29
2702,,441_455822501_CACEIS,1235308292,OB,OB,No-pair,fx wire,Caceis booked the fx wire for SD 04-15-2020. Integrata yet to book,1235308292,1235308292,4551456423,-590882299,2021-07-29
2703,,1115_455643841_CACEIS,975324187,OB,OB,No-pair,fees,Caceis booked the fees for SD 11-13-2019. Integrata yet to book,975324187,975324187,4551456423,-590882299,2021-07-29
2704,,86_455934920_CACEIS,1383926750,OB,OB,No-pair,wire transfer,Caceis booked the wire transfer for SD 07-10-2020. Integrata yet to book,1383926750,1383926750,4551456423,-590882299,2021-07-29
2705,,4_455978912_CACEIS,1441832107,OB,OB,No-pair,fees,Caceis booked the fees for SD 08-12-2020. Integrata yet to book,1441832107,1441832107,4551456423,-590882299,2021-07-29
2706,,119_4551201062_CACEIS,1734565930,OB,OB,No-pair,fx wire,Caceis booked the fx wire for SD 01-22-2021. Integrata yet to book,1734565930,1734565930,4551456423,-590882299,2021-07-29
2707,,137_4551248485_CACEIS,1800039374,OB,OB,No-pair,fx wire,Caceis booked the fx wire for SD 02-26-2021. Integrata yet to book,1800039374,1800039374,4551456423,-590882299,2021-07-29
2708,,97_455726980_CACEIS,1107942708,OB,OB,No-pair,fx wire,Caceis booked the fx wire for SD 01-31-2020. Integrata yet to book,1107942708,1107942708,4551456423,-590882299,2021-07-29
2709,,106_455934920_CACEIS,1383926720,OB,OB,No-pair,wire transfer,Caceis booked the wire transfer for SD 07-10-2020. Integrata yet to book,1383926720,1383926720,4551456423,-590882299,2021-07-29
2710,,49_455516633_CACEIS,760048376,OB,OB,No-pair,fx wire,Caceis booked the fx wire for SD 08-16-2019. Integrata yet to book,760048376,760048376,4551456423,-590882299,2021-07-29
2711,,10_455978912_CACEIS,1441832155,OB,OB,No-pair,fees,Caceis booked the fees for SD 08-12-2020. Integrata yet to book,1441832155,1441832155,4551456423,-590882299,2021-07-29
2712,,25_455810647_CACEIS,1220317308,OB,OB,No-pair,wire transfer,Caceis booked the wire transfer for SD 04-03-2020. Integrata yet to book,1220317308,1220317308,4551456423,-590882299,2021-07-29
2713,,59_4551127906_CACEIS,1637981971,OB,OB,No-pair,monthend interest,Caceis booked the monthend interest for SD 12-01-2020. Integrata yet to book,1637981971,1637981971,4551456423,-590882299,2021-07-29
2714,,920_455822501_CACEIS,1235308550,OB,OB,No-pair,fees,Caceis booked the fees for SD 04-14-2020. Integrata yet to book,1235308550,1235308550,4551456423,-590882299,2021-07-29
2715,,34_455978912_CACEIS,1441832209,OB,OB,No-pair,fees,Caceis booked the fees for SD 08-12-2020. Integrata yet to book,1441832209,1441832209,4551456423,-590882299,2021-07-29
2716,,239_4551354754_CACEIS,1942399667,OB,OB,No-pair,fx wire,Caceis booked the fx wire for SD 05-17-2021. Integrata yet to book,1942399667,1942399667,4551456423,-590882299,2021-07-29
2717,,166_455898221_CACEIS,1334730745,OB,OB,No-pair,wire transfer,Caceis booked the wire transfer for SD 06-12-2020. Integrata yet to book,1334730745,1334730745,4551456423,-590882299,2021-07-29
2718,,72_4551248485_CACEIS,1800039522,OB,OB,No-pair,fx wire,Caceis booked the fx wire for SD 02-26-2021. Integrata yet to book,1800039522,1800039522,4551456423,-590882299,2021-07-29
2719,,851_455822501_CACEIS,1235308526,OB,OB,No-pair,fees,Caceis booked the fees for SD 04-14-2020. Integrata yet to book,1235308526,1235308526,4551456423,-590882299,2021-07-29
2720,,9_455978912_CACEIS,1441832145,OB,OB,No-pair,fees,Caceis booked the fees for SD 08-12-2020. Integrata yet to book,1441832145,1441832145,4551456423,-590882299,2021-07-29
2721,,325_455669415_CACEIS,1020662100,OB,OB,No-pair,fx wire,Caceis booked the fx wire for SD 12-16-2019. Integrata yet to book,1020662100,1020662100,4551456423,-590882299,2021-07-29
2722,,94_455669415_CACEIS,1020661756,OB,OB,No-pair,fx wire,Caceis booked the fx wire for SD 12-16-2019. Integrata yet to book,1020661756,1020661756,4551456423,-590882299,2021-07-29
2723,,35_455742022_CACEIS,1127725761,OB,OB,No-pair,wire transfer,Caceis booked the wire transfer for SD 02-12-2020. Integrata yet to book,1127725761,1127725761,4551456423,-590882299,2021-07-29
2724,,53_455889377_CACEIS,1323110227,OB,OB,No-pair,wire transfer,Caceis booked the wire transfer for SD 06-05-2020. Integrata yet to book,1323110227,1323110227,4551456423,-590882299,2021-07-29
2725,,23_4551171343_CACEIS,1696929178,OB,OB,No-pair,monthend interest,Caceis booked the monthend interest for SD 01-01-2021. Integrata yet to book,1696929178,1696929178,4551456423,-590882299,2021-07-29
2726,,8_455523612_CACEIS,772071903,OB,OB,No-pair,wire transfer,Caceis booked the wire transfer for SD 07-26-2019. Integrata yet to book,772071903,772071903,4551456423,-590882299,2021-07-29
2727,,417_455985296_CACEIS,1449582192,OB,OB,No-pair,fx wire,Caceis booked the fx wire for SD 08-17-2020. Integrata yet to book,1449582192,1449582192,4551456423,-590882299,2021-07-29
2728,,306_455643841_CACEIS,975323378,OB,OB,No-pair,fx wire,Caceis booked the fx wire for SD 11-15-2019. Integrata yet to book,975323378,975323378,4551456423,-590882299,2021-07-29
2729,,47_4551343376_CACEIS,1925737866,OB,OB,No-pair,fx wire,Caceis booked the fx wire for SD 05-07-2021. Integrata yet to book,1925737866,1925737866,4551456423,-590882299,2021-07-29
2730,,77_455934920_CACEIS,1383926693,OB,OB,No-pair,wire transfer,Caceis booked the wire transfer for SD 07-10-2020. Integrata yet to book,1383926693,1383926693,4551456423,-590882299,2021-07-29
2731,,561_4551109218_CACEIS,1613286920,OB,OB,No-pair,fx wire,Caceis booked the fx wire for SD 11-16-2020. Integrata yet to book,1613286920,1613286920,4551456423,-590882299,2021-07-29
2732,,62_455742022_CACEIS,1127725664,OB,OB,No-pair,wire transfer,Caceis booked the wire transfer for SD 02-12-2020. Integrata yet to book,1127725664,1127725664,4551456423,-590882299,2021-07-29
2733,,178_455898221_CACEIS,1334730824,OB,OB,No-pair,wire transfer,Caceis booked the wire transfer for SD 06-12-2020. Integrata yet to book,1334730824,1334730824,4551456423,-590882299,2021-07-29
2734,,252_455748445_CACEIS,1136275341,OB,OB,No-pair,fx wire,Caceis booked the fx wire for SD 02-18-2020. Integrata yet to book,1136275341,1136275341,4551456423,-590882299,2021-07-29
2735,,10_4551171343_CACEIS,1696929192,OB,OB,No-pair,monthend interest,Caceis booked the monthend interest for SD 01-01-2021. Integrata yet to book,1696929192,1696929192,4551456423,-590882299,2021-07-29
2736,,97_455934920_CACEIS,1383926733,OB,OB,No-pair,wire transfer,Caceis booked the wire transfer for SD 07-10-2020. Integrata yet to book,1383926733,1383926733,4551456423,-590882299,2021-07-29
2737,12_455630517_Integrata,,953479685,OB,OB,No-pair,wire transfer,Integrata booked the Net Sub/Red for SD 11-14-2019.Caceis yet to book.,953479685,953479685,4551456423,-590882299,2021-07-29
2738,,1042_455643841_CACEIS,975324114,OB,OB,No-pair,fees,Caceis booked the fees for SD 11-13-2019. Integrata yet to book,975324114,975324114,4551456423,-590882299,2021-07-29
2739,4_455674593_Integrata,,1029176380,OB,OB,No-pair,redemption,Integrata booked the redemption for SD 12-19-2019.Caceis yet to book.,1029176380,1029176380,4551456423,-590882299,2021-07-29
2740,,17_455495487_CACEIS,723390026,OB,OB,No-pair,monthend interest,Caceis booked the monthend interest for SD 08-01-2019. Integrata yet to book,723390026,723390026,4551456423,-590882299,2021-07-29
2741,,108_4551313388_CACEIS,1883527698,OB,OB,No-pair,fx wire,Caceis booked the fx wire for SD 04-15-2021. Integrata yet to book,1883527698,1883527698,4551456423,-590882299,2021-07-29
2742,4_455665664_Integrata,,1014464231,OB,OB,No-pair,wire transfer,Integrata booked the Net Sub/Red for SD 12-12-2019.Caceis yet to book.,1014464231,1014464231,4551456423,-590882299,2021-07-29
2743,13_455656628_Integrata,,999121818,OB,OB,No-pair,proceeds sell,Integrata booked the Net Sub/Red for SD 12-05-2019.Caceis yet to book.,999121818,999121818,4551456423,-590882299,2021-07-29
2744,2_455961594_Integrata,,1419470967,OB,OB,No-pair,redemption,Integrata booked the redemption for SD 07-30-2020.Caceis yet to book.,1419470967,1419470967,4551456423,-590882299,2021-07-29
2745,4_455788772_Integrata,,1191824873,OB,OB,No-pair,redemption,Integrata booked the redemption for SD 03-19-2020.Caceis yet to book.,1191824873,1191824873,4551456423,-590882299,2021-07-29
2746,12_455824379_Integrata,,1237534489,OB,OB,No-pair,wire transfer,Integrata booked the Net Sub/Red for SD 04-16-2020.Caceis yet to book.,1237534489,1237534489,4551456423,-590882299,2021-07-29
2747,5_455788772_Integrata,,1191824875,OB,OB,No-pair,wire transfer,Integrata booked the Net Sub/Red for SD 03-19-2020.Caceis yet to book.,1191824875,1191824875,4551456423,-590882299,2021-07-29
2748,18_455833544_Integrata,,1249040837,OB,OB,No-pair,wire transfer,Integrata booked the Net Sub/Red for SD 04-23-2020.Caceis yet to book.,1249040837,1249040837,4551456423,-590882299,2021-07-29
2749,4_455878037_Integrata,,1307184504,OB,OB,No-pair,redemption,Integrata booked the redemption for SD 05-28-2020.Caceis yet to book.,1307184504,1307184504,4551456423,-590882299,2021-07-29
2750,8_455752143_Integrata,,1141004391,OB,OB,No-pair,wire transfer,Integrata booked the Net Sub/Red for SD 02-20-2020.Caceis yet to book.,1141004391,1141004391,4551456423,-590882299,2021-07-29
2751,2_455942533_Integrata,,1393935321,OB,OB,No-pair,redemption,Integrata booked the redemption for SD 07-16-2020.Caceis yet to book.,1393935321,1393935321,4551456423,-590882299,2021-07-29
2752,6_455734639_Integrata,,1118103067,OB,OB,No-pair,wire transfer,Integrata booked the Net Sub/Red for SD 02-06-2020.Caceis yet to book.,1118103067,1118103067,4551456423,-590882299,2021-07-29
2753,3_455575944_Integrata,,858396499,OB,OB,No-pair,wire transfer,Integrata booked the Net Sub/Red for SD 10-03-2019.Caceis yet to book.,858396499,858396499,4551456423,-590882299,2021-07-29
2754,,691_455862625_CACEIS,1287005071,OB,OB,No-pair,fx wire,Caceis booked the fx wire for SD 05-15-2020. Integrata yet to book,1287005071,1287005071,4551456423,-590882299,2021-07-29
2755,3_455952085_Integrata,,1407030021,OB,OB,No-pair,redemption,Integrata booked the redemption for SD 07-23-2020.Caceis yet to book.,1407030021,1407030021,4551456423,-590882299,2021-07-29
2756,,513_4551149959_CACEIS,1667623322,OB,OB,No-pair,fx wire,Caceis booked the fx wire for SD 12-15-2020. Integrata yet to book,1667623322,1667623322,4551456423,-590882299,2021-07-29
2757,,1_455885370_CACEIS,1317728358,OB,OB,No-pair,wire transfer,Caceis booked the wire transfer for SD 06-03-2020. Integrata yet to book,1317728358,1317728358,4551456423,-590882299,2021-07-29
2758,20_455851677_Integrata,,1272856268,OB,OB,No-pair,wire transfer,Integrata booked the Net Sub/Red for SD 05-07-2020.Caceis yet to book.,1272856268,1272856268,4551456423,-590882299,2021-07-29
2759,3_455861467_Integrata,,1285501542,OB,OB,No-pair,redemption,Integrata booked the redemption for SD 05-14-2020.Caceis yet to book.,1285501542,1285501542,4551456423,-590882299,2021-07-29
2760,,210_4551248485_CACEIS,1800039437,OB,OB,No-pair,fx wire,Caceis booked the fx wire for SD 02-26-2021. Integrata yet to book,1800039437,1800039437,4551456423,-590882299,2021-07-29
2761,16_455980848_Integrata,,1444104456,OB,OB,No-pair,redemption,Integrata booked the redemption for SD 08-13-2020.Caceis yet to book.,1444104456,1444104456,4551456423,-590882299,2021-07-29
2762,,76_4551109218_CACEIS,1613286610,OB,OB,No-pair,fx wire,Caceis booked the fx wire for SD 11-16-2020. Integrata yet to book,1613286610,1613286610,4551456423,-590882299,2021-07-29
2763,3_455603182_Integrata,,904027261,OB,OB,No-pair,redemption,Integrata booked the redemption for SD 10-24-2019.Caceis yet to book.,904027261,904027261,4551456423,-590882299,2021-07-29
2764,,188_455898221_CACEIS,1334730884,OB,OB,No-pair,wire transfer,Caceis booked the wire transfer for SD 06-12-2020. Integrata yet to book,1334730884,1334730884,4551456423,-590882299,2021-07-29
2765,,4_455988469_CACEIS,1453491213,OB,OB,No-pair,wire transfer,Caceis booked the wire transfer for SD 08-19-2020. Integrata yet to book,1453491213,1453491213,4551456423,-590882299,2021-07-29
2766,9_455905558_Integrata,,1344088057,OB,OB,No-pair,wire transfer,Integrata booked the subscription for SD 06-18-2020.Caceis yet to book.,1344088057,1344088057,4551456423,-590882299,2021-07-29
2767,,446_455783582_CACEIS,1185159634,OB,OB,No-pair,fx wire,Caceis booked the fx wire for SD 03-16-2020. Integrata yet to book,1185159634,1185159634,4551456423,-590882299,2021-07-29
2768,45_4551398589_Integrata,,2002008726,OB,OB,No-pair,wire transfer,Integrata booked the subscription for SD 06-17-2021.Caceis yet to book.,2002008726,2002008726,4551456423,-590882299,2021-07-29
2769,,16_4551122535_CACEIS,1631194831,OB,OB,No-pair,wire transfer,Caceis booked the wire transfer for SD 11-25-2020. Integrata yet to book,1631194831,1631194831,4551456423,-590882299,2021-07-29
2770,13_4551237030_Integrata,,1785359512,OB,OB,No-pair,redemption,Integrata booked the redemption for SD 02-18-2021.Caceis yet to book.,1785359512,1785359512,4551456423,-590882299,2021-07-29
2771,14_455851677_Integrata,,1272856278,OB,OB,No-pair,redemption,Integrata booked the redemption for SD 05-07-2020.Caceis yet to book.,1272856278,1272856278,4551456423,-590882299,2021-07-29
2772,,7_257865_CACEIS,352549408,OB,OB,No-pair,fx wire,Caceis booked the fx wire for SD 01-04-2019. Integrata yet to book,352549408,352549408,4551456423,-590882299,2021-07-29
2773,7_455447623_Integrata,,643172485,OB,OB,No-pair,wire transfer,Integrata booked the Net Sub/Red for SD 06-20-2019.Caceis yet to book.,643172485,643172485,4551456423,-590882299,2021-07-29
2774,,69_455585083_CACEIS,874262452,OB,OB,No-pair,fees,Caceis booked the fees for SD 10-10-2019. Integrata yet to book,874262452,874262452,4551456423,-590882299,2021-07-29
2775,,22_4551205068_CACEIS,1740582741,OB,OB,No-pair,wire transfer,Caceis booked the wire transfer for SD 01-26-2021. Integrata yet to book,1740582741,1740582741,4551456423,-590882299,2021-07-29
2776,1_4551190251_Integrata,,1720720874,OB,OB,No-pair,wire transfer,Integrata booked the subscription for SD 01-14-2021.Caceis yet to book.,1720720874,1720720874,4551456423,-590882299,2021-07-29
2777,,419_455900053_CACEIS,1336713854,OB,OB,No-pair,wire transfer,Caceis booked the wire transfer for SD 05-06-2020. Integrata yet to book,1336713854,1336713854,4551456423,-590882299,2021-07-29
2778,6_455709628_Integrata,,1085770890,OB,OB,No-pair,redemption,Integrata booked the redemption for SD 01-17-2020.Caceis yet to book.,1085770890,1085770890,4551456423,-590882299,2021-07-29
2779,,52_4551354754_CACEIS,1942399482,OB,OB,No-pair,fx wire,Caceis booked the fx wire for SD 05-17-2021. Integrata yet to book,1942399482,1942399482,4551456423,-590882299,2021-07-29
2780,1_455594146_Integrata,,889578906,OB,OB,No-pair,redemption,Integrata booked the redemption for SD 10-17-2019.Caceis yet to book.,889578906,889578906,4551456423,-590882299,2021-07-29
2781,86_455471613_Integrata,,683450230,OB,OB,No-pair,wire transfer,Integrata booked the Net Sub/Red for SD 07-11-2019.Caceis yet to book.,683450230,683450230,4551456423,-590882299,2021-07-29
2782,5_4551027802_Integrata,,1505684976,OB,OB,No-pair,wire transfer,Integrata booked the subscription for SD 09-17-2020.Caceis yet to book.,1505684976,1505684976,4551456423,-590882299,2021-07-29
2783,,439_4551023983_CACEIS,1500214199,OB,OB,No-pair,fx wire,Caceis booked the fx wire for SD 09-15-2020. Integrata yet to book,1500214199,1500214199,4551456423,-590882299,2021-07-29
2784,1_455585083_Integrata,,874262391,OB,OB,No-pair,wire transfer,Integrata booked the subscription for SD 10-10-2019.Caceis yet to book.,874262391,874262391,4551456423,-590882299,2021-07-29
2785,,34_455799620_CACEIS,1205700394,OB,OB,No-pair,wire transfer,Caceis booked the wire transfer for SD 03-27-2020. Integrata yet to book,1205700394,1205700394,4551456423,-590882299,2021-07-29
2786,5_455824379_Integrata,,1237534477,OB,OB,No-pair,redemption,Integrata booked the redemption for SD 04-16-2020.Caceis yet to book.,1237534477,1237534477,4551456423,-590882299,2021-07-29
2787,,51_455934920_CACEIS,1383926824,OB,OB,No-pair,fees,Caceis booked the fees for SD 07-10-2020. Integrata yet to book,1383926824,1383926824,4551456423,-590882299,2021-07-29
2788,25_4551256295_Integrata,,1810321906,OB,OB,No-pair,proceeds sell,Integrata booked the Net Sub/Red for SD 03-04-2021.Caceis yet to book.,1810321906,1810321906,4551456423,-590882299,2021-07-29
2789,3_455709628_Integrata,,1085770886,OB,OB,No-pair,redemption,Integrata booked the redemption for SD 01-17-2020.Caceis yet to book.,1085770886,1085770886,4551456423,-590882299,2021-07-29
2790,15_455869788_Integrata,,1296136090,OB,OB,No-pair,redemption,Integrata booked the redemption for SD 05-21-2020.Caceis yet to book.,1296136090,1296136090,4551456423,-590882299,2021-07-29
2791,6_455971354_Integrata,,1432288826,OB,OB,No-pair,wire transfer,Integrata booked the Net Sub/Red for SD 08-06-2020.Caceis yet to book.,1432288826,1432288826,4551456423,-590882299,2021-07-29
2792,,86_455649350_CACEIS,985331759,OB,OB,No-pair,monthend interest,Caceis booked the monthend interest for SD 12-01-2019. Integrata yet to book,985331759,985331759,4551456423,-590882299,2021-07-29
2793,5_455708279_Integrata,,1083909598,OB,OB,No-pair,proceeds sell,Integrata booked the Net Sub/Red for SD 01-16-2020.Caceis yet to book.,1083909598,1083909598,4551456423,-590882299,2021-07-29
2794,,1398_455643841_CACEIS,975324470,OB,OB,No-pair,fx wire,Caceis booked the fx wire for SD 11-15-2019. Integrata yet to book,975324470,975324470,4551456423,-590882299,2021-07-29
2795,,75_455726980_CACEIS,1107942568,OB,OB,No-pair,monthend interest,Caceis booked the monthend interest for SD 02-01-2020. Integrata yet to book,1107942568,1107942568,4551456423,-590882299,2021-07-29
2796,,6_455743848_CACEIS,1130319874,OB,OB,No-pair,fees,Caceis booked the fees for SD 02-12-2020. Integrata yet to book,1130319874,1130319874,4551456423,-590882299,2021-07-29
2797,5_344898_Integrata,,496360328,OB,OB,No-pair,wire transfer,Integrata booked the wire transfer for SD 03-26-2019.Caceis yet to book.,496360328,496360328,4551456423,-590882299,2021-07-29
2798,6_455815648_Integrata,,1227075862,OB,OB,No-pair,redemption,Integrata booked the redemption for SD 04-09-2020.Caceis yet to book.,1227075862,1227075862,4551456423,-590882299,2021-07-29
2799,5_455779682_Integrata,,1179968817,OB,OB,No-pair,redemption,Integrata booked the redemption for SD 03-12-2020.Caceis yet to book.,1179968817,1179968817,4551456423,-590882299,2021-07-29
2800,7_455752143_Integrata,,1141004389,OB,OB,No-pair,wire transfer,Integrata booked the subscription for SD 02-20-2020.Caceis yet to book.,1141004389,1141004389,4551456423,-590882299,2021-07-29
2801,22_4551331846_Integrata,,1908172332,OB,OB,No-pair,monthend interest,Integrata booked the monthend interest for SD 04-01-2021.Caceis yet to book.,1908172332,1908172332,4551456423,-590882299,2021-07-29
2802,,177_4551023983_CACEIS,1500213929,OB,OB,No-pair,fx wire,Caceis booked the fx wire for SD 09-15-2020. Integrata yet to book,1500213929,1500213929,4551456423,-590882299,2021-07-29
2803,21_4551350998_Integrata,,1937029702,OB,OB,No-pair,wire transfer,Integrata booked the subscription for SD 05-13-2021.Caceis yet to book.,1937029702,1937029702,4551456423,-590882299,2021-07-29
2804,1_4551087502_Integrata,,1584326572,OB,OB,No-pair,wire transfer,Integrata booked the Net Sub/Red for SD 10-29-2020.Caceis yet to book.,1584326572,1584326572,4551456423,-590882299,2021-07-29
2805,1_4551334292_Integrata,,1911737177,OB,OB,No-pair,wire transfer,Integrata booked the AUM plug for SD 04-29-2021.Caceis yet to book.,1911737177,1911737177,4551456423,-590882299,2021-07-29
2806,2_455383061_Integrata,,555496397,OB,OB,No-pair,wire transfer,Integrata booked the Net Sub/Red for SD 04-25-2019.Caceis yet to book.,555496397,555496397,4551456423,-590882299,2021-07-29
2807,1_4551250853_Integrata,,1802932488,OB,OB,No-pair,wire transfer,Integrata booked the Net Sub/Red for SD 02-25-2021.Caceis yet to book.,1802932488,1802932488,4551456423,-590882299,2021-07-29
2808,,142_455862625_CACEIS,1287003138,OB,OB,No-pair,fx wire,Caceis booked the fx wire for SD 05-15-2020. Integrata yet to book,1287003138,1287003138,4551456423,-590882299,2021-07-29
2809,6_4551267661_Integrata,,1824870490,OB,OB,No-pair,wire transfer,Integrata booked the Net Sub/Red for SD 03-11-2021.Caceis yet to book.,1824870490,1824870490,4551456423,-590882299,2021-07-29
2810,1_4551419402_Integrata,,2029730692,OB,OB,No-pair,wire transfer,Integrata booked the AUM plug for SD 07-01-2021.Caceis yet to book.,2029730692,2029730692,4551456423,-590882299,2021-07-29
2811,,44_4551155693_CACEIS,1675163277,OB,OB,No-pair,fx wire,Caceis booked the fx wire for SD 12-18-2020. Integrata yet to book,1675163277,1675163277,4551456423,-590882299,2021-07-29
2812,7_4551277470_Integrata,,1837468610,OB,OB,No-pair,redemption,Integrata booked the redemption for SD 03-18-2021.Caceis yet to book.,1837468610,1837468610,4551456423,-590882299,2021-07-29
2813,,165_455898221_CACEIS,1334730731,OB,OB,No-pair,wire transfer,Caceis booked the wire transfer for SD 06-12-2020. Integrata yet to book,1334730731,1334730731,4551456423,-590882299,2021-07-29
2814,2_4551155693_Integrata,,1675163250,OB,OB,No-pair,wire transfer,Integrata booked the subscription for SD 12-17-2020.Caceis yet to book.,1675163250,1675163250,4551456423,-590882299,2021-07-29
2815,,475_4551109218_CACEIS,1613286995,OB,OB,No-pair,fx wire,Caceis booked the fx wire for SD 11-16-2020. Integrata yet to book,1613286995,1613286995,4551456423,-590882299,2021-07-29
2816,,39_4551394628_CACEIS,1997244549,OB,OB,No-pair,fx wire,Caceis booked the fx wire for SD 06-15-2021. Integrata yet to book,1997244549,1997244549,4551456423,-590882299,2021-07-29
2817,1_4551264332_Integrata,,1819945985,OB,OB,No-pair,wire transfer,Integrata booked the AUM plug for SD 03-09-2021.Caceis yet to book.,1819945985,1819945985,4551456423,-590882299,2021-07-29
2818,2_4551417911_Integrata,,2027240606,OB,OB,No-pair,wire transfer,Integrata booked the AUM plug for SD 06-30-2021.Caceis yet to book.,2027240606,2027240606,4551456423,-590882299,2021-07-29
2819,2_4551404423_Integrata,,2009057962,OB,OB,No-pair,wire transfer,Integrata booked the AUM plug for SD 06-21-2021.Caceis yet to book.,2009057962,2009057962,4551456423,-590882299,2021-07-29
2820,1_4551366297_Integrata,,1958861161,OB,OB,No-pair,fx wire,Integrata booked the fx wire for SD 05-12-2021.Caceis yet to book.,1958861161,1958861161,4551456423,-590882299,2021-07-29
2821,2_4551356653_Integrata,,1945281526,OB,OB,No-pair,wire transfer,Integrata booked the AUM plug for SD 05-17-2021.Caceis yet to book.,1945281526,1945281526,4551456423,-590882299,2021-07-29
2822,1_4551402499_Integrata,,2006719910,OB,OB,No-pair,wire transfer,Integrata booked the AUM plug for SD 06-18-2021.Caceis yet to book.,2006719910,2006719910,4551456423,-590882299,2021-07-29
2823,59_4551427001_Integrata,,2037990888,OB,OB,No-pair,wire transfer,Integrata booked the AUM plug for SD 07-07-2021.Caceis yet to book.,2037990888,2037990888,4551456423,-590882299,2021-07-29
2824,5_4551345342_Integrata,,1928263151,OB,OB,No-pair,wire transfer,Integrata booked the AUM plug for SD 05-07-2021.Caceis yet to book.,1928263151,1928263151,4551456423,-590882299,2021-07-29
2825,1_4551436806_Integrata,,2049885723,OB,OB,No-pair,wire transfer,Integrata booked the AUM plug for SD 07-14-2021.Caceis yet to book.,2049885723,2049885723,4551456423,-590882299,2021-07-29
2826,2_4551267661_Integrata,,1824870487,OB,OB,No-pair,fx wire,Integrata booked the fx wire for SD 03-11-2021.Caceis yet to book.,1824870487,1824870487,4551456423,-590882299,2021-07-29
2827,8_4551262163_Integrata,,1817420729,OB,OB,No-pair,wire transfer,Integrata booked the AUM plug for SD 03-08-2021.Caceis yet to book.,1817420729,1817420729,4551456423,-590882299,2021-07-29
2828,2_4551360527_Integrata,,1950420216,OB,OB,No-pair,wire transfer,Integrata booked the AUM plug for SD 05-19-2021.Caceis yet to book.,1950420216,1950420216,4551456423,-590882299,2021-07-29
2829,,442_455862625_CACEIS,1287003645,OB,OB,No-pair,fees,Caceis booked the fees for SD 05-13-2020. Integrata yet to book,1287003645,1287003645,4551456423,-590882299,2021-07-29
2830,2_4551203153_Integrata,,1737813327,OB,OB,No-pair,wire transfer,Integrata booked the AUM plug for SD 01-21-2021.Caceis yet to book.,1737813327,1737813327,4551456423,-590882299,2021-07-29
2831,20_4551331846_Integrata,,1908172330,OB,OB,No-pair,monthend interest,Integrata booked the monthend interest for SD 04-01-2021.Caceis yet to book.,1908172330,1908172330,4551456423,-590882299,2021-07-29
2832,,3_455649350_CACEIS,985331652,OB,OB,No-pair,fx wire,Caceis booked the fx wire for SD 11-29-2019. Integrata yet to book,985331652,985331652,4551456423,-590882299,2021-07-29
2833,1_4551256295_Integrata,,1810321894,OB,OB,No-pair,wire transfer,Integrata booked the AUM plug for SD 01-29-2021.Caceis yet to book.,1810321894,1810321894,4551456423,-590882299,2021-07-29
2834,1_4551374975_Integrata,,1971733171,OB,OB,No-pair,wire transfer,Integrata booked the AUM plug for SD 05-31-2021.Caceis yet to book.,1971733171,1971733171,4551456423,-590882299,2021-07-29
2835,,160_455898221_CACEIS,1334730905,OB,OB,No-pair,wire transfer,Caceis booked the wire transfer for SD 06-12-2020. Integrata yet to book,1334730905,1334730905,4551456423,-590882299,2021-07-29
2836,1_4551265958_Integrata,,1821950992,OB,OB,No-pair,wire transfer,Integrata booked the AUM plug for SD 03-10-2021.Caceis yet to book.,1821950992,1821950992,4551456423,-590882299,2021-07-29
2837,,32_455927788_CACEIS,1374347986,OB,OB,No-pair,fx wire,Caceis booked the fx wire for SD 07-06-2020. Integrata yet to book,1374347986,1374347986,4551456423,-590882299,2021-07-29
2838,1_4551394628_Integrata,,1997244521,OB,OB,No-pair,wire transfer,Integrata booked the AUM plug for SD 06-14-2021.Caceis yet to book.,1997244521,1997244521,4551456423,-590882299,2021-07-29
2839,,1366_455643841_CACEIS,975324438,OB,OB,No-pair,fx wire,Caceis booked the fx wire for SD 11-15-2019. Integrata yet to book,975324438,975324438,4551456423,-590882299,2021-07-29
2840,1_4551222350_Integrata,,1765090270,OB,OB,No-pair,redemption,Integrata booked the redemption for SD 02-04-2021.Caceis yet to book.,1765090270,1765090270,4551456423,-590882299,2021-07-29
2841,,211_4551066313_CACEIS,1556876413,OB,OB,No-pair,fx wire,Caceis booked the fx wire for SD 10-15-2020. Integrata yet to book,1556876413,1556876413,4551456423,-590882299,2021-07-29
2842,,31_4551254304_CACEIS,1807385766,OB,OB,No-pair,wire transfer,Caceis booked the wire transfer for SD 03-02-2021. Integrata yet to book,1807385766,1807385766,4551456423,-590882299,2021-07-29
2843,42_4551085502_Integrata,,1581818088,OB,OB,No-pair,wire transfer,Integrata booked the wire transfer for SD 10-27-2020.Caceis yet to book.,1581818088,1581818088,4551456423,-590882299,2021-07-29
2844,55_4551085502_Integrata,,1581818096,OB,OB,No-pair,wire transfer,Integrata booked the wire transfer for SD 10-27-2020.Caceis yet to book.,1581818096,1581818096,4551456423,-590882299,2021-07-29
2845,4_4551237030_Integrata,,1785359335,OB,OB,No-pair,wire transfer,Integrata booked the AUM plug for SD 02-17-2021.Caceis yet to book.,1785359335,1785359335,4551456423,-590882299,2021-07-29
2846,124_4551427001_Integrata,,2037990837,OB,OB,No-pair,wire transfer,Integrata booked the AUM plug for SD 07-07-2021.Caceis yet to book.,2037990837,2037990837,4551456423,-590882299,2021-07-29
2847,1_4551292839_Integrata,,1857221907,OB,OB,No-pair,wire transfer,Integrata booked the AUM plug for SD 03-30-2021.Caceis yet to book.,1857221907,1857221907,4551456423,-590882299,2021-07-29
2848,,477_455643841_CACEIS,975323549,OB,OB,No-pair,fx wire,Caceis booked the fx wire for SD 11-15-2019. Integrata yet to book,975323549,975323549,4551456423,-590882299,2021-07-29
2849,,6_455953995_CACEIS,1409848154,OB,OB,No-pair,fx wire,Caceis booked the fx wire for SD 07-24-2020. Integrata yet to book,1409848154,1409848154,4551456423,-590882299,2021-07-29
2850,2_4551287241_Integrata,,1850449265,OB,OB,No-pair,wire transfer,Integrata booked the Net Sub/Red for SD 03-25-2021.Caceis yet to book.,1850449265,1850449265,4551456423,-590882299,2021-07-29
2851,2_4551222350_Integrata,,1765090288,OB,OB,No-pair,wire transfer,Integrata booked the AUM plug for SD 02-05-2021.Caceis yet to book.,1765090288,1765090288,4551456423,-590882299,2021-07-29
2852,39_4551085502_Integrata,,1581818079,OB,OB,No-pair,wire transfer,Integrata booked the wire transfer for SD 10-27-2020.Caceis yet to book.,1581818079,1581818079,4551456423,-590882299,2021-07-29
2853,2_4551256295_Integrata,,1810321896,OB,OB,No-pair,wire transfer,Integrata booked the AUM plug for SD 03-03-2021.Caceis yet to book.,1810321896,1810321896,4551456423,-590882299,2021-07-29
2854,5_4551337567_Integrata,,1917624429,OB,OB,No-pair,wire transfer,Integrata booked the AUM plug for SD 05-03-2021.Caceis yet to book.,1917624429,1917624429,4551456423,-590882299,2021-07-29
2855,14_4551085502_Integrata,,1581818040,OB,OB,No-pair,wire transfer,Integrata booked the wire transfer for SD 10-27-2020.Caceis yet to book.,1581818040,1581818040,4551456423,-590882299,2021-07-29
2856,13_4551020261_Integrata,,1495478229,OB,OB,No-pair,wire transfer,Integrata booked the Net Sub/Red for SD 09-03-2020.Caceis yet to book.,1495478229,1495478229,4551456423,-590882299,2021-07-29
2857,1_455889377_Integrata,,1323110217,OB,OB,No-pair,wire transfer,Integrata booked the Net Sub/Red for SD 06-04-2020.Caceis yet to book.,1323110217,1323110217,4551456423,-590882299,2021-07-29
2858,9_4551366297_Integrata,,1958861164,OB,OB,No-pair,fx wire,Integrata booked the fx wire for SD 04-14-2021.Caceis yet to book.,1958861164,1958861164,4551456423,-590882299,2021-07-29
2859,3_4551331846_Integrata,,1908172317,OB,OB,No-pair,monthend interest,Integrata booked the monthend interest for SD 04-01-2021.Caceis yet to book.,1908172317,1908172317,4551456423,-590882299,2021-07-29
2860,1_4551417911_Integrata,,2027240607,OB,OB,No-pair,wire transfer,Integrata booked the AUM plug for SD 06-30-2021.Caceis yet to book.,2027240607,2027240607,4551456423,-590882299,2021-07-29
2861,45_4551220415_Integrata,,1761956227,OB,OB,No-pair,wire transfer,Integrata booked the AUM plug for SD 02-04-2021.Caceis yet to book.,1761956227,1761956227,4551456423,-590882299,2021-07-29
2862,,72_455669415_CACEIS,1020661868,OB,OB,No-pair,fx wire,Caceis booked the fx wire for SD 12-16-2019. Integrata yet to book,1020661868,1020661868,4551456423,-590882299,2021-07-29
2863,,70_4551117124_CACEIS,1623224475,OB,OB,No-pair,fx wire,Caceis booked the fx wire for SD 11-20-2020. Integrata yet to book,1623224475,1623224475,4551456423,-590882299,2021-07-29
2864,4_4551381021_Integrata,,1979694220,OB,OB,No-pair,wire transfer,Integrata booked the AUM plug for SD 06-03-2021.Caceis yet to book.,1979694220,1979694220,4551456423,-590882299,2021-07-29
2865,3_4551318931_Integrata,,1890812358,OB,OB,No-pair,wire transfer,Integrata booked the AUM plug for SD 04-19-2021.Caceis yet to book.,1890812358,1890812358,4551456423,-590882299,2021-07-29
2866,,167_455643841_CACEIS,975323239,OB,OB,No-pair,fx wire,Caceis booked the fx wire for SD 11-08-2019. Integrata yet to book,975323239,975323239,4551456423,-590882299,2021-07-29
2867,4_4551218474_Integrata,,1759361012,OB,OB,No-pair,wire transfer,Integrata booked the AUM plug for SD 02-03-2021.Caceis yet to book.,1759361012,1759361012,4551456423,-590882299,2021-07-29
2868,,107_4551248485_CACEIS,1800039367,OB,OB,No-pair,fx wire,Caceis booked the fx wire for SD 02-26-2021. Integrata yet to book,1800039367,1800039367,4551456423,-590882299,2021-07-29
2869,54_4551085502_Integrata,,1581818064,OB,OB,No-pair,wire transfer,Integrata booked the wire transfer for SD 10-27-2020.Caceis yet to book.,1581818064,1581818064,4551456423,-590882299,2021-07-29
2870,,170_455898221_CACEIS,1334730767,OB,OB,No-pair,wire transfer,Caceis booked the wire transfer for SD 06-12-2020. Integrata yet to book,1334730767,1334730767,4551456423,-590882299,2021-07-29
2871,16_4551420619_Integrata,,2031130211,OB,OB,No-pair,wire transfer,Integrata booked the AUM plug for SD 07-02-2021.Caceis yet to book.,2031130211,2031130211,4551456423,-590882299,2021-07-29
2872,,62_4551394628_CACEIS,1997244665,OB,OB,No-pair,fx wire,Caceis booked the fx wire for SD 06-15-2021. Integrata yet to book,1997244665,1997244665,4551456423,-590882299,2021-07-29
2873,,1_455810647_CACEIS,1220317304,OB,OB,No-pair,wire transfer,Caceis booked the wire transfer for SD 04-06-2020. Integrata yet to book,1220317304,1220317304,4551456423,-590882299,2021-07-29
2874,3_4551228190_Integrata,,1773079462,OB,OB,No-pair,wire transfer,Integrata booked the AUM plug for SD 02-10-2021.Caceis yet to book.,1773079462,1773079462,4551456423,-590882299,2021-07-29
2875,,26_4551265958_CACEIS,1821951004,OB,OB,No-pair,fees,Caceis booked the fees for SD 03-10-2021. Integrata yet to book,1821951004,1821951004,4551456423,-590882299,2021-07-29
2876,,1_4551205068_CACEIS,1740582730,OB,OB,No-pair,wire transfer,Caceis booked the wire transfer for SD 01-26-2021. Integrata yet to book,1740582730,1740582730,4551456423,-590882299,2021-07-29
2877,1_4551386918_Integrata,,1987139551,OB,OB,No-pair,wire transfer,Integrata booked the AUM plug for SD 06-08-2021.Caceis yet to book.,1987139551,1987139551,4551456423,-590882299,2021-07-29
2878,8_4551277470_Integrata,,1837468612,OB,OB,No-pair,wire transfer,Integrata booked the AUM plug for SD 03-18-2021.Caceis yet to book.,1837468612,1837468612,4551456423,-590882299,2021-07-29
2879,10_4551085502_Integrata,,1581818054,OB,OB,No-pair,wire transfer,Integrata booked the wire transfer for SD 10-27-2020.Caceis yet to book.,1581818054,1581818054,4551456423,-590882299,2021-07-29
2880,1_4551184426_Integrata,,1712749667,OB,OB,No-pair,wire transfer,Integrata booked the AUM plug for SD 01-10-2021.Caceis yet to book.,1712749667,1712749667,4551456423,-590882299,2021-07-29
2881,1_4551358677_Integrata,,1947722923,OB,OB,No-pair,wire transfer,Integrata booked the AUM plug for SD 05-18-2021.Caceis yet to book.,1947722923,1947722923,4551456423,-590882299,2021-07-29
2882,,270_4551191593_CACEIS,1722905244,OB,OB,No-pair,fx wire,Caceis booked the fx wire for SD 01-15-2021. Integrata yet to book,1722905244,1722905244,4551456423,-590882299,2021-07-29
2883,3_4551168254_Integrata,,1691686477,OB,OB,No-pair,wire transfer,Integrata booked the subscription for SD 12-24-2020.Caceis yet to book.,1691686477,1691686477,4551456423,-590882299,2021-07-29
2884,,27_4551265958_CACEIS,1821951006,OB,OB,No-pair,fees,Caceis booked the fees for SD 03-10-2021. Integrata yet to book,1821951006,1821951006,4551456423,-590882299,2021-07-29
2885,1_4551372778_Integrata,,1969041937,OB,OB,No-pair,wire transfer,Integrata booked the AUM plug for SD 05-27-2021.Caceis yet to book.,1969041937,1969041937,4551456423,-590882299,2021-07-29
2886,2_455520168_Integrata,,766216396,OB,OB,No-pair,wire transfer,Integrata booked the Net Sub/Red for SD 08-15-2019.Caceis yet to book.,766216396,766216396,4551456423,-590882299,2021-07-29
2887,,6_455559249_CACEIS,832862033,OB,OB,No-pair,fx wire,Caceis booked the fx wire for SD 09-20-2019. Integrata yet to book,832862033,832862033,4551456423,-590882299,2021-07-29
2888,,504_4551109218_CACEIS,1613287157,OB,OB,No-pair,fx wire,Caceis booked the fx wire for SD 11-16-2020. Integrata yet to book,1613287157,1613287157,4551456423,-590882299,2021-07-29
2889,1_4551404423_Integrata,,2009057961,OB,OB,No-pair,wire transfer,Integrata booked the AUM plug for SD 06-21-2021.Caceis yet to book.,2009057961,2009057961,4551456423,-590882299,2021-07-29
2890,18_4551085502_Integrata,,1581818057,OB,OB,No-pair,wire transfer,Integrata booked the wire transfer for SD 10-27-2020.Caceis yet to book.,1581818057,1581818057,4551456423,-590882299,2021-07-29
2891,2_4551271705_Integrata,,1830184038,OB,OB,No-pair,wire transfer,Integrata booked the AUM plug for SD 03-15-2021.Caceis yet to book.,1830184038,1830184038,4551456423,-590882299,2021-07-29
2892,2_4551411869_Integrata,,2018959298,OB,OB,No-pair,wire transfer,Integrata booked the AUM plug for SD 06-25-2021.Caceis yet to book.,2018959298,2018959298,4551456423,-590882299,2021-07-29
2893,4_4551274209_Integrata,,1833900576,OB,OB,No-pair,wire transfer,Integrata booked the AUM plug for SD 03-16-2021.Caceis yet to book.,1833900576,1833900576,4551456423,-590882299,2021-07-29
2894,2_4551269721_Integrata,,1827473787,OB,OB,No-pair,wire transfer,Integrata booked the AUM plug for SD 03-12-2021.Caceis yet to book.,1827473787,1827473787,4551456423,-590882299,2021-07-29
2895,28_4551398589_Integrata,,2002008737,OB,OB,No-pair,wire transfer,Integrata booked the AUM plug for SD 06-16-2021.Caceis yet to book.,2002008737,2002008737,4551456423,-590882299,2021-07-29
2896,,52_4551436806_CACEIS,2049885877,OB,OB,No-pair,fx wire,Caceis booked the fx wire for SD 07-15-2021. Integrata yet to book,2049885877,2049885877,4551456423,-590882299,2021-07-29
2897,,1_455967430_CACEIS,1426645172,OB,OB,No-pair,wire transfer,Caceis booked the wire transfer for SD 08-04-2020. Integrata yet to book,1426645172,1426645172,4551456423,-590882299,2021-07-29
2898,,183_455898221_CACEIS,1334730846,OB,OB,No-pair,wire transfer,Caceis booked the wire transfer for SD 06-12-2020. Integrata yet to book,1334730846,1334730846,4551456423,-590882299,2021-07-29
2899,1_455745203_Integrata,,1132280298,OB,OB,No-pair,wire transfer,Integrata booked the Net Sub/Red for SD 02-13-2020.Caceis yet to book.,1132280298,1132280298,4551456423,-590882299,2021-07-29
2900,148_4551440965_Integrata,,2054922398,OB,OB,No-pair,wire transfer,Integrata booked the AUM plug for SD 07-16-2021.Caceis yet to book.,2054922398,2054922398,4551456423,-590882299,2021-07-29
2901,,67_455783582_CACEIS,1185159239,OB,OB,No-pair,fx wire,Caceis booked the fx wire for SD 03-16-2020. Integrata yet to book,1185159239,1185159239,4551456423,-590882299,2021-07-29
2902,2_4551366297_Integrata,,1958861162,OB,OB,No-pair,wire transfer,Integrata booked the AUM plug for SD 05-24-2021.Caceis yet to book.,1958861162,1958861162,4551456423,-590882299,2021-07-29
2903,,4_455767183_CACEIS,1162470264,OB,OB,No-pair,wire transfer,Caceis booked the wire transfer for SD 03-03-2020. Integrata yet to book,1162470264,1162470264,4551456423,-590882299,2021-07-29
2904,3_4551232906_Integrata,,1780156376,OB,OB,No-pair,wire transfer,Integrata booked the AUM plug for SD 02-15-2021.Caceis yet to book.,1780156376,1780156376,4551456423,-590882299,2021-07-29
2905,1_4551341492_Integrata,,1922960755,OB,OB,No-pair,wire transfer,Integrata booked the AUM plug for SD 05-05-2021.Caceis yet to book.,1922960755,1922960755,4551456423,-590882299,2021-07-29
2906,4_4551222350_Integrata,,1765090324,OB,OB,No-pair,wire transfer,Integrata booked the AUM plug for SD 02-05-2021.Caceis yet to book.,1765090324,1765090324,4551456423,-590882299,2021-07-29
2907,3_4551256295_Integrata,,1810321898,OB,OB,No-pair,wire transfer,Integrata booked the AUM plug for SD 01-26-2021.Caceis yet to book.,1810321898,1810321898,4551456423,-590882299,2021-07-29
2908,2_4551454471_Integrata,,2072012684,OB,OB,No-pair,wire transfer,Integrata booked the AUM plug for SD 07-27-2021.Caceis yet to book.,2072012684,2072012684,4551456423,-590882299,2021-07-29
2909,6_4551349054_Integrata,,1933657793,OB,OB,No-pair,proceeds sell,Integrata booked the proceeds sell for SD 05-10-2021.Caceis yet to book.,1933657793,1933657793,4551456423,-590882299,2021-07-29
2910,16_4551256295_Integrata,,1810321880,OB,OB,No-pair,proceeds sell,Integrata booked the proceeds sell for SD 03-04-2021.Caceis yet to book.,1810321880,1810321880,4551456423,-590882299,2021-07-29
2911,43_455623487_Integrata,,941150959,OB,OB,No-pair,proceeds sell,Integrata booked the proceeds sell for SD 11-08-2019.Caceis yet to book.,941150959,941150959,4551456423,-590882299,2021-07-29
2912,14_4551027802_Integrata,,1505684961,OB,OB,No-pair,dividend,Integrata booked the dividend for SD 09-17-2020.Caceis yet to book.,1505684961,1505684961,4551456423,-590882299,2021-07-29
2913,274_455612247_Integrata,,921619700,OB,OB,No-pair,proceeds sell,Integrata booked the proceeds sell for SD 10-31-2019.Caceis yet to book.,921619700,921619700,4551456423,-590882299,2021-07-29
2914,,594_455643841_CACEIS,975323666,OB,OB,No-pair,wire transfer,Caceis booked the wire transfer for SD 11-18-2019. Integrata yet to book,975323666,975323666,4551456423,-590882299,2021-07-29
2915,14_455614192_Integrata,,925287753,OB,OB,No-pair,proceeds sell,Integrata booked the proceeds sell for SD 11-01-2019.Caceis yet to book.,925287753,925287753,4551456423,-590882299,2021-07-29
2916,,40_455820754_CACEIS,1233177768,OB,OB,No-pair,fx wire,Caceis booked the fx wire for SD 04-14-2020. Integrata yet to book,1233177768,1233177768,4551456423,-590882299,2021-07-29
2917,26_4551134044_Integrata,,1646944669,OB,OB,No-pair,proceeds sell,Integrata booked the proceeds sell for SD 11-06-2020.Caceis yet to book.,1646944669,1646944669,4551456423,-590882299,2021-07-29
2918,,219_455985296_CACEIS,1449582035,OB,OB,No-pair,fx wire,Caceis booked the fx wire for SD 08-17-2020. Integrata yet to book,1449582035,1449582035,4551456423,-590882299,2021-07-29
2919,175_455391323_Integrata,,566547740,OB,OB,No-pair,dividend,Integrata booked the dividend for SD 03-21-2019.Caceis yet to book.,566547740,566547740,4551456423,-590882299,2021-07-29
2920,,59_455706635_CACEIS,1081907332,OB,OB,No-pair,fx wire,Caceis booked the fx wire for SD 01-15-2020. Integrata yet to book,1081907332,1081907332,4551456423,-590882299,2021-07-29
2921,8_455782293_Integrata,,1183562934,OB,OB,No-pair,proceeds sell,Integrata booked the proceeds sell for SD 03-13-2020.Caceis yet to book.,1183562934,1183562934,4551456423,-590882299,2021-07-29
2922,,167_455706635_CACEIS,1081907485,OB,OB,No-pair,fx wire,Caceis booked the fx wire for SD 01-15-2020. Integrata yet to book,1081907485,1081907485,4551456423,-590882299,2021-07-29
2923,33_455656628_Integrata,,999121833,OB,OB,No-pair,proceeds sell,Integrata booked the proceeds sell for SD 11-05-2019.Caceis yet to book.,999121833,999121833,4551456423,-590882299,2021-07-29
2924,,55_455772338_CACEIS,1169827535,OB,OB,No-pair,fx wire,Caceis booked the fx wire for SD 03-06-2020. Integrata yet to book,1169827535,1169827535,4551456423,-590882299,2021-07-29
2925,8_455424626_Integrata,,610989028,OB,OB,No-pair,proceeds sell,Integrata booked the proceeds sell for SD 05-08-2019.Caceis yet to book.,610989028,610989028,4551456423,-590882299,2021-07-29
2926,10_455851677_Integrata,,1272856281,OB,OB,No-pair,proceeds sell,Integrata booked the proceeds sell for SD 04-17-2020.Caceis yet to book.,1272856281,1272856281,4551456423,-590882299,2021-07-29
2927,,11_4551168254_CACEIS,1691686488,OB,OB,No-pair,wire transfer,Caceis booked the wire transfer for SD 12-29-2020. Integrata yet to book,1691686488,1691686488,4551456423,-590882299,2021-07-29
2928,,31_455898221_CACEIS,1334730878,OB,OB,No-pair,fees,Caceis booked the fees for SD 06-12-2020. Integrata yet to book,1334730878,1334730878,4551456423,-590882299,2021-07-29
2929,,27_455803095_CACEIS,1210223525,OB,OB,No-pair,monthend interest,Caceis booked the monthend interest for SD 04-01-2020. Integrata yet to book,1210223525,1210223525,4551456423,-590882299,2021-07-29
2930,,70_368123_CACEIS,532374089,OB,OB,No-pair,fx wire,Caceis booked the fx wire for SD 04-15-2019. Integrata yet to book,532374089,532374089,4551456423,-590882299,2021-07-29
2931,8_455851677_Integrata,,1275438402,OB,OB,No-pair,proceeds sell,Integrata booked the proceeds sell for SD 05-08-2020.Caceis yet to book.,1275438402,1275438402,4551456423,-590882299,2021-07-29
2932,,25_4551254304_CACEIS,1807385760,OB,OB,No-pair,wire transfer,Caceis booked the wire transfer for SD 03-02-2021. Integrata yet to book,1807385760,1807385760,4551456423,-590882299,2021-07-29
2933,,49_455934920_CACEIS,1383926638,OB,OB,No-pair,wire transfer,Caceis booked the wire transfer for SD 07-10-2020. Integrata yet to book,1383926638,1383926638,4551456423,-590882299,2021-07-29
2934,19_4551085502_Integrata,,1581818032,OB,OB,No-pair,proceeds sell,Integrata booked the proceeds sell for SD 10-29-2020.Caceis yet to book.,1581818032,1581818032,4551456423,-590882299,2021-07-29
2935,,372_4551232906_CACEIS,1780156746,OB,OB,No-pair,fx wire,Caceis booked the fx wire for SD 02-16-2021. Integrata yet to book,1780156746,1780156746,4551456423,-590882299,2021-07-29
2936,,88_4551149959_CACEIS,1667623013,OB,OB,No-pair,fx wire,Caceis booked the fx wire for SD 12-15-2020. Integrata yet to book,1667623013,1667623013,4551456423,-590882299,2021-07-29
2937,,272_4551313388_CACEIS,1883527879,OB,OB,No-pair,fx wire,Caceis booked the fx wire for SD 04-15-2021. Integrata yet to book,1883527879,1883527879,4551456423,-590882299,2021-07-29
2938,10_455796038_Integrata,,1200627632,OB,OB,No-pair,proceeds sell,Integrata booked the proceeds sell for SD 03-12-2020.Caceis yet to book.,1200627632,1200627632,4551456423,-590882299,2021-07-29
2939,1_455734639_Integrata,,1118103063,OB,OB,No-pair,redemption,Integrata booked the redemption for SD 02-06-2020.Caceis yet to book.,1118103063,1118103063,4551456423,-590882299,2021-07-29
2940,,124_455649350_CACEIS,985331702,OB,OB,No-pair,monthend interest,Caceis booked the monthend interest for SD 12-01-2019. Integrata yet to book,985331702,985331702,4551456423,-590882299,2021-07-29
2941,,5_455879764_CACEIS,1309543689,OB,OB,No-pair,fx wire,Caceis booked the fx wire for SD 05-29-2020. Integrata yet to book,1309543689,1309543689,4551456423,-590882299,2021-07-29
2942,,20_4551029716_CACEIS,1508201976,OB,OB,No-pair,fx wire,Caceis booked the fx wire for SD 09-18-2020. Integrata yet to book,1508201976,1508201976,4551456423,-590882299,2021-07-29
2943,4_455887206_Integrata,,1320167948,OB,OB,No-pair,wire transfer,Integrata booked the subscription for SD 06-04-2020.Caceis yet to book.,1320167948,1320167948,4551456423,-590882299,2021-07-29
2944,,25_4551248485_CACEIS,1800039443,OB,OB,No-pair,fx wire,Caceis booked the fx wire for SD 02-26-2021. Integrata yet to book,1800039443,1800039443,4551456423,-590882299,2021-07-29
2945,1_455896330_Integrata,,1332271832,OB,OB,No-pair,redemption,Integrata booked the redemption for SD 06-11-2020.Caceis yet to book.,1332271832,1332271832,4551456423,-590882299,2021-07-29
2946,,62_455669415_CACEIS,1020661831,OB,OB,No-pair,fx wire,Caceis booked the fx wire for SD 12-16-2019. Integrata yet to book,1020661831,1020661831,4551456423,-590882299,2021-07-29
2947,,52_4551394628_CACEIS,1997244664,OB,OB,No-pair,fx wire,Caceis booked the fx wire for SD 06-15-2021. Integrata yet to book,1997244664,1997244664,4551456423,-590882299,2021-07-29
2948,6_4551057246_Integrata,,1544059582,OB,OB,No-pair,proceeds sell,Integrata booked the Net Sub/Red for SD 10-08-2020.Caceis yet to book.,1544059582,1544059582,4551456423,-590882299,2021-07-29
2949,4_344898_Integrata,,496360327,OB,OB,No-pair,wire transfer,Integrata booked the wire transfer for SD 03-26-2019.Caceis yet to book.,496360327,496360327,4551456423,-590882299,2021-07-29
2950,14_455833544_Integrata,,1249040838,OB,OB,No-pair,redemption,Integrata booked the redemption for SD 04-23-2020.Caceis yet to book.,1249040838,1249040838,4551456423,-590882299,2021-07-29
2951,24_455489156_Integrata,,712199557,OB,OB,No-pair,wire transfer,Integrata booked the Net Sub/Red for SD 07-25-2019.Caceis yet to book.,712199557,712199557,4551456423,-590882299,2021-07-29
2952,,295_455590588_CACEIS,883858684,OB,OB,No-pair,fx wire,Caceis booked the fx wire for SD 10-15-2019. Integrata yet to book,883858684,883858684,4551456423,-590882299,2021-07-29
2953,,483_4551109218_CACEIS,1613286984,OB,OB,No-pair,fx wire,Caceis booked the fx wire for SD 11-16-2020. Integrata yet to book,1613286984,1613286984,4551456423,-590882299,2021-07-29
2954,,22_455963450_CACEIS,1421777710,OB,OB,No-pair,monthend interest,Caceis booked the monthend interest for SD 08-01-2020. Integrata yet to book,1421777710,1421777710,4551456423,-590882299,2021-07-29
2955,,14_4551042956_CACEIS,1525553088,OB,OB,No-pair,wire transfer,Caceis booked the wire transfer for SD 09-17-2020. Integrata yet to book,1525553088,1525553088,4551456423,-590882299,2021-07-29
2956,,31_4551277470_CACEIS,1837468633,OB,OB,No-pair,fx wire,Caceis booked the fx wire for SD 03-19-2021. Integrata yet to book,1837468633,1837468633,4551456423,-590882299,2021-07-29
2957,,624_4551232906_CACEIS,1780156991,OB,OB,No-pair,fx wire,Caceis booked the fx wire for SD 02-16-2021. Integrata yet to book,1780156991,1780156991,4551456423,-590882299,2021-07-29
2958,,9_455685901_CACEIS,1047557779,OB,OB,No-pair,wire transfer,Caceis booked the wire transfer for SD 12-30-2019. Integrata yet to book,1047557779,1047557779,4551456423,-590882299,2021-07-29
2959,,143_455898221_CACEIS,1334730843,OB,OB,No-pair,wire transfer,Caceis booked the wire transfer for SD 06-12-2020. Integrata yet to book,1334730843,1334730843,4551456423,-590882299,2021-07-29
2960,,130_455585083_CACEIS,874262436,OB,OB,No-pair,wire transfer,Caceis booked the wire transfer for SD 10-10-2019. Integrata yet to book,874262436,874262436,4551456423,-590882299,2021-07-29
2961,,186_455669415_CACEIS,1020661984,OB,OB,No-pair,fx wire,Caceis booked the fx wire for SD 12-16-2019. Integrata yet to book,1020661984,1020661984,4551456423,-590882299,2021-07-29
2962,,9_455842390_CACEIS,1260634961,OB,OB,No-pair,monthend interest,Caceis booked the monthend interest for SD 05-01-2020. Integrata yet to book,1260634961,1260634961,4551456423,-590882299,2021-07-29
2963,,27_4551003590_CACEIS,1473425977,OB,OB,No-pair,monthend interest,Caceis booked the monthend interest for SD 09-01-2020. Integrata yet to book,1473425977,1473425977,4551456423,-590882299,2021-07-29
2964,,31_4551246640_CACEIS,1797846196,OB,OB,No-pair,monthend interest,Caceis booked the monthend interest for SD 02-26-2021. Integrata yet to book,1797846196,1797846196,4551456423,-590882299,2021-07-29
2965,,53_455745203_CACEIS,1132280320,OB,OB,No-pair,fx wire,Caceis booked the fx wire for SD 02-14-2020. Integrata yet to book,1132280320,1132280320,4551456423,-590882299,2021-07-29
2966,,24_4551060531_CACEIS,1548950736,OB,OB,No-pair,fees,Caceis booked the fees for SD 10-12-2020. Integrata yet to book,1548950736,1548950736,4551456423,-590882299,2021-07-29
2967,,163_455940640_CACEIS,1391595972,OB,OB,No-pair,fx wire,Caceis booked the fx wire for SD 07-15-2020. Integrata yet to book,1391595972,1391595972,4551456423,-590882299,2021-07-29
2968,,15_4551060531_CACEIS,1548950688,OB,OB,No-pair,fees,Caceis booked the fees for SD 10-12-2020. Integrata yet to book,1548950688,1548950688,4551456423,-590882299,2021-07-29
2969,,73_455934920_CACEIS,1383926779,OB,OB,No-pair,wire transfer,Caceis booked the wire transfer for SD 07-10-2020. Integrata yet to book,1383926779,1383926779,4551456423,-590882299,2021-07-29
2970,,20_4551060531_CACEIS,1548950726,OB,OB,No-pair,fees,Caceis booked the fees for SD 10-12-2020. Integrata yet to book,1548950726,1548950726,4551456423,-590882299,2021-07-29
2971,,26_4551222350_CACEIS,1765090431,OB,OB,No-pair,wire transfer,Caceis booked the wire transfer for SD 02-08-2021. Integrata yet to book,1765090431,1765090431,4551456423,-590882299,2021-07-29
2972,,433_455822501_CACEIS,1235307739,OB,OB,No-pair,fees,Caceis booked the fees for SD 04-14-2020. Integrata yet to book,1235307739,1235307739,4551456423,-590882299,2021-07-29
2973,,199_455748445_CACEIS,1136275360,OB,OB,No-pair,wire transfer,Caceis booked the wire transfer for SD 12-13-2019. Integrata yet to book,1136275360,1136275360,4551456423,-590882299,2021-07-29
2974,,113_455826113_CACEIS,1239393755,OB,OB,No-pair,fees,Caceis booked the fees for SD 04-16-2020. Integrata yet to book,1239393755,1239393755,4551456423,-590882299,2021-07-29
2975,,533_455822501_CACEIS,1235307880,OB,OB,No-pair,fees,Caceis booked the fees for SD 04-14-2020. Integrata yet to book,1235307880,1235307880,4551456423,-590882299,2021-07-29
2976,,428_455822501_CACEIS,1235307799,OB,OB,No-pair,fees,Caceis booked the fees for SD 04-14-2020. Integrata yet to book,1235307799,1235307799,4551456423,-590882299,2021-07-29
2977,,391_455822501_CACEIS,1235307719,OB,OB,No-pair,fees,Caceis booked the fees for SD 04-14-2020. Integrata yet to book,1235307719,1235307719,4551456423,-590882299,2021-07-29
2978,,39_4551087502_CACEIS,1584326661,OB,OB,No-pair,monthend interest,Caceis booked the monthend interest for SD 11-01-2020. Integrata yet to book,1584326661,1584326661,4551456423,-590882299,2021-07-29
2979,,3_359430_CACEIS,519041994,OB,OB,No-pair,fees,Caceis booked the fees for SD 04-08-2019. Integrata yet to book,519041994,519041994,4551456423,-590882299,2021-07-29
2980,,86_4551381021_CACEIS,1979694308,OB,OB,No-pair,wire transfer,Caceis booked the wire transfer for SD 06-04-2021. Integrata yet to book,1979694308,1979694308,4551456423,-590882299,2021-07-29
2981,,38_455586694_CACEIS,876699108,OB,OB,No-pair,proceeds sell,Caceis booked the Miscellaneous for SD 10-11-2019. Integrata yet to book,876699108,876699108,4551456423,-590882299,2021-07-29
2982,,40_455808758_CACEIS,1217520406,OB,OB,No-pair,fx wire,Caceis booked the fx wire for SD 04-03-2020. Integrata yet to book,1217520406,1217520406,4551456423,-590882299,2021-07-29
2983,,172_455643841_CACEIS,975323244,OB,OB,No-pair,wire transfer,Caceis booked the wire transfer for SD 11-08-2019. Integrata yet to book,975323244,975323244,4551456423,-590882299,2021-07-29
2984,,58_455835232_CACEIS,1251293774,OB,OB,No-pair,wire transfer,Caceis booked the wire transfer for SD 04-24-2020. Integrata yet to book,1251293774,1251293774,4551456423,-590882299,2021-07-29
2985,,62_455404958_CACEIS,585162380,OB,OB,No-pair,fx wire,Caceis booked the fx wire for SD 05-15-2019. Integrata yet to book,585162380,585162380,4551456423,-590882299,2021-07-29
2986,,3_4551372778_CACEIS,1969041942,OB,OB,No-pair,fx wire,Caceis booked the fx wire for SD 05-28-2021. Integrata yet to book,1969041942,1969041942,4551456423,-590882299,2021-07-29
2987,,138_455762980_CACEIS,1156897818,OB,OB,No-pair,fx wire,Caceis booked the fx wire for SD 02-28-2020. Integrata yet to book,1156897818,1156897818,4551456423,-590882299,2021-07-29
2988,,11_4551048988_CACEIS,1533696941,OB,OB,No-pair,fx wire,Caceis booked the fx wire for SD 10-02-2020. Integrata yet to book,1533696941,1533696941,4551456423,-590882299,2021-07-29
2989,,220_455643841_CACEIS,975323292,OB,OB,No-pair,wire transfer,Caceis booked the Miscellaneous for SD 11-13-2019. Integrata yet to book,975323292,975323292,4551456423,-590882299,2021-07-29
2990,,19_4551334292_CACEIS,1911737180,OB,OB,No-pair,fx wire,Caceis booked the fx wire for SD 04-30-2021. Integrata yet to book,1911737180,1911737180,4551456423,-590882299,2021-07-29
2991,,21_455599601_CACEIS,898224388,OB,OB,No-pair,proceeds sell,Caceis booked the proceeds sell for SD 08-26-2019. Integrata yet to book,898224388,898224388,4551456423,-590882299,2021-07-29
2992,,547_4551109218_CACEIS,1613287095,OB,OB,No-pair,fx wire,Caceis booked the fx wire for SD 11-16-2020. Integrata yet to book,1613287095,1613287095,4551456423,-590882299,2021-07-29
2993,,608_455643841_CACEIS,975323680,OB,OB,No-pair,dividend,Caceis booked the dividend for SD 11-18-2019. Integrata yet to book,975323680,975323680,4551456423,-590882299,2021-07-29
2994,,35_333062_CACEIS,479846753,OB,OB,No-pair,fx wire,Caceis booked the fx wire for SD 03-15-2019. Integrata yet to book,479846753,479846753,4551456423,-590882299,2021-07-29
2995,,14_455753887_CACEIS,1143364752,OB,OB,No-pair,fx wire,Caceis booked the fx wire for SD 02-21-2020. Integrata yet to book,1143364752,1143364752,4551456423,-590882299,2021-07-29
2996,,88_4551232906_CACEIS,1780156587,OB,OB,No-pair,fx wire,Caceis booked the fx wire for SD 02-16-2021. Integrata yet to book,1780156587,1780156587,4551456423,-590882299,2021-07-29
2997,,224_455783582_CACEIS,1185159487,OB,OB,No-pair,fx wire,Caceis booked the fx wire for SD 03-16-2020. Integrata yet to book,1185159487,1185159487,4551456423,-590882299,2021-07-29
2998,,774_4551232906_CACEIS,1780157065,OB,OB,No-pair,fx wire,Caceis booked the fx wire for SD 02-16-2021. Integrata yet to book,1780157065,1780157065,4551456423,-590882299,2021-07-29
2999,,248_4551436806_CACEIS,2049885920,OB,OB,No-pair,proceeds sell,Caceis booked the Miscellaneous for SD 07-15-2021. Integrata yet to book,2049885920,2049885920,4551456423,-590882299,2021-07-29
3000,,15_4551334292_CACEIS,1911737221,OB,OB,No-pair,fx wire,Caceis booked the fx wire for SD 04-30-2021. Integrata yet to book,1911737221,1911737221,4551456423,-590882299,2021-07-29
3001,,83_455985296_CACEIS,1449581783,OB,OB,No-pair,fx wire,Caceis booked the fx wire for SD 08-17-2020. Integrata yet to book,1449581783,1449581783,4551456423,-590882299,2021-07-29
3002,,41_4551388882_CACEIS,1989667614,OB,OB,No-pair,wire transfer,Caceis booked the wire transfer for SD 06-09-2021. Integrata yet to book,1989667614,1989667614,4551456423,-590882299,2021-07-29
3003,,39_4551044906_CACEIS,1528403666,OB,OB,No-pair,wire transfer,Caceis booked the wire transfer for SD 09-14-2020. Integrata yet to book,1528403666,1528403666,4551456423,-590882299,2021-07-29
3004,,75_455944496_CACEIS,1396484619,OB,OB,No-pair,wire transfer,Caceis booked the wire transfer for SD 07-15-2020. Integrata yet to book,1396484619,1396484619,4551456423,-590882299,2021-07-29
3005,,495_455985296_CACEIS,1449582219,OB,OB,No-pair,wire transfer,Caceis booked the wire transfer for SD 08-17-2020. Integrata yet to book,1449582219,1449582219,4551456423,-590882299,2021-07-29
3006,,87_455663909_CACEIS,1011570642,OB,OB,No-pair,fees,Caceis booked the fees for SD 12-11-2019. Integrata yet to book,1011570642,1011570642,4551456423,-590882299,2021-07-29
3007,,3_455946289_CACEIS,1399975215,OB,OB,No-pair,wire transfer,Caceis booked the wire transfer for SD 07-20-2020. Integrata yet to book,1399975215,1399975215,4551456423,-590882299,2021-07-29
3008,,424_455783582_CACEIS,1185159690,OB,OB,No-pair,fx wire,Caceis booked the fx wire for SD 03-16-2020. Integrata yet to book,1185159690,1185159690,4551456423,-590882299,2021-07-29
3009,,30_455853613_CACEIS,1275438445,OB,OB,No-pair,fx wire,Caceis booked the fx wire for SD 05-08-2020. Integrata yet to book,1275438445,1275438445,4551456423,-590882299,2021-07-29
3010,,407_455940640_CACEIS,1391596393,OB,OB,No-pair,fx wire,Caceis booked the fx wire for SD 07-15-2020. Integrata yet to book,1391596393,1391596393,4551456423,-590882299,2021-07-29
3011,,12_4551388882_CACEIS,1989667584,OB,OB,No-pair,wire transfer,Caceis booked the wire transfer for SD 06-10-2021. Integrata yet to book,1989667584,1989667584,4551456423,-590882299,2021-07-29
3012,,154_455898221_CACEIS,1334730854,OB,OB,No-pair,wire transfer,Caceis booked the wire transfer for SD 06-12-2020. Integrata yet to book,1334730854,1334730854,4551456423,-590882299,2021-07-29
3013,,44_455920273_CACEIS,1364559761,OB,OB,No-pair,monthend interest,Caceis booked the monthend interest for SD 07-01-2020. Integrata yet to book,1364559761,1364559761,4551456423,-590882299,2021-07-29
3014,,494_4551149959_CACEIS,1667623246,OB,OB,No-pair,fx wire,Caceis booked the fx wire for SD 12-15-2020. Integrata yet to book,1667623246,1667623246,4551456423,-590882299,2021-07-29
3015,,35_455516633_CACEIS,760048515,OB,OB,No-pair,fx wire,Caceis booked the fx wire for SD 08-16-2019. Integrata yet to book,760048515,760048515,4551456423,-590882299,2021-07-29
3016,,192_4551269721_CACEIS,1827473881,OB,OB,No-pair,fx wire,Caceis booked the fx wire for SD 03-15-2021. Integrata yet to book,1827473881,1827473881,4551456423,-590882299,2021-07-29
3017,,38_4551388882_CACEIS,1989667644,OB,OB,No-pair,wire transfer,Caceis booked the wire transfer for SD 06-10-2021. Integrata yet to book,1989667644,1989667644,4551456423,-590882299,2021-07-29
3018,,45_4551394628_CACEIS,1997244653,OB,OB,No-pair,fx wire,Caceis booked the fx wire for SD 06-15-2021. Integrata yet to book,1997244653,1997244653,4551456423,-590882299,2021-07-29
3019,,68_455862625_CACEIS,1287002646,OB,OB,No-pair,fx wire,Caceis booked the fx wire for SD 05-15-2020. Integrata yet to book,1287002646,1287002646,4551456423,-590882299,2021-07-29
3020,,40_4551105378_CACEIS,1608089184,OB,OB,No-pair,wire transfer,Caceis booked the wire transfer for SD 08-05-2019. Integrata yet to book,1608089184,1608089184,4551456423,-590882299,2021-07-29
3021,,192_455590588_CACEIS,883858605,OB,OB,No-pair,fx wire,Caceis booked the fx wire for SD 10-15-2019. Integrata yet to book,883858605,883858605,4551456423,-590882299,2021-07-29
3022,,28_455516633_CACEIS,760048488,OB,OB,No-pair,fx wire,Caceis booked the fx wire for SD 08-16-2019. Integrata yet to book,760048488,760048488,4551456423,-590882299,2021-07-29
3023,,56_306589_CACEIS,433998239,OB,OB,No-pair,fx wire,Caceis booked the fx wire for SD 02-15-2019. Integrata yet to book,433998239,433998239,4551456423,-590882299,2021-07-29
3024,,21_4551029716_CACEIS,1508201950,OB,OB,No-pair,fx wire,Caceis booked the fx wire for SD 09-18-2020. Integrata yet to book,1508201950,1508201950,4551456423,-590882299,2021-07-29
3025,,9_316753_CACEIS,453176709,OB,OB,No-pair,fx wire,Caceis booked the fx wire for SD 03-01-2019. Integrata yet to book,453176709,453176709,4551456423,-590882299,2021-07-29
3026,,264_4551436806_CACEIS,2049885957,OB,OB,No-pair,fx wire,Caceis booked the fx wire for SD 07-15-2021. Integrata yet to book,2049885957,2049885957,4551456423,-590882299,2021-07-29
3027,,83_455826113_CACEIS,1239393753,OB,OB,No-pair,fees,Caceis booked the fees for SD 04-16-2020. Integrata yet to book,1239393753,1239393753,4551456423,-590882299,2021-07-29
3028,,14_4551153712_CACEIS,1672409237,OB,OB,No-pair,proceeds sell,Caceis booked the proceeds sell for SD 12-17-2020. Integrata yet to book,1672409237,1672409237,4551456423,-590882299,2021-07-29
3029,,731_455643841_CACEIS,975323803,OB,OB,No-pair,fx wire,Caceis booked the fx wire for SD 11-18-2019. Integrata yet to book,975323803,975323803,4551456423,-590882299,2021-07-29
3030,,82_4551232906_CACEIS,1780156451,OB,OB,No-pair,fx wire,Caceis booked the fx wire for SD 02-16-2021. Integrata yet to book,1780156451,1780156451,4551456423,-590882299,2021-07-29
3031,,636_4551232906_CACEIS,1780156947,OB,OB,No-pair,fx wire,Caceis booked the fx wire for SD 02-16-2021. Integrata yet to book,1780156947,1780156947,4551456423,-590882299,2021-07-29
3032,,103_455742022_CACEIS,1127725675,OB,OB,No-pair,fees,Caceis booked the fees for SD 02-12-2020. Integrata yet to book,1127725675,1127725675,4551456423,-590882299,2021-07-29
3033,,252_4551149959_CACEIS,1667622975,OB,OB,No-pair,fx wire,Caceis booked the fx wire for SD 12-15-2020. Integrata yet to book,1667622975,1667622975,4551456423,-590882299,2021-07-29
3034,,19_4551214580_CACEIS,1754128755,OB,OB,No-pair,wire transfer,Caceis booked the wire transfer for SD 02-02-2021. Integrata yet to book,1754128755,1754128755,4551456423,-590882299,2021-07-29
3035,,116_4551060531_CACEIS,1548950687,OB,OB,No-pair,wire transfer,Caceis booked the wire transfer for SD 10-12-2020. Integrata yet to book,1548950687,1548950687,4551456423,-590882299,2021-07-29
3036,,105_368123_CACEIS,532374145,OB,OB,No-pair,fx wire,Caceis booked the fx wire for SD 04-15-2019. Integrata yet to book,532374145,532374145,4551456423,-590882299,2021-07-29
3037,,474_4551191593_CACEIS,1722905537,OB,OB,No-pair,fx wire,Caceis booked the fx wire for SD 01-15-2021. Integrata yet to book,1722905537,1722905537,4551456423,-590882299,2021-07-29
3038,,209_4551248485_CACEIS,1800039512,OB,OB,No-pair,fx wire,Caceis booked the fx wire for SD 02-26-2021. Integrata yet to book,1800039512,1800039512,4551456423,-590882299,2021-07-29
3039,,106_455822501_CACEIS,1235307937,OB,OB,No-pair,fx wire,Caceis booked the fx wire for SD 04-15-2020. Integrata yet to book,1235307937,1235307937,4551456423,-590882299,2021-07-29
3040,,116_455898221_CACEIS,1334730736,OB,OB,No-pair,fees,Caceis booked the fees for SD 06-12-2020. Integrata yet to book,1334730736,1334730736,4551456423,-590882299,2021-07-29
3041,,1_4551262163_CACEIS,1817420745,OB,OB,No-pair,wire transfer,Caceis booked the wire transfer for SD 03-09-2021. Integrata yet to book,1817420745,1817420745,4551456423,-590882299,2021-07-29
3042,,10_455936750_CACEIS,1386391257,OB,OB,No-pair,wire transfer,Caceis booked the wire transfer for SD 07-13-2020. Integrata yet to book,1386391257,1386391257,4551456423,-590882299,2021-07-29
3043,,59_455898221_CACEIS,1334730900,OB,OB,No-pair,fees,Caceis booked the fees for SD 06-12-2020. Integrata yet to book,1334730900,1334730900,4551456423,-590882299,2021-07-29
3044,,80_455783582_CACEIS,1185159241,OB,OB,No-pair,fx wire,Caceis booked the fx wire for SD 03-16-2020. Integrata yet to book,1185159241,1185159241,4551456423,-590882299,2021-07-29
3045,,379_4551066313_CACEIS,1556876604,OB,OB,No-pair,fx wire,Caceis booked the fx wire for SD 10-15-2020. Integrata yet to book,1556876604,1556876604,4551456423,-590882299,2021-07-29
3046,,85_4551097416_CACEIS,1597270263,OB,OB,No-pair,fx wire,Caceis booked the fx wire for SD 11-06-2020. Integrata yet to book,1597270263,1597270263,4551456423,-590882299,2021-07-29
3047,,14_455533322_CACEIS,787871335,OB,OB,No-pair,fx wire,Caceis booked the fx wire for SD 08-30-2019. Integrata yet to book,787871335,787871335,4551456423,-590882299,2021-07-29
3048,,413_4551066313_CACEIS,1556876761,OB,OB,No-pair,fx wire,Caceis booked the fx wire for SD 10-15-2020. Integrata yet to book,1556876761,1556876761,4551456423,-590882299,2021-07-29
3049,,14_455916649_CACEIS,1359361384,OB,OB,No-pair,fx wire,Caceis booked the fx wire for SD 06-26-2020. Integrata yet to book,1359361384,1359361384,4551456423,-590882299,2021-07-29
3050,,488_4551149959_CACEIS,1667623215,OB,OB,No-pair,fx wire,Caceis booked the fx wire for SD 12-15-2020. Integrata yet to book,1667623215,1667623215,4551456423,-590882299,2021-07-29
3051,,9_455916649_CACEIS,1359361370,OB,OB,No-pair,fx wire,Caceis booked the fx wire for SD 06-26-2020. Integrata yet to book,1359361370,1359361370,4551456423,-590882299,2021-07-29
3052,,15_455896330_CACEIS,1332271853,OB,OB,No-pair,fees,Caceis booked the fees for SD 06-10-2020. Integrata yet to book,1332271853,1332271853,4551456423,-590882299,2021-07-29
3053,,666_4551232906_CACEIS,1780156963,OB,OB,No-pair,fx wire,Caceis booked the fx wire for SD 02-16-2021. Integrata yet to book,1780156963,1780156963,4551456423,-590882299,2021-07-29
3054,,57_455476582_CACEIS,691189027,OB,OB,No-pair,fx wire,Caceis booked the fx wire for SD 07-16-2019. Integrata yet to book,691189027,691189027,4551456423,-590882299,2021-07-29
3055,,83_455706635_CACEIS,1081907281,OB,OB,No-pair,fx wire,Caceis booked the fx wire for SD 01-15-2020. Integrata yet to book,1081907281,1081907281,4551456423,-590882299,2021-07-29
3056,,11_455914788_CACEIS,1356802612,OB,OB,No-pair,wire transfer,Caceis booked the wire transfer for SD 06-24-2020. Integrata yet to book,1356802612,1356802612,4551456423,-590882299,2021-07-29
3057,,11_455874345_CACEIS,1302176819,OB,OB,No-pair,fx wire,Caceis booked the fx wire for SD 05-26-2020. Integrata yet to book,1302176819,1302176819,4551456423,-590882299,2021-07-29
3058,,167_455898221_CACEIS,1334730756,OB,OB,No-pair,wire transfer,Caceis booked the wire transfer for SD 06-12-2020. Integrata yet to book,1334730756,1334730756,4551456423,-590882299,2021-07-29
3059,,129_4551144082_CACEIS,1659707101,OB,OB,No-pair,fees,Caceis booked the fees for SD 12-10-2020. Integrata yet to book,1659707101,1659707101,4551456423,-590882299,2021-07-29
3060,,210_4551023983_CACEIS,1500213933,OB,OB,No-pair,fx wire,Caceis booked the fx wire for SD 09-15-2020. Integrata yet to book,1500213933,1500213933,4551456423,-590882299,2021-07-29
3061,,344_455862625_CACEIS,1287003230,OB,OB,No-pair,fx wire,Caceis booked the fx wire for SD 05-15-2020. Integrata yet to book,1287003230,1287003230,4551456423,-590882299,2021-07-29
3062,,1_455849872_CACEIS,1270411925,OB,OB,No-pair,wire transfer,Caceis booked the wire transfer for SD 05-06-2020. Integrata yet to book,1270411925,1270411925,4551456423,-590882299,2021-07-29
3063,,415_4551023983_CACEIS,1500214129,OB,OB,No-pair,fx wire,Caceis booked the fx wire for SD 09-15-2020. Integrata yet to book,1500214129,1500214129,4551456423,-590882299,2021-07-29
3064,,30_4551242873_CACEIS,1793109162,OB,OB,No-pair,wire transfer,Caceis booked the wire transfer for SD 02-21-2021. Integrata yet to book,1793109162,1793109162,4551456423,-590882299,2021-07-29
3065,,33_455853613_CACEIS,1275438458,OB,OB,No-pair,fx wire,Caceis booked the fx wire for SD 05-08-2020. Integrata yet to book,1275438458,1275438458,4551456423,-590882299,2021-07-29
3066,,18_455585083_CACEIS,874262515,OB,OB,No-pair,wire transfer,Caceis booked the wire transfer for SD 10-10-2019. Integrata yet to book,874262515,874262515,4551456423,-590882299,2021-07-29
3067,,599_4551232906_CACEIS,1780157061,OB,OB,No-pair,fx wire,Caceis booked the fx wire for SD 02-16-2021. Integrata yet to book,1780157061,1780157061,4551456423,-590882299,2021-07-29
3068,,36_455742022_CACEIS,1127725770,OB,OB,No-pair,fees,Caceis booked the fees for SD 02-12-2020. Integrata yet to book,1127725770,1127725770,4551456423,-590882299,2021-07-29
3069,,20_455585083_CACEIS,874262516,OB,OB,No-pair,wire transfer,Caceis booked the wire transfer for SD 10-10-2019. Integrata yet to book,874262516,874262516,4551456423,-590882299,2021-07-29
3070,,1_455649350_CACEIS,985331619,OB,OB,No-pair,monthend interest,Caceis booked the monthend interest for SD 12-01-2019. Integrata yet to book,985331619,985331619,4551456423,-590882299,2021-07-29
3071,,361_4551232906_CACEIS,1780156703,OB,OB,No-pair,fx wire,Caceis booked the fx wire for SD 02-16-2021. Integrata yet to book,1780156703,1780156703,4551456423,-590882299,2021-07-29
3072,,14_4551254304_CACEIS,1807385715,OB,OB,No-pair,wire transfer,Caceis booked the wire transfer for SD 03-01-2021. Integrata yet to book,1807385715,1807385715,4551456423,-590882299,2021-07-29
3073,,481_4551109218_CACEIS,1613287144,OB,OB,No-pair,fx wire,Caceis booked the fx wire for SD 11-16-2020. Integrata yet to book,1613287144,1613287144,4551456423,-590882299,2021-07-29
3074,,68_4551105378_CACEIS,1608089272,OB,OB,No-pair,wire transfer,Caceis booked the wire transfer for SD 11-12-2020. Integrata yet to book,1608089272,1608089272,4551456423,-590882299,2021-07-29
3075,,12_4551188298_CACEIS,1718045065,OB,OB,No-pair,wire transfer,Caceis booked the wire transfer for SD 01-13-2021. Integrata yet to book,1718045065,1718045065,4551456423,-590882299,2021-07-29
3076,,103_4551105378_CACEIS,1608089250,OB,OB,No-pair,wire transfer,Caceis booked the wire transfer for SD 11-12-2020. Integrata yet to book,1608089250,1608089250,4551456423,-590882299,2021-07-29
3077,,62_4551105378_CACEIS,1608089196,OB,OB,No-pair,wire transfer,Caceis booked the wire transfer for SD 11-12-2020. Integrata yet to book,1608089196,1608089196,4551456423,-590882299,2021-07-29
3078,,44_4551388882_CACEIS,1989667619,OB,OB,No-pair,wire transfer,Caceis booked the wire transfer for SD 06-10-2021. Integrata yet to book,1989667619,1989667619,4551456423,-590882299,2021-07-29
3079,,132_4551232906_CACEIS,1780156418,OB,OB,No-pair,fx wire,Caceis booked the fx wire for SD 02-16-2021. Integrata yet to book,1780156418,1780156418,4551456423,-590882299,2021-07-29
3080,,1_4551271705_CACEIS,1830184039,OB,OB,No-pair,wire transfer,Caceis booked the wire transfer for SD 03-16-2021. Integrata yet to book,1830184039,1830184039,4551456423,-590882299,2021-07-29
3081,,24_455920273_CACEIS,1364559743,OB,OB,No-pair,monthend interest,Caceis booked the monthend interest for SD 07-01-2020. Integrata yet to book,1364559743,1364559743,4551456423,-590882299,2021-07-29
3082,,3_455688261_CACEIS,1053516672,OB,OB,No-pair,fx wire,Caceis booked the fx wire for SD 12-31-2019. Integrata yet to book,1053516672,1053516672,4551456423,-590882299,2021-07-29
3083,,80_4551381021_CACEIS,1979694304,OB,OB,No-pair,fx wire,Caceis booked the fx wire for SD 06-04-2021. Integrata yet to book,1979694304,1979694304,4551456423,-590882299,2021-07-29
3084,,199_455762980_CACEIS,1156897836,OB,OB,No-pair,monthend interest,Caceis booked the monthend interest for SD 03-01-2020. Integrata yet to book,1156897836,1156897836,4551456423,-590882299,2021-07-29
3085,,20_455742022_CACEIS,1127725710,OB,OB,No-pair,fees,Caceis booked the fees for SD 02-12-2020. Integrata yet to book,1127725710,1127725710,4551456423,-590882299,2021-07-29
3086,,990_455643841_CACEIS,975324062,OB,OB,No-pair,fees,Caceis booked the fees for SD 11-13-2019. Integrata yet to book,975324062,975324062,4551456423,-590882299,2021-07-29
3087,,9_4551438780_CACEIS,2052260383,OB,OB,No-pair,fx wire,Caceis booked the fx wire for SD 07-16-2021. Integrata yet to book,2052260383,2052260383,4551456423,-590882299,2021-07-29
3088,,463_4551066313_CACEIS,1556876760,OB,OB,No-pair,fx wire,Caceis booked the fx wire for SD 10-15-2020. Integrata yet to book,1556876760,1556876760,4551456423,-590882299,2021-07-29
3089,,66_455516633_CACEIS,760048485,OB,OB,No-pair,fx wire,Caceis booked the fx wire for SD 08-16-2019. Integrata yet to book,760048485,760048485,4551456423,-590882299,2021-07-29
3090,,49_306589_CACEIS,433998212,OB,OB,No-pair,fx wire,Caceis booked the fx wire for SD 02-15-2019. Integrata yet to book,433998212,433998212,4551456423,-590882299,2021-07-29
3091,,248_4551149959_CACEIS,1667622811,OB,OB,No-pair,wire transfer,Caceis booked the wire transfer for SD 12-15-2020. Integrata yet to book,1667622811,1667622811,4551456423,-590882299,2021-07-29
3092,,32_455701234_CACEIS,1075203698,OB,OB,No-pair,proceeds sell,Caceis booked the proceeds sell for SD 01-10-2020. Integrata yet to book,1075203698,1075203698,4551456423,-590882299,2021-07-29
3093,,2_455688261_CACEIS,1053516650,OB,OB,No-pair,monthend interest,Caceis booked the monthend interest for SD 01-01-2020. Integrata yet to book,1053516650,1053516650,4551456423,-590882299,2021-07-29
3094,,11_455782293_CACEIS,1183563018,OB,OB,No-pair,wire transfer,Caceis booked the wire transfer for SD 03-13-2020. Integrata yet to book,1183563018,1183563018,4551456423,-590882299,2021-07-29
3095,,228_4551394628_CACEIS,1997244681,OB,OB,No-pair,fx wire,Caceis booked the fx wire for SD 06-15-2021. Integrata yet to book,1997244681,1997244681,4551456423,-590882299,2021-07-29
3096,,97_455985296_CACEIS,1449581833,OB,OB,No-pair,fx wire,Caceis booked the fx wire for SD 08-17-2020. Integrata yet to book,1449581833,1449581833,4551456423,-590882299,2021-07-29
3097,,173_455898221_CACEIS,1334730790,OB,OB,No-pair,wire transfer,Caceis booked the wire transfer for SD 06-12-2020. Integrata yet to book,1334730790,1334730790,4551456423,-590882299,2021-07-29
3098,,10_455794205_CACEIS,1198314312,OB,OB,No-pair,wire transfer,Caceis booked the wire transfer for SD 03-24-2020. Integrata yet to book,1198314312,1198314312,4551456423,-590882299,2021-07-29
3099,,239_4551269721_CACEIS,1827474000,OB,OB,No-pair,fx wire,Caceis booked the fx wire for SD 03-15-2021. Integrata yet to book,1827474000,1827474000,4551456423,-590882299,2021-07-29
3100,,32_4551430779_CACEIS,2043021926,OB,OB,No-pair,fees,Caceis booked the fees for SD 07-12-2021. Integrata yet to book,2043021926,2043021926,4551456423,-590882299,2021-07-29
3101,,11_4551381021_CACEIS,1979694281,OB,OB,No-pair,fx wire,Caceis booked the fx wire for SD 06-04-2021. Integrata yet to book,1979694281,1979694281,4551456423,-590882299,2021-07-29
3102,,343_455590588_CACEIS,883858615,OB,OB,No-pair,fx wire,Caceis booked the fx wire for SD 10-15-2019. Integrata yet to book,883858615,883858615,4551456423,-590882299,2021-07-29
3103,,342_455822501_CACEIS,1235308230,OB,OB,No-pair,fx wire,Caceis booked the fx wire for SD 04-15-2020. Integrata yet to book,1235308230,1235308230,4551456423,-590882299,2021-07-29
3104,,26_4551087502_CACEIS,1584326609,OB,OB,No-pair,monthend interest,Caceis booked the monthend interest for SD 11-01-2020. Integrata yet to book,1584326609,1584326609,4551456423,-590882299,2021-07-29
3105,,82_4551388882_CACEIS,1989667593,OB,OB,No-pair,fees,Caceis booked the fees for SD 06-10-2021. Integrata yet to book,1989667593,1989667593,4551456423,-590882299,2021-07-29
3106,,67_4551220415_CACEIS,1761956310,OB,OB,No-pair,wire transfer,Caceis booked the wire transfer for SD 02-05-2021. Integrata yet to book,1761956310,1761956310,4551456423,-590882299,2021-07-29
3107,,215_4551149959_CACEIS,1667623066,OB,OB,No-pair,wire transfer,Caceis booked the wire transfer for SD 12-15-2020. Integrata yet to book,1667623066,1667623066,4551456423,-590882299,2021-07-29
3108,,2_4551448516_CACEIS,2064090587,OB,OB,No-pair,fx wire,Caceis booked the fx wire for SD 07-23-2021. Integrata yet to book,2064090587,2064090587,4551456423,-590882299,2021-07-29
3109,,18_4551087502_CACEIS,1584326657,OB,OB,No-pair,monthend interest,Caceis booked the monthend interest for SD 10-30-2020. Integrata yet to book,1584326657,1584326657,4551456423,-590882299,2021-07-29
3110,,5_4551039598_CACEIS,1521245909,OB,OB,No-pair,wire transfer,Caceis booked the wire transfer for SD 09-25-2020. Integrata yet to book,1521245909,1521245909,4551456423,-590882299,2021-07-29
3111,,405_455862625_CACEIS,1287003691,OB,OB,No-pair,fx wire,Caceis booked the fx wire for SD 05-15-2020. Integrata yet to book,1287003691,1287003691,4551456423,-590882299,2021-07-29
3112,,332_455900053_CACEIS,1336713711,OB,OB,No-pair,fx wire,Caceis booked the fx wire for SD 06-15-2020. Integrata yet to book,1336713711,1336713711,4551456423,-590882299,2021-07-29
3113,,764_455822501_CACEIS,1235308653,OB,OB,No-pair,fx wire,Caceis booked the fx wire for SD 04-15-2020. Integrata yet to book,1235308653,1235308653,4551456423,-590882299,2021-07-29
3114,,180_4551269721_CACEIS,1827473844,OB,OB,No-pair,fx wire,Caceis booked the fx wire for SD 03-15-2021. Integrata yet to book,1827473844,1827473844,4551456423,-590882299,2021-07-29
3115,16_4551408153_Integrata,,2013693284,OB,OB,No-pair,proceeds sell,Integrata booked the Net Sub/Red for SD 06-24-2021.Caceis yet to book.,2013693284,2013693284,4551456423,-590882299,2021-07-29
3116,160_4551427001_Integrata,,2037990832,OB,OB,No-pair,proceeds sell,Integrata booked the Net Sub/Red for SD 07-08-2021.Caceis yet to book.,2037990832,2037990832,4551456423,-590882299,2021-07-29
3117,1_455621635_Integrata,,938255891,OB,OB,No-pair,wire transfer,Integrata booked the subscription for SD 11-07-2019.Caceis yet to book.,938255891,938255891,4551456423,-590882299,2021-07-29
3118,2_4551322707_Integrata,,1895726827,OB,OB,No-pair,proceeds sell,Integrata booked the Net Sub/Red for SD 04-22-2021.Caceis yet to book.,1895726827,1895726827,4551456423,-590882299,2021-07-29
3119,,122_455718167_CACEIS,1096511784,OB,OB,No-pair,fx wire,Caceis booked the fx wire for SD 01-24-2020. Integrata yet to book,1096511784,1096511784,4551456423,-590882299,2021-07-29
3120,,20_455643841_CACEIS,975323092,OB,OB,No-pair,wire transfer,Caceis booked the wire transfer for SD 10-31-2019. Integrata yet to book,975323092,975323092,4551456423,-590882299,2021-07-29
3121,8_455603182_Integrata,,904027262,OB,OB,No-pair,wire transfer,Integrata booked the Net Sub/Red for SD 10-24-2019.Caceis yet to book.,904027262,904027262,4551456423,-590882299,2021-07-29
3122,3_4551456423_Integrata,,2074469230,OB,OB,No-pair,redemption,Integrata booked the redemption for SD 07-29-2021.Caceis yet to book.,2074469230,2074469230,4551456423,-590882299,2021-07-29
3123,,165_4551232906_CACEIS,1780156486,OB,OB,No-pair,fx wire,Caceis booked the fx wire for SD 02-16-2021. Integrata yet to book,1780156486,1780156486,4551456423,-590882299,2021-07-29
3124,,27_4551157661_CACEIS,1677770277,OB,OB,No-pair,proceeds sell,Caceis booked the proceeds sell for SD 12-21-2020. Integrata yet to book,1677770277,1677770277,4551456423,-590882299,2021-07-29
3125,,10_455509747_CACEIS,748668186,OB,OB,No-pair,fees,Caceis booked the fees for SD 08-12-2019. Integrata yet to book,748668186,748668186,4551456423,-590882299,2021-07-29
3126,12_455842390_Integrata,,1260634945,OB,OB,No-pair,wire transfer,Integrata booked the Net Sub/Red for SD 04-30-2020.Caceis yet to book.,1260634945,1260634945,4551456423,-590882299,2021-07-29
3127,,152_455590588_CACEIS,883858506,OB,OB,No-pair,proceeds sell,Caceis booked the proceeds sell for SD 10-15-2019. Integrata yet to book,883858506,883858506,4551456423,-590882299,2021-07-29
3128,,249_4551354754_CACEIS,1942399624,OB,OB,No-pair,fx wire,Caceis booked the fx wire for SD 05-17-2021. Integrata yet to book,1942399624,1942399624,4551456423,-590882299,2021-07-29
3129,,531_455900053_CACEIS,1336713903,OB,OB,No-pair,fx wire,Caceis booked the fx wire for SD 06-15-2020. Integrata yet to book,1336713903,1336713903,4551456423,-590882299,2021-07-29
3130,,44_455808758_CACEIS,1217520457,OB,OB,No-pair,fx wire,Caceis booked the fx wire for SD 04-03-2020. Integrata yet to book,1217520457,1217520457,4551456423,-590882299,2021-07-29
3131,,15_4551258322_CACEIS,1812652688,OB,OB,No-pair,fx wire,Caceis booked the fx wire for SD 03-05-2021. Integrata yet to book,1812652688,1812652688,4551456423,-590882299,2021-07-29
3132,,818_455822501_CACEIS,1235308755,OB,OB,No-pair,fx wire,Caceis booked the fx wire for SD 04-15-2020. Integrata yet to book,1235308755,1235308755,4551456423,-590882299,2021-07-29
3133,,49_4551354754_CACEIS,1942399463,OB,OB,No-pair,fx wire,Caceis booked the fx wire for SD 05-17-2021. Integrata yet to book,1942399463,1942399463,4551456423,-590882299,2021-07-29
3134,,18_455864447_CACEIS,1289293344,OB,OB,No-pair,wire transfer,Caceis booked the wire transfer for SD 05-18-2020. Integrata yet to book,1289293344,1289293344,4551456423,-590882299,2021-07-29
3135,,448_455822501_CACEIS,1235308341,OB,OB,No-pair,fx wire,Caceis booked the fx wire for SD 04-15-2020. Integrata yet to book,1235308341,1235308341,4551456423,-590882299,2021-07-29
3136,,11_4551060531_CACEIS,1548950657,OB,OB,No-pair,fees,Caceis booked the fees for SD 10-12-2020. Integrata yet to book,1548950657,1548950657,4551456423,-590882299,2021-07-29
3137,,14_4551060531_CACEIS,1548950678,OB,OB,No-pair,fees,Caceis booked the fees for SD 10-12-2020. Integrata yet to book,1548950678,1548950678,4551456423,-590882299,2021-07-29
3138,,33_4551060531_CACEIS,1548950762,OB,OB,No-pair,fees,Caceis booked the fees for SD 10-12-2020. Integrata yet to book,1548950762,1548950762,4551456423,-590882299,2021-07-29
3139,,68_4551254304_CACEIS,1807385728,OB,OB,No-pair,wire transfer,Caceis booked the wire transfer for SD 03-02-2021. Integrata yet to book,1807385728,1807385728,4551456423,-590882299,2021-07-29
3140,,17_4551044906_CACEIS,1528403663,OB,OB,No-pair,wire transfer,Caceis booked the wire transfer for SD 09-21-2020. Integrata yet to book,1528403663,1528403663,4551456423,-590882299,2021-07-29
3141,,57_455985296_CACEIS,1449581815,OB,OB,No-pair,fx wire,Caceis booked the fx wire for SD 08-17-2020. Integrata yet to book,1449581815,1449581815,4551456423,-590882299,2021-07-29
3142,,493_455822501_CACEIS,1235307858,OB,OB,No-pair,fees,Caceis booked the fees for SD 04-14-2020. Integrata yet to book,1235307858,1235307858,4551456423,-590882299,2021-07-29
3143,,322_455822501_CACEIS,1235308233,OB,OB,No-pair,fees,Caceis booked the fees for SD 04-14-2020. Integrata yet to book,1235308233,1235308233,4551456423,-590882299,2021-07-29
3144,,13_455864447_CACEIS,1289293335,OB,OB,No-pair,wire transfer,Caceis booked the wire transfer for SD 04-16-2020. Integrata yet to book,1289293335,1289293335,4551456423,-590882299,2021-07-29
3145,,6_455667500_CACEIS,1017540697,OB,OB,No-pair,fees,Caceis booked the fees for SD 12-12-2019. Integrata yet to book,1017540697,1017540697,4551456423,-590882299,2021-07-29
3146,,6_455752143_CACEIS,1141004393,OB,OB,No-pair,wire transfer,Caceis booked the wire transfer for SD 02-20-2020. Integrata yet to book,1141004393,1141004393,4551456423,-590882299,2021-07-29
3147,,760_455862625_CACEIS,1287004994,OB,OB,No-pair,fx wire,Caceis booked the fx wire for SD 05-15-2020. Integrata yet to book,1287004994,1287004994,4551456423,-590882299,2021-07-29
3148,,7_455693832_CACEIS,1063035173,OB,OB,No-pair,fx wire,Caceis booked the fx wire for SD 01-06-2020. Integrata yet to book,1063035173,1063035173,4551456423,-590882299,2021-07-29
3149,,787_4551232906_CACEIS,1780156946,OB,OB,No-pair,fx wire,Caceis booked the fx wire for SD 02-16-2021. Integrata yet to book,1780156946,1780156946,4551456423,-590882299,2021-07-29
3150,,475_4551149959_CACEIS,1667623363,OB,OB,No-pair,fx wire,Caceis booked the fx wire for SD 12-15-2020. Integrata yet to book,1667623363,1667623363,4551456423,-590882299,2021-07-29
3151,,62_4551388882_CACEIS,1989667566,OB,OB,No-pair,wire transfer,Caceis booked the wire transfer for SD 06-10-2021. Integrata yet to book,1989667566,1989667566,4551456423,-590882299,2021-07-29
3152,,50_4551020261_CACEIS,1495478295,OB,OB,No-pair,fx wire,Caceis booked the fx wire for SD 09-11-2020. Integrata yet to book,1495478295,1495478295,4551456423,-590882299,2021-07-29
3153,,763_455822501_CACEIS,1235308761,OB,OB,No-pair,fx wire,Caceis booked the fx wire for SD 04-15-2020. Integrata yet to book,1235308761,1235308761,4551456423,-590882299,2021-07-29
3154,,80_455808758_CACEIS,1217520447,OB,OB,No-pair,fx wire,Caceis booked the fx wire for SD 04-03-2020. Integrata yet to book,1217520447,1217520447,4551456423,-590882299,2021-07-29
3155,,167_4551191593_CACEIS,1722905205,OB,OB,No-pair,fx wire,Caceis booked the fx wire for SD 01-15-2021. Integrata yet to book,1722905205,1722905205,4551456423,-590882299,2021-07-29
3156,,42_4551155693_CACEIS,1675163268,OB,OB,No-pair,fx wire,Caceis booked the fx wire for SD 12-18-2020. Integrata yet to book,1675163268,1675163268,4551456423,-590882299,2021-07-29
3157,,181_4551210754_CACEIS,1748958330,OB,OB,No-pair,fx wire,Caceis booked the fx wire for SD 01-29-2021. Integrata yet to book,1748958330,1748958330,4551456423,-590882299,2021-07-29
3158,,18_455914788_CACEIS,1356802618,OB,OB,No-pair,proceeds sell,Caceis booked the proceeds sell for SD 06-25-2020. Integrata yet to book,1356802618,1356802618,4551456423,-590882299,2021-07-29
3159,,27_4551362459_CACEIS,1953424892,OB,OB,No-pair,proceeds sell,Caceis booked the Miscellaneous for SD 05-21-2021. Integrata yet to book,1953424892,1953424892,4551456423,-590882299,2021-07-29
3160,,34_307472_CACEIS,436148276,OB,OB,No-pair,wire transfer,Caceis booked the wire transfer for SD 02-13-2019. Integrata yet to book,436148276,436148276,4551456423,-590882299,2021-07-29
3161,,9_455909302_CACEIS,1349421687,OB,OB,No-pair,wire transfer,Caceis booked the subscription for SD 06-22-2020. Integrata yet to book,1349421687,1349421687,4551456423,-590882299,2021-07-29
3162,,25_455701234_CACEIS,1075203679,OB,OB,No-pair,proceeds sell,Caceis booked the proceeds sell for SD 01-10-2020. Integrata yet to book,1075203679,1075203679,4551456423,-590882299,2021-07-29
3163,,37_455709628_CACEIS,1085770945,OB,OB,No-pair,fx wire,Caceis booked the fx wire for SD 01-17-2020. Integrata yet to book,1085770945,1085770945,4551456423,-590882299,2021-07-29
3164,,52_455643841_CACEIS,975323124,OB,OB,No-pair,fx wire,Caceis booked the fx wire for SD 11-01-2019. Integrata yet to book,975323124,975323124,4551456423,-590882299,2021-07-29
3165,,468_4551149959_CACEIS,1667623283,OB,OB,No-pair,fx wire,Caceis booked the fx wire for SD 12-15-2020. Integrata yet to book,1667623283,1667623283,4551456423,-590882299,2021-07-29
3166,,102_455442954_CACEIS,637183926,OB,OB,No-pair,fx wire,Caceis booked the fx wire for SD 06-17-2019. Integrata yet to book,637183926,637183926,4551456423,-590882299,2021-07-29
3167,,45_4551201062_CACEIS,1734565926,OB,OB,No-pair,proceeds sell,Caceis booked the proceeds sell for SD 01-19-2021. Integrata yet to book,1734565926,1734565926,4551456423,-590882299,2021-07-29
3168,,8_455803095_CACEIS,1210223513,OB,OB,No-pair,monthend interest,Caceis booked the monthend interest for SD 04-01-2020. Integrata yet to book,1210223513,1210223513,4551456423,-590882299,2021-07-29
3169,,638_455643841_CACEIS,975323710,OB,OB,No-pair,corporate action,Caceis booked the corporate action for SD 11-18-2019. Integrata yet to book,975323710,975323710,4551456423,-590882299,2021-07-29
3170,,142_4551436806_CACEIS,2049885866,OB,OB,No-pair,fx wire,Caceis booked the fx wire for SD 07-15-2021. Integrata yet to book,2049885866,2049885866,4551456423,-590882299,2021-07-29
3171,,44_4551394628_CACEIS,1997244632,OB,OB,No-pair,fx wire,Caceis booked the fx wire for SD 06-15-2021. Integrata yet to book,1997244632,1997244632,4551456423,-590882299,2021-07-29
3172,,23_4551205068_CACEIS,1740582740,OB,OB,No-pair,wire transfer,Caceis booked the wire transfer for SD 01-26-2021. Integrata yet to book,1740582740,1740582740,4551456423,-590882299,2021-07-29
3173,,789_455862625_CACEIS,1287002744,OB,OB,No-pair,fees,Caceis booked the fees for SD 05-13-2020. Integrata yet to book,1287002744,1287002744,4551456423,-590882299,2021-07-29
3174,,402_455940640_CACEIS,1391596332,OB,OB,No-pair,fx wire,Caceis booked the fx wire for SD 07-15-2020. Integrata yet to book,1391596332,1391596332,4551456423,-590882299,2021-07-29
3175,,58_4551058652_CACEIS,1546340338,OB,OB,No-pair,fx wire,Caceis booked the fx wire for SD 10-09-2020. Integrata yet to book,1546340338,1546340338,4551456423,-590882299,2021-07-29
3176,,6_4551318931_CACEIS,1890812363,OB,OB,No-pair,wire transfer,Caceis booked the wire transfer for SD 04-20-2021. Integrata yet to book,1890812363,1890812363,4551456423,-590882299,2021-07-29
3177,,315_455590588_CACEIS,883858528,OB,OB,No-pair,fx wire,Caceis booked the fx wire for SD 10-15-2019. Integrata yet to book,883858528,883858528,4551456423,-590882299,2021-07-29
3178,,199_455985296_CACEIS,1449582005,OB,OB,No-pair,fx wire,Caceis booked the fx wire for SD 08-17-2020. Integrata yet to book,1449582005,1449582005,4551456423,-590882299,2021-07-29
3179,,207_455643841_CACEIS,975323279,OB,OB,No-pair,dividend,Caceis booked the dividend for SD 11-08-2019. Integrata yet to book,975323279,975323279,4551456423,-590882299,2021-07-29
3180,,91_455663909_CACEIS,1011570609,OB,OB,No-pair,fees,Caceis booked the fees for SD 12-11-2019. Integrata yet to book,1011570609,1011570609,4551456423,-590882299,2021-07-29
3181,,16_455509747_CACEIS,748668192,OB,OB,No-pair,fees,Caceis booked the fees for SD 08-12-2019. Integrata yet to book,748668192,748668192,4551456423,-590882299,2021-07-29
3182,,88_455663909_CACEIS,1011570651,OB,OB,No-pair,fees,Caceis booked the fees for SD 12-11-2019. Integrata yet to book,1011570651,1011570651,4551456423,-590882299,2021-07-29
3183,,321_4551149959_CACEIS,1667623123,OB,OB,No-pair,fx wire,Caceis booked the fx wire for SD 12-15-2020. Integrata yet to book,1667623123,1667623123,4551456423,-590882299,2021-07-29
3184,,14_4551352893_CACEIS,1939816944,OB,OB,No-pair,wire transfer,Caceis booked the wire transfer for SD 05-13-2021. Integrata yet to book,1939816944,1939816944,4551456423,-590882299,2021-07-29
3185,,513_455822501_CACEIS,1235308169,OB,OB,No-pair,fx wire,Caceis booked the fx wire for SD 04-15-2020. Integrata yet to book,1235308169,1235308169,4551456423,-590882299,2021-07-29
3186,,544_4551149959_CACEIS,1667623228,OB,OB,No-pair,fx wire,Caceis booked the fx wire for SD 12-15-2020. Integrata yet to book,1667623228,1667623228,4551456423,-590882299,2021-07-29
3187,,40_4551388882_CACEIS,1989667650,OB,OB,No-pair,wire transfer,Caceis booked the wire transfer for SD 06-10-2021. Integrata yet to book,1989667650,1989667650,4551456423,-590882299,2021-07-29
3188,,21_4551388882_CACEIS,1989667603,OB,OB,No-pair,wire transfer,Caceis booked the wire transfer for SD 06-10-2021. Integrata yet to book,1989667603,1989667603,4551456423,-590882299,2021-07-29
3189,,83_4551394628_CACEIS,1997244550,OB,OB,No-pair,fx wire,Caceis booked the fx wire for SD 06-15-2021. Integrata yet to book,1997244550,1997244550,4551456423,-590882299,2021-07-29
3190,,1_347548_CACEIS,501153446,OB,OB,No-pair,wire transfer,Caceis booked the wire transfer for SD 03-28-2019. Integrata yet to book,501153446,501153446,4551456423,-590882299,2021-07-29
3191,,63_455753887_CACEIS,1143364805,OB,OB,No-pair,fx wire,Caceis booked the fx wire for SD 02-21-2020. Integrata yet to book,1143364805,1143364805,4551456423,-590882299,2021-07-29
3192,,30_4551254304_CACEIS,1807385765,OB,OB,No-pair,wire transfer,Caceis booked the wire transfer for SD 03-02-2021. Integrata yet to book,1807385765,1807385765,4551456423,-590882299,2021-07-29
3193,,439_4551066313_CACEIS,1556876724,OB,OB,No-pair,fx wire,Caceis booked the fx wire for SD 10-15-2020. Integrata yet to book,1556876724,1556876724,4551456423,-590882299,2021-07-29
3194,,11_4551003590_CACEIS,1473425974,OB,OB,No-pair,monthend interest,Caceis booked the monthend interest for SD 09-01-2020. Integrata yet to book,1473425974,1473425974,4551456423,-590882299,2021-07-29
3195,,139_4551184426_CACEIS,1712749717,OB,OB,No-pair,wire transfer,Caceis booked the wire transfer for SD 01-11-2021. Integrata yet to book,1712749717,1712749717,4551456423,-590882299,2021-07-29
3196,,25_455736646_CACEIS,1120326817,OB,OB,No-pair,wire transfer,Caceis booked the wire transfer for SD 02-05-2020. Integrata yet to book,1120326817,1120326817,4551456423,-590882299,2021-07-29
3197,,16_455649350_CACEIS,985331753,OB,OB,No-pair,monthend interest,Caceis booked the monthend interest for SD 12-01-2019. Integrata yet to book,985331753,985331753,4551456423,-590882299,2021-07-29
3198,,11_306589_CACEIS,433998175,OB,OB,No-pair,fx wire,Caceis booked the fx wire for SD 02-15-2019. Integrata yet to book,433998175,433998175,4551456423,-590882299,2021-07-29
3199,,1_455946289_CACEIS,1399975214,OB,OB,No-pair,fees,Caceis booked the fees for SD 07-20-2020. Integrata yet to book,1399975214,1399975214,4551456423,-590882299,2021-07-29
3200,,769_4551232906_CACEIS,1780157099,OB,OB,No-pair,fx wire,Caceis booked the fx wire for SD 02-16-2021. Integrata yet to book,1780157099,1780157099,4551456423,-590882299,2021-07-29
3201,,37_4551201062_CACEIS,1734565922,OB,OB,No-pair,proceeds sell,Caceis booked the proceeds sell for SD 01-19-2021. Integrata yet to book,1734565922,1734565922,4551456423,-590882299,2021-07-29
3202,,131_4551060531_CACEIS,1548950733,OB,OB,No-pair,wire transfer,Caceis booked the wire transfer for SD 10-12-2020. Integrata yet to book,1548950733,1548950733,4551456423,-590882299,2021-07-29
3203,,499_455822501_CACEIS,1235308294,OB,OB,No-pair,fx wire,Caceis booked the fx wire for SD 04-15-2020. Integrata yet to book,1235308294,1235308294,4551456423,-590882299,2021-07-29
3204,,455_4551066313_CACEIS,1556876752,OB,OB,No-pair,wire transfer,Caceis booked the wire transfer for SD 10-15-2020. Integrata yet to book,1556876752,1556876752,4551456423,-590882299,2021-07-29
3205,,1_4551444588_CACEIS,2059445491,OB,OB,No-pair,wire transfer,Caceis booked the wire transfer for SD 07-21-2021. Integrata yet to book,2059445491,2059445491,4551456423,-590882299,2021-07-29
3206,,294_455900053_CACEIS,1336713787,OB,OB,No-pair,fx wire,Caceis booked the fx wire for SD 06-15-2020. Integrata yet to book,1336713787,1336713787,4551456423,-590882299,2021-07-29
3207,,19_4551239617_CACEIS,1789074837,OB,OB,No-pair,fx wire,Caceis booked the fx wire for SD 02-19-2021. Integrata yet to book,1789074837,1789074837,4551456423,-590882299,2021-07-29
3208,,332_4551023983_CACEIS,1500214110,OB,OB,No-pair,fx wire,Caceis booked the fx wire for SD 09-15-2020. Integrata yet to book,1500214110,1500214110,4551456423,-590882299,2021-07-29
3209,,101_455663909_CACEIS,1011570630,OB,OB,No-pair,wire transfer,Caceis booked the wire transfer for SD 12-11-2019. Integrata yet to book,1011570630,1011570630,4551456423,-590882299,2021-07-29
3210,,52_455718167_CACEIS,1096511772,OB,OB,No-pair,fx wire,Caceis booked the fx wire for SD 01-24-2020. Integrata yet to book,1096511772,1096511772,4551456423,-590882299,2021-07-29
3211,,94_4551191593_CACEIS,1722905074,OB,OB,No-pair,fx wire,Caceis booked the fx wire for SD 01-15-2021. Integrata yet to book,1722905074,1722905074,4551456423,-590882299,2021-07-29
3212,,10_4551127906_CACEIS,1637981923,OB,OB,No-pair,monthend interest,Caceis booked the monthend interest for SD 12-01-2020. Integrata yet to book,1637981923,1637981923,4551456423,-590882299,2021-07-29
3213,,139_455663909_CACEIS,1011570590,OB,OB,No-pair,wire transfer,Caceis booked the wire transfer for SD 12-11-2019. Integrata yet to book,1011570590,1011570590,4551456423,-590882299,2021-07-29
3214,,19_4551087502_CACEIS,1584326664,OB,OB,No-pair,monthend interest,Caceis booked the monthend interest for SD 11-01-2020. Integrata yet to book,1584326664,1584326664,4551456423,-590882299,2021-07-29
3215,,15_260823_CACEIS,357057689,OB,OB,No-pair,fees,Caceis booked the fees for SD 01-08-2019. Integrata yet to book,357057689,357057689,4551456423,-590882299,2021-07-29
3216,,56_4551066313_CACEIS,1556876259,OB,OB,No-pair,fx wire,Caceis booked the fx wire for SD 10-15-2020. Integrata yet to book,1556876259,1556876259,4551456423,-590882299,2021-07-29
3217,,125_4551191593_CACEIS,1722905092,OB,OB,No-pair,fx wire,Caceis booked the fx wire for SD 01-15-2021. Integrata yet to book,1722905092,1722905092,4551456423,-590882299,2021-07-29
3218,,100_4551087502_CACEIS,1584326590,OB,OB,No-pair,monthend interest,Caceis booked the monthend interest for SD 11-01-2020. Integrata yet to book,1584326590,1584326590,4551456423,-590882299,2021-07-29
3219,,16_4551003590_CACEIS,1473425995,OB,OB,No-pair,monthend interest,Caceis booked the monthend interest for SD 09-01-2020. Integrata yet to book,1473425995,1473425995,4551456423,-590882299,2021-07-29
3220,,112_455585083_CACEIS,874262417,OB,OB,No-pair,wire transfer,Caceis booked the wire transfer for SD 10-10-2019. Integrata yet to book,874262417,874262417,4551456423,-590882299,2021-07-29
3221,,59_455658450_CACEIS,1002374627,OB,OB,No-pair,fx wire,Caceis booked the fx wire for SD 12-06-2019. Integrata yet to book,1002374627,1002374627,4551456423,-590882299,2021-07-29
3222,,138_4551060531_CACEIS,1548950724,OB,OB,No-pair,wire transfer,Caceis booked the wire transfer for SD 10-12-2020. Integrata yet to book,1548950724,1548950724,4551456423,-590882299,2021-07-29
3223,,190_455669415_CACEIS,1020661921,OB,OB,No-pair,fx wire,Caceis booked the fx wire for SD 12-16-2019. Integrata yet to book,1020661921,1020661921,4551456423,-590882299,2021-07-29
3224,,176_4551066313_CACEIS,1556876417,OB,OB,No-pair,fx wire,Caceis booked the fx wire for SD 10-15-2020. Integrata yet to book,1556876417,1556876417,4551456423,-590882299,2021-07-29
3225,,732_455822501_CACEIS,1235308637,OB,OB,No-pair,fx wire,Caceis booked the fx wire for SD 04-15-2020. Integrata yet to book,1235308637,1235308637,4551456423,-590882299,2021-07-29
3226,,143_4551248485_CACEIS,1800039523,OB,OB,No-pair,fx wire,Caceis booked the fx wire for SD 02-26-2021. Integrata yet to book,1800039523,1800039523,4551456423,-590882299,2021-07-29
3227,,39_4551254304_CACEIS,1807385732,OB,OB,No-pair,wire transfer,Caceis booked the wire transfer for SD 03-02-2021. Integrata yet to book,1807385732,1807385732,4551456423,-590882299,2021-07-29
3228,,128_455585083_CACEIS,874262402,OB,OB,No-pair,wire transfer,Caceis booked the wire transfer for SD 10-10-2019. Integrata yet to book,874262402,874262402,4551456423,-590882299,2021-07-29
3229,,93_455442954_CACEIS,637183789,OB,OB,No-pair,fx wire,Caceis booked the fx wire for SD 06-17-2019. Integrata yet to book,637183789,637183789,4551456423,-590882299,2021-07-29
3230,,455_4551109218_CACEIS,1613286935,OB,OB,No-pair,fx wire,Caceis booked the fx wire for SD 11-16-2020. Integrata yet to book,1613286935,1613286935,4551456423,-590882299,2021-07-29
3231,,416_455783582_CACEIS,1185159600,OB,OB,No-pair,fx wire,Caceis booked the fx wire for SD 03-16-2020. Integrata yet to book,1185159600,1185159600,4551456423,-590882299,2021-07-29
3232,,106_455898221_CACEIS,1334730833,OB,OB,No-pair,fees,Caceis booked the fees for SD 06-12-2020. Integrata yet to book,1334730833,1334730833,4551456423,-590882299,2021-07-29
3233,,1_4551320866_CACEIS,1893229412,OB,OB,No-pair,wire transfer,Caceis booked the wire transfer for SD 04-21-2021. Integrata yet to book,1893229412,1893229412,4551456423,-590882299,2021-07-29
3234,,62_4551044906_CACEIS,1528403668,OB,OB,No-pair,monthend interest,Caceis booked the monthend interest for SD 10-01-2020. Integrata yet to book,1528403668,1528403668,4551456423,-590882299,2021-07-29
3235,,249_455783582_CACEIS,1185159552,OB,OB,No-pair,fx wire,Caceis booked the fx wire for SD 03-16-2020. Integrata yet to book,1185159552,1185159552,4551456423,-590882299,2021-07-29
3236,,255_455783582_CACEIS,1185159462,OB,OB,No-pair,fx wire,Caceis booked the fx wire for SD 03-16-2020. Integrata yet to book,1185159462,1185159462,4551456423,-590882299,2021-07-29
3237,,174_455643841_CACEIS,975323246,OB,OB,No-pair,fx wire,Caceis booked the fx wire for SD 11-08-2019. Integrata yet to book,975323246,975323246,4551456423,-590882299,2021-07-29
3238,,9_455723511_CACEIS,1103355701,OB,OB,No-pair,wire transfer,Caceis booked the wire transfer for SD 01-29-2020. Integrata yet to book,1103355701,1103355701,4551456423,-590882299,2021-07-29
3239,2_455797794_Integrata,,1203323431,OB,OB,No-pair,redemption,Integrata booked the redemption for SD 03-26-2020.Caceis yet to book.,1203323431,1203323431,4551456423,-590882299,2021-07-29
3240,,103_455978912_CACEIS,1441832267,OB,OB,No-pair,wire transfer,Caceis booked the wire transfer for SD 08-12-2020. Integrata yet to book,1441832267,1441832267,4551456423,-590882299,2021-07-29
3241,,340_4551023983_CACEIS,1500214056,OB,OB,No-pair,fx wire,Caceis booked the fx wire for SD 09-15-2020. Integrata yet to book,1500214056,1500214056,4551456423,-590882299,2021-07-29
3242,,236_4551248485_CACEIS,1800039531,OB,OB,No-pair,fx wire,Caceis booked the fx wire for SD 02-26-2021. Integrata yet to book,1800039531,1800039531,4551456423,-590882299,2021-07-29
3243,2_455971354_Integrata,,1432288825,OB,OB,No-pair,redemption,Integrata booked the redemption for SD 08-06-2020.Caceis yet to book.,1432288825,1432288825,4551456423,-590882299,2021-07-29
3244,,198_4551023983_CACEIS,1500213926,OB,OB,No-pair,fx wire,Caceis booked the fx wire for SD 09-15-2020. Integrata yet to book,1500213926,1500213926,4551456423,-590882299,2021-07-29
3245,,50_455516633_CACEIS,760048207,OB,OB,No-pair,fx wire,Caceis booked the fx wire for SD 08-16-2019. Integrata yet to book,760048207,760048207,4551456423,-590882299,2021-07-29
3246,14_4551246640_Integrata,,1797846189,OB,OB,No-pair,proceeds sell,Integrata booked the Net Sub/Red for SD 02-25-2021.Caceis yet to book.,1797846189,1797846189,4551456423,-590882299,2021-07-29
3247,,48_455516633_CACEIS,760048234,OB,OB,No-pair,fx wire,Caceis booked the fx wire for SD 08-16-2019. Integrata yet to book,760048234,760048234,4551456423,-590882299,2021-07-29
3248,5_455971354_Integrata,,1432288824,OB,OB,No-pair,redemption,Integrata booked the redemption for SD 08-06-2020.Caceis yet to book.,1432288824,1432288824,4551456423,-590882299,2021-07-29
3249,,66_455590588_CACEIS,883858456,OB,OB,No-pair,fx wire,Caceis booked the fx wire for SD 10-15-2019. Integrata yet to book,883858456,883858456,4551456423,-590882299,2021-07-29
3250,,8_4551085502_CACEIS,1581818086,OB,OB,No-pair,proceeds sell,Caceis booked the proceeds sell for SD 10-29-2020. Integrata yet to book,1581818086,1581818086,4551456423,-590882299,2021-07-29
3251,,56_455900053_CACEIS,1336713432,OB,OB,No-pair,fx wire,Caceis booked the fx wire for SD 06-15-2020. Integrata yet to book,1336713432,1336713432,4551456423,-590882299,2021-07-29
3252,,145_4551184426_CACEIS,1712749834,OB,OB,No-pair,fees,Caceis booked the fees for SD 01-11-2021. Integrata yet to book,1712749834,1712749834,4551456423,-590882299,2021-07-29
3253,1_455788772_Integrata,,1191824874,OB,OB,No-pair,redemption,Integrata booked the redemption for SD 03-19-2020.Caceis yet to book.,1191824874,1191824874,4551456423,-590882299,2021-07-29
3254,,24_4551077732_CACEIS,1571717930,OB,OB,No-pair,wire transfer,Caceis booked the wire transfer for SD 10-23-2020. Integrata yet to book,1571717930,1571717930,4551456423,-590882299,2021-07-29
3255,,2_455978912_CACEIS,1441832249,OB,OB,No-pair,wire transfer,Caceis booked the wire transfer for SD 08-12-2020. Integrata yet to book,1441832249,1441832249,4551456423,-590882299,2021-07-29
3256,,709_455862625_CACEIS,1287004955,OB,OB,No-pair,fx wire,Caceis booked the fx wire for SD 05-15-2020. Integrata yet to book,1287004955,1287004955,4551456423,-590882299,2021-07-29
3257,,31_455978912_CACEIS,1441832245,OB,OB,No-pair,wire transfer,Caceis booked the wire transfer for SD 08-12-2020. Integrata yet to book,1441832245,1441832245,4551456423,-590882299,2021-07-29
3258,,1_4551250853_CACEIS,1802932495,OB,OB,No-pair,wire transfer,Caceis booked the wire transfer for SD 03-01-2021. Integrata yet to book,1802932495,1802932495,4551456423,-590882299,2021-07-29
3259,,222_4551248485_CACEIS,1800039498,OB,OB,No-pair,fx wire,Caceis booked the fx wire for SD 02-26-2021. Integrata yet to book,1800039498,1800039498,4551456423,-590882299,2021-07-29
3260,,76_4551066313_CACEIS,1556876232,OB,OB,No-pair,fx wire,Caceis booked the fx wire for SD 10-15-2020. Integrata yet to book,1556876232,1556876232,4551456423,-590882299,2021-07-29
3261,,36_455978912_CACEIS,1441832235,OB,OB,No-pair,wire transfer,Caceis booked the wire transfer for SD 08-12-2020. Integrata yet to book,1441832235,1441832235,4551456423,-590882299,2021-07-29
3262,,70_455978912_CACEIS,1441832120,OB,OB,No-pair,wire transfer,Caceis booked the wire transfer for SD 08-12-2020. Integrata yet to book,1441832120,1441832120,4551456423,-590882299,2021-07-29
3263,,92_368123_CACEIS,532374161,OB,OB,No-pair,fx wire,Caceis booked the fx wire for SD 04-15-2019. Integrata yet to book,532374161,532374161,4551456423,-590882299,2021-07-29
3264,,56_4551127906_CACEIS,1637981933,OB,OB,No-pair,monthend interest,Caceis booked the monthend interest for SD 12-01-2020. Integrata yet to book,1637981933,1637981933,4551456423,-590882299,2021-07-29
3265,,81_455900053_CACEIS,1336713313,OB,OB,No-pair,fx wire,Caceis booked the fx wire for SD 06-15-2020. Integrata yet to book,1336713313,1336713313,4551456423,-590882299,2021-07-29
3266,,59_368123_CACEIS,532374035,OB,OB,No-pair,fx wire,Caceis booked the fx wire for SD 04-15-2019. Integrata yet to book,532374035,532374035,4551456423,-590882299,2021-07-29
3267,,67_4551105378_CACEIS,1608089193,OB,OB,No-pair,fees,Caceis booked the fees for SD 11-12-2020. Integrata yet to book,1608089193,1608089193,4551456423,-590882299,2021-07-29
3268,,134_4551109218_CACEIS,1613286843,OB,OB,No-pair,fx wire,Caceis booked the fx wire for SD 11-16-2020. Integrata yet to book,1613286843,1613286843,4551456423,-590882299,2021-07-29
3269,,7_324834_CACEIS,466999393,OB,OB,No-pair,fx wire,Caceis booked the fx wire for SD 03-08-2019. Integrata yet to book,466999393,466999393,4551456423,-590882299,2021-07-29
3270,,734_4551232906_CACEIS,1780157137,OB,OB,No-pair,fx wire,Caceis booked the fx wire for SD 02-16-2021. Integrata yet to book,1780157137,1780157137,4551456423,-590882299,2021-07-29
3271,,196_4551210754_CACEIS,1748958352,OB,OB,No-pair,wire transfer,Caceis booked the wire transfer for SD 01-29-2021. Integrata yet to book,1748958352,1748958352,4551456423,-590882299,2021-07-29
3272,,358_455822501_CACEIS,1235308235,OB,OB,No-pair,fx wire,Caceis booked the fx wire for SD 04-15-2020. Integrata yet to book,1235308235,1235308235,4551456423,-590882299,2021-07-29
3273,,371_455643841_CACEIS,975323443,OB,OB,No-pair,fx wire,Caceis booked the fx wire for SD 11-15-2019. Integrata yet to book,975323443,975323443,4551456423,-590882299,2021-07-29
3274,,11_4551283365_CACEIS,1845307385,OB,OB,No-pair,proceeds sell,Caceis booked the proceeds sell for SD 03-23-2021. Integrata yet to book,1845307385,1845307385,4551456423,-590882299,2021-07-29
3275,,178_4551232906_CACEIS,1780156565,OB,OB,No-pair,fx wire,Caceis booked the fx wire for SD 02-16-2021. Integrata yet to book,1780156565,1780156565,4551456423,-590882299,2021-07-29
3276,,100_4551105378_CACEIS,1608089224,OB,OB,No-pair,fees,Caceis booked the fees for SD 11-12-2020. Integrata yet to book,1608089224,1608089224,4551456423,-590882299,2021-07-29
3277,,499_455862625_CACEIS,1287003761,OB,OB,No-pair,fx wire,Caceis booked the fx wire for SD 05-15-2020. Integrata yet to book,1287003761,1287003761,4551456423,-590882299,2021-07-29
3278,,147_4551184426_CACEIS,1712749707,OB,OB,No-pair,fees,Caceis booked the fees for SD 01-11-2021. Integrata yet to book,1712749707,1712749707,4551456423,-590882299,2021-07-29
3279,,3_455955831_CACEIS,1412132576,OB,OB,No-pair,proceeds sell,Caceis booked the proceeds sell for SD 07-27-2020. Integrata yet to book,1412132576,1412132576,4551456423,-590882299,2021-07-29
3280,,54_4551343376_CACEIS,1925737833,OB,OB,No-pair,fx wire,Caceis booked the fx wire for SD 05-07-2021. Integrata yet to book,1925737833,1925737833,4551456423,-590882299,2021-07-29
3281,,13_4551229444_CACEIS,1775243227,OB,OB,No-pair,fx wire,Caceis booked the fx wire for SD 02-12-2021. Integrata yet to book,1775243227,1775243227,4551456423,-590882299,2021-07-29
3282,,77_4551149959_CACEIS,1667622945,OB,OB,No-pair,fx wire,Caceis booked the fx wire for SD 12-15-2020. Integrata yet to book,1667622945,1667622945,4551456423,-590882299,2021-07-29
3283,,30_4551201062_CACEIS,1734565928,OB,OB,No-pair,wire transfer,Caceis booked the wire transfer for SD 01-22-2021. Integrata yet to book,1734565928,1734565928,4551456423,-590882299,2021-07-29
3284,,241_4551248485_CACEIS,1800039488,OB,OB,No-pair,fx wire,Caceis booked the fx wire for SD 02-26-2021. Integrata yet to book,1800039488,1800039488,4551456423,-590882299,2021-07-29
3285,,34_455403345_CACEIS,582954856,OB,OB,No-pair,wire transfer,Caceis booked the wire transfer for SD 05-14-2019. Integrata yet to book,582954856,582954856,4551456423,-590882299,2021-07-29
3286,,7_455714596_CACEIS,1091890313,OB,OB,No-pair,wire transfer,Caceis booked the wire transfer for SD 01-17-2020. Integrata yet to book,1091890313,1091890313,4551456423,-590882299,2021-07-29
3287,,200_4551210754_CACEIS,1748958366,OB,OB,No-pair,wire transfer,Caceis booked the wire transfer for SD 01-29-2021. Integrata yet to book,1748958366,1748958366,4551456423,-590882299,2021-07-29
3288,,29_267975_CACEIS,368747276,OB,OB,No-pair,fx wire,Caceis booked the fx wire for SD 01-15-2019. Integrata yet to book,368747276,368747276,4551456423,-590882299,2021-07-29
3289,8_455815648_Integrata,,1227075866,OB,OB,No-pair,wire transfer,Integrata booked the Net Sub/Red for SD 04-09-2020.Caceis yet to book.,1227075866,1227075866,4551456423,-590882299,2021-07-29
3290,,18_4551258322_CACEIS,1812652691,OB,OB,No-pair,fx wire,Caceis booked the fx wire for SD 03-05-2021. Integrata yet to book,1812652691,1812652691,4551456423,-590882299,2021-07-29
3291,,27_4551222350_CACEIS,1765090744,OB,OB,No-pair,fees,Caceis booked the fees for SD 02-05-2021. Integrata yet to book,1765090744,1765090744,4551456423,-590882299,2021-07-29
3292,5_455603182_Integrata,,904027263,OB,OB,No-pair,wire transfer,Integrata booked the subscription for SD 10-24-2019.Caceis yet to book.,904027263,904027263,4551456423,-590882299,2021-07-29
3293,,73_455978912_CACEIS,1441832187,OB,OB,No-pair,wire transfer,Caceis booked the wire transfer for SD 08-12-2020. Integrata yet to book,1441832187,1441832187,4551456423,-590882299,2021-07-29
3294,,425_4551023983_CACEIS,1500214272,OB,OB,No-pair,fx wire,Caceis booked the fx wire for SD 09-15-2020. Integrata yet to book,1500214272,1500214272,4551456423,-590882299,2021-07-29
3295,,9_4551281272_CACEIS,1842371437,OB,OB,No-pair,proceeds sell,Caceis booked the proceeds sell for SD 03-23-2021. Integrata yet to book,1842371437,1842371437,4551456423,-590882299,2021-07-29
3296,,199_4551210754_CACEIS,1748958362,OB,OB,No-pair,wire transfer,Caceis booked the wire transfer for SD 01-29-2021. Integrata yet to book,1748958362,1748958362,4551456423,-590882299,2021-07-29
3297,3_455585083_Integrata,,874262406,OB,OB,No-pair,wire transfer,Integrata booked the Net Sub/Red for SD 10-10-2019.Caceis yet to book.,874262406,874262406,4551456423,-590882299,2021-07-29
3298,,784_455822501_CACEIS,1235308786,OB,OB,No-pair,fx wire,Caceis booked the fx wire for SD 04-15-2020. Integrata yet to book,1235308786,1235308786,4551456423,-590882299,2021-07-29
3299,,30_4551222350_CACEIS,1765090492,OB,OB,No-pair,fees,Caceis booked the fees for SD 02-05-2021. Integrata yet to book,1765090492,1765090492,4551456423,-590882299,2021-07-29
3300,1_455779682_Integrata,,1179968815,OB,OB,No-pair,redemption,Integrata booked the redemption for SD 03-12-2020.Caceis yet to book.,1179968815,1179968815,4551456423,-590882299,2021-07-29
3301,,45_455846205_CACEIS,1265566743,OB,OB,No-pair,wire transfer,Caceis booked the wire transfer for SD 05-04-2020. Integrata yet to book,1265566743,1265566743,4551456423,-590882299,2021-07-29
3302,3_4551341492_Integrata,,1922960757,OB,OB,No-pair,redemption,Integrata booked the redemption for SD 05-06-2021.Caceis yet to book.,1922960757,1922960757,4551456423,-590882299,2021-07-29
3303,,2_265456_CACEIS,364728579,OB,OB,No-pair,fx wire,Caceis booked the fx wire for SD 01-11-2019. Integrata yet to book,364728579,364728579,4551456423,-590882299,2021-07-29
3304,,82_455748445_CACEIS,1136275202,OB,OB,No-pair,fx wire,Caceis booked the fx wire for SD 02-18-2020. Integrata yet to book,1136275202,1136275202,4551456423,-590882299,2021-07-29
3305,,41_4551125930_CACEIS,1635426562,OB,OB,No-pair,fx wire,Caceis booked the fx wire for SD 11-27-2020. Integrata yet to book,1635426562,1635426562,4551456423,-590882299,2021-07-29
3306,,28_4551246640_CACEIS,1797846197,OB,OB,No-pair,wire transfer,Caceis booked the wire transfer for SD 02-25-2021. Integrata yet to book,1797846197,1797846197,4551456423,-590882299,2021-07-29
3307,,78_455706635_CACEIS,1081907290,OB,OB,No-pair,fx wire,Caceis booked the fx wire for SD 01-15-2020. Integrata yet to book,1081907290,1081907290,4551456423,-590882299,2021-07-29
3308,,12_455712797_CACEIS,1089914048,OB,OB,No-pair,wire transfer,Caceis booked the wire transfer for SD 01-21-2020. Integrata yet to book,1089914048,1089914048,4551456423,-590882299,2021-07-29
3309,,23_4551299798_CACEIS,1866915158,OB,OB,No-pair,wire transfer,Caceis booked the wire transfer for SD 04-06-2021. Integrata yet to book,1866915158,1866915158,4551456423,-590882299,2021-07-29
3310,,109_4551232906_CACEIS,1780156400,OB,OB,No-pair,fx wire,Caceis booked the fx wire for SD 02-16-2021. Integrata yet to book,1780156400,1780156400,4551456423,-590882299,2021-07-29
3311,,692_4551232906_CACEIS,1780157100,OB,OB,No-pair,fx wire,Caceis booked the fx wire for SD 02-16-2021. Integrata yet to book,1780157100,1780157100,4551456423,-590882299,2021-07-29
3312,,6_455842390_CACEIS,1260634957,OB,OB,No-pair,monthend interest,Caceis booked the monthend interest for SD 05-01-2020. Integrata yet to book,1260634957,1260634957,4551456423,-590882299,2021-07-29
3313,,235_4551248485_CACEIS,1800039520,OB,OB,No-pair,fx wire,Caceis booked the fx wire for SD 02-26-2021. Integrata yet to book,1800039520,1800039520,4551456423,-590882299,2021-07-29
3314,,468_455900053_CACEIS,1336713842,OB,OB,No-pair,fx wire,Caceis booked the fx wire for SD 06-15-2020. Integrata yet to book,1336713842,1336713842,4551456423,-590882299,2021-07-29
3315,,2_455991947_CACEIS,1458085265,OB,OB,No-pair,fx wire,Caceis booked the fx wire for SD 08-21-2020. Integrata yet to book,1458085265,1458085265,4551456423,-590882299,2021-07-29
3316,,389_455748445_CACEIS,1136275177,OB,OB,No-pair,fx wire,Caceis booked the fx wire for SD 02-18-2020. Integrata yet to book,1136275177,1136275177,4551456423,-590882299,2021-07-29
3317,,66_368123_CACEIS,532374087,OB,OB,No-pair,fx wire,Caceis booked the fx wire for SD 04-15-2019. Integrata yet to book,532374087,532374087,4551456423,-590882299,2021-07-29
3318,,34_455944496_CACEIS,1396484651,OB,OB,No-pair,fx wire,Caceis booked the fx wire for SD 07-17-2020. Integrata yet to book,1396484651,1396484651,4551456423,-590882299,2021-07-29
3319,,34_4551044906_CACEIS,1528403643,OB,OB,No-pair,wire transfer,Caceis booked the wire transfer for SD 09-21-2020. Integrata yet to book,1528403643,1528403643,4551456423,-590882299,2021-07-29
3320,,541_4551149959_CACEIS,1667623338,OB,OB,No-pair,fx wire,Caceis booked the fx wire for SD 12-15-2020. Integrata yet to book,1667623338,1667623338,4551456423,-590882299,2021-07-29
3321,,527_4551149959_CACEIS,1667623386,OB,OB,No-pair,fx wire,Caceis booked the fx wire for SD 12-15-2020. Integrata yet to book,1667623386,1667623386,4551456423,-590882299,2021-07-29
3322,,24_455547231_CACEIS,811491667,OB,OB,No-pair,fees,Caceis booked the fees for SD 09-11-2019. Integrata yet to book,811491667,811491667,4551456423,-590882299,2021-07-29
3323,,36_455808758_CACEIS,1217520389,OB,OB,No-pair,fx wire,Caceis booked the fx wire for SD 04-03-2020. Integrata yet to book,1217520389,1217520389,4551456423,-590882299,2021-07-29
3324,,53_455753887_CACEIS,1143364779,OB,OB,No-pair,fx wire,Caceis booked the fx wire for SD 02-21-2020. Integrata yet to book,1143364779,1143364779,4551456423,-590882299,2021-07-29
3325,,67_455978912_CACEIS,1441832166,OB,OB,No-pair,wire transfer,Caceis booked the wire transfer for SD 08-12-2020. Integrata yet to book,1441832166,1441832166,4551456423,-590882299,2021-07-29
3326,,17_4551145900_CACEIS,1662179042,OB,OB,No-pair,fx wire,Caceis booked the fx wire for SD 12-11-2020. Integrata yet to book,1662179042,1662179042,4551456423,-590882299,2021-07-29
3327,,4_455861455_CACEIS,1285500776,OB,OB,No-pair,fees,Caceis booked the fees for SD 05-12-2020. Integrata yet to book,1285500776,1285500776,4551456423,-590882299,2021-07-29
3328,,38_368123_CACEIS,532374011,OB,OB,No-pair,fx wire,Caceis booked the fx wire for SD 04-15-2019. Integrata yet to book,532374011,532374011,4551456423,-590882299,2021-07-29
3329,,136_4551109218_CACEIS,1613286695,OB,OB,No-pair,fx wire,Caceis booked the fx wire for SD 11-16-2020. Integrata yet to book,1613286695,1613286695,4551456423,-590882299,2021-07-29
3330,,477_4551066313_CACEIS,1556876676,OB,OB,No-pair,fx wire,Caceis booked the fx wire for SD 10-15-2020. Integrata yet to book,1556876676,1556876676,4551456423,-590882299,2021-07-29
3331,,9_455658450_CACEIS,1002374639,OB,OB,No-pair,fx wire,Caceis booked the fx wire for SD 12-06-2019. Integrata yet to book,1002374639,1002374639,4551456423,-590882299,2021-07-29
3332,,80_455726980_CACEIS,1107942600,OB,OB,No-pair,monthend interest,Caceis booked the monthend interest for SD 02-01-2020. Integrata yet to book,1107942600,1107942600,4551456423,-590882299,2021-07-29
3333,,244_455748445_CACEIS,1136275272,OB,OB,No-pair,fx wire,Caceis booked the fx wire for SD 02-18-2020. Integrata yet to book,1136275272,1136275272,4551456423,-590882299,2021-07-29
3334,,73_455706635_CACEIS,1081907274,OB,OB,No-pair,fx wire,Caceis booked the fx wire for SD 01-15-2020. Integrata yet to book,1081907274,1081907274,4551456423,-590882299,2021-07-29
3335,,9_4551285256_CACEIS,1847792953,OB,OB,No-pair,wire transfer,Caceis booked the wire transfer for SD 03-23-2021. Integrata yet to book,1847792953,1847792953,4551456423,-590882299,2021-07-29
3336,,28_4551077732_CACEIS,1571717938,OB,OB,No-pair,fx wire,Caceis booked the fx wire for SD 10-23-2020. Integrata yet to book,1571717938,1571717938,4551456423,-590882299,2021-07-29
3337,,72_4551311496_CACEIS,1881179944,OB,OB,No-pair,fees,Caceis booked the fees for SD 04-14-2021. Integrata yet to book,1881179944,1881179944,4551456423,-590882299,2021-07-29
3338,,21_4551220415_CACEIS,1761955978,OB,OB,No-pair,fx wire,Caceis booked the fx wire for SD 02-05-2021. Integrata yet to book,1761955978,1761955978,4551456423,-590882299,2021-07-29
3339,,11_455978912_CACEIS,1441832257,OB,OB,No-pair,wire transfer,Caceis booked the wire transfer for SD 08-12-2020. Integrata yet to book,1441832257,1441832257,4551456423,-590882299,2021-07-29
3340,,2_4551356653_CACEIS,1945281524,OB,OB,No-pair,fees,Caceis booked the fees for SD 05-17-2021. Integrata yet to book,1945281524,1945281524,4551456423,-590882299,2021-07-29
3341,,5_4551220415_CACEIS,1761955918,OB,OB,No-pair,fx wire,Caceis booked the fx wire for SD 02-05-2021. Integrata yet to book,1761955918,1761955918,4551456423,-590882299,2021-07-29
3342,,25_4551299798_CACEIS,1866915111,OB,OB,No-pair,wire transfer,Caceis booked the wire transfer for SD 04-06-2021. Integrata yet to book,1866915111,1866915111,4551456423,-590882299,2021-07-29
3343,,10_455797794_CACEIS,1203323432,OB,OB,No-pair,wire transfer,Caceis booked the wire transfer for SD 03-26-2020. Integrata yet to book,1203323432,1203323432,4551456423,-590882299,2021-07-29
3344,,43_4551127906_CACEIS,1637981976,OB,OB,No-pair,monthend interest,Caceis booked the monthend interest for SD 12-01-2020. Integrata yet to book,1637981976,1637981976,4551456423,-590882299,2021-07-29
3345,,84_4551127906_CACEIS,1637981925,OB,OB,No-pair,monthend interest,Caceis booked the monthend interest for SD 12-01-2020. Integrata yet to book,1637981925,1637981925,4551456423,-590882299,2021-07-29
3346,,121_4551109218_CACEIS,1613286711,OB,OB,No-pair,fx wire,Caceis booked the fx wire for SD 11-16-2020. Integrata yet to book,1613286711,1613286711,4551456423,-590882299,2021-07-29
3347,,42_4551039598_CACEIS,1521245892,OB,OB,No-pair,wire transfer,Caceis booked the wire transfer for SD 09-25-2020. Integrata yet to book,1521245892,1521245892,4551456423,-590882299,2021-07-29
3348,,171_4551248485_CACEIS,1800039475,OB,OB,No-pair,wire transfer,Caceis booked the wire transfer for SD 02-26-2021. Integrata yet to book,1800039475,1800039475,4551456423,-590882299,2021-07-29
3349,,170_455978912_CACEIS,1441832227,OB,OB,No-pair,fees,Caceis booked the fees for SD 08-11-2020. Integrata yet to book,1441832227,1441832227,4551456423,-590882299,2021-07-29
3350,,53_4551343376_CACEIS,1925737832,OB,OB,No-pair,wire transfer,Caceis booked the wire transfer for SD 05-07-2021. Integrata yet to book,1925737832,1925737832,4551456423,-590882299,2021-07-29
3351,,524_455900053_CACEIS,1336713914,OB,OB,No-pair,fx wire,Caceis booked the fx wire for SD 06-15-2020. Integrata yet to book,1336713914,1336713914,4551456423,-590882299,2021-07-29
3352,,262_4551109218_CACEIS,1613287067,OB,OB,No-pair,fx wire,Caceis booked the fx wire for SD 11-16-2020. Integrata yet to book,1613287067,1613287067,4551456423,-590882299,2021-07-29
3353,,317_4551191593_CACEIS,1722905267,OB,OB,No-pair,fx wire,Caceis booked the fx wire for SD 01-15-2021. Integrata yet to book,1722905267,1722905267,4551456423,-590882299,2021-07-29
3354,,124_4551191593_CACEIS,1722905078,OB,OB,No-pair,fx wire,Caceis booked the fx wire for SD 01-15-2021. Integrata yet to book,1722905078,1722905078,4551456423,-590882299,2021-07-29
3355,,1072_455643841_CACEIS,975324144,OB,OB,No-pair,fees,Caceis booked the fees for SD 11-13-2019. Integrata yet to book,975324144,975324144,4551456423,-590882299,2021-07-29
3356,,530_4551109218_CACEIS,1613287181,OB,OB,No-pair,fx wire,Caceis booked the fx wire for SD 11-16-2020. Integrata yet to book,1613287181,1613287181,4551456423,-590882299,2021-07-29
3357,,58_455898221_CACEIS,1334730898,OB,OB,No-pair,fees,Caceis booked the fees for SD 06-12-2020. Integrata yet to book,1334730898,1334730898,4551456423,-590882299,2021-07-29
3358,,117_4551184426_CACEIS,1712749698,OB,OB,No-pair,fees,Caceis booked the fees for SD 01-11-2021. Integrata yet to book,1712749698,1712749698,4551456423,-590882299,2021-07-29
3359,,225_455985296_CACEIS,1449581935,OB,OB,No-pair,fx wire,Caceis booked the fx wire for SD 08-17-2020. Integrata yet to book,1449581935,1449581935,4551456423,-590882299,2021-07-29
3360,,39_455927788_CACEIS,1374347960,OB,OB,No-pair,wire transfer,Caceis booked the wire transfer for SD 07-06-2020. Integrata yet to book,1374347960,1374347960,4551456423,-590882299,2021-07-29
3361,,26_4551201062_CACEIS,1734566003,OB,OB,No-pair,wire transfer,Caceis booked the wire transfer for SD 01-22-2021. Integrata yet to book,1734566003,1734566003,4551456423,-590882299,2021-07-29
3362,,349_455590588_CACEIS,883858708,OB,OB,No-pair,fx wire,Caceis booked the fx wire for SD 10-15-2019. Integrata yet to book,883858708,883858708,4551456423,-590882299,2021-07-29
3363,,616_4551232906_CACEIS,1780156978,OB,OB,No-pair,fx wire,Caceis booked the fx wire for SD 02-16-2021. Integrata yet to book,1780156978,1780156978,4551456423,-590882299,2021-07-29
3364,,31_455516633_CACEIS,760048354,OB,OB,No-pair,fx wire,Caceis booked the fx wire for SD 08-16-2019. Integrata yet to book,760048354,760048354,4551456423,-590882299,2021-07-29
3365,,59_455978912_CACEIS,1441832183,OB,OB,No-pair,wire transfer,Caceis booked the wire transfer for SD 08-12-2020. Integrata yet to book,1441832183,1441832183,4551456423,-590882299,2021-07-29
3366,,108_455898221_CACEIS,1334730851,OB,OB,No-pair,fees,Caceis booked the fees for SD 06-12-2020. Integrata yet to book,1334730851,1334730851,4551456423,-590882299,2021-07-29
3367,,75_455476582_CACEIS,691188721,OB,OB,No-pair,fx wire,Caceis booked the fx wire for SD 07-16-2019. Integrata yet to book,691188721,691188721,4551456423,-590882299,2021-07-29
3368,,12_4551029716_CACEIS,1508201961,OB,OB,No-pair,fx wire,Caceis booked the fx wire for SD 09-18-2020. Integrata yet to book,1508201961,1508201961,4551456423,-590882299,2021-07-29
3369,,12_455408517_CACEIS,589855185,OB,OB,No-pair,fx wire,Caceis booked the fx wire for SD 05-17-2019. Integrata yet to book,589855185,589855185,4551456423,-590882299,2021-07-29
3370,,379_455643841_CACEIS,975323451,OB,OB,No-pair,fx wire,Caceis booked the fx wire for SD 11-15-2019. Integrata yet to book,975323451,975323451,4551456423,-590882299,2021-07-29
3371,,202_455706635_CACEIS,1081907354,OB,OB,No-pair,fx wire,Caceis booked the fx wire for SD 01-15-2020. Integrata yet to book,1081907354,1081907354,4551456423,-590882299,2021-07-29
3372,,154_4551018409_CACEIS,1492757243,OB,OB,No-pair,fees,Caceis booked the fees for SD 09-10-2020. Integrata yet to book,1492757243,1492757243,4551456423,-590882299,2021-07-29
3373,,814_455822501_CACEIS,1235308681,OB,OB,No-pair,fx wire,Caceis booked the fx wire for SD 04-15-2020. Integrata yet to book,1235308681,1235308681,4551456423,-590882299,2021-07-29
3374,,123_4551018409_CACEIS,1492757235,OB,OB,No-pair,fees,Caceis booked the fees for SD 09-10-2020. Integrata yet to book,1492757235,1492757235,4551456423,-590882299,2021-07-29
3375,,4_455671061_CACEIS,1023554986,OB,OB,No-pair,proceeds sell,Caceis booked the proceeds sell for SD 12-17-2019. Integrata yet to book,1023554986,1023554986,4551456423,-590882299,2021-07-29
3376,,471_4551149959_CACEIS,1667623394,OB,OB,No-pair,fx wire,Caceis booked the fx wire for SD 12-15-2020. Integrata yet to book,1667623394,1667623394,4551456423,-590882299,2021-07-29
3377,,7_455645400_CACEIS,977616494,OB,OB,No-pair,proceeds sell,Caceis booked the proceeds sell for SD 11-26-2019. Integrata yet to book,977616494,977616494,4551456423,-590882299,2021-07-29
3378,,1_455796038_CACEIS,1200627631,OB,OB,No-pair,wire transfer,Caceis booked the wire transfer for SD 03-25-2020. Integrata yet to book,1200627631,1200627631,4551456423,-590882299,2021-07-29
3379,,4_4551229444_CACEIS,1775243126,OB,OB,No-pair,fx wire,Caceis booked the fx wire for SD 02-12-2021. Integrata yet to book,1775243126,1775243126,4551456423,-590882299,2021-07-29
3380,,6_455957648_CACEIS,1414392002,OB,OB,No-pair,wire transfer,Caceis booked the wire transfer for SD 07-28-2020. Integrata yet to book,1414392002,1414392002,4551456423,-590882299,2021-07-29
3381,,85_4551349054_CACEIS,1933657814,OB,OB,No-pair,fees,Caceis booked the fees for SD 05-12-2021. Integrata yet to book,1933657814,1933657814,4551456423,-590882299,2021-07-29
3382,,9_455833544_CACEIS,1249040840,OB,OB,No-pair,wire transfer,Caceis booked the wire transfer for SD 04-23-2020. Integrata yet to book,1249040840,1249040840,4551456423,-590882299,2021-07-29
3383,,35_455820754_CACEIS,1233177742,OB,OB,No-pair,fx wire,Caceis booked the fx wire for SD 04-14-2020. Integrata yet to book,1233177742,1233177742,4551456423,-590882299,2021-07-29
3384,,111_455978912_CACEIS,1441832264,OB,OB,No-pair,wire transfer,Caceis booked the wire transfer for SD 08-12-2020. Integrata yet to book,1441832264,1441832264,4551456423,-590882299,2021-07-29
3385,,360_4551232906_CACEIS,1780156674,OB,OB,No-pair,fx wire,Caceis booked the fx wire for SD 02-16-2021. Integrata yet to book,1780156674,1780156674,4551456423,-590882299,2021-07-29
3386,,75_4551354754_CACEIS,1942399558,OB,OB,No-pair,fx wire,Caceis booked the fx wire for SD 05-17-2021. Integrata yet to book,1942399558,1942399558,4551456423,-590882299,2021-07-29
3387,,4_455394905_CACEIS,571131233,OB,OB,No-pair,fx wire,Caceis booked the fx wire for SD 05-07-2019. Integrata yet to book,571131233,571131233,4551456423,-590882299,2021-07-29
3388,,137_4551184426_CACEIS,1712749762,OB,OB,No-pair,fees,Caceis booked the fees for SD 01-11-2021. Integrata yet to book,1712749762,1712749762,4551456423,-590882299,2021-07-29
3389,,6_4551115163_CACEIS,1620888341,OB,OB,No-pair,wire transfer,Caceis booked the wire transfer for SD 11-13-2020. Integrata yet to book,1620888341,1620888341,4551456423,-590882299,2021-07-29
3390,,6_455585083_CACEIS,874262509,OB,OB,No-pair,wire transfer,Caceis booked the wire transfer for SD 10-10-2019. Integrata yet to book,874262509,874262509,4551456423,-590882299,2021-07-29
3391,,43_455783582_CACEIS,1185159311,OB,OB,No-pair,fx wire,Caceis booked the fx wire for SD 03-16-2020. Integrata yet to book,1185159311,1185159311,4551456423,-590882299,2021-07-29
3392,,95_4551066313_CACEIS,1556876350,OB,OB,No-pair,fx wire,Caceis booked the fx wire for SD 10-15-2020. Integrata yet to book,1556876350,1556876350,4551456423,-590882299,2021-07-29
3393,,418_4551066313_CACEIS,1556876729,OB,OB,No-pair,fx wire,Caceis booked the fx wire for SD 10-15-2020. Integrata yet to book,1556876729,1556876729,4551456423,-590882299,2021-07-29
3394,,61_4551023983_CACEIS,1500213895,OB,OB,No-pair,fx wire,Caceis booked the fx wire for SD 09-15-2020. Integrata yet to book,1500213895,1500213895,4551456423,-590882299,2021-07-29
3395,,78_4551125930_CACEIS,1635426470,OB,OB,No-pair,fx wire,Caceis booked the fx wire for SD 11-27-2020. Integrata yet to book,1635426470,1635426470,4551456423,-590882299,2021-07-29
3396,23_4551180537_Integrata,,1707592392,OB,OB,No-pair,wire transfer,Integrata booked the subscription for SD 01-07-2021.Caceis yet to book.,1707592392,1707592392,4551456423,-590882299,2021-07-29
3397,,2_4551085502_CACEIS,1581818038,OB,OB,No-pair,proceeds sell,Caceis booked the proceeds sell for SD 10-29-2020. Integrata yet to book,1581818038,1581818038,4551456423,-590882299,2021-07-29
3398,,79_455726980_CACEIS,1107942588,OB,OB,No-pair,monthend interest,Caceis booked the monthend interest for SD 02-01-2020. Integrata yet to book,1107942588,1107942588,4551456423,-590882299,2021-07-29
3399,,80_4551313388_CACEIS,1883527684,OB,OB,No-pair,fx wire,Caceis booked the fx wire for SD 04-15-2021. Integrata yet to book,1883527684,1883527684,4551456423,-590882299,2021-07-29
3400,,186_455940640_CACEIS,1391596017,OB,OB,No-pair,fx wire,Caceis booked the fx wire for SD 07-15-2020. Integrata yet to book,1391596017,1391596017,4551456423,-590882299,2021-07-29
3401,,107_455978912_CACEIS,1441832113,OB,OB,No-pair,wire transfer,Caceis booked the wire transfer for SD 08-12-2020. Integrata yet to book,1441832113,1441832113,4551456423,-590882299,2021-07-29
3402,,191_455898221_CACEIS,1334730909,OB,OB,No-pair,fx wire,Caceis booked the fx wire for SD 06-12-2020. Integrata yet to book,1334730909,1334730909,4551456423,-590882299,2021-07-29
3403,,262_4551313388_CACEIS,1883527922,OB,OB,No-pair,fx wire,Caceis booked the fx wire for SD 04-15-2021. Integrata yet to book,1883527922,1883527922,4551456423,-590882299,2021-07-29
3404,,97_4551109218_CACEIS,1613286594,OB,OB,No-pair,fx wire,Caceis booked the fx wire for SD 11-16-2020. Integrata yet to book,1613286594,1613286594,4551456423,-590882299,2021-07-29
3405,,343_455643841_CACEIS,975323415,OB,OB,No-pair,fx wire,Caceis booked the fx wire for SD 11-15-2019. Integrata yet to book,975323415,975323415,4551456423,-590882299,2021-07-29
3406,,162_4551184426_CACEIS,1712749780,OB,OB,No-pair,proceeds sell,Caceis booked the proceeds sell for SD 01-11-2021. Integrata yet to book,1712749780,1712749780,4551456423,-590882299,2021-07-29
3407,,18_4551222350_CACEIS,1765090403,OB,OB,No-pair,fees,Caceis booked the fees for SD 02-05-2021. Integrata yet to book,1765090403,1765090403,4551456423,-590882299,2021-07-29
3408,9_455434670_Integrata,,626506544,OB,OB,No-pair,wire transfer,Integrata booked the wire transfer for SD 06-10-2019.Caceis yet to book.,626506544,626506544,4551456423,-590882299,2021-07-29
3409,10_455990300_Integrata,,1455760313,OB,OB,No-pair,wire transfer,Integrata booked the Net Sub/Red for SD 08-20-2020.Caceis yet to book.,1455760313,1455760313,4551456423,-590882299,2021-07-29
3410,16_455540013_Integrata,,799052892,OB,OB,No-pair,proceeds sell,Integrata booked the Net Sub/Red for SD 09-05-2019.Caceis yet to book.,799052892,799052892,4551456423,-590882299,2021-07-29
3411,1_4551075891_Integrata,,1569073531,OB,OB,No-pair,wire transfer,Integrata booked the subscription for SD 10-22-2020.Caceis yet to book.,1569073531,1569073531,4551456423,-590882299,2021-07-29
3412,,86_455862625_CACEIS,1287002875,OB,OB,No-pair,fx wire,Caceis booked the fx wire for SD 05-15-2020. Integrata yet to book,1287002875,1287002875,4551456423,-590882299,2021-07-29
3413,1_455674593_Integrata,,1029176368,OB,OB,No-pair,wire transfer,Integrata booked the subscription for SD 12-19-2019.Caceis yet to book.,1029176368,1029176368,4551456423,-590882299,2021-07-29
3414,17_455833544_Integrata,,1249040835,OB,OB,No-pair,redemption,Integrata booked the redemption for SD 04-23-2020.Caceis yet to book.,1249040835,1249040835,4551456423,-590882299,2021-07-29
3415,,120_4551436806_CACEIS,2049885757,OB,OB,No-pair,fx wire,Caceis booked the fx wire for SD 07-15-2021. Integrata yet to book,2049885757,2049885757,4551456423,-590882299,2021-07-29
3416,,4_4551450423_CACEIS,2066372845,OB,OB,No-pair,wire transfer,Caceis booked the wire transfer for SD 07-23-2021. Integrata yet to book,2066372845,2066372845,4551456423,-590882299,2021-07-29
3417,,316_455669415_CACEIS,1020661976,OB,OB,No-pair,fx wire,Caceis booked the fx wire for SD 12-16-2019. Integrata yet to book,1020661976,1020661976,4551456423,-590882299,2021-07-29
3418,,140_4551184426_CACEIS,1712749791,OB,OB,No-pair,fees,Caceis booked the fees for SD 01-11-2021. Integrata yet to book,1712749791,1712749791,4551456423,-590882299,2021-07-29
3419,,655_4551232906_CACEIS,1780157054,OB,OB,No-pair,fx wire,Caceis booked the fx wire for SD 02-16-2021. Integrata yet to book,1780157054,1780157054,4551456423,-590882299,2021-07-29
3420,,6_455393220_CACEIS,569239746,OB,OB,No-pair,fx wire,Caceis booked the fx wire for SD 05-06-2019. Integrata yet to book,569239746,569239746,4551456423,-590882299,2021-07-29
3421,,358_4551023983_CACEIS,1500214094,OB,OB,No-pair,fx wire,Caceis booked the fx wire for SD 09-15-2020. Integrata yet to book,1500214094,1500214094,4551456423,-590882299,2021-07-29
3422,,94_4551394628_CACEIS,1997244541,OB,OB,No-pair,fx wire,Caceis booked the fx wire for SD 06-15-2021. Integrata yet to book,1997244541,1997244541,4551456423,-590882299,2021-07-29
3423,,319_455590588_CACEIS,883858582,OB,OB,No-pair,fx wire,Caceis booked the fx wire for SD 10-15-2019. Integrata yet to book,883858582,883858582,4551456423,-590882299,2021-07-29
3424,,435_4551109218_CACEIS,1613286881,OB,OB,No-pair,fx wire,Caceis booked the fx wire for SD 11-16-2020. Integrata yet to book,1613286881,1613286881,4551456423,-590882299,2021-07-29
3425,,792_4551232906_CACEIS,1780157255,OB,OB,No-pair,fx wire,Caceis booked the fx wire for SD 02-16-2021. Integrata yet to book,1780157255,1780157255,4551456423,-590882299,2021-07-29
3426,,1_4551404423_CACEIS,2009057963,OB,OB,No-pair,wire transfer,Caceis booked the wire transfer for SD 06-22-2021. Integrata yet to book,2009057963,2009057963,4551456423,-590882299,2021-07-29
3427,4_4551123972_Integrata,,1632880231,OB,OB,No-pair,wire transfer,Integrata booked the Net Sub/Red for SD 11-26-2020.Caceis yet to book.,1632880231,1632880231,4551456423,-590882299,2021-07-29
3428,,533_4551109218_CACEIS,1613287045,OB,OB,No-pair,fx wire,Caceis booked the fx wire for SD 11-16-2020. Integrata yet to book,1613287045,1613287045,4551456423,-590882299,2021-07-29
3429,7_455434670_Integrata,,626506542,OB,OB,No-pair,wire transfer,Integrata booked the wire transfer for SD 06-10-2019.Caceis yet to book.,626506542,626506542,4551456423,-590882299,2021-07-29
3430,,59_455907521_CACEIS,1347197296,OB,OB,No-pair,fx wire,Caceis booked the fx wire for SD 06-19-2020. Integrata yet to book,1347197296,1347197296,4551456423,-590882299,2021-07-29
3431,10_4551331846_Integrata,,1908172323,OB,OB,No-pair,monthend interest,Integrata booked the monthend interest for SD 04-01-2021.Caceis yet to book.,1908172323,1908172323,4551456423,-590882299,2021-07-29
3432,,81_4551299798_CACEIS,1866915151,OB,OB,No-pair,wire transfer,Caceis booked the wire transfer for SD 03-31-2021. Integrata yet to book,1866915151,1866915151,4551456423,-590882299,2021-07-29
3433,2_4551438780_Integrata,,2052260380,OB,OB,No-pair,wire transfer,Integrata booked the AUM plug for SD 07-15-2021.Caceis yet to book.,2052260380,2052260380,4551456423,-590882299,2021-07-29
3434,,197_4551210754_CACEIS,1748958358,OB,OB,No-pair,wire transfer,Caceis booked the wire transfer for SD 01-29-2021. Integrata yet to book,1748958358,1748958358,4551456423,-590882299,2021-07-29
3435,,1057_455643841_CACEIS,975324129,OB,OB,No-pair,fees,Caceis booked the fees for SD 11-13-2019. Integrata yet to book,975324129,975324129,4551456423,-590882299,2021-07-29
3436,1_4551193227_Integrata,,1725092525,OB,OB,No-pair,wire transfer,Integrata booked the Net Sub/Red for SD 01-14-2021.Caceis yet to book.,1725092525,1725092525,4551456423,-590882299,2021-07-29
3437,2_4551305829_Integrata,,1874140993,OB,OB,No-pair,wire transfer,Integrata booked the AUM plug for SD 04-08-2021.Caceis yet to book.,1874140993,1874140993,4551456423,-590882299,2021-07-29
3438,,24_4551201062_CACEIS,1734565951,OB,OB,No-pair,fx wire,Caceis booked the fx wire for SD 01-22-2021. Integrata yet to book,1734565951,1734565951,4551456423,-590882299,2021-07-29
3439,,4_4551438780_CACEIS,2052260371,OB,OB,No-pair,fx wire,Caceis booked the fx wire for SD 07-16-2021. Integrata yet to book,2052260371,2052260371,4551456423,-590882299,2021-07-29
3440,,64_455748445_CACEIS,1136275186,OB,OB,No-pair,fx wire,Caceis booked the fx wire for SD 02-18-2020. Integrata yet to book,1136275186,1136275186,4551456423,-590882299,2021-07-29
3441,,28_4551222350_CACEIS,1765090479,OB,OB,No-pair,fees,Caceis booked the fees for SD 02-05-2021. Integrata yet to book,1765090479,1765090479,4551456423,-590882299,2021-07-29
3442,,61_455978912_CACEIS,1441832201,OB,OB,No-pair,wire transfer,Caceis booked the wire transfer for SD 08-12-2020. Integrata yet to book,1441832201,1441832201,4551456423,-590882299,2021-07-29
3443,,268_4551109218_CACEIS,1613286835,OB,OB,No-pair,fx wire,Caceis booked the fx wire for SD 11-16-2020. Integrata yet to book,1613286835,1613286835,4551456423,-590882299,2021-07-29
3444,,73_4551232906_CACEIS,1780156415,OB,OB,No-pair,fx wire,Caceis booked the fx wire for SD 02-16-2021. Integrata yet to book,1780156415,1780156415,4551456423,-590882299,2021-07-29
3445,,12_284950_CACEIS,399852138,OB,OB,No-pair,monthend interest,Caceis booked the monthend interest for SD 02-01-2019. Integrata yet to book,399852138,399852138,4551456423,-590882299,2021-07-29
3446,,313_455590588_CACEIS,883858437,OB,OB,No-pair,fx wire,Caceis booked the fx wire for SD 10-15-2019. Integrata yet to book,883858437,883858437,4551456423,-590882299,2021-07-29
3447,,1347_455643841_CACEIS,975324419,OB,OB,No-pair,fx wire,Caceis booked the fx wire for SD 11-15-2019. Integrata yet to book,975324419,975324419,4551456423,-590882299,2021-07-29
3448,,62_455442954_CACEIS,637183777,OB,OB,No-pair,fx wire,Caceis booked the fx wire for SD 06-17-2019. Integrata yet to book,637183777,637183777,4551456423,-590882299,2021-07-29
3449,,9_252450_CACEIS,338978025,OB,OB,No-pair,monthend interest,Caceis booked the monthend interest for SD 01-01-2019. Integrata yet to book,338978025,338978025,4551456423,-590882299,2021-07-29
3450,,499_4551066313_CACEIS,1556876652,OB,OB,No-pair,fx wire,Caceis booked the fx wire for SD 10-15-2020. Integrata yet to book,1556876652,1556876652,4551456423,-590882299,2021-07-29
3451,,18_4551224321_CACEIS,1767692358,OB,OB,No-pair,monthend interest,Caceis booked the monthend interest for SD 02-10-2021. Integrata yet to book,1767692358,1767692358,4551456423,-590882299,2021-07-29
3452,,28_455820754_CACEIS,1233177659,OB,OB,No-pair,wire transfer,Caceis booked the wire transfer for SD 04-14-2020. Integrata yet to book,1233177659,1233177659,4551456423,-590882299,2021-07-29
3453,,404_455822501_CACEIS,1235308373,OB,OB,No-pair,fx wire,Caceis booked the fx wire for SD 04-15-2020. Integrata yet to book,1235308373,1235308373,4551456423,-590882299,2021-07-29
3454,,23_455842390_CACEIS,1260634950,OB,OB,No-pair,monthend interest,Caceis booked the monthend interest for SD 05-01-2020. Integrata yet to book,1260634950,1260634950,4551456423,-590882299,2021-07-29
3455,,2_455894493_CACEIS,1329860657,OB,OB,No-pair,wire transfer,Caceis booked the wire transfer for SD 06-10-2020. Integrata yet to book,1329860657,1329860657,4551456423,-590882299,2021-07-29
3456,,72_455963450_CACEIS,1421777743,OB,OB,No-pair,monthend interest,Caceis booked the monthend interest for SD 08-01-2020. Integrata yet to book,1421777743,1421777743,4551456423,-590882299,2021-07-29
3457,,424_455862625_CACEIS,1287003765,OB,OB,No-pair,fx wire,Caceis booked the fx wire for SD 05-15-2020. Integrata yet to book,1287003765,1287003765,4551456423,-590882299,2021-07-29
3458,,397_455862625_CACEIS,1287003503,OB,OB,No-pair,fees,Caceis booked the fees for SD 05-13-2020. Integrata yet to book,1287003503,1287003503,4551456423,-590882299,2021-07-29
3459,,1_455752143_CACEIS,1141004390,OB,OB,No-pair,wire transfer,Caceis booked the wire transfer for SD 02-20-2020. Integrata yet to book,1141004390,1141004390,4551456423,-590882299,2021-07-29
3460,,457_455783582_CACEIS,1185159695,OB,OB,No-pair,fx wire,Caceis booked the fx wire for SD 03-16-2020. Integrata yet to book,1185159695,1185159695,4551456423,-590882299,2021-07-29
3461,,120_455718167_CACEIS,1096511898,OB,OB,No-pair,fx wire,Caceis booked the fx wire for SD 01-24-2020. Integrata yet to book,1096511898,1096511898,4551456423,-590882299,2021-07-29
3462,,128_455862625_CACEIS,1287002755,OB,OB,No-pair,fx wire,Caceis booked the fx wire for SD 05-15-2020. Integrata yet to book,1287002755,1287002755,4551456423,-590882299,2021-07-29
3463,,23_4551240968_CACEIS,1790775316,OB,OB,No-pair,wire transfer,Caceis booked the wire transfer for SD 02-22-2021. Integrata yet to book,1790775316,1790775316,4551456423,-590882299,2021-07-29
3464,,327_455590588_CACEIS,883858701,OB,OB,No-pair,fx wire,Caceis booked the fx wire for SD 10-15-2019. Integrata yet to book,883858701,883858701,4551456423,-590882299,2021-07-29
3465,,109_4551105378_CACEIS,1608089220,OB,OB,No-pair,fees,Caceis booked the fees for SD 11-12-2020. Integrata yet to book,1608089220,1608089220,4551456423,-590882299,2021-07-29
3466,,906_455822501_CACEIS,1235307996,OB,OB,No-pair,fx wire,Caceis booked the fx wire for SD 04-15-2020. Integrata yet to book,1235307996,1235307996,4551456423,-590882299,2021-07-29
3467,,15_455662172_CACEIS,1008560378,OB,OB,No-pair,fees,Caceis booked the fees for SD 12-09-2019. Integrata yet to book,1008560378,1008560378,4551456423,-590882299,2021-07-29
3468,,121_455718167_CACEIS,1096511854,OB,OB,No-pair,fx wire,Caceis booked the fx wire for SD 01-24-2020. Integrata yet to book,1096511854,1096511854,4551456423,-590882299,2021-07-29
3469,,117_4551220415_CACEIS,1761956158,OB,OB,No-pair,wire transfer,Caceis booked the wire transfer for SD 02-04-2021. Integrata yet to book,1761956158,1761956158,4551456423,-590882299,2021-07-29
3470,,9_357741_CACEIS,516521708,OB,OB,No-pair,fx wire,Caceis booked the fx wire for SD 04-05-2019. Integrata yet to book,516521708,516521708,4551456423,-590882299,2021-07-29
3471,,27_455439597_CACEIS,632008277,OB,OB,No-pair,wire transfer,Caceis booked the wire transfer for SD 06-13-2019. Integrata yet to book,632008277,632008277,4551456423,-590882299,2021-07-29
3472,,253_4551436806_CACEIS,2049885952,OB,OB,No-pair,fx wire,Caceis booked the fx wire for SD 07-15-2021. Integrata yet to book,2049885952,2049885952,4551456423,-590882299,2021-07-29
3473,,31_455879764_CACEIS,1309543747,OB,OB,No-pair,monthend interest,Caceis booked the monthend interest for SD 06-01-2020. Integrata yet to book,1309543747,1309543747,4551456423,-590882299,2021-07-29
3474,,400_455985296_CACEIS,1449582195,OB,OB,No-pair,fx wire,Caceis booked the fx wire for SD 08-17-2020. Integrata yet to book,1449582195,1449582195,4551456423,-590882299,2021-07-29
3475,,108_4551184426_CACEIS,1712749681,OB,OB,No-pair,fees,Caceis booked the fees for SD 01-11-2021. Integrata yet to book,1712749681,1712749681,4551456423,-590882299,2021-07-29
3476,,5_455688261_CACEIS,1053516713,OB,OB,No-pair,fx wire,Caceis booked the fx wire for SD 12-31-2019. Integrata yet to book,1053516713,1053516713,4551456423,-590882299,2021-07-29
3477,,170_455669415_CACEIS,1020661979,OB,OB,No-pair,fx wire,Caceis booked the fx wire for SD 12-16-2019. Integrata yet to book,1020661979,1020661979,4551456423,-590882299,2021-07-29
3478,,378_455985296_CACEIS,1449582173,OB,OB,No-pair,fx wire,Caceis booked the fx wire for SD 08-17-2020. Integrata yet to book,1449582173,1449582173,4551456423,-590882299,2021-07-29
3479,,57_4551171343_CACEIS,1696929181,OB,OB,No-pair,monthend interest,Caceis booked the monthend interest for SD 01-01-2021. Integrata yet to book,1696929181,1696929181,4551456423,-590882299,2021-07-29
3480,,1411_455643841_CACEIS,975324483,OB,OB,No-pair,fx wire,Caceis booked the fx wire for SD 11-15-2019. Integrata yet to book,975324483,975324483,4551456423,-590882299,2021-07-29
3481,,141_4551109218_CACEIS,1613286691,OB,OB,No-pair,fx wire,Caceis booked the fx wire for SD 11-16-2020. Integrata yet to book,1613286691,1613286691,4551456423,-590882299,2021-07-29
3482,,463_455862625_CACEIS,1287003692,OB,OB,No-pair,fx wire,Caceis booked the fx wire for SD 05-15-2020. Integrata yet to book,1287003692,1287003692,4551456423,-590882299,2021-07-29
3483,,51_455404958_CACEIS,585162341,OB,OB,No-pair,fx wire,Caceis booked the fx wire for SD 05-15-2019. Integrata yet to book,585162341,585162341,4551456423,-590882299,2021-07-29
3484,,259_4551149959_CACEIS,1667623045,OB,OB,No-pair,fx wire,Caceis booked the fx wire for SD 12-15-2020. Integrata yet to book,1667623045,1667623045,4551456423,-590882299,2021-07-29
3485,,664_4551232906_CACEIS,1780156996,OB,OB,No-pair,fx wire,Caceis booked the fx wire for SD 02-16-2021. Integrata yet to book,1780156996,1780156996,4551456423,-590882299,2021-07-29
3486,,852_455822501_CACEIS,1235308577,OB,OB,No-pair,fx wire,Caceis booked the fx wire for SD 04-15-2020. Integrata yet to book,1235308577,1235308577,4551456423,-590882299,2021-07-29
3487,,101_455748445_CACEIS,1136275204,OB,OB,No-pair,fx wire,Caceis booked the fx wire for SD 02-18-2020. Integrata yet to book,1136275204,1136275204,4551456423,-590882299,2021-07-29
3488,,3_455820754_CACEIS,1233177651,OB,OB,No-pair,fees,Caceis booked the fees for SD 04-14-2020. Integrata yet to book,1233177651,1233177651,4551456423,-590882299,2021-07-29
3489,,180_455706635_CACEIS,1081907413,OB,OB,No-pair,fx wire,Caceis booked the fx wire for SD 01-15-2020. Integrata yet to book,1081907413,1081907413,4551456423,-590882299,2021-07-29
3490,,97_4551388882_CACEIS,1989667557,OB,OB,No-pair,wire transfer,Caceis booked the wire transfer for SD 06-10-2021. Integrata yet to book,1989667557,1989667557,4551456423,-590882299,2021-07-29
3491,,3_455814364_CACEIS,1225169078,OB,OB,No-pair,wire transfer,Caceis booked the wire transfer for SD 04-08-2020. Integrata yet to book,1225169078,1225169078,4551456423,-590882299,2021-07-29
3492,,24_4551195338_CACEIS,1727684724,OB,OB,No-pair,wire transfer,Caceis booked the wire transfer for SD 01-19-2021. Integrata yet to book,1727684724,1727684724,4551456423,-590882299,2021-07-29
3493,,99_455934920_CACEIS,1383926773,OB,OB,No-pair,wire transfer,Caceis booked the wire transfer for SD 07-10-2020. Integrata yet to book,1383926773,1383926773,4551456423,-590882299,2021-07-29
3494,,25_4551044906_CACEIS,1528403598,OB,OB,No-pair,monthend interest,Caceis booked the monthend interest for SD 10-01-2020. Integrata yet to book,1528403598,1528403598,4551456423,-590882299,2021-07-29
3495,,3_455439597_CACEIS,632008194,OB,OB,No-pair,wire transfer,Caceis booked the wire transfer for SD 06-13-2019. Integrata yet to book,632008194,632008194,4551456423,-590882299,2021-07-29
3496,,562_4551109218_CACEIS,1613287141,OB,OB,No-pair,fx wire,Caceis booked the fx wire for SD 11-16-2020. Integrata yet to book,1613287141,1613287141,4551456423,-590882299,2021-07-29
3497,,796_455862625_CACEIS,1287003543,OB,OB,No-pair,wire transfer,Caceis booked the wire transfer for SD 05-13-2020. Integrata yet to book,1287003543,1287003543,4551456423,-590882299,2021-07-29
3498,,117_4551144082_CACEIS,1659707115,OB,OB,No-pair,wire transfer,Caceis booked the wire transfer for SD 12-10-2020. Integrata yet to book,1659707115,1659707115,4551456423,-590882299,2021-07-29
3499,,1_455894493_CACEIS,1329860658,OB,OB,No-pair,wire transfer,Caceis booked the wire transfer for SD 06-10-2020. Integrata yet to book,1329860658,1329860658,4551456423,-590882299,2021-07-29
3500,,93_4551229444_CACEIS,1775243145,OB,OB,No-pair,fx wire,Caceis booked the fx wire for SD 02-12-2021. Integrata yet to book,1775243145,1775243145,4551456423,-590882299,2021-07-29
3501,,458_4551149959_CACEIS,1667623241,OB,OB,No-pair,fx wire,Caceis booked the fx wire for SD 12-15-2020. Integrata yet to book,1667623241,1667623241,4551456423,-590882299,2021-07-29
3502,,6_455441282_CACEIS,634490265,OB,OB,No-pair,fx wire,Caceis booked the fx wire for SD 06-14-2019. Integrata yet to book,634490265,634490265,4551456423,-590882299,2021-07-29
3503,,447_455940640_CACEIS,1391596316,OB,OB,No-pair,fx wire,Caceis booked the fx wire for SD 07-15-2020. Integrata yet to book,1391596316,1391596316,4551456423,-590882299,2021-07-29
3504,,206_455985296_CACEIS,1449582001,OB,OB,No-pair,fx wire,Caceis booked the fx wire for SD 08-17-2020. Integrata yet to book,1449582001,1449582001,4551456423,-590882299,2021-07-29
3505,,123_4551239617_CACEIS,1789074766,OB,OB,No-pair,fx wire,Caceis booked the fx wire for SD 02-19-2021. Integrata yet to book,1789074766,1789074766,4551456423,-590882299,2021-07-29
3506,,751_455862625_CACEIS,1287005274,OB,OB,No-pair,fx wire,Caceis booked the fx wire for SD 05-15-2020. Integrata yet to book,1287005274,1287005274,4551456423,-590882299,2021-07-29
3507,,725_455862625_CACEIS,1287004271,OB,OB,No-pair,fx wire,Caceis booked the fx wire for SD 05-15-2020. Integrata yet to book,1287004271,1287004271,4551456423,-590882299,2021-07-29
3508,,175_455643841_CACEIS,975323247,OB,OB,No-pair,fx wire,Caceis booked the fx wire for SD 11-08-2019. Integrata yet to book,975323247,975323247,4551456423,-590882299,2021-07-29
3509,,73_4551105378_CACEIS,1608089261,OB,OB,No-pair,wire transfer,Caceis booked the wire transfer for SD 11-12-2020. Integrata yet to book,1608089261,1608089261,4551456423,-590882299,2021-07-29
3510,,20_4551334292_CACEIS,1911737185,OB,OB,No-pair,wire transfer,Caceis booked the wire transfer for SD 04-30-2021. Integrata yet to book,1911737185,1911737185,4551456423,-590882299,2021-07-29
3511,,72_4551105378_CACEIS,1608089218,OB,OB,No-pair,wire transfer,Caceis booked the wire transfer for SD 11-12-2020. Integrata yet to book,1608089218,1608089218,4551456423,-590882299,2021-07-29
3512,,91_455442954_CACEIS,637183936,OB,OB,No-pair,fx wire,Caceis booked the fx wire for SD 06-17-2019. Integrata yet to book,637183936,637183936,4551456423,-590882299,2021-07-29
3513,,35_455920273_CACEIS,1364559786,OB,OB,No-pair,wire transfer,Caceis booked the wire transfer for SD 06-30-2020. Integrata yet to book,1364559786,1364559786,4551456423,-590882299,2021-07-29
3514,,163_455822501_CACEIS,1235308024,OB,OB,No-pair,fx wire,Caceis booked the fx wire for SD 04-15-2020. Integrata yet to book,1235308024,1235308024,4551456423,-590882299,2021-07-29
3515,,677_455862625_CACEIS,1287004104,OB,OB,No-pair,fees,Caceis booked the fees for SD 05-13-2020. Integrata yet to book,1287004104,1287004104,4551456423,-590882299,2021-07-29
3516,,4_455714596_CACEIS,1091890290,OB,OB,No-pair,wire transfer,Caceis booked the wire transfer for SD 01-22-2020. Integrata yet to book,1091890290,1091890290,4551456423,-590882299,2021-07-29
3517,,1_4551352893_CACEIS,1939816940,OB,OB,No-pair,wire transfer,Caceis booked the wire transfer for SD 05-14-2021. Integrata yet to book,1939816940,1939816940,4551456423,-590882299,2021-07-29
3518,,16_455772338_CACEIS,1169827542,OB,OB,No-pair,wire transfer,Caceis booked the wire transfer for SD 03-06-2020. Integrata yet to book,1169827542,1169827542,4551456423,-590882299,2021-07-29
3519,,155_455898221_CACEIS,1334730867,OB,OB,No-pair,fees,Caceis booked the fees for SD 06-12-2020. Integrata yet to book,1334730867,1334730867,4551456423,-590882299,2021-07-29
3520,,15_4551203153_CACEIS,1737813338,OB,OB,No-pair,proceeds sell,Caceis booked the proceeds sell for SD 01-25-2021. Integrata yet to book,1737813338,1737813338,4551456423,-590882299,2021-07-29
3521,,99_4551436806_CACEIS,2049885894,OB,OB,No-pair,fx wire,Caceis booked the fx wire for SD 07-15-2021. Integrata yet to book,2049885894,2049885894,4551456423,-590882299,2021-07-29
3522,,420_4551066313_CACEIS,1556876772,OB,OB,No-pair,fx wire,Caceis booked the fx wire for SD 10-15-2020. Integrata yet to book,1556876772,1556876772,4551456423,-590882299,2021-07-29
3523,,104_455934920_CACEIS,1383926817,OB,OB,No-pair,wire transfer,Caceis booked the wire transfer for SD 07-10-2020. Integrata yet to book,1383926817,1383926817,4551456423,-590882299,2021-07-29
3524,,12_4551381021_CACEIS,1979694285,OB,OB,No-pair,fx wire,Caceis booked the fx wire for SD 06-04-2021. Integrata yet to book,1979694285,1979694285,4551456423,-590882299,2021-07-29
3525,,389_455783582_CACEIS,1185159599,OB,OB,No-pair,fx wire,Caceis booked the fx wire for SD 03-16-2020. Integrata yet to book,1185159599,1185159599,4551456423,-590882299,2021-07-29
3526,,20_455991947_CACEIS,1458094073,OB,OB,No-pair,fx wire,Caceis booked the fx wire for SD 08-21-2020. Integrata yet to book,1458094073,1458094073,4551456423,-590882299,2021-07-29
3527,,37_4551242873_CACEIS,1793109155,OB,OB,No-pair,proceeds sell,Caceis booked the proceeds sell for SD 02-23-2021. Integrata yet to book,1793109155,1793109155,4551456423,-590882299,2021-07-29
3528,,4_4551087502_CACEIS,1584326576,OB,OB,No-pair,monthend interest,Caceis booked the monthend interest for SD 11-01-2020. Integrata yet to book,1584326576,1584326576,4551456423,-590882299,2021-07-29
3529,,17_455973142_CACEIS,1434650128,OB,OB,No-pair,fx wire,Caceis booked the fx wire for SD 08-07-2020. Integrata yet to book,1434650128,1434650128,4551456423,-590882299,2021-07-29
3530,,366_455862625_CACEIS,1287003861,OB,OB,No-pair,fx wire,Caceis booked the fx wire for SD 05-15-2020. Integrata yet to book,1287003861,1287003861,4551456423,-590882299,2021-07-29
3531,,22_4551400940_CACEIS,2004694262,OB,OB,No-pair,wire transfer,Caceis booked the wire transfer for SD 06-18-2021. Integrata yet to book,2004694262,2004694262,4551456423,-590882299,2021-07-29
3532,,84_455934920_CACEIS,1383926763,OB,OB,No-pair,wire transfer,Caceis booked the wire transfer for SD 07-10-2020. Integrata yet to book,1383926763,1383926763,4551456423,-590882299,2021-07-29
3533,,45_4551388882_CACEIS,1989667570,OB,OB,No-pair,fees,Caceis booked the fees for SD 06-10-2021. Integrata yet to book,1989667570,1989667570,4551456423,-590882299,2021-07-29
3534,,1_328180_CACEIS,473992262,OB,OB,No-pair,wire transfer,Caceis booked the wire transfer for SD 03-12-2019. Integrata yet to book,473992262,473992262,4551456423,-590882299,2021-07-29
3535,,58_4551388882_CACEIS,1989667585,OB,OB,No-pair,fees,Caceis booked the fees for SD 06-10-2021. Integrata yet to book,1989667585,1989667585,4551456423,-590882299,2021-07-29
3536,,615_4551232906_CACEIS,1780156972,OB,OB,No-pair,fx wire,Caceis booked the fx wire for SD 02-16-2021. Integrata yet to book,1780156972,1780156972,4551456423,-590882299,2021-07-29
3537,,536_455783582_CACEIS,1185159845,OB,OB,No-pair,fx wire,Caceis booked the fx wire for SD 03-16-2020. Integrata yet to book,1185159845,1185159845,4551456423,-590882299,2021-07-29
3538,,667_4551232906_CACEIS,1780157031,OB,OB,No-pair,fx wire,Caceis booked the fx wire for SD 02-16-2021. Integrata yet to book,1780157031,1780157031,4551456423,-590882299,2021-07-29
3539,,50_455762980_CACEIS,1156897843,OB,OB,No-pair,monthend interest,Caceis booked the monthend interest for SD 03-01-2020. Integrata yet to book,1156897843,1156897843,4551456423,-590882299,2021-07-29
3540,,210_4551232906_CACEIS,1780156689,OB,OB,No-pair,fx wire,Caceis booked the fx wire for SD 02-16-2021. Integrata yet to book,1780156689,1780156689,4551456423,-590882299,2021-07-29
3541,,42_455736646_CACEIS,1120326830,OB,OB,No-pair,fx wire,Caceis booked the fx wire for SD 02-07-2020. Integrata yet to book,1120326830,1120326830,4551456423,-590882299,2021-07-29
3542,,390_455862625_CACEIS,1287003480,OB,OB,No-pair,fees,Caceis booked the fees for SD 05-13-2020. Integrata yet to book,1287003480,1287003480,4551456423,-590882299,2021-07-29
3543,,14_4551048988_CACEIS,1533696949,OB,OB,No-pair,fx wire,Caceis booked the fx wire for SD 10-02-2020. Integrata yet to book,1533696949,1533696949,4551456423,-590882299,2021-07-29
3544,,12_455914788_CACEIS,1356802613,OB,OB,No-pair,proceeds sell,Caceis booked the proceeds sell for SD 06-22-2020. Integrata yet to book,1356802613,1356802613,4551456423,-590882299,2021-07-29
3545,,448_455748445_CACEIS,1136275418,OB,OB,No-pair,fx wire,Caceis booked the fx wire for SD 02-18-2020. Integrata yet to book,1136275418,1136275418,4551456423,-590882299,2021-07-29
3546,,35_455701234_CACEIS,1075203706,OB,OB,No-pair,fx wire,Caceis booked the fx wire for SD 01-10-2020. Integrata yet to book,1075203706,1075203706,4551456423,-590882299,2021-07-29
3547,,3_455878037_CACEIS,1307184509,OB,OB,No-pair,wire transfer,Caceis booked the wire transfer for SD 05-28-2020. Integrata yet to book,1307184509,1307184509,4551456423,-590882299,2021-07-29
3548,,80_4551191593_CACEIS,1722905020,OB,OB,No-pair,fx wire,Caceis booked the fx wire for SD 01-15-2021. Integrata yet to book,1722905020,1722905020,4551456423,-590882299,2021-07-29
3549,,60_455783582_CACEIS,1185159349,OB,OB,No-pair,fx wire,Caceis booked the fx wire for SD 03-16-2020. Integrata yet to book,1185159349,1185159349,4551456423,-590882299,2021-07-29
3550,,3_4551281272_CACEIS,1842371431,OB,OB,No-pair,proceeds sell,Caceis booked the proceeds sell for SD 03-23-2021. Integrata yet to book,1842371431,1842371431,4551456423,-590882299,2021-07-29
3551,,63_455554115_CACEIS,824384879,OB,OB,No-pair,fx wire,Caceis booked the fx wire for SD 09-17-2019. Integrata yet to book,824384879,824384879,4551456423,-590882299,2021-07-29
3552,,60_4551354754_CACEIS,1942399566,OB,OB,No-pair,fx wire,Caceis booked the fx wire for SD 05-17-2021. Integrata yet to book,1942399566,1942399566,4551456423,-590882299,2021-07-29
3553,,87_455669415_CACEIS,1020661747,OB,OB,No-pair,fx wire,Caceis booked the fx wire for SD 12-16-2019. Integrata yet to book,1020661747,1020661747,4551456423,-590882299,2021-07-29
3554,,82_4551060531_CACEIS,1548950680,OB,OB,No-pair,fees,Caceis booked the fees for SD 10-12-2020. Integrata yet to book,1548950680,1548950680,4551456423,-590882299,2021-07-29
3555,,113_4551220415_CACEIS,1761956045,OB,OB,No-pair,fx wire,Caceis booked the fx wire for SD 02-05-2021. Integrata yet to book,1761956045,1761956045,4551456423,-590882299,2021-07-29
3556,,52_455605017_CACEIS,907407217,OB,OB,No-pair,fx wire,Caceis booked the fx wire for SD 10-25-2019. Integrata yet to book,907407217,907407217,4551456423,-590882299,2021-07-29
3557,,2_4551402499_CACEIS,2006719915,OB,OB,No-pair,wire transfer,Caceis booked the wire transfer for SD 06-17-2021. Integrata yet to book,2006719915,2006719915,4551456423,-590882299,2021-07-29
3558,,713_455862625_CACEIS,1287004699,OB,OB,No-pair,fees,Caceis booked the fees for SD 05-13-2020. Integrata yet to book,1287004699,1287004699,4551456423,-590882299,2021-07-29
3559,,106_306589_CACEIS,433998210,OB,OB,No-pair,fx wire,Caceis booked the fx wire for SD 02-15-2019. Integrata yet to book,433998210,433998210,4551456423,-590882299,2021-07-29
3560,,11_4551157661_CACEIS,1677770268,OB,OB,No-pair,proceeds sell,Caceis booked the proceeds sell for SD 12-21-2020. Integrata yet to book,1677770268,1677770268,4551456423,-590882299,2021-07-29
3561,,113_4551313388_CACEIS,1883527799,OB,OB,No-pair,fx wire,Caceis booked the fx wire for SD 04-15-2021. Integrata yet to book,1883527799,1883527799,4551456423,-590882299,2021-07-29
3562,,269_4551436806_CACEIS,2049886022,OB,OB,No-pair,fx wire,Caceis booked the fx wire for SD 07-15-2021. Integrata yet to book,2049886022,2049886022,4551456423,-590882299,2021-07-29
3563,,816_455822501_CACEIS,1235308648,OB,OB,No-pair,fx wire,Caceis booked the fx wire for SD 04-15-2020. Integrata yet to book,1235308648,1235308648,4551456423,-590882299,2021-07-29
3564,,72_455516633_CACEIS,760048408,OB,OB,No-pair,fx wire,Caceis booked the fx wire for SD 08-16-2019. Integrata yet to book,760048408,760048408,4551456423,-590882299,2021-07-29
3565,,351_4551232906_CACEIS,1780156803,OB,OB,No-pair,fx wire,Caceis booked the fx wire for SD 02-16-2021. Integrata yet to book,1780156803,1780156803,4551456423,-590882299,2021-07-29
3566,,6_455550632_CACEIS,818475511,OB,OB,No-pair,fx wire,Caceis booked the fx wire for SD 09-13-2019. Integrata yet to book,818475511,818475511,4551456423,-590882299,2021-07-29
3567,,65_455554115_CACEIS,824384866,OB,OB,No-pair,fx wire,Caceis booked the fx wire for SD 09-17-2019. Integrata yet to book,824384866,824384866,4551456423,-590882299,2021-07-29
3568,,6_455518400_CACEIS,762706392,OB,OB,No-pair,fx wire,Caceis booked the fx wire for SD 08-19-2019. Integrata yet to book,762706392,762706392,4551456423,-590882299,2021-07-29
3569,,491_4551109218_CACEIS,1613287081,OB,OB,No-pair,fx wire,Caceis booked the fx wire for SD 11-16-2020. Integrata yet to book,1613287081,1613287081,4551456423,-590882299,2021-07-29
3570,,502_455862625_CACEIS,1287003649,OB,OB,No-pair,fx wire,Caceis booked the fx wire for SD 05-15-2020. Integrata yet to book,1287003649,1287003649,4551456423,-590882299,2021-07-29
3571,,40_455927788_CACEIS,1374347963,OB,OB,No-pair,fx wire,Caceis booked the fx wire for SD 07-06-2020. Integrata yet to book,1374347963,1374347963,4551456423,-590882299,2021-07-29
3572,,134_4551210754_CACEIS,1748958347,OB,OB,No-pair,fx wire,Caceis booked the fx wire for SD 01-29-2021. Integrata yet to book,1748958347,1748958347,4551456423,-590882299,2021-07-29
3573,,40_455777858_CACEIS,1177395765,OB,OB,No-pair,proceeds sell,Caceis booked the proceeds sell for SD 03-11-2020. Integrata yet to book,1177395765,1177395765,4551456423,-590882299,2021-07-29
3574,,4_4551029716_CACEIS,1508201947,OB,OB,No-pair,fx wire,Caceis booked the fx wire for SD 09-18-2020. Integrata yet to book,1508201947,1508201947,4551456423,-590882299,2021-07-29
3575,,1_4551305829_CACEIS,1874140999,OB,OB,No-pair,fx wire,Caceis booked the fx wire for SD 04-09-2021. Integrata yet to book,1874140999,1874140999,4551456423,-590882299,2021-07-29
3576,,1_4551142111_CACEIS,1657251518,OB,OB,No-pair,wire transfer,Caceis booked the wire transfer for SD 12-09-2020. Integrata yet to book,1657251518,1657251518,4551456423,-590882299,2021-07-29
3577,,168_4551248485_CACEIS,1800039383,OB,OB,No-pair,fx wire,Caceis booked the fx wire for SD 02-26-2021. Integrata yet to book,1800039383,1800039383,4551456423,-590882299,2021-07-29
3578,,64_4551066313_CACEIS,1556876242,OB,OB,No-pair,fx wire,Caceis booked the fx wire for SD 10-15-2020. Integrata yet to book,1556876242,1556876242,4551456423,-590882299,2021-07-29
3579,,98_4551354754_CACEIS,1942399573,OB,OB,No-pair,fx wire,Caceis booked the fx wire for SD 05-17-2021. Integrata yet to book,1942399573,1942399573,4551456423,-590882299,2021-07-29
3580,,675_455862625_CACEIS,1287003913,OB,OB,No-pair,fees,Caceis booked the fees for SD 05-13-2020. Integrata yet to book,1287003913,1287003913,4551456423,-590882299,2021-07-29
3581,,125_4551144082_CACEIS,1659707170,OB,OB,No-pair,fees,Caceis booked the fees for SD 12-10-2020. Integrata yet to book,1659707170,1659707170,4551456423,-590882299,2021-07-29
3582,,42_455934920_CACEIS,1383926682,OB,OB,No-pair,wire transfer,Caceis booked the wire transfer for SD 07-10-2020. Integrata yet to book,1383926682,1383926682,4551456423,-590882299,2021-07-29
3583,,434_455985296_CACEIS,1449581950,OB,OB,No-pair,fx wire,Caceis booked the fx wire for SD 08-17-2020. Integrata yet to book,1449581950,1449581950,4551456423,-590882299,2021-07-29
3584,,284_455748445_CACEIS,1136275217,OB,OB,No-pair,fx wire,Caceis booked the fx wire for SD 02-18-2020. Integrata yet to book,1136275217,1136275217,4551456423,-590882299,2021-07-29
3585,,67_4551388882_CACEIS,1989667637,OB,OB,No-pair,wire transfer,Caceis booked the wire transfer for SD 06-10-2021. Integrata yet to book,1989667637,1989667637,4551456423,-590882299,2021-07-29
3586,,21_4551400940_CACEIS,2004694260,OB,OB,No-pair,wire transfer,Caceis booked the wire transfer for SD 06-18-2021. Integrata yet to book,2004694260,2004694260,4551456423,-590882299,2021-07-29
3587,,135_4551144082_CACEIS,1659707065,OB,OB,No-pair,fees,Caceis booked the fees for SD 12-10-2020. Integrata yet to book,1659707065,1659707065,4551456423,-590882299,2021-07-29
3588,,366_4551023983_CACEIS,1500214113,OB,OB,No-pair,fx wire,Caceis booked the fx wire for SD 09-15-2020. Integrata yet to book,1500214113,1500214113,4551456423,-590882299,2021-07-29
3589,,74_4551388882_CACEIS,1989667591,OB,OB,No-pair,wire transfer,Caceis booked the wire transfer for SD 06-10-2021. Integrata yet to book,1989667591,1989667591,4551456423,-590882299,2021-07-29
3590,,287_455669415_CACEIS,1020661824,OB,OB,No-pair,fx wire,Caceis booked the fx wire for SD 12-16-2019. Integrata yet to book,1020661824,1020661824,4551456423,-590882299,2021-07-29
3591,,28_4551430779_CACEIS,2043021938,OB,OB,No-pair,fees,Caceis booked the fees for SD 07-12-2021. Integrata yet to book,2043021938,2043021938,4551456423,-590882299,2021-07-29
3592,,21_4551262163_CACEIS,1817420751,OB,OB,No-pair,wire transfer,Caceis booked the wire transfer for SD 03-09-2021. Integrata yet to book,1817420751,1817420751,4551456423,-590882299,2021-07-29
3593,,1_4551456423_CACEIS,2074469238,OB,OB,No-pair,wire transfer,Caceis booked the wire transfer for SD 07-29-2021. Integrata yet to book,2074469238,2074469238,4551456423,-590882299,2021-07-29
3594,,224_4551066313_CACEIS,1556876426,OB,OB,No-pair,fx wire,Caceis booked the fx wire for SD 10-15-2020. Integrata yet to book,1556876426,1556876426,4551456423,-590882299,2021-07-29
3595,,45_455879764_CACEIS,1309543751,OB,OB,No-pair,monthend interest,Caceis booked the monthend interest for SD 06-01-2020. Integrata yet to book,1309543751,1309543751,4551456423,-590882299,2021-07-29
3596,,435_455783582_CACEIS,1185159613,OB,OB,No-pair,fx wire,Caceis booked the fx wire for SD 03-16-2020. Integrata yet to book,1185159613,1185159613,4551456423,-590882299,2021-07-29
3597,,133_4551191593_CACEIS,1722905183,OB,OB,No-pair,fx wire,Caceis booked the fx wire for SD 01-15-2021. Integrata yet to book,1722905183,1722905183,4551456423,-590882299,2021-07-29
3598,,103_368123_CACEIS,532374186,OB,OB,No-pair,fx wire,Caceis booked the fx wire for SD 04-15-2019. Integrata yet to book,532374186,532374186,4551456423,-590882299,2021-07-29
3599,,228_4551023983_CACEIS,1500213994,OB,OB,No-pair,fx wire,Caceis booked the fx wire for SD 09-15-2020. Integrata yet to book,1500213994,1500213994,4551456423,-590882299,2021-07-29
3600,1_4551252452_Integrata,,1805130260,OB,OB,No-pair,wire transfer,Integrata booked the AUM plug for SD 03-01-2021.Caceis yet to book.,1805130260,1805130260,4551456423,-590882299,2021-07-29
3601,,15_328180_CACEIS,473992281,OB,OB,No-pair,wire transfer,Caceis booked the wire transfer for SD 03-12-2019. Integrata yet to book,473992281,473992281,4551456423,-590882299,2021-07-29
3602,14_4551242873_Integrata,,1793109167,OB,OB,No-pair,wire transfer,Integrata booked the AUM plug for SD 02-22-2021.Caceis yet to book.,1793109167,1793109167,4551456423,-590882299,2021-07-29
3603,,8_455568470_CACEIS,846652428,OB,OB,No-pair,fx wire,Caceis booked the fx wire for SD 09-27-2019. Integrata yet to book,846652428,846652428,4551456423,-590882299,2021-07-29
3604,1_455596069_Integrata,,892580195,OB,OB,No-pair,wire transfer,Integrata booked the Net Sub/Red for SD 10-17-2019.Caceis yet to book.,892580195,892580195,4551456423,-590882299,2021-07-29
3605,2_4551341492_Integrata,,1922960756,OB,OB,No-pair,wire transfer,Integrata booked the AUM plug for SD 05-05-2021.Caceis yet to book.,1922960756,1922960756,4551456423,-590882299,2021-07-29
3606,,135_4551210754_CACEIS,1748958356,OB,OB,No-pair,fx wire,Caceis booked the fx wire for SD 01-29-2021. Integrata yet to book,1748958356,1748958356,4551456423,-590882299,2021-07-29
3607,,55_455745203_CACEIS,1132280380,OB,OB,No-pair,fx wire,Caceis booked the fx wire for SD 02-14-2020. Integrata yet to book,1132280380,1132280380,4551456423,-590882299,2021-07-29
3608,3_4551279353_Integrata,,1839901568,OB,OB,No-pair,wire transfer,Integrata booked the AUM plug for SD 03-19-2021.Caceis yet to book.,1839901568,1839901568,4551456423,-590882299,2021-07-29
3609,,175_4551023983_CACEIS,1500213883,OB,OB,No-pair,fx wire,Caceis booked the fx wire for SD 09-15-2020. Integrata yet to book,1500213883,1500213883,4551456423,-590882299,2021-07-29
3610,,31_455889377_CACEIS,1323110274,OB,OB,No-pair,fx wire,Caceis booked the fx wire for SD 06-05-2020. Integrata yet to book,1323110274,1323110274,4551456423,-590882299,2021-07-29
3611,,100_4551313388_CACEIS,1883527774,OB,OB,No-pair,fx wire,Caceis booked the fx wire for SD 04-15-2021. Integrata yet to book,1883527774,1883527774,4551456423,-590882299,2021-07-29
3612,,1_455457456_CACEIS,662167842,OB,OB,No-pair,monthend interest,Caceis booked the monthend interest for SD 07-01-2019. Integrata yet to book,662167842,662167842,4551456423,-590882299,2021-07-29
3613,,436_455985296_CACEIS,1449582139,OB,OB,No-pair,fx wire,Caceis booked the fx wire for SD 08-17-2020. Integrata yet to book,1449582139,1449582139,4551456423,-590882299,2021-07-29
3614,,33_455404958_CACEIS,585162347,OB,OB,No-pair,fx wire,Caceis booked the fx wire for SD 05-15-2019. Integrata yet to book,585162347,585162347,4551456423,-590882299,2021-07-29
3615,,17_455541826_CACEIS,801870230,OB,OB,No-pair,fx wire,Caceis booked the fx wire for SD 09-06-2019. Integrata yet to book,801870230,801870230,4551456423,-590882299,2021-07-29
3616,3_4551201062_Integrata,,1734565911,OB,OB,No-pair,wire transfer,Integrata booked the Net Sub/Red for SD 01-21-2021.Caceis yet to book.,1734565911,1734565911,4551456423,-590882299,2021-07-29
3617,,16_4551381021_CACEIS,1979694231,OB,OB,No-pair,fx wire,Caceis booked the fx wire for SD 06-04-2021. Integrata yet to book,1979694231,1979694231,4551456423,-590882299,2021-07-29
3618,2_455772338_Integrata,,1169990896,OB,OB,No-pair,redemption,Integrata booked the redemption for SD 03-06-2020.Caceis yet to book.,1169990896,1169990896,4551456423,-590882299,2021-07-29
3619,,38_4551299798_CACEIS,1866915139,OB,OB,No-pair,wire transfer,Caceis booked the wire transfer for SD 03-31-2021. Integrata yet to book,1866915139,1866915139,4551456423,-590882299,2021-07-29
3620,,124_4551354754_CACEIS,1942399538,OB,OB,No-pair,fx wire,Caceis booked the fx wire for SD 05-17-2021. Integrata yet to book,1942399538,1942399538,4551456423,-590882299,2021-07-29
3621,4_4551382936_Integrata,,1982280372,OB,OB,No-pair,wire transfer,Integrata booked the AUM plug for SD 06-04-2021.Caceis yet to book.,1982280372,1982280372,4551456423,-590882299,2021-07-29
3622,2_4551147939_Integrata,,1664874599,OB,OB,No-pair,redemption,Integrata booked the redemption for SD 12-03-2020.Caceis yet to book.,1664874599,1664874599,4551456423,-590882299,2021-07-29
3623,,793_455862625_CACEIS,1287004988,OB,OB,No-pair,fees,Caceis booked the fees for SD 05-13-2020. Integrata yet to book,1287004988,1287004988,4551456423,-590882299,2021-07-29
3624,1_4551347247_Integrata,,1931198815,OB,OB,No-pair,wire transfer,Integrata booked the AUM plug for SD 05-10-2021.Caceis yet to book.,1931198815,1931198815,4551456423,-590882299,2021-07-29
3625,,1321_455643841_CACEIS,975324393,OB,OB,No-pair,fx wire,Caceis booked the fx wire for SD 11-15-2019. Integrata yet to book,975324393,975324393,4551456423,-590882299,2021-07-29
3626,8_4551374975_Integrata,,1971733172,OB,OB,No-pair,wire transfer,Integrata booked the AUM plug for SD 05-31-2021.Caceis yet to book.,1971733172,1971733172,4551456423,-590882299,2021-07-29
3627,,26_4551001817_CACEIS,1470676024,OB,OB,No-pair,fx wire,Caceis booked the fx wire for SD 08-28-2020. Integrata yet to book,1470676024,1470676024,4551456423,-590882299,2021-07-29
3628,,48_455706635_CACEIS,1081907316,OB,OB,No-pair,fx wire,Caceis booked the fx wire for SD 01-15-2020. Integrata yet to book,1081907316,1081907316,4551456423,-590882299,2021-07-29
3629,,72_455706635_CACEIS,1081907270,OB,OB,No-pair,fx wire,Caceis booked the fx wire for SD 01-15-2020. Integrata yet to book,1081907270,1081907270,4551456423,-590882299,2021-07-29
3630,,33_455982783_CACEIS,1446489001,OB,OB,No-pair,fx wire,Caceis booked the fx wire for SD 08-14-2020. Integrata yet to book,1446489001,1446489001,4551456423,-590882299,2021-07-29
3631,,253_4551269721_CACEIS,1827474091,OB,OB,No-pair,fx wire,Caceis booked the fx wire for SD 03-15-2021. Integrata yet to book,1827474091,1827474091,4551456423,-590882299,2021-07-29
3632,,105_4551394628_CACEIS,1997244678,OB,OB,No-pair,fx wire,Caceis booked the fx wire for SD 06-15-2021. Integrata yet to book,1997244678,1997244678,4551456423,-590882299,2021-07-29
3633,,13_328180_CACEIS,473992273,OB,OB,No-pair,wire transfer,Caceis booked the wire transfer for SD 03-12-2019. Integrata yet to book,473992273,473992273,4551456423,-590882299,2021-07-29
3634,,136_4551149959_CACEIS,1667623009,OB,OB,No-pair,fx wire,Caceis booked the fx wire for SD 12-15-2020. Integrata yet to book,1667623009,1667623009,4551456423,-590882299,2021-07-29
3635,,121_455649350_CACEIS,985331706,OB,OB,No-pair,monthend interest,Caceis booked the monthend interest for SD 12-01-2019. Integrata yet to book,985331706,985331706,4551456423,-590882299,2021-07-29
3636,,248_455985296_CACEIS,1449581899,OB,OB,No-pair,fx wire,Caceis booked the fx wire for SD 08-17-2020. Integrata yet to book,1449581899,1449581899,4551456423,-590882299,2021-07-29
3637,,26_4551060531_CACEIS,1548950693,OB,OB,No-pair,wire transfer,Caceis booked the wire transfer for SD 10-12-2020. Integrata yet to book,1548950693,1548950693,4551456423,-590882299,2021-07-29
3638,,47_455846205_CACEIS,1265566779,OB,OB,No-pair,fx wire,Caceis booked the fx wire for SD 05-04-2020. Integrata yet to book,1265566779,1265566779,4551456423,-590882299,2021-07-29
3639,,2_455764911_CACEIS,1159528241,OB,OB,No-pair,wire transfer,Caceis booked the wire transfer for SD 03-02-2020. Integrata yet to book,1159528241,1159528241,4551456423,-590882299,2021-07-29
3640,,710_455862625_CACEIS,1287004819,OB,OB,No-pair,fees,Caceis booked the fees for SD 05-13-2020. Integrata yet to book,1287004819,1287004819,4551456423,-590882299,2021-07-29
3641,,356_455900053_CACEIS,1336714013,OB,OB,No-pair,fx wire,Caceis booked the fx wire for SD 06-15-2020. Integrata yet to book,1336714013,1336714013,4551456423,-590882299,2021-07-29
3642,,218_455940640_CACEIS,1391596240,OB,OB,No-pair,fx wire,Caceis booked the fx wire for SD 07-15-2020. Integrata yet to book,1391596240,1391596240,4551456423,-590882299,2021-07-29
3643,,126_455718167_CACEIS,1096511777,OB,OB,No-pair,wire transfer,Caceis booked the wire transfer for SD 01-24-2020. Integrata yet to book,1096511777,1096511777,4551456423,-590882299,2021-07-29
3644,,240_4551109218_CACEIS,1613286754,OB,OB,No-pair,fx wire,Caceis booked the fx wire for SD 11-16-2020. Integrata yet to book,1613286754,1613286754,4551456423,-590882299,2021-07-29
3645,,34_349816_CACEIS,505077799,OB,OB,No-pair,monthend interest,Caceis booked the monthend interest for SD 04-01-2019. Integrata yet to book,505077799,505077799,4551456423,-590882299,2021-07-29
3646,,431_4551191593_CACEIS,1722905516,OB,OB,No-pair,fx wire,Caceis booked the fx wire for SD 01-15-2021. Integrata yet to book,1722905516,1722905516,4551456423,-590882299,2021-07-29
3647,,140_4551210754_CACEIS,1748958336,OB,OB,No-pair,fx wire,Caceis booked the fx wire for SD 01-29-2021. Integrata yet to book,1748958336,1748958336,4551456423,-590882299,2021-07-29
3648,,280_455669415_CACEIS,1020661939,OB,OB,No-pair,fx wire,Caceis booked the fx wire for SD 12-16-2019. Integrata yet to book,1020661939,1020661939,4551456423,-590882299,2021-07-29
3649,,9_455923571_CACEIS,1369374364,OB,OB,No-pair,wire transfer,Caceis booked the wire transfer for SD 07-02-2020. Integrata yet to book,1369374364,1369374364,4551456423,-590882299,2021-07-29
3650,,773_455822501_CACEIS,1235308737,OB,OB,No-pair,fx wire,Caceis booked the fx wire for SD 04-15-2020. Integrata yet to book,1235308737,1235308737,4551456423,-590882299,2021-07-29
3651,,116_4551313388_CACEIS,1883527707,OB,OB,No-pair,fx wire,Caceis booked the fx wire for SD 04-15-2021. Integrata yet to book,1883527707,1883527707,4551456423,-590882299,2021-07-29
3652,,535_4551109218_CACEIS,1613287057,OB,OB,No-pair,fx wire,Caceis booked the fx wire for SD 11-16-2020. Integrata yet to book,1613287057,1613287057,4551456423,-590882299,2021-07-29
3653,,2_455547231_CACEIS,811491707,OB,OB,No-pair,fees,Caceis booked the fees for SD 09-11-2019. Integrata yet to book,811491707,811491707,4551456423,-590882299,2021-07-29
3654,,173_455669415_CACEIS,1020661876,OB,OB,No-pair,fx wire,Caceis booked the fx wire for SD 12-16-2019. Integrata yet to book,1020661876,1020661876,4551456423,-590882299,2021-07-29
3655,,17_455953995_CACEIS,1409848226,OB,OB,No-pair,wire transfer,Caceis booked the wire transfer for SD 07-24-2020. Integrata yet to book,1409848226,1409848226,4551456423,-590882299,2021-07-29
3656,,114_4551105378_CACEIS,1608089163,OB,OB,No-pair,fees,Caceis booked the fees for SD 11-12-2020. Integrata yet to book,1608089163,1608089163,4551456423,-590882299,2021-07-29
3657,,53_4551058652_CACEIS,1546340321,OB,OB,No-pair,fx wire,Caceis booked the fx wire for SD 10-09-2020. Integrata yet to book,1546340321,1546340321,4551456423,-590882299,2021-07-29
3658,,41_4551324555_CACEIS,1898109402,OB,OB,No-pair,fx wire,Caceis booked the fx wire for SD 04-23-2021. Integrata yet to book,1898109402,1898109402,4551456423,-590882299,2021-07-29
3659,,75_455822501_CACEIS,1235307897,OB,OB,No-pair,fx wire,Caceis booked the fx wire for SD 04-15-2020. Integrata yet to book,1235307897,1235307897,4551456423,-590882299,2021-07-29
3660,,813_455822501_CACEIS,1235308663,OB,OB,No-pair,fx wire,Caceis booked the fx wire for SD 04-15-2020. Integrata yet to book,1235308663,1235308663,4551456423,-590882299,2021-07-29
3661,,467_455783582_CACEIS,1185159591,OB,OB,No-pair,fx wire,Caceis booked the fx wire for SD 03-16-2020. Integrata yet to book,1185159591,1185159591,4551456423,-590882299,2021-07-29
3662,,69_4551149959_CACEIS,1667622822,OB,OB,No-pair,fx wire,Caceis booked the fx wire for SD 12-15-2020. Integrata yet to book,1667622822,1667622822,4551456423,-590882299,2021-07-29
3663,,10_455775994_CACEIS,1174727510,OB,OB,No-pair,wire transfer,Caceis booked the wire transfer for SD 03-10-2020. Integrata yet to book,1174727510,1174727510,4551456423,-590882299,2021-07-29
3664,,199_4551232906_CACEIS,1780156542,OB,OB,No-pair,fx wire,Caceis booked the fx wire for SD 02-16-2021. Integrata yet to book,1780156542,1780156542,4551456423,-590882299,2021-07-29
3665,,52_306589_CACEIS,433998221,OB,OB,No-pair,fx wire,Caceis booked the fx wire for SD 02-15-2019. Integrata yet to book,433998221,433998221,4551456423,-590882299,2021-07-29
3666,,1324_455643841_CACEIS,975324396,OB,OB,No-pair,fx wire,Caceis booked the fx wire for SD 11-15-2019. Integrata yet to book,975324396,975324396,4551456423,-590882299,2021-07-29
3667,,14_328180_CACEIS,473992277,OB,OB,No-pair,wire transfer,Caceis booked the wire transfer for SD 03-12-2019. Integrata yet to book,473992277,473992277,4551456423,-590882299,2021-07-29
3668,,9_455864447_CACEIS,1289293334,OB,OB,No-pair,wire transfer,Caceis booked the wire transfer for SD 04-16-2020. Integrata yet to book,1289293334,1289293334,4551456423,-590882299,2021-07-29
3669,,4_455386356_CACEIS,560114402,OB,OB,No-pair,monthend interest,Caceis booked the monthend interest for SD 05-01-2019. Integrata yet to book,560114402,560114402,4551456423,-590882299,2021-07-29
3670,,390_455783582_CACEIS,1185159643,OB,OB,No-pair,fx wire,Caceis booked the fx wire for SD 03-16-2020. Integrata yet to book,1185159643,1185159643,4551456423,-590882299,2021-07-29
3671,,492_4551149959_CACEIS,1667623332,OB,OB,No-pair,fx wire,Caceis booked the fx wire for SD 12-15-2020. Integrata yet to book,1667623332,1667623332,4551456423,-590882299,2021-07-29
3672,,78_455476582_CACEIS,691188324,OB,OB,No-pair,fx wire,Caceis booked the fx wire for SD 07-16-2019. Integrata yet to book,691188324,691188324,4551456423,-590882299,2021-07-29
3673,3_455797794_Integrata,,1203323434,OB,OB,No-pair,wire transfer,Integrata booked the Net Sub/Red for SD 03-26-2020.Caceis yet to book.,1203323434,1203323434,4551456423,-590882299,2021-07-29
3674,16_455725302_Integrata,,1105491797,OB,OB,No-pair,wire transfer,Integrata booked the subscription for SD 01-30-2020.Caceis yet to book.,1105491797,1105491797,4551456423,-590882299,2021-07-29
3675,12_455398426_Integrata,,576029812,OB,OB,No-pair,proceeds sell,Integrata booked the Net Sub/Red for SD 05-09-2019.Caceis yet to book.,576029812,576029812,4551456423,-590882299,2021-07-29
3676,6_455761196_Integrata,,1154270069,OB,OB,No-pair,wire transfer,Integrata booked the subscription for SD 02-27-2020.Caceis yet to book.,1154270069,1154270069,4551456423,-590882299,2021-07-29
3677,,357_4551023983_CACEIS,1500214095,OB,OB,No-pair,fx wire,Caceis booked the fx wire for SD 09-15-2020. Integrata yet to book,1500214095,1500214095,4551456423,-590882299,2021-07-29
3678,,533_455783582_CACEIS,1185159627,OB,OB,No-pair,fx wire,Caceis booked the fx wire for SD 03-16-2020. Integrata yet to book,1185159627,1185159627,4551456423,-590882299,2021-07-29
3679,,753_4551232906_CACEIS,1780156910,OB,OB,No-pair,fx wire,Caceis booked the fx wire for SD 02-16-2021. Integrata yet to book,1780156910,1780156910,4551456423,-590882299,2021-07-29
3680,,54_455688261_CACEIS,1053516645,OB,OB,No-pair,monthend interest,Caceis booked the monthend interest for SD 01-01-2020. Integrata yet to book,1053516645,1053516645,4551456423,-590882299,2021-07-29
3681,,25_455978912_CACEIS,1441832181,OB,OB,No-pair,wire transfer,Caceis booked the wire transfer for SD 08-12-2020. Integrata yet to book,1441832181,1441832181,4551456423,-590882299,2021-07-29
3682,,40_455688261_CACEIS,1053516690,OB,OB,No-pair,wire transfer,Caceis booked the wire transfer for SD 12-30-2019. Integrata yet to book,1053516690,1053516690,4551456423,-590882299,2021-07-29
3683,,487_4551191593_CACEIS,1722905518,OB,OB,No-pair,fx wire,Caceis booked the fx wire for SD 01-15-2021. Integrata yet to book,1722905518,1722905518,4551456423,-590882299,2021-07-29
3684,,239_4551394628_CACEIS,1997244694,OB,OB,No-pair,fx wire,Caceis booked the fx wire for SD 06-15-2021. Integrata yet to book,1997244694,1997244694,4551456423,-590882299,2021-07-29
3685,,347_455590588_CACEIS,883858694,OB,OB,No-pair,fx wire,Caceis booked the fx wire for SD 10-15-2019. Integrata yet to book,883858694,883858694,4551456423,-590882299,2021-07-29
3686,,79_4551087502_CACEIS,1584326636,OB,OB,No-pair,monthend interest,Caceis booked the monthend interest for SD 11-01-2020. Integrata yet to book,1584326636,1584326636,4551456423,-590882299,2021-07-29
3687,,122_455822501_CACEIS,1235307964,OB,OB,No-pair,fx wire,Caceis booked the fx wire for SD 04-15-2020. Integrata yet to book,1235307964,1235307964,4551456423,-590882299,2021-07-29
3688,,43_4551105378_CACEIS,1608089173,OB,OB,No-pair,fees,Caceis booked the fees for SD 11-12-2020. Integrata yet to book,1608089173,1608089173,4551456423,-590882299,2021-07-29
3689,,383_455643841_CACEIS,975323455,OB,OB,No-pair,fx wire,Caceis booked the fx wire for SD 11-15-2019. Integrata yet to book,975323455,975323455,4551456423,-590882299,2021-07-29
3690,,71_455985296_CACEIS,1449581852,OB,OB,No-pair,fx wire,Caceis booked the fx wire for SD 08-17-2020. Integrata yet to book,1449581852,1449581852,4551456423,-590882299,2021-07-29
3691,,415_455783582_CACEIS,1185159615,OB,OB,No-pair,fx wire,Caceis booked the fx wire for SD 03-16-2020. Integrata yet to book,1185159615,1185159615,4551456423,-590882299,2021-07-29
3692,,37_4551097416_CACEIS,1597270331,OB,OB,No-pair,fx wire,Caceis booked the fx wire for SD 11-06-2020. Integrata yet to book,1597270331,1597270331,4551456423,-590882299,2021-07-29
3693,,36_455927788_CACEIS,1374347957,OB,OB,No-pair,wire transfer,Caceis booked the wire transfer for SD 07-06-2020. Integrata yet to book,1374347957,1374347957,4551456423,-590882299,2021-07-29
3694,,2_455969427_CACEIS,1429812474,OB,OB,No-pair,wire transfer,Caceis booked the wire transfer for SD 08-05-2020. Integrata yet to book,1429812474,1429812474,4551456423,-590882299,2021-07-29
3695,2_4551009589_Integrata,,1480921558,OB,OB,No-pair,wire transfer,Integrata booked the subscription for SD 09-03-2020.Caceis yet to book.,1480921558,1480921558,4551456423,-590882299,2021-07-29
3696,1_455797794_Integrata,,1203323424,OB,OB,No-pair,redemption,Integrata booked the redemption for SD 03-26-2020.Caceis yet to book.,1203323424,1203323424,4551456423,-590882299,2021-07-29
3697,,65_333062_CACEIS,479846785,OB,OB,No-pair,fx wire,Caceis booked the fx wire for SD 03-15-2019. Integrata yet to book,479846785,479846785,4551456423,-590882299,2021-07-29
3698,,372_455940640_CACEIS,1391596280,OB,OB,No-pair,fx wire,Caceis booked the fx wire for SD 07-15-2020. Integrata yet to book,1391596280,1391596280,4551456423,-590882299,2021-07-29
3699,,50_455808758_CACEIS,1217520452,OB,OB,No-pair,wire transfer,Caceis booked the wire transfer for SD 04-03-2020. Integrata yet to book,1217520452,1217520452,4551456423,-590882299,2021-07-29
3700,,230_4551109218_CACEIS,1613286817,OB,OB,No-pair,fx wire,Caceis booked the fx wire for SD 11-16-2020. Integrata yet to book,1613286817,1613286817,4551456423,-590882299,2021-07-29
3701,,32_455476582_CACEIS,691188046,OB,OB,No-pair,fx wire,Caceis booked the fx wire for SD 07-16-2019. Integrata yet to book,691188046,691188046,4551456423,-590882299,2021-07-29
3702,,821_455822501_CACEIS,1235308831,OB,OB,No-pair,fx wire,Caceis booked the fx wire for SD 04-15-2020. Integrata yet to book,1235308831,1235308831,4551456423,-590882299,2021-07-29
3703,,95_455783582_CACEIS,1185159243,OB,OB,No-pair,fx wire,Caceis booked the fx wire for SD 03-16-2020. Integrata yet to book,1185159243,1185159243,4551456423,-590882299,2021-07-29
3704,,41_4551419402_CACEIS,2029730706,OB,OB,No-pair,fx wire,Caceis booked the fx wire for SD 07-02-2021. Integrata yet to book,2029730706,2029730706,4551456423,-590882299,2021-07-29
3705,,39_4551239617_CACEIS,1789074738,OB,OB,No-pair,fx wire,Caceis booked the fx wire for SD 02-19-2021. Integrata yet to book,1789074738,1789074738,4551456423,-590882299,2021-07-29
3706,,51_455944496_CACEIS,1396484655,OB,OB,No-pair,fx wire,Caceis booked the fx wire for SD 07-17-2020. Integrata yet to book,1396484655,1396484655,4551456423,-590882299,2021-07-29
3707,,273_4551394628_CACEIS,1997244673,OB,OB,No-pair,fx wire,Caceis booked the fx wire for SD 06-15-2021. Integrata yet to book,1997244673,1997244673,4551456423,-590882299,2021-07-29
3708,,1_286427_CACEIS,402006241,OB,OB,No-pair,wire transfer,Caceis booked the wire transfer for SD 02-01-2019. Integrata yet to book,402006241,402006241,4551456423,-590882299,2021-07-29
3709,,3_455907521_CACEIS,1347197194,OB,OB,No-pair,wire transfer,Caceis booked the wire transfer for SD 06-05-2020. Integrata yet to book,1347197194,1347197194,4551456423,-590882299,2021-07-29
3710,,10_278910_CACEIS,390854432,OB,OB,No-pair,fx wire,Caceis booked the fx wire for SD 01-25-2019. Integrata yet to book,390854432,390854432,4551456423,-590882299,2021-07-29
3711,,58_333062_CACEIS,479846797,OB,OB,No-pair,fx wire,Caceis booked the fx wire for SD 03-15-2019. Integrata yet to book,479846797,479846797,4551456423,-590882299,2021-07-29
3712,,76_4551436806_CACEIS,2049885789,OB,OB,No-pair,fx wire,Caceis booked the fx wire for SD 07-15-2021. Integrata yet to book,2049885789,2049885789,4551456423,-590882299,2021-07-29
3713,,321_455669415_CACEIS,1020661735,OB,OB,No-pair,fx wire,Caceis booked the fx wire for SD 12-16-2019. Integrata yet to book,1020661735,1020661735,4551456423,-590882299,2021-07-29
3714,,421_455985296_CACEIS,1449582197,OB,OB,No-pair,fx wire,Caceis booked the fx wire for SD 08-17-2020. Integrata yet to book,1449582197,1449582197,4551456423,-590882299,2021-07-29
3715,,414_455985296_CACEIS,1449582206,OB,OB,No-pair,fx wire,Caceis booked the fx wire for SD 08-17-2020. Integrata yet to book,1449582206,1449582206,4551456423,-590882299,2021-07-29
3716,,63_4551105378_CACEIS,1608089304,OB,OB,No-pair,fees,Caceis booked the fees for SD 11-12-2020. Integrata yet to book,1608089304,1608089304,4551456423,-590882299,2021-07-29
3717,,4_455820754_CACEIS,1233177675,OB,OB,No-pair,fees,Caceis booked the fees for SD 04-14-2020. Integrata yet to book,1233177675,1233177675,4551456423,-590882299,2021-07-29
3718,,888_455822501_CACEIS,1235308589,OB,OB,No-pair,fx wire,Caceis booked the fx wire for SD 04-15-2020. Integrata yet to book,1235308589,1235308589,4551456423,-590882299,2021-07-29
3719,,794_455862625_CACEIS,1287003483,OB,OB,No-pair,wire transfer,Caceis booked the wire transfer for SD 05-13-2020. Integrata yet to book,1287003483,1287003483,4551456423,-590882299,2021-07-29
3720,,71_455799620_CACEIS,1205700357,OB,OB,No-pair,fx wire,Caceis booked the fx wire for SD 03-27-2020. Integrata yet to book,1205700357,1205700357,4551456423,-590882299,2021-07-29
3721,,914_455822501_CACEIS,1235308599,OB,OB,No-pair,fx wire,Caceis booked the fx wire for SD 04-15-2020. Integrata yet to book,1235308599,1235308599,4551456423,-590882299,2021-07-29
3722,,733_455862625_CACEIS,1287004784,OB,OB,No-pair,fees,Caceis booked the fees for SD 05-13-2020. Integrata yet to book,1287004784,1287004784,4551456423,-590882299,2021-07-29
3723,,53_455900053_CACEIS,1336713139,OB,OB,No-pair,fx wire,Caceis booked the fx wire for SD 06-15-2020. Integrata yet to book,1336713139,1336713139,4551456423,-590882299,2021-07-29
3724,,429_455748445_CACEIS,1136275432,OB,OB,No-pair,fx wire,Caceis booked the fx wire for SD 02-18-2020. Integrata yet to book,1136275432,1136275432,4551456423,-590882299,2021-07-29
3725,,78_455442954_CACEIS,637183852,OB,OB,No-pair,fx wire,Caceis booked the fx wire for SD 06-17-2019. Integrata yet to book,637183852,637183852,4551456423,-590882299,2021-07-29
3726,,119_455748445_CACEIS,1136275117,OB,OB,No-pair,fx wire,Caceis booked the fx wire for SD 02-18-2020. Integrata yet to book,1136275117,1136275117,4551456423,-590882299,2021-07-29
3727,,346_455900053_CACEIS,1336713551,OB,OB,No-pair,fx wire,Caceis booked the fx wire for SD 06-15-2020. Integrata yet to book,1336713551,1336713551,4551456423,-590882299,2021-07-29
3728,,6_455432903_CACEIS,623045716,OB,OB,No-pair,fx wire,Caceis booked the fx wire for SD 06-07-2019. Integrata yet to book,623045716,623045716,4551456423,-590882299,2021-07-29
3729,1_455878037_Integrata,,1307184506,OB,OB,No-pair,wire transfer,Integrata booked the subscription for SD 05-28-2020.Caceis yet to book.,1307184506,1307184506,4551456423,-590882299,2021-07-29
3730,2_455439597_Integrata,,632008190,OB,OB,No-pair,wire transfer,Integrata booked the Net Sub/Red for SD 06-13-2019.Caceis yet to book.,632008190,632008190,4551456423,-590882299,2021-07-29
3731,3_4551105378_Integrata,,1608089150,OB,OB,No-pair,wire transfer,Integrata booked the subscription for SD 11-12-2020.Caceis yet to book.,1608089150,1608089150,4551456423,-590882299,2021-07-29
3732,18_455725302_Integrata,,1105491799,OB,OB,No-pair,wire transfer,Integrata booked the Net Sub/Red for SD 01-30-2020.Caceis yet to book.,1105491799,1105491799,4551456423,-590882299,2021-07-29
3733,,175_455706635_CACEIS,1081907652,OB,OB,No-pair,fx wire,Caceis booked the fx wire for SD 01-15-2020. Integrata yet to book,1081907652,1081907652,4551456423,-590882299,2021-07-29
3734,,348_455590588_CACEIS,883858702,OB,OB,No-pair,fx wire,Caceis booked the fx wire for SD 10-15-2019. Integrata yet to book,883858702,883858702,4551456423,-590882299,2021-07-29
3735,,518_455822501_CACEIS,1235308398,OB,OB,No-pair,fx wire,Caceis booked the fx wire for SD 04-15-2020. Integrata yet to book,1235308398,1235308398,4551456423,-590882299,2021-07-29
3736,,14_455907521_CACEIS,1347197295,OB,OB,No-pair,fx wire,Caceis booked the fx wire for SD 06-19-2020. Integrata yet to book,1347197295,1347197295,4551456423,-590882299,2021-07-29
3737,,203_4551023983_CACEIS,1500213968,OB,OB,No-pair,fx wire,Caceis booked the fx wire for SD 09-15-2020. Integrata yet to book,1500213968,1500213968,4551456423,-590882299,2021-07-29
3738,28_364546_Integrata,,526904772,OB,OB,No-pair,wire transfer,Integrata booked the Net Sub/Red for SD 04-11-2019.Caceis yet to book.,526904772,526904772,4551456423,-590882299,2021-07-29
3739,,59_4551388882_CACEIS,1989667550,OB,OB,No-pair,wire transfer,Caceis booked the wire transfer for SD 06-10-2021. Integrata yet to book,1989667550,1989667550,4551456423,-590882299,2021-07-29
3740,,356_4551232906_CACEIS,1780156814,OB,OB,No-pair,fx wire,Caceis booked the fx wire for SD 02-16-2021. Integrata yet to book,1780156814,1780156814,4551456423,-590882299,2021-07-29
3741,22_455497204_Integrata,,726669729,OB,OB,No-pair,wire transfer,Integrata booked the Net Sub/Red for SD 08-01-2019.Caceis yet to book.,726669729,726669729,4551456423,-590882299,2021-07-29
3742,,69_455476582_CACEIS,691188197,OB,OB,No-pair,fx wire,Caceis booked the fx wire for SD 07-16-2019. Integrata yet to book,691188197,691188197,4551456423,-590882299,2021-07-29
3743,3_4551095433_Integrata,,1594567315,OB,OB,No-pair,redemption,Integrata booked the redemption for SD 11-05-2020.Caceis yet to book.,1594567315,1594567315,4551456423,-590882299,2021-07-29
3744,,260_4551313388_CACEIS,1883527896,OB,OB,No-pair,fx wire,Caceis booked the fx wire for SD 04-15-2021. Integrata yet to book,1883527896,1883527896,4551456423,-590882299,2021-07-29
3745,,104_4551105378_CACEIS,1608089298,OB,OB,No-pair,fees,Caceis booked the fees for SD 11-12-2020. Integrata yet to book,1608089298,1608089298,4551456423,-590882299,2021-07-29
3746,,511_455862625_CACEIS,1287003822,OB,OB,No-pair,fx wire,Caceis booked the fx wire for SD 05-15-2020. Integrata yet to book,1287003822,1287003822,4551456423,-590882299,2021-07-29
3747,250_455612247_Integrata,,921619662,OB,OB,No-pair,wire transfer,Integrata booked the subscription for SD 10-31-2019.Caceis yet to book.,921619662,921619662,4551456423,-590882299,2021-07-29
3748,3_4551075891_Integrata,,1569073532,OB,OB,No-pair,redemption,Integrata booked the redemption for SD 10-22-2020.Caceis yet to book.,1569073532,1569073532,4551456423,-590882299,2021-07-29
3749,2_4551037369_Integrata,,1518452129,OB,OB,No-pair,redemption,Integrata booked the redemption for SD 09-24-2020.Caceis yet to book.,1518452129,1518452129,4551456423,-590882299,2021-07-29
3750,,19_455777858_CACEIS,1177395879,OB,OB,No-pair,wire transfer,Caceis booked the wire transfer for SD 03-11-2020. Integrata yet to book,1177395879,1177395879,4551456423,-590882299,2021-07-29
3751,,278_455748445_CACEIS,1136275326,OB,OB,No-pair,fx wire,Caceis booked the fx wire for SD 02-18-2020. Integrata yet to book,1136275326,1136275326,4551456423,-590882299,2021-07-29
3752,2_455990300_Integrata,,1455760306,OB,OB,No-pair,redemption,Integrata booked the redemption for SD 08-20-2020.Caceis yet to book.,1455760306,1455760306,4551456423,-590882299,2021-07-29
3753,,70_455516633_CACEIS,760048494,OB,OB,No-pair,fx wire,Caceis booked the fx wire for SD 08-16-2019. Integrata yet to book,760048494,760048494,4551456423,-590882299,2021-07-29
3754,,750_455822501_CACEIS,1235308628,OB,OB,No-pair,fx wire,Caceis booked the fx wire for SD 04-15-2020. Integrata yet to book,1235308628,1235308628,4551456423,-590882299,2021-07-29
3755,,22_4551171343_CACEIS,1696929174,OB,OB,No-pair,monthend interest,Caceis booked the monthend interest for SD 01-01-2021. Integrata yet to book,1696929174,1696929174,4551456423,-590882299,2021-07-29
3756,,16_4551157661_CACEIS,1677770288,OB,OB,No-pair,proceeds sell,Caceis booked the proceeds sell for SD 12-21-2020. Integrata yet to book,1677770288,1677770288,4551456423,-590882299,2021-07-29
3757,,99_4551066313_CACEIS,1556876410,OB,OB,No-pair,fx wire,Caceis booked the fx wire for SD 10-15-2020. Integrata yet to book,1556876410,1556876410,4551456423,-590882299,2021-07-29
3758,,252_4551210754_CACEIS,1748958236,OB,OB,No-pair,monthend interest,Caceis booked the monthend interest for SD 02-01-2021. Integrata yet to book,1748958236,1748958236,4551456423,-590882299,2021-07-29
3759,,42_4551188298_CACEIS,1718045068,OB,OB,No-pair,fx wire,Caceis booked the fx wire for SD 01-13-2021. Integrata yet to book,1718045068,1718045068,4551456423,-590882299,2021-07-29
3760,,408_455985296_CACEIS,1449582171,OB,OB,No-pair,fx wire,Caceis booked the fx wire for SD 08-17-2020. Integrata yet to book,1449582171,1449582171,4551456423,-590882299,2021-07-29
3761,,55_4551105378_CACEIS,1608089256,OB,OB,No-pair,fees,Caceis booked the fees for SD 11-12-2020. Integrata yet to book,1608089256,1608089256,4551456423,-590882299,2021-07-29
3762,,52_4551066313_CACEIS,1556876398,OB,OB,No-pair,fx wire,Caceis booked the fx wire for SD 10-15-2020. Integrata yet to book,1556876398,1556876398,4551456423,-590882299,2021-07-29
3763,,231_4551109218_CACEIS,1613286768,OB,OB,No-pair,fx wire,Caceis booked the fx wire for SD 11-16-2020. Integrata yet to book,1613286768,1613286768,4551456423,-590882299,2021-07-29
3764,,472_4551109218_CACEIS,1613286985,OB,OB,No-pair,fx wire,Caceis booked the fx wire for SD 11-16-2020. Integrata yet to book,1613286985,1613286985,4551456423,-590882299,2021-07-29
3765,4_455770517_Integrata,,1167491756,OB,OB,No-pair,wire transfer,Integrata booked the subscription for SD 03-05-2020.Caceis yet to book.,1167491756,1167491756,4551456423,-590882299,2021-07-29
3766,,726_455822501_CACEIS,1235308615,OB,OB,No-pair,fx wire,Caceis booked the fx wire for SD 04-15-2020. Integrata yet to book,1235308615,1235308615,4551456423,-590882299,2021-07-29
3767,,80_455590588_CACEIS,883858745,OB,OB,No-pair,fx wire,Caceis booked the fx wire for SD 10-15-2019. Integrata yet to book,883858745,883858745,4551456423,-590882299,2021-07-29
3768,,87_455879764_CACEIS,1309543812,OB,OB,No-pair,fx wire,Caceis booked the fx wire for SD 05-29-2020. Integrata yet to book,1309543812,1309543812,4551456423,-590882299,2021-07-29
3769,3_455460973_Integrata,,669493932,OB,OB,No-pair,wire transfer,Integrata booked the wire transfer for SD 07-02-2019.Caceis yet to book.,669493932,669493932,4551456423,-590882299,2021-07-29
3770,,114_4551229444_CACEIS,1775243159,OB,OB,No-pair,fx wire,Caceis booked the fx wire for SD 02-12-2021. Integrata yet to book,1775243159,1775243159,4551456423,-590882299,2021-07-29
3771,,64_4551105378_CACEIS,1608089191,OB,OB,No-pair,fees,Caceis booked the fees for SD 11-12-2020. Integrata yet to book,1608089191,1608089191,4551456423,-590882299,2021-07-29
3772,,153_4551248485_CACEIS,1800039428,OB,OB,No-pair,monthend interest,Caceis booked the monthend interest for SD 03-01-2021. Integrata yet to book,1800039428,1800039428,4551456423,-590882299,2021-07-29
3773,,21_4551283365_CACEIS,1845308057,OB,OB,No-pair,wire transfer,Caceis booked the wire transfer for SD 03-24-2021. Integrata yet to book,1845308057,1845308057,4551456423,-590882299,2021-07-29
3774,,516_455783582_CACEIS,1185159448,OB,OB,No-pair,fx wire,Caceis booked the fx wire for SD 03-16-2020. Integrata yet to book,1185159448,1185159448,4551456423,-590882299,2021-07-29
3775,,76_4551220415_CACEIS,1761955912,OB,OB,No-pair,fx wire,Caceis booked the fx wire for SD 02-05-2021. Integrata yet to book,1761955912,1761955912,4551456423,-590882299,2021-07-29
3776,,671_455862625_CACEIS,1287004325,OB,OB,No-pair,fees,Caceis booked the fees for SD 05-13-2020. Integrata yet to book,1287004325,1287004325,4551456423,-590882299,2021-07-29
3777,,114_4551220415_CACEIS,1761956047,OB,OB,No-pair,fx wire,Caceis booked the fx wire for SD 02-05-2021. Integrata yet to book,1761956047,1761956047,4551456423,-590882299,2021-07-29
3778,,8_455826113_CACEIS,1239393729,OB,OB,No-pair,fx wire,Caceis booked the fx wire for SD 04-17-2020. Integrata yet to book,1239393729,1239393729,4551456423,-590882299,2021-07-29
3779,,238_4551109218_CACEIS,1613286759,OB,OB,No-pair,fx wire,Caceis booked the fx wire for SD 11-16-2020. Integrata yet to book,1613286759,1613286759,4551456423,-590882299,2021-07-29
3780,,100_4551109218_CACEIS,1613286634,OB,OB,No-pair,fx wire,Caceis booked the fx wire for SD 11-16-2020. Integrata yet to book,1613286634,1613286634,4551456423,-590882299,2021-07-29
3781,,123_4551313388_CACEIS,1883527851,OB,OB,No-pair,fx wire,Caceis booked the fx wire for SD 04-15-2021. Integrata yet to book,1883527851,1883527851,4551456423,-590882299,2021-07-29
3782,,445_455985296_CACEIS,1449582149,OB,OB,No-pair,fx wire,Caceis booked the fx wire for SD 08-17-2020. Integrata yet to book,1449582149,1449582149,4551456423,-590882299,2021-07-29
3783,,34_455898221_CACEIS,1334730901,OB,OB,No-pair,wire transfer,Caceis booked the wire transfer for SD 06-12-2020. Integrata yet to book,1334730901,1334730901,4551456423,-590882299,2021-07-29
3784,,265_4551436806_CACEIS,2049885936,OB,OB,No-pair,wire transfer,Caceis booked the wire transfer for SD 07-15-2021. Integrata yet to book,2049885936,2049885936,4551456423,-590882299,2021-07-29
3785,,85_455748445_CACEIS,1136275069,OB,OB,No-pair,fx wire,Caceis booked the fx wire for SD 02-18-2020. Integrata yet to book,1136275069,1136275069,4551456423,-590882299,2021-07-29
3786,,79_455985296_CACEIS,1449581841,OB,OB,No-pair,fx wire,Caceis booked the fx wire for SD 08-17-2020. Integrata yet to book,1449581841,1449581841,4551456423,-590882299,2021-07-29
3787,,7_341093_CACEIS,490673982,OB,OB,No-pair,fx wire,Caceis booked the fx wire for SD 03-22-2019. Integrata yet to book,490673982,490673982,4551456423,-590882299,2021-07-29
3788,,780_455822501_CACEIS,1235308636,OB,OB,No-pair,fx wire,Caceis booked the fx wire for SD 04-15-2020. Integrata yet to book,1235308636,1235308636,4551456423,-590882299,2021-07-29
3789,,67_455403345_CACEIS,582954938,OB,OB,No-pair,fees,Caceis booked the fees for SD 05-14-2019. Integrata yet to book,582954938,582954938,4551456423,-590882299,2021-07-29
3790,,101_455688261_CACEIS,1053516702,OB,OB,No-pair,fx wire,Caceis booked the fx wire for SD 12-31-2019. Integrata yet to book,1053516702,1053516702,4551456423,-590882299,2021-07-29
3791,,386_455783582_CACEIS,1185159618,OB,OB,No-pair,fx wire,Caceis booked the fx wire for SD 03-16-2020. Integrata yet to book,1185159618,1185159618,4551456423,-590882299,2021-07-29
3792,,81_455940640_CACEIS,1391596023,OB,OB,No-pair,fx wire,Caceis booked the fx wire for SD 07-15-2020. Integrata yet to book,1391596023,1391596023,4551456423,-590882299,2021-07-29
3793,,493_455862625_CACEIS,1287003852,OB,OB,No-pair,fx wire,Caceis booked the fx wire for SD 05-15-2020. Integrata yet to book,1287003852,1287003852,4551456423,-590882299,2021-07-29
3794,,75_455403345_CACEIS,582954943,OB,OB,No-pair,fees,Caceis booked the fees for SD 05-14-2019. Integrata yet to book,582954943,582954943,4551456423,-590882299,2021-07-29
3795,,43_4551068550_CACEIS,1559437468,OB,OB,No-pair,fx wire,Caceis booked the fx wire for SD 10-16-2020. Integrata yet to book,1559437468,1559437468,4551456423,-590882299,2021-07-29
3796,,35_455533322_CACEIS,787871211,OB,OB,No-pair,monthend interest,Caceis booked the monthend interest for SD 09-01-2019. Integrata yet to book,787871211,787871211,4551456423,-590882299,2021-07-29
3797,,8_4551003590_CACEIS,1473425961,OB,OB,No-pair,monthend interest,Caceis booked the monthend interest for SD 08-31-2020. Integrata yet to book,1473425961,1473425961,4551456423,-590882299,2021-07-29
3798,,389_4551232906_CACEIS,1780156721,OB,OB,No-pair,fx wire,Caceis booked the fx wire for SD 02-16-2021. Integrata yet to book,1780156721,1780156721,4551456423,-590882299,2021-07-29
3799,,28_455667500_CACEIS,1017540693,OB,OB,No-pair,fx wire,Caceis booked the fx wire for SD 12-13-2019. Integrata yet to book,1017540693,1017540693,4551456423,-590882299,2021-07-29
3800,,201_455898221_CACEIS,1334730733,OB,OB,No-pair,wire transfer,Caceis booked the wire transfer for SD 06-12-2020. Integrata yet to book,1334730733,1334730733,4551456423,-590882299,2021-07-29
3801,,402_4551023983_CACEIS,1500214168,OB,OB,No-pair,fx wire,Caceis booked the fx wire for SD 09-15-2020. Integrata yet to book,1500214168,1500214168,4551456423,-590882299,2021-07-29
3802,,42_4551428980_CACEIS,2040344610,OB,OB,No-pair,fx wire,Caceis booked the fx wire for SD 07-09-2021. Integrata yet to book,2040344610,2040344610,4551456423,-590882299,2021-07-29
3803,,213_455783582_CACEIS,1185159477,OB,OB,No-pair,fx wire,Caceis booked the fx wire for SD 03-16-2020. Integrata yet to book,1185159477,1185159477,4551456423,-590882299,2021-07-29
3804,,39_455706635_CACEIS,1081907308,OB,OB,No-pair,fx wire,Caceis booked the fx wire for SD 01-15-2020. Integrata yet to book,1081907308,1081907308,4551456423,-590882299,2021-07-29
3805,,38_4551430779_CACEIS,2043021931,OB,OB,No-pair,fees,Caceis booked the fees for SD 07-12-2021. Integrata yet to book,2043021931,2043021931,4551456423,-590882299,2021-07-29
3806,,34_4551430779_CACEIS,2043021937,OB,OB,No-pair,fees,Caceis booked the fees for SD 07-12-2021. Integrata yet to book,2043021937,2043021937,4551456423,-590882299,2021-07-29
3807,,79_455762980_CACEIS,1156897780,OB,OB,No-pair,fx wire,Caceis booked the fx wire for SD 02-28-2020. Integrata yet to book,1156897780,1156897780,4551456423,-590882299,2021-07-29
3808,,35_455709628_CACEIS,1085770920,OB,OB,No-pair,fx wire,Caceis booked the fx wire for SD 01-17-2020. Integrata yet to book,1085770920,1085770920,4551456423,-590882299,2021-07-29
3809,,128_4551144082_CACEIS,1659707091,OB,OB,No-pair,fees,Caceis booked the fees for SD 12-10-2020. Integrata yet to book,1659707091,1659707091,4551456423,-590882299,2021-07-29
3810,,164_4551191593_CACEIS,1722905061,OB,OB,No-pair,fx wire,Caceis booked the fx wire for SD 01-15-2021. Integrata yet to book,1722905061,1722905061,4551456423,-590882299,2021-07-29
3811,,56_455907521_CACEIS,1347197215,OB,OB,No-pair,fx wire,Caceis booked the fx wire for SD 06-19-2020. Integrata yet to book,1347197215,1347197215,4551456423,-590882299,2021-07-29
3812,,25_455742022_CACEIS,1127725736,OB,OB,No-pair,fees,Caceis booked the fees for SD 02-12-2020. Integrata yet to book,1127725736,1127725736,4551456423,-590882299,2021-07-29
3813,,678_455862625_CACEIS,1287004432,OB,OB,No-pair,fx wire,Caceis booked the fx wire for SD 05-15-2020. Integrata yet to book,1287004432,1287004432,4551456423,-590882299,2021-07-29
3814,,21_306589_CACEIS,433998202,OB,OB,No-pair,fx wire,Caceis booked the fx wire for SD 02-15-2019. Integrata yet to book,433998202,433998202,4551456423,-590882299,2021-07-29
3815,,837_455643841_CACEIS,975323909,OB,OB,No-pair,fx wire,Caceis booked the fx wire for SD 11-01-2019. Integrata yet to book,975323909,975323909,4551456423,-590882299,2021-07-29
3816,,227_455985296_CACEIS,1449581932,OB,OB,No-pair,fx wire,Caceis booked the fx wire for SD 08-17-2020. Integrata yet to book,1449581932,1449581932,4551456423,-590882299,2021-07-29
3817,,78_4551388882_CACEIS,1989667624,OB,OB,No-pair,wire transfer,Caceis booked the wire transfer for SD 06-10-2021. Integrata yet to book,1989667624,1989667624,4551456423,-590882299,2021-07-29
3818,,196_4551023983_CACEIS,1500213882,OB,OB,No-pair,fx wire,Caceis booked the fx wire for SD 09-15-2020. Integrata yet to book,1500213882,1500213882,4551456423,-590882299,2021-07-29
3819,,247_4551248485_CACEIS,1800039557,OB,OB,No-pair,fx wire,Caceis booked the fx wire for SD 02-26-2021. Integrata yet to book,1800039557,1800039557,4551456423,-590882299,2021-07-29
3820,,191_4551066313_CACEIS,1556876401,OB,OB,No-pair,fx wire,Caceis booked the fx wire for SD 10-15-2020. Integrata yet to book,1556876401,1556876401,4551456423,-590882299,2021-07-29
3821,,837_455822501_CACEIS,1235308662,OB,OB,No-pair,fx wire,Caceis booked the fx wire for SD 04-15-2020. Integrata yet to book,1235308662,1235308662,4551456423,-590882299,2021-07-29
3822,,95_455862625_CACEIS,1287002921,OB,OB,No-pair,fx wire,Caceis booked the fx wire for SD 05-15-2020. Integrata yet to book,1287002921,1287002921,4551456423,-590882299,2021-07-29
3823,5_4551081703_Integrata,,1576857671,OB,OB,No-pair,wire transfer,Integrata booked the wire transfer for SD 08-31-2020.Caceis yet to book.,1576857671,1576857671,4551456423,-590882299,2021-07-29
3824,,306_455669415_CACEIS,1020662002,OB,OB,No-pair,fx wire,Caceis booked the fx wire for SD 12-16-2019. Integrata yet to book,1020662002,1020662002,4551456423,-590882299,2021-07-29
3825,,215_455985296_CACEIS,1449581920,OB,OB,No-pair,fx wire,Caceis booked the fx wire for SD 08-17-2020. Integrata yet to book,1449581920,1449581920,4551456423,-590882299,2021-07-29
3826,,506_455862625_CACEIS,1287003727,OB,OB,No-pair,fx wire,Caceis booked the fx wire for SD 05-15-2020. Integrata yet to book,1287003727,1287003727,4551456423,-590882299,2021-07-29
3827,,48_455879764_CACEIS,1309543711,OB,OB,No-pair,fx wire,Caceis booked the fx wire for SD 05-29-2020. Integrata yet to book,1309543711,1309543711,4551456423,-590882299,2021-07-29
3828,8_455460973_Integrata,,668641468,OB,OB,No-pair,fx wire,Integrata booked the fx wire for SD 04-10-2019.Caceis yet to book.,668641468,668641468,4551456423,-590882299,2021-07-29
3829,,21_4551287241_CACEIS,1850449297,OB,OB,No-pair,fx wire,Caceis booked the fx wire for SD 03-26-2021. Integrata yet to book,1850449297,1850449297,4551456423,-590882299,2021-07-29
3830,,28_455879764_CACEIS,1309543714,OB,OB,No-pair,monthend interest,Caceis booked the monthend interest for SD 06-01-2020. Integrata yet to book,1309543714,1309543714,4551456423,-590882299,2021-07-29
3831,,482_455643841_CACEIS,975323554,OB,OB,No-pair,fx wire,Caceis booked the fx wire for SD 11-15-2019. Integrata yet to book,975323554,975323554,4551456423,-590882299,2021-07-29
3832,,30_349816_CACEIS,505077787,OB,OB,No-pair,monthend interest,Caceis booked the monthend interest for SD 04-01-2019. Integrata yet to book,505077787,505077787,4551456423,-590882299,2021-07-29
3833,,540_455783582_CACEIS,1185159773,OB,OB,No-pair,fx wire,Caceis booked the fx wire for SD 03-16-2020. Integrata yet to book,1185159773,1185159773,4551456423,-590882299,2021-07-29
3834,2_455464963_Integrata,,673465231,OB,OB,No-pair,wire transfer,Integrata booked the Net Sub/Red for SD 07-04-2019.Caceis yet to book.,673465231,673465231,4551456423,-590882299,2021-07-29
3835,,124_455663909_CACEIS,1011570720,OB,OB,No-pair,wire transfer,Caceis booked the wire transfer for SD 12-11-2019. Integrata yet to book,1011570720,1011570720,4551456423,-590882299,2021-07-29
3836,,43_455404958_CACEIS,585162351,OB,OB,No-pair,fx wire,Caceis booked the fx wire for SD 05-15-2019. Integrata yet to book,585162351,585162351,4551456423,-590882299,2021-07-29
3837,,99_455663909_CACEIS,1011570648,OB,OB,No-pair,wire transfer,Caceis booked the wire transfer for SD 12-11-2019. Integrata yet to book,1011570648,1011570648,4551456423,-590882299,2021-07-29
3838,,8_4551343376_CACEIS,1925737842,OB,OB,No-pair,fx wire,Caceis booked the fx wire for SD 05-07-2021. Integrata yet to book,1925737842,1925737842,4551456423,-590882299,2021-07-29
3839,22_4551382936_Integrata,,1982280365,OB,OB,No-pair,wire transfer,Integrata booked the AUM plug for SD 06-04-2021.Caceis yet to book.,1982280365,1982280365,4551456423,-590882299,2021-07-29
3840,,7_455874345_CACEIS,1302176812,OB,OB,No-pair,wire transfer,Caceis booked the wire transfer for SD 05-26-2020. Integrata yet to book,1302176812,1302176812,4551456423,-590882299,2021-07-29
3841,,248_4551248485_CACEIS,1800039562,OB,OB,No-pair,fx wire,Caceis booked the fx wire for SD 02-26-2021. Integrata yet to book,1800039562,1800039562,4551456423,-590882299,2021-07-29
3842,,75_455900053_CACEIS,1336713303,OB,OB,No-pair,fx wire,Caceis booked the fx wire for SD 06-15-2020. Integrata yet to book,1336713303,1336713303,4551456423,-590882299,2021-07-29
3843,,385_4551023983_CACEIS,1500214092,OB,OB,No-pair,wire transfer,Caceis booked the wire transfer for SD 09-15-2020. Integrata yet to book,1500214092,1500214092,4551456423,-590882299,2021-07-29
3844,,446_455985296_CACEIS,1449582117,OB,OB,No-pair,fx wire,Caceis booked the fx wire for SD 08-17-2020. Integrata yet to book,1449582117,1449582117,4551456423,-590882299,2021-07-29
3845,,1344_455643841_CACEIS,975324416,OB,OB,No-pair,fx wire,Caceis booked the fx wire for SD 11-15-2019. Integrata yet to book,975324416,975324416,4551456423,-590882299,2021-07-29
3846,12_4551444588_Integrata,,2059445496,OB,OB,No-pair,wire transfer,Integrata booked the AUM plug for SD 07-20-2021.Caceis yet to book.,2059445496,2059445496,4551456423,-590882299,2021-07-29
3847,,14_284950_CACEIS,399852142,OB,OB,No-pair,monthend interest,Caceis booked the monthend interest for SD 02-01-2019. Integrata yet to book,399852142,399852142,4551456423,-590882299,2021-07-29
3848,,93_455663909_CACEIS,1011570658,OB,OB,No-pair,wire transfer,Caceis booked the wire transfer for SD 12-11-2019. Integrata yet to book,1011570658,1011570658,4551456423,-590882299,2021-07-29
3849,,246_4551248485_CACEIS,1800039553,OB,OB,No-pair,fx wire,Caceis booked the fx wire for SD 02-26-2021. Integrata yet to book,1800039553,1800039553,4551456423,-590882299,2021-07-29
3850,,17_455509747_CACEIS,748668086,OB,OB,No-pair,fees,Caceis booked the fees for SD 08-12-2019. Integrata yet to book,748668086,748668086,4551456423,-590882299,2021-07-29
3851,,29_455457456_CACEIS,662167982,OB,OB,No-pair,monthend interest,Caceis booked the monthend interest for SD 07-01-2019. Integrata yet to book,662167982,662167982,4551456423,-590882299,2021-07-29
3852,,751_4551232906_CACEIS,1780157175,OB,OB,No-pair,fx wire,Caceis booked the fx wire for SD 02-16-2021. Integrata yet to book,1780157175,1780157175,4551456423,-590882299,2021-07-29
3853,8_4551258322_Integrata,,1812652654,OB,OB,No-pair,wire transfer,Integrata booked the AUM plug for SD 03-04-2021.Caceis yet to book.,1812652654,1812652654,4551456423,-590882299,2021-07-29
3854,,5_455676391_CACEIS,1031864549,OB,OB,No-pair,wire transfer,Caceis booked the wire transfer for SD 12-20-2019. Integrata yet to book,1031864549,1031864549,4551456423,-590882299,2021-07-29
3855,,390_4551232906_CACEIS,1780156739,OB,OB,No-pair,fx wire,Caceis booked the fx wire for SD 02-16-2021. Integrata yet to book,1780156739,1780156739,4551456423,-590882299,2021-07-29
3856,,124_4551201062_CACEIS,1734566002,OB,OB,No-pair,wire transfer,Caceis booked the wire transfer for SD 01-22-2021. Integrata yet to book,1734566002,1734566002,4551456423,-590882299,2021-07-29
3857,,64_455404958_CACEIS,585162353,OB,OB,No-pair,fx wire,Caceis booked the fx wire for SD 05-15-2019. Integrata yet to book,585162353,585162353,4551456423,-590882299,2021-07-29
3858,,245_4551248485_CACEIS,1800039549,OB,OB,No-pair,fx wire,Caceis booked the fx wire for SD 02-26-2021. Integrata yet to book,1800039549,1800039549,4551456423,-590882299,2021-07-29
3859,,12_4551005548_CACEIS,1476092823,OB,OB,No-pair,wire transfer,Caceis booked the wire transfer for SD 07-29-2020. Integrata yet to book,1476092823,1476092823,4551456423,-590882299,2021-07-29
3860,,74_4551127906_CACEIS,1637981958,OB,OB,No-pair,monthend interest,Caceis booked the monthend interest for SD 12-01-2020. Integrata yet to book,1637981958,1637981958,4551456423,-590882299,2021-07-29
3861,,259_4551436806_CACEIS,2049886017,OB,OB,No-pair,fx wire,Caceis booked the fx wire for SD 07-15-2021. Integrata yet to book,2049886017,2049886017,4551456423,-590882299,2021-07-29
3862,,51_455667500_CACEIS,1017540731,OB,OB,No-pair,fx wire,Caceis booked the fx wire for SD 12-13-2019. Integrata yet to book,1017540731,1017540731,4551456423,-590882299,2021-07-29
3863,,25_455509747_CACEIS,748668157,OB,OB,No-pair,fees,Caceis booked the fees for SD 08-12-2019. Integrata yet to book,748668157,748668157,4551456423,-590882299,2021-07-29
3864,,112_455726980_CACEIS,1107942674,OB,OB,No-pair,monthend interest,Caceis booked the monthend interest for SD 02-01-2020. Integrata yet to book,1107942674,1107942674,4551456423,-590882299,2021-07-29
3865,,463_4551109218_CACEIS,1613286963,OB,OB,No-pair,fx wire,Caceis booked the fx wire for SD 11-16-2020. Integrata yet to book,1613286963,1613286963,4551456423,-590882299,2021-07-29
3866,,40_455404958_CACEIS,585162343,OB,OB,No-pair,fx wire,Caceis booked the fx wire for SD 05-15-2019. Integrata yet to book,585162343,585162343,4551456423,-590882299,2021-07-29
3867,,251_4551248485_CACEIS,1800039571,OB,OB,No-pair,fx wire,Caceis booked the fx wire for SD 02-26-2021. Integrata yet to book,1800039571,1800039571,4551456423,-590882299,2021-07-29
3868,,8_455509747_CACEIS,748668173,OB,OB,No-pair,fees,Caceis booked the fees for SD 08-12-2019. Integrata yet to book,748668173,748668173,4551456423,-590882299,2021-07-29
3869,,8_455828048_CACEIS,1241932137,OB,OB,No-pair,wire transfer,Caceis booked the wire transfer for SD 04-20-2020. Integrata yet to book,1241932137,1241932137,4551456423,-590882299,2021-07-29
3870,,517_4551109218_CACEIS,1613287093,OB,OB,No-pair,fx wire,Caceis booked the fx wire for SD 11-16-2020. Integrata yet to book,1613287093,1613287093,4551456423,-590882299,2021-07-29
3871,,253_455748445_CACEIS,1136275228,OB,OB,No-pair,fx wire,Caceis booked the fx wire for SD 02-18-2020. Integrata yet to book,1136275228,1136275228,4551456423,-590882299,2021-07-29
3872,,583_455643841_CACEIS,975323655,OB,OB,No-pair,wire transfer,Caceis booked the wire transfer for SD 11-18-2019. Integrata yet to book,975323655,975323655,4551456423,-590882299,2021-07-29
3873,,87_455822501_CACEIS,1235307837,OB,OB,No-pair,fx wire,Caceis booked the fx wire for SD 04-15-2020. Integrata yet to book,1235307837,1235307837,4551456423,-590882299,2021-07-29
3874,,21_455643841_CACEIS,975323093,OB,OB,No-pair,monthend interest,Caceis booked the monthend interest for SD 10-31-2019. Integrata yet to book,975323093,975323093,4551456423,-590882299,2021-07-29
3875,,249_455985296_CACEIS,1449582056,OB,OB,No-pair,fx wire,Caceis booked the fx wire for SD 08-17-2020. Integrata yet to book,1449582056,1449582056,4551456423,-590882299,2021-07-29
3876,,23_4551206835_CACEIS,1743521227,OB,OB,No-pair,proceeds sell,Caceis booked the proceeds sell for SD 01-27-2021. Integrata yet to book,1743521227,1743521227,4551456423,-590882299,2021-07-29
3877,,83_455762980_CACEIS,1156897832,OB,OB,No-pair,proceeds sell,Caceis booked the proceeds sell for SD 02-28-2020. Integrata yet to book,1156897832,1156897832,4551456423,-590882299,2021-07-29
3878,50_4551085502_Integrata,,1581818087,OB,OB,No-pair,wire transfer,Integrata booked the wire transfer for SD 10-27-2020.Caceis yet to book.,1581818087,1581818087,4551456423,-590882299,2021-07-29
3879,,533_455900053_CACEIS,1336714016,OB,OB,No-pair,fx wire,Caceis booked the fx wire for SD 06-15-2020. Integrata yet to book,1336714016,1336714016,4551456423,-590882299,2021-07-29
3880,,59_4551105378_CACEIS,1608089177,OB,OB,No-pair,fees,Caceis booked the fees for SD 11-12-2020. Integrata yet to book,1608089177,1608089177,4551456423,-590882299,2021-07-29
3881,4_4551334292_Integrata,,1911737178,OB,OB,No-pair,wire transfer,Integrata booked the AUM plug for SD 04-28-2021.Caceis yet to book.,1911737178,1911737178,4551456423,-590882299,2021-07-29
3882,1_4551432966_Integrata,,2045289875,OB,OB,No-pair,wire transfer,Integrata booked the AUM plug for SD 07-12-2021.Caceis yet to book.,2045289875,2045289875,4551456423,-590882299,2021-07-29
3883,1_4551370002_Integrata,,1964483312,OB,OB,No-pair,wire transfer,Integrata booked the AUM plug for SD 05-26-2021.Caceis yet to book.,1964483312,1964483312,4551456423,-590882299,2021-07-29
3884,6_4551240968_Integrata,,1790775309,OB,OB,No-pair,wire transfer,Integrata booked the AUM plug for SD 02-19-2021.Caceis yet to book.,1790775309,1790775309,4551456423,-590882299,2021-07-29
3885,3_4551230809_Integrata,,1777487233,OB,OB,No-pair,wire transfer,Integrata booked the AUM plug for SD 02-12-2021.Caceis yet to book.,1777487233,1777487233,4551456423,-590882299,2021-07-29
3886,2_4551326398_Integrata,,1900587945,OB,OB,No-pair,wire transfer,Integrata booked the AUM plug for SD 04-23-2021.Caceis yet to book.,1900587945,1900587945,4551456423,-590882299,2021-07-29
3887,1_4551408153_Integrata,,2013693280,OB,OB,No-pair,wire transfer,Integrata booked the AUM plug for SD 06-23-2021.Caceis yet to book.,2013693280,2013693280,4551456423,-590882299,2021-07-29
3888,,665_4551232906_CACEIS,1780156962,OB,OB,No-pair,fx wire,Caceis booked the fx wire for SD 02-16-2021. Integrata yet to book,1780156962,1780156962,4551456423,-590882299,2021-07-29
3889,,160_455822501_CACEIS,1235308229,OB,OB,No-pair,fx wire,Caceis booked the fx wire for SD 04-15-2020. Integrata yet to book,1235308229,1235308229,4551456423,-590882299,2021-07-29
3890,,3_4551415924_CACEIS,2024089317,OB,OB,No-pair,wire transfer,Caceis booked the wire transfer for SD 06-30-2021. Integrata yet to book,2024089317,2024089317,4551456423,-590882299,2021-07-29
3891,,144_4551105378_CACEIS,1608089306,OB,OB,No-pair,fees,Caceis booked the fees for SD 11-12-2020. Integrata yet to book,1608089306,1608089306,4551456423,-590882299,2021-07-29
3892,2_4551390838_Integrata,,1992497427,OB,OB,No-pair,wire transfer,Integrata booked the AUM plug for SD 06-10-2021.Caceis yet to book.,1992497427,1992497427,4551456423,-590882299,2021-07-29
3893,3_4551370002_Integrata,,1964483314,OB,OB,No-pair,wire transfer,Integrata booked the subscription for SD 05-27-2021.Caceis yet to book.,1964483314,1964483314,4551456423,-590882299,2021-07-29
3894,,4_4551372778_CACEIS,1969041943,OB,OB,No-pair,fx wire,Caceis booked the fx wire for SD 05-28-2021. Integrata yet to book,1969041943,1969041943,4551456423,-590882299,2021-07-29
3895,2_4551317078_Integrata,,1888368209,OB,OB,No-pair,wire transfer,Integrata booked the AUM plug for SD 04-16-2021.Caceis yet to book.,1888368209,1888368209,4551456423,-590882299,2021-07-29
3896,5_4551256295_Integrata,,1810321901,OB,OB,No-pair,wire transfer,Integrata booked the AUM plug for SD 03-03-2021.Caceis yet to book.,1810321901,1810321901,4551456423,-590882299,2021-07-29
3897,,2_455927788_CACEIS,1374347951,OB,OB,No-pair,fx wire,Caceis booked the fx wire for SD 07-06-2020. Integrata yet to book,1374347951,1374347951,4551456423,-590882299,2021-07-29
3898,,11_455541826_CACEIS,801870205,OB,OB,No-pair,fx wire,Caceis booked the fx wire for SD 09-06-2019. Integrata yet to book,801870205,801870205,4551456423,-590882299,2021-07-29
3899,,550_4551109218_CACEIS,1613287055,OB,OB,No-pair,fx wire,Caceis booked the fx wire for SD 11-16-2020. Integrata yet to book,1613287055,1613287055,4551456423,-590882299,2021-07-29
3900,,63_4551248485_CACEIS,1800039373,OB,OB,No-pair,wire transfer,Caceis booked the wire transfer for SD 02-25-2021. Integrata yet to book,1800039373,1800039373,4551456423,-590882299,2021-07-29
3901,,108_306589_CACEIS,433998173,OB,OB,No-pair,fx wire,Caceis booked the fx wire for SD 02-15-2019. Integrata yet to book,433998173,433998173,4551456423,-590882299,2021-07-29
3902,,20_328180_CACEIS,473992301,OB,OB,No-pair,wire transfer,Caceis booked the wire transfer for SD 03-12-2019. Integrata yet to book,473992301,473992301,4551456423,-590882299,2021-07-29
3903,,56_4551354754_CACEIS,1942399618,OB,OB,No-pair,fx wire,Caceis booked the fx wire for SD 05-17-2021. Integrata yet to book,1942399618,1942399618,4551456423,-590882299,2021-07-29
3904,,2_4551195338_CACEIS,1727684707,OB,OB,No-pair,wire transfer,Caceis booked the wire transfer for SD 01-19-2021. Integrata yet to book,1727684707,1727684707,4551456423,-590882299,2021-07-29
3905,,136_4551184426_CACEIS,1712749750,OB,OB,No-pair,fees,Caceis booked the fees for SD 01-11-2021. Integrata yet to book,1712749750,1712749750,4551456423,-590882299,2021-07-29
3906,,174_455706635_CACEIS,1081907622,OB,OB,No-pair,fx wire,Caceis booked the fx wire for SD 01-15-2020. Integrata yet to book,1081907622,1081907622,4551456423,-590882299,2021-07-29
3907,,937_455643841_CACEIS,975324009,OB,OB,No-pair,wire transfer,Caceis booked the wire transfer for SD 11-06-2019. Integrata yet to book,975324009,975324009,4551456423,-590882299,2021-07-29
3908,,26_4551210754_CACEIS,1748958258,OB,OB,No-pair,wire transfer,Caceis booked the wire transfer for SD 01-29-2021. Integrata yet to book,1748958258,1748958258,4551456423,-590882299,2021-07-29
3909,22_4551250853_Integrata,,1802932496,OB,OB,No-pair,wire transfer,Integrata booked the AUM plug for SD 02-26-2021.Caceis yet to book.,1802932496,1802932496,4551456423,-590882299,2021-07-29
3910,,142_455742022_CACEIS,1127725773,OB,OB,No-pair,fees,Caceis booked the fees for SD 02-12-2020. Integrata yet to book,1127725773,1127725773,4551456423,-590882299,2021-07-29
3911,,29_4551105378_CACEIS,1608089265,OB,OB,No-pair,fees,Caceis booked the fees for SD 11-12-2020. Integrata yet to book,1608089265,1608089265,4551456423,-590882299,2021-07-29
3912,,156_4551105378_CACEIS,1608089273,OB,OB,No-pair,fees,Caceis booked the fees for SD 11-12-2020. Integrata yet to book,1608089273,1608089273,4551456423,-590882299,2021-07-29
3913,,69_455649350_CACEIS,985331677,OB,OB,No-pair,monthend interest,Caceis booked the monthend interest for SD 12-01-2019. Integrata yet to book,985331677,985331677,4551456423,-590882299,2021-07-29
3914,3_4551229444_Integrata,,1775243102,OB,OB,No-pair,redemption,Integrata booked the redemption for SD 02-11-2021.Caceis yet to book.,1775243102,1775243102,4551456423,-590882299,2021-07-29
3915,,61_4551105378_CACEIS,1608089267,OB,OB,No-pair,fees,Caceis booked the fees for SD 11-12-2020. Integrata yet to book,1608089267,1608089267,4551456423,-590882299,2021-07-29
3916,35_4551085502_Integrata,,1581818070,OB,OB,No-pair,wire transfer,Integrata booked the wire transfer for SD 10-27-2020.Caceis yet to book.,1581818070,1581818070,4551456423,-590882299,2021-07-29
3917,,11_455383061_CACEIS,555496414,OB,OB,No-pair,fx wire,Caceis booked the fx wire for SD 04-26-2019. Integrata yet to book,555496414,555496414,4551456423,-590882299,2021-07-29
3918,,148_455693832_CACEIS,1063035192,OB,OB,No-pair,fees,Caceis booked the fees for SD 01-06-2020. Integrata yet to book,1063035192,1063035192,4551456423,-590882299,2021-07-29
3919,,1_455490220_CACEIS,714934055,OB,OB,No-pair,fx wire,Caceis booked the fx wire for SD 07-26-2019. Integrata yet to book,714934055,714934055,4551456423,-590882299,2021-07-29
3920,61_4551085502_Integrata,,1581818085,OB,OB,No-pair,wire transfer,Integrata booked the wire transfer for SD 10-27-2020.Caceis yet to book.,1581818085,1581818085,4551456423,-590882299,2021-07-29
3921,,18_455726980_CACEIS,1107942618,OB,OB,No-pair,fx wire,Caceis booked the fx wire for SD 01-31-2020. Integrata yet to book,1107942618,1107942618,4551456423,-590882299,2021-07-29
3922,,114_4551184426_CACEIS,1712749817,OB,OB,No-pair,fees,Caceis booked the fees for SD 01-11-2021. Integrata yet to book,1712749817,1712749817,4551456423,-590882299,2021-07-29
3923,2_455431104_Integrata,,619886952,OB,OB,No-pair,wire transfer,Integrata booked the Net Sub/Red for SD 06-05-2019.Caceis yet to book.,619886952,619886952,4551456423,-590882299,2021-07-29
3924,2_4551446567_Integrata,,2061724325,OB,OB,No-pair,wire transfer,Integrata booked the AUM plug for SD 07-21-2021.Caceis yet to book.,2061724325,2061724325,4551456423,-590882299,2021-07-29
3925,,30_4551077732_CACEIS,1571717942,OB,OB,No-pair,fx wire,Caceis booked the fx wire for SD 10-23-2020. Integrata yet to book,1571717942,1571717942,4551456423,-590882299,2021-07-29
3926,,5_4551105378_CACEIS,1608089171,OB,OB,No-pair,fees,Caceis booked the fees for SD 11-12-2020. Integrata yet to book,1608089171,1608089171,4551456423,-590882299,2021-07-29
3927,,9_4551381021_CACEIS,1979694257,OB,OB,No-pair,wire transfer,Caceis booked the wire transfer for SD 06-04-2021. Integrata yet to book,1979694257,1979694257,4551456423,-590882299,2021-07-29
3928,,376_4551023983_CACEIS,1500214114,OB,OB,No-pair,fx wire,Caceis booked the fx wire for SD 09-15-2020. Integrata yet to book,1500214114,1500214114,4551456423,-590882299,2021-07-29
3929,,384_455643841_CACEIS,975323456,OB,OB,No-pair,fx wire,Caceis booked the fx wire for SD 11-15-2019. Integrata yet to book,975323456,975323456,4551456423,-590882299,2021-07-29
3930,,97_4551105378_CACEIS,1608089311,OB,OB,No-pair,fees,Caceis booked the fees for SD 11-12-2020. Integrata yet to book,1608089311,1608089311,4551456423,-590882299,2021-07-29
3931,,129_455663909_CACEIS,1011570621,OB,OB,No-pair,fees,Caceis booked the fees for SD 12-11-2019. Integrata yet to book,1011570621,1011570621,4551456423,-590882299,2021-07-29
3932,,54_455963450_CACEIS,1421777729,OB,OB,No-pair,wire transfer,Caceis booked the wire transfer for SD 07-31-2020. Integrata yet to book,1421777729,1421777729,4551456423,-590882299,2021-07-29
3933,,385_4551232906_CACEIS,1780156778,OB,OB,No-pair,fx wire,Caceis booked the fx wire for SD 02-16-2021. Integrata yet to book,1780156778,1780156778,4551456423,-590882299,2021-07-29
3934,,2_4551105378_CACEIS,1608089291,OB,OB,No-pair,fees,Caceis booked the fees for SD 11-12-2020. Integrata yet to book,1608089291,1608089291,4551456423,-590882299,2021-07-29
3935,,15_4551373621_CACEIS,1970229496,OB,OB,No-pair,monthend interest,Caceis booked the monthend interest for SD 06-01-2021. Integrata yet to book,1970229496,1970229496,4551456423,-590882299,2021-07-29
3936,,276_4551191593_CACEIS,1722905284,OB,OB,No-pair,fx wire,Caceis booked the fx wire for SD 01-15-2021. Integrata yet to book,1722905284,1722905284,4551456423,-590882299,2021-07-29
3937,,23_455742022_CACEIS,1127725716,OB,OB,No-pair,fees,Caceis booked the fees for SD 02-12-2020. Integrata yet to book,1127725716,1127725716,4551456423,-590882299,2021-07-29
3938,,23_306589_CACEIS,433998205,OB,OB,No-pair,fx wire,Caceis booked the fx wire for SD 02-15-2019. Integrata yet to book,433998205,433998205,4551456423,-590882299,2021-07-29
3939,,76_4551269721_CACEIS,1827473930,OB,OB,No-pair,fx wire,Caceis booked the fx wire for SD 03-15-2021. Integrata yet to book,1827473930,1827473930,4551456423,-590882299,2021-07-29
3940,,521_4551149959_CACEIS,1667623400,OB,OB,No-pair,fx wire,Caceis booked the fx wire for SD 12-15-2020. Integrata yet to book,1667623400,1667623400,4551456423,-590882299,2021-07-29
3941,1_4551377029_Integrata,,1974407561,OB,OB,No-pair,wire transfer,Integrata booked the AUM plug for SD 06-01-2021.Caceis yet to book.,1974407561,1974407561,4551456423,-590882299,2021-07-29
3942,,8_4551381021_CACEIS,1979694253,OB,OB,No-pair,wire transfer,Caceis booked the wire transfer for SD 06-04-2021. Integrata yet to book,1979694253,1979694253,4551456423,-590882299,2021-07-29
3943,,1229_455643841_CACEIS,975324301,OB,OB,No-pair,fx wire,Caceis booked the fx wire for SD 11-15-2019. Integrata yet to book,975324301,975324301,4551456423,-590882299,2021-07-29
3944,36_4551085502_Integrata,,1581818074,OB,OB,No-pair,wire transfer,Integrata booked the wire transfer for SD 10-27-2020.Caceis yet to book.,1581818074,1581818074,4551456423,-590882299,2021-07-29
3945,,674_455862625_CACEIS,1287002910,OB,OB,No-pair,wire transfer,Caceis booked the wire transfer for SD 05-13-2020. Integrata yet to book,1287002910,1287002910,4551456423,-590882299,2021-07-29
3946,,87_455726980_CACEIS,1107942599,OB,OB,No-pair,monthend interest,Caceis booked the monthend interest for SD 02-01-2020. Integrata yet to book,1107942599,1107942599,4551456423,-590882299,2021-07-29
3947,3_4551448516_Integrata,,2064090584,OB,OB,No-pair,wire transfer,Integrata booked the AUM plug for SD 07-22-2021.Caceis yet to book.,2064090584,2064090584,4551456423,-590882299,2021-07-29
3948,,65_455706635_CACEIS,1081907337,OB,OB,No-pair,fx wire,Caceis booked the fx wire for SD 01-15-2020. Integrata yet to book,1081907337,1081907337,4551456423,-590882299,2021-07-29
3949,,99_4551105378_CACEIS,1608089314,OB,OB,No-pair,fees,Caceis booked the fees for SD 11-12-2020. Integrata yet to book,1608089314,1608089314,4551456423,-590882299,2021-07-29
3950,,403_455643841_CACEIS,975323475,OB,OB,No-pair,fx wire,Caceis booked the fx wire for SD 11-15-2019. Integrata yet to book,975323475,975323475,4551456423,-590882299,2021-07-29
3951,,134_4551144082_CACEIS,1659707037,OB,OB,No-pair,fees,Caceis booked the fees for SD 12-10-2020. Integrata yet to book,1659707037,1659707037,4551456423,-590882299,2021-07-29
3952,,14_4551381021_CACEIS,1979694260,OB,OB,No-pair,wire transfer,Caceis booked the wire transfer for SD 06-04-2021. Integrata yet to book,1979694260,1979694260,4551456423,-590882299,2021-07-29
3953,,295_4551149959_CACEIS,1667623181,OB,OB,No-pair,fx wire,Caceis booked the fx wire for SD 12-15-2020. Integrata yet to book,1667623181,1667623181,4551456423,-590882299,2021-07-29
3954,,46_4551105378_CACEIS,1608089206,OB,OB,No-pair,fees,Caceis booked the fees for SD 11-12-2020. Integrata yet to book,1608089206,1608089206,4551456423,-590882299,2021-07-29
3955,,443_4551149959_CACEIS,1667623345,OB,OB,No-pair,fx wire,Caceis booked the fx wire for SD 12-15-2020. Integrata yet to book,1667623345,1667623345,4551456423,-590882299,2021-07-29
3956,,1_4551134044_CACEIS,1646944667,OB,OB,No-pair,wire transfer,Caceis booked the wire transfer for SD 12-03-2020. Integrata yet to book,1646944667,1646944667,4551456423,-590882299,2021-07-29
3957,,113_4551232906_CACEIS,1780156504,OB,OB,No-pair,fx wire,Caceis booked the fx wire for SD 02-16-2021. Integrata yet to book,1780156504,1780156504,4551456423,-590882299,2021-07-29
3958,,208_4551248485_CACEIS,1800039564,OB,OB,No-pair,fx wire,Caceis booked the fx wire for SD 02-26-2021. Integrata yet to book,1800039564,1800039564,4551456423,-590882299,2021-07-29
3959,,66_455934920_CACEIS,1383926723,OB,OB,No-pair,fx wire,Caceis booked the fx wire for SD 07-10-2020. Integrata yet to book,1383926723,1383926723,4551456423,-590882299,2021-07-29
3960,,9_324834_CACEIS,466999401,OB,OB,No-pair,fx wire,Caceis booked the fx wire for SD 03-08-2019. Integrata yet to book,466999401,466999401,4551456423,-590882299,2021-07-29
3961,,7_455885370_CACEIS,1317728438,OB,OB,No-pair,wire transfer,Caceis booked the wire transfer for SD 06-03-2020. Integrata yet to book,1317728438,1317728438,4551456423,-590882299,2021-07-29
3962,,361_455862625_CACEIS,1287003547,OB,OB,No-pair,fees,Caceis booked the fees for SD 05-13-2020. Integrata yet to book,1287003547,1287003547,4551456423,-590882299,2021-07-29
3963,,84_455846205_CACEIS,1265566687,OB,OB,No-pair,wire transfer,Caceis booked the wire transfer for SD 05-04-2020. Integrata yet to book,1265566687,1265566687,4551456423,-590882299,2021-07-29
3964,2_4551123972_Integrata,,1632880229,OB,OB,No-pair,wire transfer,Integrata booked the subscription for SD 11-26-2020.Caceis yet to book.,1632880229,1632880229,4551456423,-590882299,2021-07-29
3965,,380_455940640_CACEIS,1391596325,OB,OB,No-pair,fx wire,Caceis booked the fx wire for SD 07-15-2020. Integrata yet to book,1391596325,1391596325,4551456423,-590882299,2021-07-29
3966,,900_455822501_CACEIS,1235307854,OB,OB,No-pair,fx wire,Caceis booked the fx wire for SD 04-15-2020. Integrata yet to book,1235307854,1235307854,4551456423,-590882299,2021-07-29
3967,4_4551095433_Integrata,,1594567319,OB,OB,No-pair,wire transfer,Integrata booked the Net Sub/Red for SD 11-05-2020.Caceis yet to book.,1594567319,1594567319,4551456423,-590882299,2021-07-29
3968,,17_328180_CACEIS,473992289,OB,OB,No-pair,wire transfer,Caceis booked the wire transfer for SD 03-12-2019. Integrata yet to book,473992289,473992289,4551456423,-590882299,2021-07-29
3969,38_4551295830_Integrata,,1861884226,OB,OB,No-pair,proceeds sell,Integrata booked the Net Sub/Red for SD 04-01-2021.Caceis yet to book.,1861884226,1861884226,4551456423,-590882299,2021-07-29
3970,,15_4551381021_CACEIS,1979694271,OB,OB,No-pair,wire transfer,Caceis booked the wire transfer for SD 06-04-2021. Integrata yet to book,1979694271,1979694271,4551456423,-590882299,2021-07-29
3971,1_455743848_Integrata,,1130319867,OB,OB,No-pair,redemption,Integrata booked the redemption for SD 02-13-2020.Caceis yet to book.,1130319867,1130319867,4551456423,-590882299,2021-07-29
3972,,232_4551394628_CACEIS,1997244818,OB,OB,No-pair,fx wire,Caceis booked the fx wire for SD 06-15-2021. Integrata yet to book,1997244818,1997244818,4551456423,-590882299,2021-07-29
3973,,63_455783582_CACEIS,1185159200,OB,OB,No-pair,fx wire,Caceis booked the fx wire for SD 03-16-2020. Integrata yet to book,1185159200,1185159200,4551456423,-590882299,2021-07-29
3974,74_455914788_Integrata,,1356802594,OB,OB,No-pair,wire transfer,Integrata booked the subscription for SD 06-25-2020.Caceis yet to book.,1356802594,1356802594,4551456423,-590882299,2021-07-29
3975,,32_349816_CACEIS,505077793,OB,OB,No-pair,monthend interest,Caceis booked the monthend interest for SD 04-01-2019. Integrata yet to book,505077793,505077793,4551456423,-590882299,2021-07-29
3976,,802_455862625_CACEIS,1287003265,OB,OB,No-pair,wire transfer,Caceis booked the wire transfer for SD 05-13-2020. Integrata yet to book,1287003265,1287003265,4551456423,-590882299,2021-07-29
3977,,145_4551105378_CACEIS,1608089174,OB,OB,No-pair,fees,Caceis booked the fees for SD 11-12-2020. Integrata yet to book,1608089174,1608089174,4551456423,-590882299,2021-07-29
3978,,27_4551136088_CACEIS,1649475146,OB,OB,No-pair,wire transfer,Caceis booked the wire transfer for SD 12-04-2020. Integrata yet to book,1649475146,1649475146,4551456423,-590882299,2021-07-29
3979,,19_455978912_CACEIS,1441832150,OB,OB,No-pair,wire transfer,Caceis booked the wire transfer for SD 08-12-2020. Integrata yet to book,1441832150,1441832150,4551456423,-590882299,2021-07-29
3980,,44_4551287241_CACEIS,1850449294,OB,OB,No-pair,wire transfer,Caceis booked the wire transfer for SD 03-26-2021. Integrata yet to book,1850449294,1850449294,4551456423,-590882299,2021-07-29
3981,,65_4551436806_CACEIS,2049885827,OB,OB,No-pair,fx wire,Caceis booked the fx wire for SD 07-15-2021. Integrata yet to book,2049885827,2049885827,4551456423,-590882299,2021-07-29
3982,,1_306589_CACEIS,433998151,OB,OB,No-pair,fx wire,Caceis booked the fx wire for SD 02-15-2019. Integrata yet to book,433998151,433998151,4551456423,-590882299,2021-07-29
3983,,205_455669415_CACEIS,1020661937,OB,OB,No-pair,fx wire,Caceis booked the fx wire for SD 12-16-2019. Integrata yet to book,1020661937,1020661937,4551456423,-590882299,2021-07-29
3984,,14_4551210754_CACEIS,1748958229,OB,OB,No-pair,fx wire,Caceis booked the fx wire for SD 01-29-2021. Integrata yet to book,1748958229,1748958229,4551456423,-590882299,2021-07-29
3985,,95_455846205_CACEIS,1265566702,OB,OB,No-pair,wire transfer,Caceis booked the wire transfer for SD 05-04-2020. Integrata yet to book,1265566702,1265566702,4551456423,-590882299,2021-07-29
3986,,97_4551149959_CACEIS,1667623011,OB,OB,No-pair,fx wire,Caceis booked the fx wire for SD 12-15-2020. Integrata yet to book,1667623011,1667623011,4551456423,-590882299,2021-07-29
3987,,88_4551105378_CACEIS,1608089274,OB,OB,No-pair,fees,Caceis booked the fees for SD 11-12-2020. Integrata yet to book,1608089274,1608089274,4551456423,-590882299,2021-07-29
3988,,41_455985296_CACEIS,1449581861,OB,OB,No-pair,fx wire,Caceis booked the fx wire for SD 08-17-2020. Integrata yet to book,1449581861,1449581861,4551456423,-590882299,2021-07-29
3989,,2_4551352893_CACEIS,1939816941,OB,OB,No-pair,wire transfer,Caceis booked the wire transfer for SD 05-14-2021. Integrata yet to book,1939816941,1939816941,4551456423,-590882299,2021-07-29
3990,,32_455879764_CACEIS,1309543764,OB,OB,No-pair,monthend interest,Caceis booked the monthend interest for SD 06-01-2020. Integrata yet to book,1309543764,1309543764,4551456423,-590882299,2021-07-29
3991,,100_306589_CACEIS,433998263,OB,OB,No-pair,fx wire,Caceis booked the fx wire for SD 02-15-2019. Integrata yet to book,433998263,433998263,4551456423,-590882299,2021-07-29
3992,,62_4551229444_CACEIS,1775243176,OB,OB,No-pair,fx wire,Caceis booked the fx wire for SD 02-12-2021. Integrata yet to book,1775243176,1775243176,4551456423,-590882299,2021-07-29
3993,,445_4551191593_CACEIS,1722905493,OB,OB,No-pair,fx wire,Caceis booked the fx wire for SD 01-15-2021. Integrata yet to book,1722905493,1722905493,4551456423,-590882299,2021-07-29
3994,,94_455900053_CACEIS,1336713214,OB,OB,No-pair,fx wire,Caceis booked the fx wire for SD 06-15-2020. Integrata yet to book,1336713214,1336713214,4551456423,-590882299,2021-07-29
3995,,313_455706635_CACEIS,1081907504,OB,OB,No-pair,fx wire,Caceis booked the fx wire for SD 01-15-2020. Integrata yet to book,1081907504,1081907504,4551456423,-590882299,2021-07-29
3996,2_4551362459_Integrata,,1953424869,OB,OB,No-pair,wire transfer,Integrata booked the AUM plug for SD 05-20-2021.Caceis yet to book.,1953424869,1953424869,4551456423,-590882299,2021-07-29
3997,,672_455862625_CACEIS,1287003027,OB,OB,No-pair,wire transfer,Caceis booked the wire transfer for SD 05-13-2020. Integrata yet to book,1287003027,1287003027,4551456423,-590882299,2021-07-29
3998,,138_4551184426_CACEIS,1712749771,OB,OB,No-pair,fees,Caceis booked the fees for SD 01-11-2021. Integrata yet to book,1712749771,1712749771,4551456423,-590882299,2021-07-29
3999,1_4551328228_Integrata,,1902869970,OB,OB,No-pair,wire transfer,Integrata booked the AUM plug for SD 04-26-2021.Caceis yet to book.,1902869970,1902869970,4551456423,-590882299,2021-07-29
4000,,444_455862625_CACEIS,1287003695,OB,OB,No-pair,fees,Caceis booked the fees for SD 05-13-2020. Integrata yet to book,1287003695,1287003695,4551456423,-590882299,2021-07-29
4001,,136_455742022_CACEIS,1127725757,OB,OB,No-pair,fees,Caceis booked the fees for SD 02-12-2020. Integrata yet to book,1127725757,1127725757,4551456423,-590882299,2021-07-29
4002,2_4551450423_Integrata,,2066372789,OB,OB,No-pair,wire transfer,Integrata booked the AUM plug for SD 07-23-2021.Caceis yet to book.,2066372789,2066372789,4551456423,-590882299,2021-07-29
4003,,125_455900053_CACEIS,1336713131,OB,OB,No-pair,fx wire,Caceis booked the fx wire for SD 06-15-2020. Integrata yet to book,1336713131,1336713131,4551456423,-590882299,2021-07-29
4004,,12_455916649_CACEIS,1359361378,OB,OB,No-pair,fx wire,Caceis booked the fx wire for SD 06-26-2020. Integrata yet to book,1359361378,1359361378,4551456423,-590882299,2021-07-29
4005,1_4551438780_Integrata,,2052260385,OB,OB,No-pair,wire transfer,Integrata booked the Net Sub/Red for SD 07-15-2021.Caceis yet to book.,2052260385,2052260385,4551456423,-590882299,2021-07-29
4006,12_4551085502_Integrata,,1581818063,OB,OB,No-pair,wire transfer,Integrata booked the wire transfer for SD 10-27-2020.Caceis yet to book.,1581818063,1581818063,4551456423,-590882299,2021-07-29
4007,1_4551311496_Integrata,,1881179900,OB,OB,No-pair,wire transfer,Integrata booked the AUM plug for SD 04-13-2021.Caceis yet to book.,1881179900,1881179900,4551456423,-590882299,2021-07-29
4008,,1_4551285256_CACEIS,1847792952,OB,OB,No-pair,wire transfer,Caceis booked the wire transfer for SD 03-25-2021. Integrata yet to book,1847792952,1847792952,4551456423,-590882299,2021-07-29
4009,3_4551274209_Integrata,,1833900575,OB,OB,No-pair,wire transfer,Integrata booked the AUM plug for SD 03-16-2021.Caceis yet to book.,1833900575,1833900575,4551456423,-590882299,2021-07-29
4010,,139_455900053_CACEIS,1336713430,OB,OB,No-pair,fx wire,Caceis booked the fx wire for SD 06-15-2020. Integrata yet to book,1336713430,1336713430,4551456423,-590882299,2021-07-29
4011,,159_4551105378_CACEIS,1608089283,OB,OB,No-pair,fees,Caceis booked the fees for SD 11-12-2020. Integrata yet to book,1608089283,1608089283,4551456423,-590882299,2021-07-29
4012,4_4551417911_Integrata,,2027240608,OB,OB,No-pair,proceeds sell,Integrata booked the proceeds sell for SD 07-01-2021.Caceis yet to book.,2027240608,2027240608,4551456423,-590882299,2021-07-29
4013,42_455623487_Integrata,,941150961,OB,OB,No-pair,proceeds sell,Integrata booked the proceeds sell for SD 11-08-2019.Caceis yet to book.,941150961,941150961,4551456423,-590882299,2021-07-29
4014,,535_4551149959_CACEIS,1667623200,OB,OB,No-pair,fx wire,Caceis booked the fx wire for SD 12-15-2020. Integrata yet to book,1667623200,1667623200,4551456423,-590882299,2021-07-29
4015,38_455623487_Integrata,,941151018,OB,OB,No-pair,proceeds sell,Integrata booked the proceeds sell for SD 11-08-2019.Caceis yet to book.,941151018,941151018,4551456423,-590882299,2021-07-29
4016,9_4551450423_Integrata,,2066372793,OB,OB,No-pair,proceeds sell,Integrata booked the proceeds sell for SD 07-26-2021.Caceis yet to book.,2066372793,2066372793,4551456423,-590882299,2021-07-29
4017,18_455777858_Integrata,,1177395602,OB,OB,No-pair,proceeds sell,Integrata booked the proceeds sell for SD 03-11-2020.Caceis yet to book.,1177395602,1177395602,4551456423,-590882299,2021-07-29
4018,31_455415049_Integrata,,598468889,OB,OB,No-pair,proceeds sell,Integrata booked the proceeds sell for SD 03-19-2019.Caceis yet to book.,598468889,598468889,4551456423,-590882299,2021-07-29
4019,,56_4551105378_CACEIS,1608089277,OB,OB,No-pair,fees,Caceis booked the fees for SD 11-12-2020. Integrata yet to book,1608089277,1608089277,4551456423,-590882299,2021-07-29
4020,90_455391323_Integrata,,566547620,OB,OB,No-pair,proceeds sell,Integrata booked the proceeds sell for SD 05-03-2019.Caceis yet to book.,566547620,566547620,4551456423,-590882299,2021-07-29
4021,,126_455862625_CACEIS,1287002968,OB,OB,No-pair,fx wire,Caceis booked the fx wire for SD 05-15-2020. Integrata yet to book,1287002968,1287002968,4551456423,-590882299,2021-07-29
4022,,109_4551184426_CACEIS,1712749706,OB,OB,No-pair,fees,Caceis booked the fees for SD 01-11-2021. Integrata yet to book,1712749706,1712749706,4551456423,-590882299,2021-07-29
4023,103_455391323_Integrata,,566547598,OB,OB,No-pair,proceeds sell,Integrata booked the proceeds sell for SD 05-03-2019.Caceis yet to book.,566547598,566547598,4551456423,-590882299,2021-07-29
4024,16_455639505_Integrata,,967749756,OB,OB,No-pair,wire transfer,Integrata booked the subscription for SD 11-21-2019.Caceis yet to book.,967749756,967749756,4551456423,-590882299,2021-07-29
4025,,441_4551149959_CACEIS,1667623188,OB,OB,No-pair,fx wire,Caceis booked the fx wire for SD 12-15-2020. Integrata yet to book,1667623188,1667623188,4551456423,-590882299,2021-07-29
4026,5_4551417911_Integrata,,2027240609,OB,OB,No-pair,redemption,Integrata booked the redemption for SD 07-01-2021.Caceis yet to book.,2027240609,2027240609,4551456423,-590882299,2021-07-29
4027,,412_4551232906_CACEIS,1780156784,OB,OB,No-pair,fx wire,Caceis booked the fx wire for SD 02-16-2021. Integrata yet to book,1780156784,1780156784,4551456423,-590882299,2021-07-29
4028,5_455961594_Integrata,,1419470972,OB,OB,No-pair,wire transfer,Integrata booked the Net Sub/Red for SD 07-30-2020.Caceis yet to book.,1419470972,1419470972,4551456423,-590882299,2021-07-29
4029,1_4551456423_Integrata,,2074469229,OB,OB,No-pair,wire transfer,Integrata booked the AUM plug for SD 07-28-2021.Caceis yet to book.,2074469229,2074469229,4551456423,-590882299,2021-07-29
4030,,22_455656628_CACEIS,999121829,OB,OB,No-pair,wire transfer,Caceis booked the wire transfer for SD 12-05-2019. Integrata yet to book,999121829,999121829,4551456423,-590882299,2021-07-29
4031,,10_455782293_CACEIS,1183563011,OB,OB,No-pair,fx wire,Caceis booked the fx wire for SD 03-13-2020. Integrata yet to book,1183563011,1183563011,4551456423,-590882299,2021-07-29
4032,3_455752143_Integrata,,1141004388,OB,OB,No-pair,wire transfer,Integrata booked the subscription for SD 02-20-2020.Caceis yet to book.,1141004388,1141004388,4551456423,-590882299,2021-07-29
4033,,5_257865_CACEIS,352549404,OB,OB,No-pair,fx wire,Caceis booked the fx wire for SD 01-04-2019. Integrata yet to book,352549404,352549404,4551456423,-590882299,2021-07-29
4034,,12_455879764_CACEIS,1309543729,OB,OB,No-pair,monthend interest,Caceis booked the monthend interest for SD 06-01-2020. Integrata yet to book,1309543729,1309543729,4551456423,-590882299,2021-07-29
4035,,57_4551105378_CACEIS,1608089284,OB,OB,No-pair,fees,Caceis booked the fees for SD 11-12-2020. Integrata yet to book,1608089284,1608089284,4551456423,-590882299,2021-07-29
4036,,383_455748445_CACEIS,1136275059,OB,OB,No-pair,fx wire,Caceis booked the fx wire for SD 02-18-2020. Integrata yet to book,1136275059,1136275059,4551456423,-590882299,2021-07-29
4037,8_4551444588_Integrata,,2059445493,OB,OB,No-pair,fx wire,Integrata booked the fx wire for SD 06-10-2021.Caceis yet to book.,2059445493,2059445493,4551456423,-590882299,2021-07-29
4038,,59_455726980_CACEIS,1107942657,OB,OB,No-pair,monthend interest,Caceis booked the monthend interest for SD 02-01-2020. Integrata yet to book,1107942657,1107942657,4551456423,-590882299,2021-07-29
4039,1_4551381021_Integrata,,1979694219,OB,OB,No-pair,wire transfer,Integrata booked the subscription for SD 06-03-2021.Caceis yet to book.,1979694219,1979694219,4551456423,-590882299,2021-07-29
4040,,7_284950_CACEIS,399852133,OB,OB,No-pair,monthend interest,Caceis booked the monthend interest for SD 02-01-2019. Integrata yet to book,399852133,399852133,4551456423,-590882299,2021-07-29
4041,,675_455643841_CACEIS,975323747,OB,OB,No-pair,monthend interest,Caceis booked the monthend interest for SD 10-31-2019. Integrata yet to book,975323747,975323747,4551456423,-590882299,2021-07-29
4042,,68_4551220415_CACEIS,1761956339,OB,OB,No-pair,fx wire,Caceis booked the fx wire for SD 02-05-2021. Integrata yet to book,1761956339,1761956339,4551456423,-590882299,2021-07-29
4043,,64_455516633_CACEIS,760048336,OB,OB,No-pair,fx wire,Caceis booked the fx wire for SD 08-16-2019. Integrata yet to book,760048336,760048336,4551456423,-590882299,2021-07-29
4044,,56_4551044906_CACEIS,1528403649,OB,OB,No-pair,monthend interest,Caceis booked the monthend interest for SD 10-01-2020. Integrata yet to book,1528403649,1528403649,4551456423,-590882299,2021-07-29
4045,,53_4551105378_CACEIS,1608089226,OB,OB,No-pair,fees,Caceis booked the fees for SD 11-12-2020. Integrata yet to book,1608089226,1608089226,4551456423,-590882299,2021-07-29
4046,,14_455742022_CACEIS,1127725693,OB,OB,No-pair,fees,Caceis booked the fees for SD 02-12-2020. Integrata yet to book,1127725693,1127725693,4551456423,-590882299,2021-07-29
4047,,67_455688261_CACEIS,1053516772,OB,OB,No-pair,fx wire,Caceis booked the fx wire for SD 12-31-2019. Integrata yet to book,1053516772,1053516772,4551456423,-590882299,2021-07-29
4048,,9_455665664_CACEIS,1014464239,OB,OB,No-pair,wire transfer,Caceis booked the wire transfer for SD 12-12-2019. Integrata yet to book,1014464239,1014464239,4551456423,-590882299,2021-07-29
4049,,133_4551313388_CACEIS,1883527666,OB,OB,No-pair,fx wire,Caceis booked the fx wire for SD 04-15-2021. Integrata yet to book,1883527666,1883527666,4551456423,-590882299,2021-07-29
4050,,85_4551105378_CACEIS,1608089213,OB,OB,No-pair,fees,Caceis booked the fees for SD 11-12-2020. Integrata yet to book,1608089213,1608089213,4551456423,-590882299,2021-07-29
4051,,7_4551427001_CACEIS,2037990866,OB,OB,No-pair,wire transfer,Caceis booked the wire transfer for SD 07-08-2021. Integrata yet to book,2037990866,2037990866,4551456423,-590882299,2021-07-29
4052,,3_455490220_CACEIS,714934071,OB,OB,No-pair,fx wire,Caceis booked the fx wire for SD 07-26-2019. Integrata yet to book,714934071,714934071,4551456423,-590882299,2021-07-29
4053,,91_4551388882_CACEIS,1989667548,OB,OB,No-pair,wire transfer,Caceis booked the wire transfer for SD 06-10-2021. Integrata yet to book,1989667548,1989667548,4551456423,-590882299,2021-07-29
4054,,20_4551381021_CACEIS,1979694302,OB,OB,No-pair,fx wire,Caceis booked the fx wire for SD 06-04-2021. Integrata yet to book,1979694302,1979694302,4551456423,-590882299,2021-07-29
4055,,170_4551023983_CACEIS,1500213873,OB,OB,No-pair,fx wire,Caceis booked the fx wire for SD 09-15-2020. Integrata yet to book,1500213873,1500213873,4551456423,-590882299,2021-07-29
4056,,103_4551388882_CACEIS,1989667563,OB,OB,No-pair,wire transfer,Caceis booked the wire transfer for SD 06-10-2021. Integrata yet to book,1989667563,1989667563,4551456423,-590882299,2021-07-29
4057,4_4551420619_Integrata,,2031130210,OB,OB,No-pair,wire transfer,Integrata booked the AUM plug for SD 07-02-2021.Caceis yet to book.,2031130210,2031130210,4551456423,-590882299,2021-07-29
4058,2_4551309694_Integrata,,1879044557,OB,OB,No-pair,wire transfer,Integrata booked the AUM plug for SD 04-12-2021.Caceis yet to book.,1879044557,1879044557,4551456423,-590882299,2021-07-29
4059,1_4551228190_Integrata,,1773079451,OB,OB,No-pair,wire transfer,Integrata booked the AUM plug for SD 02-10-2021.Caceis yet to book.,1773079451,1773079451,4551456423,-590882299,2021-07-29
4060,2_4551264332_Integrata,,1819945984,OB,OB,No-pair,wire transfer,Integrata booked the AUM plug for SD 03-09-2021.Caceis yet to book.,1819945984,1819945984,4551456423,-590882299,2021-07-29
4061,8_4551085502_Integrata,,1581818045,OB,OB,No-pair,wire transfer,Integrata booked the wire transfer for SD 10-27-2020.Caceis yet to book.,1581818045,1581818045,4551456423,-590882299,2021-07-29
4062,1_4551373621_Integrata,,1970229475,OB,OB,No-pair,wire transfer,Integrata booked the AUM plug for SD 05-28-2021.Caceis yet to book.,1970229475,1970229475,4551456423,-590882299,2021-07-29
4063,,507_455862625_CACEIS,1287003788,OB,OB,No-pair,fx wire,Caceis booked the fx wire for SD 05-15-2020. Integrata yet to book,1287003788,1287003788,4551456423,-590882299,2021-07-29
4064,,26_455701234_CACEIS,1075203683,OB,OB,No-pair,proceeds sell,Caceis booked the proceeds sell for SD 01-10-2020. Integrata yet to book,1075203683,1075203683,4551456423,-590882299,2021-07-29
4065,,14_455718167_CACEIS,1096512159,OB,OB,No-pair,wire transfer,Caceis booked the wire transfer for SD 01-24-2020. Integrata yet to book,1096512159,1096512159,4551456423,-590882299,2021-07-29
4066,,145_4551436806_CACEIS,2049885878,OB,OB,No-pair,fx wire,Caceis booked the fx wire for SD 07-15-2021. Integrata yet to book,2049885878,2049885878,4551456423,-590882299,2021-07-29
4067,,297_455706635_CACEIS,1081907490,OB,OB,No-pair,fx wire,Caceis booked the fx wire for SD 01-15-2020. Integrata yet to book,1081907490,1081907490,4551456423,-590882299,2021-07-29
4068,,49_4551066313_CACEIS,1556876346,OB,OB,No-pair,fx wire,Caceis booked the fx wire for SD 10-15-2020. Integrata yet to book,1556876346,1556876346,4551456423,-590882299,2021-07-29
4069,1_4551085502_Integrata,,1581818037,OB,OB,No-pair,wire transfer,Integrata booked the wire transfer for SD 10-27-2020.Caceis yet to book.,1581818037,1581818037,4551456423,-590882299,2021-07-29
4070,,521_455900053_CACEIS,1336713972,OB,OB,No-pair,fx wire,Caceis booked the fx wire for SD 06-15-2020. Integrata yet to book,1336713972,1336713972,4551456423,-590882299,2021-07-29
4071,,10_455844329_CACEIS,1263214822,OB,OB,No-pair,wire transfer,Caceis booked the wire transfer for SD 05-01-2020. Integrata yet to book,1263214822,1263214822,4551456423,-590882299,2021-07-29
4072,1_4551326398_Integrata,,1900587941,OB,OB,No-pair,wire transfer,Integrata booked the AUM plug for SD 04-23-2021.Caceis yet to book.,1900587941,1900587941,4551456423,-590882299,2021-07-29
4073,,42_4551244633_CACEIS,1795375932,OB,OB,No-pair,monthend interest,Caceis booked the monthend interest for SD 02-25-2021. Integrata yet to book,1795375932,1795375932,4551456423,-590882299,2021-07-29
4074,,129_4551184426_CACEIS,1712749781,OB,OB,No-pair,fees,Caceis booked the fees for SD 01-11-2021. Integrata yet to book,1712749781,1712749781,4551456423,-590882299,2021-07-29
4075,2_4551265958_Integrata,,1821950991,OB,OB,No-pair,wire transfer,Integrata booked the AUM plug for SD 03-10-2021.Caceis yet to book.,1821950991,1821950991,4551456423,-590882299,2021-07-29
4076,6_455692818_Integrata,,1061966283,OB,OB,No-pair,wire transfer,Integrata booked the Net Sub/Red for SD 01-02-2020.Caceis yet to book.,1061966283,1061966283,4551456423,-590882299,2021-07-29
4077,,208_4551232906_CACEIS,1780156625,OB,OB,No-pair,fx wire,Caceis booked the fx wire for SD 02-16-2021. Integrata yet to book,1780156625,1780156625,4551456423,-590882299,2021-07-29
4078,,54_4551105378_CACEIS,1608089246,OB,OB,No-pair,fees,Caceis booked the fees for SD 11-12-2020. Integrata yet to book,1608089246,1608089246,4551456423,-590882299,2021-07-29
4079,6_344898_Integrata,,496360329,OB,OB,No-pair,wire transfer,Integrata booked the wire transfer for SD 03-26-2019.Caceis yet to book.,496360329,496360329,4551456423,-590882299,2021-07-29
4080,1_455861467_Integrata,,1285501541,OB,OB,No-pair,redemption,Integrata booked the redemption for SD 05-14-2020.Caceis yet to book.,1285501541,1285501541,4551456423,-590882299,2021-07-29
4081,8_344898_Integrata,,496360331,OB,OB,No-pair,wire transfer,Integrata booked the wire transfer for SD 03-26-2019.Caceis yet to book.,496360331,496360331,4551456423,-590882299,2021-07-29
4082,,414_455822501_CACEIS,1235308280,OB,OB,No-pair,fx wire,Caceis booked the fx wire for SD 04-15-2020. Integrata yet to book,1235308280,1235308280,4551456423,-590882299,2021-07-29
4083,,47_4551428980_CACEIS,2040344619,OB,OB,No-pair,fx wire,Caceis booked the fx wire for SD 07-09-2021. Integrata yet to book,2040344619,2040344619,4551456423,-590882299,2021-07-29
4084,10_455716646_Integrata,,1094282289,OB,OB,No-pair,wire transfer,Integrata booked the subscription for SD 01-23-2020.Caceis yet to book.,1094282289,1094282289,4551456423,-590882299,2021-07-29
4085,3_350866_Integrata,,507916577,OB,OB,No-pair,wire transfer,Integrata booked the wire transfer for SD 04-01-2019.Caceis yet to book.,507916577,507916577,4551456423,-590882299,2021-07-29
4086,,33_4551087502_CACEIS,1584326626,OB,OB,No-pair,monthend interest,Caceis booked the monthend interest for SD 11-01-2020. Integrata yet to book,1584326626,1584326626,4551456423,-590882299,2021-07-29
4087,,7_4551318931_CACEIS,1890812364,OB,OB,No-pair,wire transfer,Caceis booked the wire transfer for SD 04-15-2021. Integrata yet to book,1890812364,1890812364,4551456423,-590882299,2021-07-29
4088,,134_455726980_CACEIS,1107942541,OB,OB,No-pair,fx wire,Caceis booked the fx wire for SD 01-31-2020. Integrata yet to book,1107942541,1107942541,4551456423,-590882299,2021-07-29
4089,,99_4551313388_CACEIS,1883527706,OB,OB,No-pair,fx wire,Caceis booked the fx wire for SD 04-15-2021. Integrata yet to book,1883527706,1883527706,4551456423,-590882299,2021-07-29
4090,,301_4551313388_CACEIS,1883527962,OB,OB,No-pair,fx wire,Caceis booked the fx wire for SD 04-15-2021. Integrata yet to book,1883527962,1883527962,4551456423,-590882299,2021-07-29
4091,,48_4551400940_CACEIS,2004694245,OB,OB,No-pair,fx wire,Caceis booked the fx wire for SD 06-18-2021. Integrata yet to book,2004694245,2004694245,4551456423,-590882299,2021-07-29
4092,,102_4551239617_CACEIS,1789074839,OB,OB,No-pair,wire transfer,Caceis booked the wire transfer for SD 02-19-2021. Integrata yet to book,1789074839,1789074839,4551456423,-590882299,2021-07-29
4093,,16_455533322_CACEIS,787871338,OB,OB,No-pair,fx wire,Caceis booked the fx wire for SD 08-30-2019. Integrata yet to book,787871338,787871338,4551456423,-590882299,2021-07-29
4094,,17_4551222350_CACEIS,1765090398,OB,OB,No-pair,fees,Caceis booked the fees for SD 02-05-2021. Integrata yet to book,1765090398,1765090398,4551456423,-590882299,2021-07-29
4095,,14_455909302_CACEIS,1349421696,OB,OB,No-pair,proceeds sell,Caceis booked the proceeds sell for SD 06-22-2020. Integrata yet to book,1349421696,1349421696,4551456423,-590882299,2021-07-29
4096,,44_4551311496_CACEIS,1881179920,OB,OB,No-pair,wire transfer,Caceis booked the wire transfer for SD 04-13-2021. Integrata yet to book,1881179920,1881179920,4551456423,-590882299,2021-07-29
4097,1_455806818_Integrata,,1215188699,OB,OB,No-pair,wire transfer,Integrata booked the subscription for SD 04-02-2020.Caceis yet to book.,1215188699,1215188699,4551456423,-590882299,2021-07-29
4098,,12_455909302_CACEIS,1349421691,OB,OB,No-pair,wire transfer,Caceis booked the wire transfer for SD 06-22-2020. Integrata yet to book,1349421691,1349421691,4551456423,-590882299,2021-07-29
4099,,368_455862625_CACEIS,1287003940,OB,OB,No-pair,fx wire,Caceis booked the fx wire for SD 05-15-2020. Integrata yet to book,1287003940,1287003940,4551456423,-590882299,2021-07-29
4100,,39_306589_CACEIS,433998207,OB,OB,No-pair,fx wire,Caceis booked the fx wire for SD 02-15-2019. Integrata yet to book,433998207,433998207,4551456423,-590882299,2021-07-29
4101,1_455690056_Integrata,,1057181218,OB,OB,No-pair,wire transfer,Integrata booked the subscription for SD 01-02-2020.Caceis yet to book.,1057181218,1057181218,4551456423,-590882299,2021-07-29
4102,4_4551341492_Integrata,,1922960759,OB,OB,No-pair,proceeds sell,Integrata booked the Net Sub/Red for SD 05-06-2021.Caceis yet to book.,1922960759,1922960759,4551456423,-590882299,2021-07-29
4103,,236_4551354754_CACEIS,1942399601,OB,OB,No-pair,fx wire,Caceis booked the fx wire for SD 05-17-2021. Integrata yet to book,1942399601,1942399601,4551456423,-590882299,2021-07-29
4104,,33_4551003590_CACEIS,1473425998,OB,OB,No-pair,monthend interest,Caceis booked the monthend interest for SD 09-01-2020. Integrata yet to book,1473425998,1473425998,4551456423,-590882299,2021-07-29
4105,,1184_455643841_CACEIS,975324256,OB,OB,No-pair,fees,Caceis booked the fees for SD 11-13-2019. Integrata yet to book,975324256,975324256,4551456423,-590882299,2021-07-29
4106,8_455434670_Integrata,,626506543,OB,OB,No-pair,wire transfer,Integrata booked the wire transfer for SD 06-10-2019.Caceis yet to book.,626506543,626506543,4551456423,-590882299,2021-07-29
4107,,89_4551105378_CACEIS,1608089286,OB,OB,No-pair,fees,Caceis booked the fees for SD 11-12-2020. Integrata yet to book,1608089286,1608089286,4551456423,-590882299,2021-07-29
4108,,146_4551184426_CACEIS,1712749694,OB,OB,No-pair,fees,Caceis booked the fees for SD 01-11-2021. Integrata yet to book,1712749694,1712749694,4551456423,-590882299,2021-07-29
4109,,59_4551191593_CACEIS,1722905163,OB,OB,No-pair,fx wire,Caceis booked the fx wire for SD 01-15-2021. Integrata yet to book,1722905163,1722905163,4551456423,-590882299,2021-07-29
4110,2_455933037_Integrata,,1381439417,OB,OB,No-pair,wire transfer,Integrata booked the subscription for SD 07-09-2020.Caceis yet to book.,1381439417,1381439417,4551456423,-590882299,2021-07-29
4111,,51_4551058652_CACEIS,1546340377,OB,OB,No-pair,fx wire,Caceis booked the fx wire for SD 10-09-2020. Integrata yet to book,1546340377,1546340377,4551456423,-590882299,2021-07-29
4112,,455_4551149959_CACEIS,1667623311,OB,OB,No-pair,fx wire,Caceis booked the fx wire for SD 12-15-2020. Integrata yet to book,1667623311,1667623311,4551456423,-590882299,2021-07-29
4113,,32_455688261_CACEIS,1053516751,OB,OB,No-pair,monthend interest,Caceis booked the monthend interest for SD 01-01-2020. Integrata yet to book,1053516751,1053516751,4551456423,-590882299,2021-07-29
4114,,112_4551149959_CACEIS,1667622947,OB,OB,No-pair,fx wire,Caceis booked the fx wire for SD 12-15-2020. Integrata yet to book,1667622947,1667622947,4551456423,-590882299,2021-07-29
4115,,7_455709628_CACEIS,1085770924,OB,OB,No-pair,fx wire,Caceis booked the fx wire for SD 01-17-2020. Integrata yet to book,1085770924,1085770924,4551456423,-590882299,2021-07-29
4116,,248_455783582_CACEIS,1185159518,OB,OB,No-pair,fx wire,Caceis booked the fx wire for SD 03-16-2020. Integrata yet to book,1185159518,1185159518,4551456423,-590882299,2021-07-29
4117,,25_4551252452_CACEIS,1805130268,OB,OB,No-pair,wire transfer,Caceis booked the wire transfer for SD 03-01-2021. Integrata yet to book,1805130268,1805130268,4551456423,-590882299,2021-07-29
4118,,224_455940640_CACEIS,1391596150,OB,OB,No-pair,fx wire,Caceis booked the fx wire for SD 07-15-2020. Integrata yet to book,1391596150,1391596150,4551456423,-590882299,2021-07-29
4119,,411_455985296_CACEIS,1449582181,OB,OB,No-pair,fx wire,Caceis booked the fx wire for SD 08-17-2020. Integrata yet to book,1449582181,1449582181,4551456423,-590882299,2021-07-29
4120,,66_4551117124_CACEIS,1623224498,OB,OB,No-pair,fx wire,Caceis booked the fx wire for SD 11-20-2020. Integrata yet to book,1623224498,1623224498,4551456423,-590882299,2021-07-29
4121,,78_4551066313_CACEIS,1556876291,OB,OB,No-pair,fx wire,Caceis booked the fx wire for SD 10-15-2020. Integrata yet to book,1556876291,1556876291,4551456423,-590882299,2021-07-29
4122,8_4551153712_Integrata,,1672409236,OB,OB,No-pair,wire transfer,Integrata booked the Net Sub/Red for SD 12-17-2020.Caceis yet to book.,1672409236,1672409236,4551456423,-590882299,2021-07-29
4123,,93_4551232906_CACEIS,1780156557,OB,OB,No-pair,fx wire,Caceis booked the fx wire for SD 02-16-2021. Integrata yet to book,1780156557,1780156557,4551456423,-590882299,2021-07-29
4124,,16_4551415924_CACEIS,2024089330,OB,OB,No-pair,monthend interest,Caceis booked the monthend interest for SD 07-01-2021. Integrata yet to book,2024089330,2024089330,4551456423,-590882299,2021-07-29
4125,60_4551085502_Integrata,,1581818051,OB,OB,No-pair,wire transfer,Integrata booked the wire transfer for SD 10-27-2020.Caceis yet to book.,1581818051,1581818051,4551456423,-590882299,2021-07-29
4126,,100_455663909_CACEIS,1011570691,OB,OB,No-pair,fees,Caceis booked the fees for SD 12-11-2019. Integrata yet to book,1011570691,1011570691,4551456423,-590882299,2021-07-29
4127,,71_4551105378_CACEIS,1608089294,OB,OB,No-pair,fees,Caceis booked the fees for SD 11-12-2020. Integrata yet to book,1608089294,1608089294,4551456423,-590882299,2021-07-29
4128,2_4551425013_Integrata,,2035681463,OB,OB,No-pair,wire transfer,Integrata booked the AUM plug for SD 07-06-2021.Caceis yet to book.,2035681463,2035681463,4551456423,-590882299,2021-07-29
4129,,383_455985296_CACEIS,1449582128,OB,OB,No-pair,fx wire,Caceis booked the fx wire for SD 08-17-2020. Integrata yet to book,1449582128,1449582128,4551456423,-590882299,2021-07-29
4130,,61_455709628_CACEIS,1085770948,OB,OB,No-pair,fx wire,Caceis booked the fx wire for SD 01-17-2020. Integrata yet to book,1085770948,1085770948,4551456423,-590882299,2021-07-29
4131,,6_455777858_CACEIS,1177395695,OB,OB,No-pair,wire transfer,Caceis booked the wire transfer for SD 03-11-2020. Integrata yet to book,1177395695,1177395695,4551456423,-590882299,2021-07-29
4132,,50_4551060531_CACEIS,1548950731,OB,OB,No-pair,fees,Caceis booked the fees for SD 10-12-2020. Integrata yet to book,1548950731,1548950731,4551456423,-590882299,2021-07-29
4133,,16_455742022_CACEIS,1127725769,OB,OB,No-pair,fees,Caceis booked the fees for SD 02-12-2020. Integrata yet to book,1127725769,1127725769,4551456423,-590882299,2021-07-29
4134,,20_455842390_CACEIS,1260634996,OB,OB,No-pair,monthend interest,Caceis booked the monthend interest for SD 05-01-2020. Integrata yet to book,1260634996,1260634996,4551456423,-590882299,2021-07-29
4135,7_4551377029_Integrata,,1974407560,OB,OB,No-pair,wire transfer,Integrata booked the AUM plug for SD 06-01-2021.Caceis yet to book.,1974407560,1974407560,4551456423,-590882299,2021-07-29
4136,,293_455706635_CACEIS,1081907666,OB,OB,No-pair,fx wire,Caceis booked the fx wire for SD 01-15-2020. Integrata yet to book,1081907666,1081907666,4551456423,-590882299,2021-07-29
4137,16_4551295830_Integrata,,1861884230,OB,OB,No-pair,wire transfer,Integrata booked the AUM plug for SD 03-31-2021.Caceis yet to book.,1861884230,1861884230,4551456423,-590882299,2021-07-29
4138,3_4551239617_Integrata,,1789074704,OB,OB,No-pair,wire transfer,Integrata booked the AUM plug for SD 02-18-2021.Caceis yet to book.,1789074704,1789074704,4551456423,-590882299,2021-07-29
4139,,51_4551105378_CACEIS,1608089195,OB,OB,No-pair,fees,Caceis booked the fees for SD 11-12-2020. Integrata yet to book,1608089195,1608089195,4551456423,-590882299,2021-07-29
4140,,100_4551436806_CACEIS,2049885821,OB,OB,No-pair,fx wire,Caceis booked the fx wire for SD 07-15-2021. Integrata yet to book,2049885821,2049885821,4551456423,-590882299,2021-07-29
4141,14_4551020261_Integrata,,1495478234,OB,OB,No-pair,wire transfer,Integrata booked the subscription for SD 09-10-2020.Caceis yet to book.,1495478234,1495478234,4551456423,-590882299,2021-07-29
4142,,66_455783582_CACEIS,1185159225,OB,OB,No-pair,fx wire,Caceis booked the fx wire for SD 03-16-2020. Integrata yet to book,1185159225,1185159225,4551456423,-590882299,2021-07-29
4143,,26_455777858_CACEIS,1177395894,OB,OB,No-pair,wire transfer,Caceis booked the wire transfer for SD 03-11-2020. Integrata yet to book,1177395894,1177395894,4551456423,-590882299,2021-07-29
4144,,47_4551125930_CACEIS,1635426474,OB,OB,No-pair,wire transfer,Caceis booked the wire transfer for SD 11-27-2020. Integrata yet to book,1635426474,1635426474,4551456423,-590882299,2021-07-29
4145,4_4551147939_Integrata,,1664874602,OB,OB,No-pair,wire transfer,Integrata booked the subscription for SD 12-10-2020.Caceis yet to book.,1664874602,1664874602,4551456423,-590882299,2021-07-29
4146,,61_4551269721_CACEIS,1827473805,OB,OB,No-pair,fx wire,Caceis booked the fx wire for SD 03-15-2021. Integrata yet to book,1827473805,1827473805,4551456423,-590882299,2021-07-29
4147,1_4551452666_Integrata,,2069926115,OB,OB,No-pair,wire transfer,Integrata booked the AUM plug for SD 07-26-2021.Caceis yet to book.,2069926115,2069926115,4551456423,-590882299,2021-07-29
4148,,5_455803095_CACEIS,1210223490,OB,OB,No-pair,monthend interest,Caceis booked the monthend interest for SD 04-01-2020. Integrata yet to book,1210223490,1210223490,4551456423,-590882299,2021-07-29
4149,,98_455978912_CACEIS,1441832259,OB,OB,No-pair,wire transfer,Caceis booked the wire transfer for SD 08-12-2020. Integrata yet to book,1441832259,1441832259,4551456423,-590882299,2021-07-29
4150,3_4551252452_Integrata,,1805130263,OB,OB,No-pair,wire transfer,Integrata booked the AUM plug for SD 03-01-2021.Caceis yet to book.,1805130263,1805130263,4551456423,-590882299,2021-07-29
4151,,73_4551087502_CACEIS,1584326653,OB,OB,No-pair,monthend interest,Caceis booked the monthend interest for SD 11-01-2020. Integrata yet to book,1584326653,1584326653,4551456423,-590882299,2021-07-29
4152,,28_4551411869_CACEIS,2018959476,OB,OB,No-pair,wire transfer,Caceis booked the wire transfer for SD 06-28-2021. Integrata yet to book,2018959476,2018959476,4551456423,-590882299,2021-07-29
4153,,3_455487414_CACEIS,709535356,OB,OB,No-pair,proceeds sell,Caceis booked the proceeds sell for SD 07-24-2019. Integrata yet to book,709535356,709535356,4551456423,-590882299,2021-07-29
4154,,158_4551248485_CACEIS,1800039521,OB,OB,No-pair,wire transfer,Caceis booked the wire transfer for SD 02-26-2021. Integrata yet to book,1800039521,1800039521,4551456423,-590882299,2021-07-29
4155,,467_4551066313_CACEIS,1556876680,OB,OB,No-pair,fx wire,Caceis booked the fx wire for SD 10-15-2020. Integrata yet to book,1556876680,1556876680,4551456423,-590882299,2021-07-29
4156,13_4551356653_Integrata,,1945281522,OB,OB,No-pair,wire transfer,Integrata booked the AUM plug for SD 05-17-2021.Caceis yet to book.,1945281522,1945281522,4551456423,-590882299,2021-07-29
4157,2_4551443076_Integrata,,2057295846,OB,OB,No-pair,wire transfer,Integrata booked the AUM plug for SD 07-19-2021.Caceis yet to book.,2057295846,2057295846,4551456423,-590882299,2021-07-29
4158,2_4551281272_Integrata,,1842371415,OB,OB,No-pair,wire transfer,Integrata booked the AUM plug for SD 03-22-2021.Caceis yet to book.,1842371415,1842371415,4551456423,-590882299,2021-07-29
4159,,26_4551085502_CACEIS,1581818100,OB,OB,No-pair,proceeds sell,Caceis booked the proceeds sell for SD 10-29-2020. Integrata yet to book,1581818100,1581818100,4551456423,-590882299,2021-07-29
4160,,64_455554115_CACEIS,824385095,OB,OB,No-pair,fx wire,Caceis booked the fx wire for SD 09-17-2019. Integrata yet to book,824385095,824385095,4551456423,-590882299,2021-07-29
4161,23_4551188298_Integrata,,1718045054,OB,OB,No-pair,fx wire,Integrata booked the fx wire for SD 01-13-2021.Caceis yet to book.,1718045054,1718045054,4551456423,-590882299,2021-07-29
4162,,250_4551313388_CACEIS,1883527859,OB,OB,No-pair,fx wire,Caceis booked the fx wire for SD 04-15-2021. Integrata yet to book,1883527859,1883527859,4551456423,-590882299,2021-07-29
4163,,43_4551269721_CACEIS,1827473944,OB,OB,No-pair,fx wire,Caceis booked the fx wire for SD 03-15-2021. Integrata yet to book,1827473944,1827473944,4551456423,-590882299,2021-07-29
4164,34_4551239617_Integrata,,1789074707,OB,OB,No-pair,fx wire,Integrata booked the fx wire for SD 02-19-2021.Caceis yet to book.,1789074707,1789074707,4551456423,-590882299,2021-07-29
4165,,114_4551149959_CACEIS,1667622969,OB,OB,No-pair,fx wire,Caceis booked the fx wire for SD 12-15-2020. Integrata yet to book,1667622969,1667622969,4551456423,-590882299,2021-07-29
4166,,2_4551373621_CACEIS,1970229479,OB,OB,No-pair,monthend interest,Caceis booked the monthend interest for SD 06-01-2021. Integrata yet to book,1970229479,1970229479,4551456423,-590882299,2021-07-29
4167,,137_4551144082_CACEIS,1659707104,OB,OB,No-pair,wire transfer,Caceis booked the wire transfer for SD 12-10-2020. Integrata yet to book,1659707104,1659707104,4551456423,-590882299,2021-07-29
4168,22_455381456_Integrata,,552881836,OB,OB,No-pair,dividend,Integrata booked the dividend for SD 03-06-2019.Caceis yet to book.,552881836,552881836,4551456423,-590882299,2021-07-29
4169,,127_455726980_CACEIS,1107942677,OB,OB,No-pair,fx wire,Caceis booked the fx wire for SD 01-31-2020. Integrata yet to book,1107942677,1107942677,4551456423,-590882299,2021-07-29
4170,21_455637843_Integrata,,964907338,OB,OB,No-pair,proceeds sell,Integrata booked the proceeds sell for SD 11-20-2019.Caceis yet to book.,964907338,964907338,4551456423,-590882299,2021-07-29
4171,,257_455783582_CACEIS,1185159507,OB,OB,No-pair,fx wire,Caceis booked the fx wire for SD 03-16-2020. Integrata yet to book,1185159507,1185159507,4551456423,-590882299,2021-07-29
4172,,71_455978912_CACEIS,1441832156,OB,OB,No-pair,wire transfer,Caceis booked the wire transfer for SD 08-12-2020. Integrata yet to book,1441832156,1441832156,4551456423,-590882299,2021-07-29
4173,62_4551169948_Integrata,,1694497051,OB,OB,No-pair,proceeds sell,Integrata booked the proceeds sell for SD 12-30-2020.Caceis yet to book.,1694497051,1694497051,4551456423,-590882299,2021-07-29
4174,12_455812360_Integrata,,1222709479,OB,OB,No-pair,proceeds sell,Integrata booked the proceeds sell for SD 04-07-2020.Caceis yet to book.,1222709479,1222709479,4551456423,-590882299,2021-07-29
4175,,218_4551066313_CACEIS,1556876395,OB,OB,No-pair,fx wire,Caceis booked the fx wire for SD 10-15-2020. Integrata yet to book,1556876395,1556876395,4551456423,-590882299,2021-07-29
4176,,16_455879764_CACEIS,1309543766,OB,OB,No-pair,monthend interest,Caceis booked the monthend interest for SD 06-01-2020. Integrata yet to book,1309543766,1309543766,4551456423,-590882299,2021-07-29
4177,,437_455940640_CACEIS,1391596244,OB,OB,No-pair,fx wire,Caceis booked the fx wire for SD 07-15-2020. Integrata yet to book,1391596244,1391596244,4551456423,-590882299,2021-07-29
4178,,34_455669415_CACEIS,1020661830,OB,OB,No-pair,fx wire,Caceis booked the fx wire for SD 12-16-2019. Integrata yet to book,1020661830,1020661830,4551456423,-590882299,2021-07-29
4179,14_4551057246_Integrata,,1544059579,OB,OB,No-pair,proceeds sell,Integrata booked the proceeds sell for SD 10-08-2020.Caceis yet to book.,1544059579,1544059579,4551456423,-590882299,2021-07-29
4180,9_455851677_Integrata,,1275438400,OB,OB,No-pair,proceeds sell,Integrata booked the proceeds sell for SD 05-08-2020.Caceis yet to book.,1275438400,1275438400,4551456423,-590882299,2021-07-29
4181,7_4551099445_Integrata,,1600080185,OB,OB,No-pair,proceeds sell,Integrata booked the proceeds sell for SD 08-03-2020.Caceis yet to book.,1600080185,1600080185,4551456423,-590882299,2021-07-29
4182,5_455566682_Integrata,,843526710,OB,OB,No-pair,wire transfer,Integrata booked the Net Sub/Red for SD 09-26-2019.Caceis yet to book.,843526710,843526710,4551456423,-590882299,2021-07-29
4183,,108_455978912_CACEIS,1441832124,OB,OB,No-pair,wire transfer,Caceis booked the wire transfer for SD 08-12-2020. Integrata yet to book,1441832124,1441832124,4551456423,-590882299,2021-07-29
4184,,4_455996032_CACEIS,1463186841,OB,OB,No-pair,wire transfer,Caceis booked the wire transfer for SD 08-25-2020. Integrata yet to book,1463186841,1463186841,4551456423,-590882299,2021-07-29
4185,1_4551210754_Integrata,,1748958180,OB,OB,No-pair,wire transfer,Integrata booked the subscription for SD 01-28-2021.Caceis yet to book.,1748958180,1748958180,4551456423,-590882299,2021-07-29
4186,23_4551258322_Integrata,,1812652659,OB,OB,No-pair,wire transfer,Integrata booked the subscription for SD 03-04-2021.Caceis yet to book.,1812652659,1812652659,4551456423,-590882299,2021-07-29
4187,,160_455693832_CACEIS,1063035223,OB,OB,No-pair,fees,Caceis booked the fees for SD 01-06-2020. Integrata yet to book,1063035223,1063035223,4551456423,-590882299,2021-07-29
4188,,90_455777858_CACEIS,1177395846,OB,OB,No-pair,fees,Caceis booked the fees for SD 03-11-2020. Integrata yet to book,1177395846,1177395846,4551456423,-590882299,2021-07-29
4189,6_4551330053_Integrata,,1905535657,OB,OB,No-pair,wire transfer,Integrata booked the AUM plug for SD 04-27-2021.Caceis yet to book.,1905535657,1905535657,4551456423,-590882299,2021-07-29
4190,,2_278910_CACEIS,390854424,OB,OB,No-pair,fx wire,Caceis booked the fx wire for SD 01-25-2019. Integrata yet to book,390854424,390854424,4551456423,-590882299,2021-07-29
4191,,45_4551011052_CACEIS,1483359829,OB,OB,No-pair,fx wire,Caceis booked the fx wire for SD 09-04-2020. Integrata yet to book,1483359829,1483359829,4551456423,-590882299,2021-07-29
4192,,446_455940640_CACEIS,1391596318,OB,OB,No-pair,fx wire,Caceis booked the fx wire for SD 07-15-2020. Integrata yet to book,1391596318,1391596318,4551456423,-590882299,2021-07-29
4193,,471_4551109218_CACEIS,1613287059,OB,OB,No-pair,fx wire,Caceis booked the fx wire for SD 11-16-2020. Integrata yet to book,1613287059,1613287059,4551456423,-590882299,2021-07-29
4194,,141_455693832_CACEIS,1063035157,OB,OB,No-pair,fees,Caceis booked the fees for SD 01-06-2020. Integrata yet to book,1063035157,1063035157,4551456423,-590882299,2021-07-29
4195,,364_4551232906_CACEIS,1780156713,OB,OB,No-pair,fx wire,Caceis booked the fx wire for SD 02-16-2021. Integrata yet to book,1780156713,1780156713,4551456423,-590882299,2021-07-29
4196,,66_455978912_CACEIS,1441832254,OB,OB,No-pair,wire transfer,Caceis booked the wire transfer for SD 08-12-2020. Integrata yet to book,1441832254,1441832254,4551456423,-590882299,2021-07-29
4197,,428_455940640_CACEIS,1391596297,OB,OB,No-pair,fx wire,Caceis booked the fx wire for SD 07-15-2020. Integrata yet to book,1391596297,1391596297,4551456423,-590882299,2021-07-29
4198,,300_4551191593_CACEIS,1722905229,OB,OB,No-pair,fx wire,Caceis booked the fx wire for SD 01-15-2021. Integrata yet to book,1722905229,1722905229,4551456423,-590882299,2021-07-29
4199,,105_455822501_CACEIS,1235307847,OB,OB,No-pair,fx wire,Caceis booked the fx wire for SD 04-15-2020. Integrata yet to book,1235307847,1235307847,4551456423,-590882299,2021-07-29
4200,,458_4551066313_CACEIS,1556876693,OB,OB,No-pair,fx wire,Caceis booked the fx wire for SD 10-15-2020. Integrata yet to book,1556876693,1556876693,4551456423,-590882299,2021-07-29
4201,,92_455726980_CACEIS,1107942701,OB,OB,No-pair,monthend interest,Caceis booked the monthend interest for SD 02-01-2020. Integrata yet to book,1107942701,1107942701,4551456423,-590882299,2021-07-29
4202,,517_455900053_CACEIS,1336713977,OB,OB,No-pair,fx wire,Caceis booked the fx wire for SD 06-15-2020. Integrata yet to book,1336713977,1336713977,4551456423,-590882299,2021-07-29
4203,,163_455693832_CACEIS,1063035200,OB,OB,No-pair,fees,Caceis booked the fees for SD 01-06-2020. Integrata yet to book,1063035200,1063035200,4551456423,-590882299,2021-07-29
4204,,248_4551210754_CACEIS,1748958349,OB,OB,No-pair,monthend interest,Caceis booked the monthend interest for SD 02-01-2021. Integrata yet to book,1748958349,1748958349,4551456423,-590882299,2021-07-29
4205,2_4551232906_Integrata,,1780156366,OB,OB,No-pair,wire transfer,Integrata booked the AUM plug for SD 02-15-2021.Caceis yet to book.,1780156366,1780156366,4551456423,-590882299,2021-07-29
4206,2_4551432966_Integrata,,2045289877,OB,OB,No-pair,wire transfer,Integrata booked the AUM plug for SD 07-12-2021.Caceis yet to book.,2045289877,2045289877,4551456423,-590882299,2021-07-29
4207,2_4551303755_Integrata,,1871563040,OB,OB,No-pair,wire transfer,Integrata booked the AUM plug for SD 04-07-2021.Caceis yet to book.,1871563040,1871563040,4551456423,-590882299,2021-07-29
4208,3_4551444588_Integrata,,2059445486,OB,OB,No-pair,fx wire,Integrata booked the fx wire for SD 07-12-2021.Caceis yet to book.,2059445486,2059445486,4551456423,-590882299,2021-07-29
4209,,522_455900053_CACEIS,1336713987,OB,OB,No-pair,fx wire,Caceis booked the fx wire for SD 06-15-2020. Integrata yet to book,1336713987,1336713987,4551456423,-590882299,2021-07-29
4210,,32_4551244633_CACEIS,1795375945,OB,OB,No-pair,wire transfer,Caceis booked the wire transfer for SD 02-24-2021. Integrata yet to book,1795375945,1795375945,4551456423,-590882299,2021-07-29
4211,5_4551239617_Integrata,,1789074702,OB,OB,No-pair,wire transfer,Integrata booked the AUM plug for SD 02-18-2021.Caceis yet to book.,1789074702,1789074702,4551456423,-590882299,2021-07-29
4212,,15_455982783_CACEIS,1446488994,OB,OB,No-pair,fx wire,Caceis booked the fx wire for SD 08-14-2020. Integrata yet to book,1446488994,1446488994,4551456423,-590882299,2021-07-29
4213,2_4551279353_Integrata,,1839901572,OB,OB,No-pair,wire transfer,Integrata booked the AUM plug for SD 03-19-2021.Caceis yet to book.,1839901572,1839901572,4551456423,-590882299,2021-07-29
4214,,786_4551232906_CACEIS,1780157144,OB,OB,No-pair,fx wire,Caceis booked the fx wire for SD 02-16-2021. Integrata yet to book,1780157144,1780157144,4551456423,-590882299,2021-07-29
4215,,437_455783582_CACEIS,1185159537,OB,OB,No-pair,fx wire,Caceis booked the fx wire for SD 03-16-2020. Integrata yet to book,1185159537,1185159537,4551456423,-590882299,2021-07-29
4216,,149_4551144082_CACEIS,1659707046,OB,OB,No-pair,wire transfer,Caceis booked the wire transfer for SD 12-10-2020. Integrata yet to book,1659707046,1659707046,4551456423,-590882299,2021-07-29
4217,,18_4551265958_CACEIS,1821951003,OB,OB,No-pair,proceeds sell,Caceis booked the proceeds sell for SD 03-11-2021. Integrata yet to book,1821951003,1821951003,4551456423,-590882299,2021-07-29
4218,,80_455889377_CACEIS,1323110258,OB,OB,No-pair,fees,Caceis booked the fees for SD 06-05-2020. Integrata yet to book,1323110258,1323110258,4551456423,-590882299,2021-07-29
4219,,45_4551066313_CACEIS,1556876434,OB,OB,No-pair,fx wire,Caceis booked the fx wire for SD 10-15-2020. Integrata yet to book,1556876434,1556876434,4551456423,-590882299,2021-07-29
4220,,13_455963450_CACEIS,1421777831,OB,OB,No-pair,monthend interest,Caceis booked the monthend interest for SD 08-01-2020. Integrata yet to book,1421777831,1421777831,4551456423,-590882299,2021-07-29
4221,,30_455982783_CACEIS,1446488993,OB,OB,No-pair,fx wire,Caceis booked the fx wire for SD 08-14-2020. Integrata yet to book,1446488993,1446488993,4551456423,-590882299,2021-07-29
4222,,364_455985296_CACEIS,1449582114,OB,OB,No-pair,fx wire,Caceis booked the fx wire for SD 08-17-2020. Integrata yet to book,1449582114,1449582114,4551456423,-590882299,2021-07-29
4223,,107_4551436806_CACEIS,2049885822,OB,OB,No-pair,fx wire,Caceis booked the fx wire for SD 07-15-2021. Integrata yet to book,2049885822,2049885822,4551456423,-590882299,2021-07-29
4224,,292_455748445_CACEIS,1136275323,OB,OB,No-pair,fx wire,Caceis booked the fx wire for SD 02-18-2020. Integrata yet to book,1136275323,1136275323,4551456423,-590882299,2021-07-29
4225,,89_4551191593_CACEIS,1722905146,OB,OB,No-pair,wire transfer,Caceis booked the wire transfer for SD 01-15-2021. Integrata yet to book,1722905146,1722905146,4551456423,-590882299,2021-07-29
4226,1_4551287241_Integrata,,1850449264,OB,OB,No-pair,redemption,Integrata booked the redemption for SD 03-25-2021.Caceis yet to book.,1850449264,1850449264,4551456423,-590882299,2021-07-29
4227,,147_455693832_CACEIS,1063035172,OB,OB,No-pair,fees,Caceis booked the fees for SD 01-06-2020. Integrata yet to book,1063035172,1063035172,4551456423,-590882299,2021-07-29
4228,,17_4551105378_CACEIS,1608089161,OB,OB,No-pair,fees,Caceis booked the fees for SD 11-12-2020. Integrata yet to book,1608089161,1608089161,4551456423,-590882299,2021-07-29
4229,,86_4551066313_CACEIS,1556876255,OB,OB,No-pair,fx wire,Caceis booked the fx wire for SD 10-15-2020. Integrata yet to book,1556876255,1556876255,4551456423,-590882299,2021-07-29
4230,,17_455991947_CACEIS,1458094077,OB,OB,No-pair,fx wire,Caceis booked the fx wire for SD 08-21-2020. Integrata yet to book,1458094077,1458094077,4551456423,-590882299,2021-07-29
4231,,3_4551390838_CACEIS,1992497432,OB,OB,No-pair,fx wire,Caceis booked the fx wire for SD 06-11-2021. Integrata yet to book,1992497432,1992497432,4551456423,-590882299,2021-07-29
4232,,96_455442954_CACEIS,637183911,OB,OB,No-pair,fx wire,Caceis booked the fx wire for SD 06-17-2019. Integrata yet to book,637183911,637183911,4551456423,-590882299,2021-07-29
4233,,212_4551023983_CACEIS,1500213984,OB,OB,No-pair,fx wire,Caceis booked the fx wire for SD 09-15-2020. Integrata yet to book,1500213984,1500213984,4551456423,-590882299,2021-07-29
4234,,317_455669415_CACEIS,1020661748,OB,OB,No-pair,fx wire,Caceis booked the fx wire for SD 12-16-2019. Integrata yet to book,1020661748,1020661748,4551456423,-590882299,2021-07-29
4235,,69_455643841_CACEIS,975323141,OB,OB,No-pair,fx wire,Caceis booked the fx wire for SD 11-01-2019. Integrata yet to book,975323141,975323141,4551456423,-590882299,2021-07-29
4236,,15_455851677_CACEIS,1272856293,OB,OB,No-pair,proceeds sell,Caceis booked the proceeds sell for SD 05-07-2020. Integrata yet to book,1272856293,1272856293,4551456423,-590882299,2021-07-29
4237,,728_455822501_CACEIS,1235308593,OB,OB,No-pair,fx wire,Caceis booked the fx wire for SD 04-15-2020. Integrata yet to book,1235308593,1235308593,4551456423,-590882299,2021-07-29
4238,,177_4551232906_CACEIS,1780156561,OB,OB,No-pair,fx wire,Caceis booked the fx wire for SD 02-16-2021. Integrata yet to book,1780156561,1780156561,4551456423,-590882299,2021-07-29
4239,,520_455822501_CACEIS,1235308446,OB,OB,No-pair,fx wire,Caceis booked the fx wire for SD 04-15-2020. Integrata yet to book,1235308446,1235308446,4551456423,-590882299,2021-07-29
4240,,769_455822501_CACEIS,1235308743,OB,OB,No-pair,fx wire,Caceis booked the fx wire for SD 04-15-2020. Integrata yet to book,1235308743,1235308743,4551456423,-590882299,2021-07-29
4241,,619_4551232906_CACEIS,1780156961,OB,OB,No-pair,fx wire,Caceis booked the fx wire for SD 02-16-2021. Integrata yet to book,1780156961,1780156961,4551456423,-590882299,2021-07-29
4242,,179_4551066313_CACEIS,1556876303,OB,OB,No-pair,fx wire,Caceis booked the fx wire for SD 10-15-2020. Integrata yet to book,1556876303,1556876303,4551456423,-590882299,2021-07-29
4243,,9_4551174457_CACEIS,1699762757,OB,OB,No-pair,fx wire,Caceis booked the fx wire for SD 01-04-2021. Integrata yet to book,1699762757,1699762757,4551456423,-590882299,2021-07-29
4244,,871_455822501_CACEIS,1235308606,OB,OB,No-pair,fx wire,Caceis booked the fx wire for SD 04-15-2020. Integrata yet to book,1235308606,1235308606,4551456423,-590882299,2021-07-29
4245,,63_455658450_CACEIS,1002374601,OB,OB,No-pair,fx wire,Caceis booked the fx wire for SD 12-06-2019. Integrata yet to book,1002374601,1002374601,4551456423,-590882299,2021-07-29
4246,,504_455822501_CACEIS,1235308356,OB,OB,No-pair,fx wire,Caceis booked the fx wire for SD 04-15-2020. Integrata yet to book,1235308356,1235308356,4551456423,-590882299,2021-07-29
4247,,244_455783582_CACEIS,1185159446,OB,OB,No-pair,fx wire,Caceis booked the fx wire for SD 03-16-2020. Integrata yet to book,1185159446,1185159446,4551456423,-590882299,2021-07-29
4248,,45_455985296_CACEIS,1449581782,OB,OB,No-pair,fx wire,Caceis booked the fx wire for SD 08-17-2020. Integrata yet to book,1449581782,1449581782,4551456423,-590882299,2021-07-29
4249,,18_4551060531_CACEIS,1548950710,OB,OB,No-pair,fees,Caceis booked the fees for SD 10-12-2020. Integrata yet to book,1548950710,1548950710,4551456423,-590882299,2021-07-29
4250,,167_4551248485_CACEIS,1800039413,OB,OB,No-pair,wire transfer,Caceis booked the wire transfer for SD 02-26-2021. Integrata yet to book,1800039413,1800039413,4551456423,-590882299,2021-07-29
4251,,8_4551060531_CACEIS,1548950628,OB,OB,No-pair,fees,Caceis booked the fees for SD 10-12-2020. Integrata yet to book,1548950628,1548950628,4551456423,-590882299,2021-07-29
4252,,81_4551097416_CACEIS,1597270322,OB,OB,No-pair,fx wire,Caceis booked the fx wire for SD 11-06-2020. Integrata yet to book,1597270322,1597270322,4551456423,-590882299,2021-07-29
4253,,7_455408517_CACEIS,589855177,OB,OB,No-pair,fx wire,Caceis booked the fx wire for SD 05-17-2019. Integrata yet to book,589855177,589855177,4551456423,-590882299,2021-07-29
4254,,138_455688261_CACEIS,1053516733,OB,OB,No-pair,monthend interest,Caceis booked the monthend interest for SD 01-01-2020. Integrata yet to book,1053516733,1053516733,4551456423,-590882299,2021-07-29
4255,,8_455936750_CACEIS,1386391255,OB,OB,No-pair,wire transfer,Caceis booked the wire transfer for SD 07-13-2020. Integrata yet to book,1386391255,1386391255,4551456423,-590882299,2021-07-29
4256,,59_455889377_CACEIS,1323110232,OB,OB,No-pair,fx wire,Caceis booked the fx wire for SD 06-05-2020. Integrata yet to book,1323110232,1323110232,4551456423,-590882299,2021-07-29
4257,,31_4551206835_CACEIS,1743521215,OB,OB,No-pair,proceeds sell,Caceis booked the proceeds sell for SD 01-27-2021. Integrata yet to book,1743521215,1743521215,4551456423,-590882299,2021-07-29
4258,,1211_455643841_CACEIS,975324283,OB,OB,No-pair,fx wire,Caceis booked the fx wire for SD 11-15-2019. Integrata yet to book,975324283,975324283,4551456423,-590882299,2021-07-29
4259,,525_455822501_CACEIS,1235307928,OB,OB,No-pair,fees,Caceis booked the fees for SD 04-14-2020. Integrata yet to book,1235307928,1235307928,4551456423,-590882299,2021-07-29
4260,,424_4551023983_CACEIS,1500214173,OB,OB,No-pair,fx wire,Caceis booked the fx wire for SD 09-15-2020. Integrata yet to book,1500214173,1500214173,4551456423,-590882299,2021-07-29
4261,,323_455822501_CACEIS,1235308245,OB,OB,No-pair,fees,Caceis booked the fees for SD 04-14-2020. Integrata yet to book,1235308245,1235308245,4551456423,-590882299,2021-07-29
4262,,124_4551109218_CACEIS,1613286669,OB,OB,No-pair,fx wire,Caceis booked the fx wire for SD 11-16-2020. Integrata yet to book,1613286669,1613286669,4551456423,-590882299,2021-07-29
4263,,196_455748445_CACEIS,1136275287,OB,OB,No-pair,wire transfer,Caceis booked the wire transfer for SD 01-17-2020. Integrata yet to book,1136275287,1136275287,4551456423,-590882299,2021-07-29
4264,,10_455697538_CACEIS,1069441615,OB,OB,No-pair,wire transfer,Caceis booked the wire transfer for SD 01-08-2020. Integrata yet to book,1069441615,1069441615,4551456423,-590882299,2021-07-29
4265,,37_455693832_CACEIS,1063035183,OB,OB,No-pair,fx wire,Caceis booked the fx wire for SD 01-06-2020. Integrata yet to book,1063035183,1063035183,4551456423,-590882299,2021-07-29
4266,,430_4551191593_CACEIS,1722905447,OB,OB,No-pair,fx wire,Caceis booked the fx wire for SD 01-15-2021. Integrata yet to book,1722905447,1722905447,4551456423,-590882299,2021-07-29
4267,,133_455862625_CACEIS,1287002959,OB,OB,No-pair,fx wire,Caceis booked the fx wire for SD 05-15-2020. Integrata yet to book,1287002959,1287002959,4551456423,-590882299,2021-07-29
4268,,325_455822501_CACEIS,1235308257,OB,OB,No-pair,fees,Caceis booked the fees for SD 04-14-2020. Integrata yet to book,1235308257,1235308257,4551456423,-590882299,2021-07-29
4269,,27_4551210754_CACEIS,1748958353,OB,OB,No-pair,fx wire,Caceis booked the fx wire for SD 01-29-2021. Integrata yet to book,1748958353,1748958353,4551456423,-590882299,2021-07-29
4270,,68_4551087502_CACEIS,1584326641,OB,OB,No-pair,fx wire,Caceis booked the fx wire for SD 10-30-2020. Integrata yet to book,1584326641,1584326641,4551456423,-590882299,2021-07-29
4271,,27_455643841_CACEIS,975323099,OB,OB,No-pair,dividend,Caceis booked the dividend for SD 10-31-2019. Integrata yet to book,975323099,975323099,4551456423,-590882299,2021-07-29
4272,,335_455669415_CACEIS,1020661983,OB,OB,No-pair,fx wire,Caceis booked the fx wire for SD 12-16-2019. Integrata yet to book,1020661983,1020661983,4551456423,-590882299,2021-07-29
4273,,18_267975_CACEIS,368747211,OB,OB,No-pair,fx wire,Caceis booked the fx wire for SD 01-15-2019. Integrata yet to book,368747211,368747211,4551456423,-590882299,2021-07-29
4274,,24_4551392792_CACEIS,1994925025,OB,OB,No-pair,proceeds sell,Caceis booked the Miscellaneous for SD 06-15-2021. Integrata yet to book,1994925025,1994925025,4551456423,-590882299,2021-07-29
4275,,88_4551097416_CACEIS,1597270327,OB,OB,No-pair,fx wire,Caceis booked the fx wire for SD 11-06-2020. Integrata yet to book,1597270327,1597270327,4551456423,-590882299,2021-07-29
4276,,229_455783582_CACEIS,1185159438,OB,OB,No-pair,fx wire,Caceis booked the fx wire for SD 03-16-2020. Integrata yet to book,1185159438,1185159438,4551456423,-590882299,2021-07-29
4277,,46_455706635_CACEIS,1081907310,OB,OB,No-pair,fx wire,Caceis booked the fx wire for SD 01-15-2020. Integrata yet to book,1081907310,1081907310,4551456423,-590882299,2021-07-29
4278,,7_4551169948_CACEIS,1694497057,OB,OB,No-pair,wire transfer,Caceis booked the wire transfer for SD 12-30-2020. Integrata yet to book,1694497057,1694497057,4551456423,-590882299,2021-07-29
4279,,4_455788772_CACEIS,1191824879,OB,OB,No-pair,proceeds sell,Caceis booked the Miscellaneous for SD 03-19-2020. Integrata yet to book,1191824879,1191824879,4551456423,-590882299,2021-07-29
4280,,134_4551313388_CACEIS,1883527687,OB,OB,No-pair,fx wire,Caceis booked the fx wire for SD 04-15-2021. Integrata yet to book,1883527687,1883527687,4551456423,-590882299,2021-07-29
4281,,250_4551109218_CACEIS,1613286889,OB,OB,No-pair,fx wire,Caceis booked the fx wire for SD 11-16-2020. Integrata yet to book,1613286889,1613286889,4551456423,-590882299,2021-07-29
4282,,25_4551182476_CACEIS,1710215362,OB,OB,No-pair,fx wire,Caceis booked the fx wire for SD 01-08-2021. Integrata yet to book,1710215362,1710215362,4551456423,-590882299,2021-07-29
4283,,9_455464963_CACEIS,673465259,OB,OB,No-pair,fx wire,Caceis booked the fx wire for SD 07-05-2019. Integrata yet to book,673465259,673465259,4551456423,-590882299,2021-07-29
4284,,62_455753887_CACEIS,1143364846,OB,OB,No-pair,wire transfer,Caceis booked the wire transfer for SD 02-21-2020. Integrata yet to book,1143364846,1143364846,4551456423,-590882299,2021-07-29
4285,,61_455835232_CACEIS,1251293780,OB,OB,No-pair,wire transfer,Caceis booked the wire transfer for SD 04-24-2020. Integrata yet to book,1251293780,1251293780,4551456423,-590882299,2021-07-29
4286,,77_455978912_CACEIS,1441832251,OB,OB,No-pair,wire transfer,Caceis booked the wire transfer for SD 08-12-2020. Integrata yet to book,1441832251,1441832251,4551456423,-590882299,2021-07-29
4287,,299_455900053_CACEIS,1336713766,OB,OB,No-pair,fx wire,Caceis booked the fx wire for SD 06-15-2020. Integrata yet to book,1336713766,1336713766,4551456423,-590882299,2021-07-29
4288,,52_455900053_CACEIS,1336713103,OB,OB,No-pair,fx wire,Caceis booked the fx wire for SD 06-15-2020. Integrata yet to book,1336713103,1336713103,4551456423,-590882299,2021-07-29
4289,,241_4551269721_CACEIS,1827473932,OB,OB,No-pair,fx wire,Caceis booked the fx wire for SD 03-15-2021. Integrata yet to book,1827473932,1827473932,4551456423,-590882299,2021-07-29
4290,,33_4551182476_CACEIS,1710215379,OB,OB,No-pair,fx wire,Caceis booked the fx wire for SD 01-08-2021. Integrata yet to book,1710215379,1710215379,4551456423,-590882299,2021-07-29
4291,,29_455676391_CACEIS,1031864567,OB,OB,No-pair,fx wire,Caceis booked the fx wire for SD 12-20-2019. Integrata yet to book,1031864567,1031864567,4551456423,-590882299,2021-07-29
4292,,369_455643841_CACEIS,975323441,OB,OB,No-pair,fx wire,Caceis booked the fx wire for SD 11-15-2019. Integrata yet to book,975323441,975323441,4551456423,-590882299,2021-07-29
4293,,117_455748445_CACEIS,1136275096,OB,OB,No-pair,fx wire,Caceis booked the fx wire for SD 02-18-2020. Integrata yet to book,1136275096,1136275096,4551456423,-590882299,2021-07-29
4294,,1_4551050873_CACEIS,1536076986,OB,OB,No-pair,wire transfer,Caceis booked the wire transfer for SD 09-29-2020. Integrata yet to book,1536076986,1536076986,4551456423,-590882299,2021-07-29
4295,,307_455669415_CACEIS,1020661971,OB,OB,No-pair,fx wire,Caceis booked the fx wire for SD 12-16-2019. Integrata yet to book,1020661971,1020661971,4551456423,-590882299,2021-07-29
4296,,50_455669415_CACEIS,1020661950,OB,OB,No-pair,fx wire,Caceis booked the fx wire for SD 12-16-2019. Integrata yet to book,1020661950,1020661950,4551456423,-590882299,2021-07-29
4297,,44_455846205_CACEIS,1265566733,OB,OB,No-pair,fx wire,Caceis booked the fx wire for SD 05-04-2020. Integrata yet to book,1265566733,1265566733,4551456423,-590882299,2021-07-29
4298,,16_4551205068_CACEIS,1740582739,OB,OB,No-pair,wire transfer,Caceis booked the wire transfer for SD 01-26-2021. Integrata yet to book,1740582739,1740582739,4551456423,-590882299,2021-07-29
4299,,443_455940640_CACEIS,1391596396,OB,OB,No-pair,fx wire,Caceis booked the fx wire for SD 07-15-2020. Integrata yet to book,1391596396,1391596396,4551456423,-590882299,2021-07-29
4300,4_4551370002_Integrata,,1964483315,OB,OB,No-pair,proceeds sell,Integrata booked the Net Sub/Red for SD 05-27-2021.Caceis yet to book.,1964483315,1964483315,4551456423,-590882299,2021-07-29
4301,3_455923571_Integrata,,1369374360,OB,OB,No-pair,redemption,Integrata booked the redemption for SD 07-02-2020.Caceis yet to book.,1369374360,1369374360,4551456423,-590882299,2021-07-29
4302,,86_455706635_CACEIS,1081907322,OB,OB,No-pair,fx wire,Caceis booked the fx wire for SD 01-15-2020. Integrata yet to book,1081907322,1081907322,4551456423,-590882299,2021-07-29
4303,,119_455585083_CACEIS,874262444,OB,OB,No-pair,wire transfer,Caceis booked the wire transfer for SD 10-10-2019. Integrata yet to book,874262444,874262444,4551456423,-590882299,2021-07-29
4304,9_455557513_Integrata,,829521291,OB,OB,No-pair,wire transfer,Integrata booked the Net Sub/Red for SD 09-19-2019.Caceis yet to book.,829521291,829521291,4551456423,-590882299,2021-07-29
4305,,90_455706635_CACEIS,1081907325,OB,OB,No-pair,fx wire,Caceis booked the fx wire for SD 01-15-2020. Integrata yet to book,1081907325,1081907325,4551456423,-590882299,2021-07-29
4306,4_4551075891_Integrata,,1569073533,OB,OB,No-pair,wire transfer,Integrata booked the Net Sub/Red for SD 10-22-2020.Caceis yet to book.,1569073533,1569073533,4551456423,-590882299,2021-07-29
4307,,110_455748445_CACEIS,1136275079,OB,OB,No-pair,fx wire,Caceis booked the fx wire for SD 02-18-2020. Integrata yet to book,1136275079,1136275079,4551456423,-590882299,2021-07-29
4308,,484_4551149959_CACEIS,1667623376,OB,OB,No-pair,fx wire,Caceis booked the fx wire for SD 12-15-2020. Integrata yet to book,1667623376,1667623376,4551456423,-590882299,2021-07-29
4309,,557_4551109218_CACEIS,1613287178,OB,OB,No-pair,fx wire,Caceis booked the fx wire for SD 11-16-2020. Integrata yet to book,1613287178,1613287178,4551456423,-590882299,2021-07-29
4310,7_455770517_Integrata,,1167491762,OB,OB,No-pair,wire transfer,Integrata booked the Net Sub/Red for SD 03-05-2020.Caceis yet to book.,1167491762,1167491762,4551456423,-590882299,2021-07-29
4311,,65_455688261_CACEIS,1053516688,OB,OB,No-pair,fx wire,Caceis booked the fx wire for SD 12-31-2019. Integrata yet to book,1053516688,1053516688,4551456423,-590882299,2021-07-29
4312,,34_455586694_CACEIS,876699143,OB,OB,No-pair,fx wire,Caceis booked the fx wire for SD 10-11-2019. Integrata yet to book,876699143,876699143,4551456423,-590882299,2021-07-29
4313,,2_455742022_CACEIS,1127725629,OB,OB,No-pair,fees,Caceis booked the fees for SD 02-12-2020. Integrata yet to book,1127725629,1127725629,4551456423,-590882299,2021-07-29
4314,,22_455842390_CACEIS,1260635002,OB,OB,No-pair,monthend interest,Caceis booked the monthend interest for SD 05-01-2020. Integrata yet to book,1260635002,1260635002,4551456423,-590882299,2021-07-29
4315,,160_4551144082_CACEIS,1659707081,OB,OB,No-pair,wire transfer,Caceis booked the wire transfer for SD 12-10-2020. Integrata yet to book,1659707081,1659707081,4551456423,-590882299,2021-07-29
4316,,20_455755745_CACEIS,1145540681,OB,OB,No-pair,proceeds sell,Caceis booked the proceeds sell for SD 02-24-2020. Integrata yet to book,1145540681,1145540681,4551456423,-590882299,2021-07-29
4317,,287_4551354754_CACEIS,1942399698,OB,OB,No-pair,fx wire,Caceis booked the fx wire for SD 05-17-2021. Integrata yet to book,1942399698,1942399698,4551456423,-590882299,2021-07-29
4318,,877_455822501_CACEIS,1235307834,OB,OB,No-pair,fx wire,Caceis booked the fx wire for SD 04-15-2020. Integrata yet to book,1235307834,1235307834,4551456423,-590882299,2021-07-29
4319,,58_455516633_CACEIS,760048656,OB,OB,No-pair,fx wire,Caceis booked the fx wire for SD 08-16-2019. Integrata yet to book,760048656,760048656,4551456423,-590882299,2021-07-29
4320,,556_4551109218_CACEIS,1613287118,OB,OB,No-pair,fx wire,Caceis booked the fx wire for SD 11-16-2020. Integrata yet to book,1613287118,1613287118,4551456423,-590882299,2021-07-29
4321,,21_455879764_CACEIS,1309543785,OB,OB,No-pair,monthend interest,Caceis booked the monthend interest for SD 06-01-2020. Integrata yet to book,1309543785,1309543785,4551456423,-590882299,2021-07-29
4322,,397_4551023983_CACEIS,1500214170,OB,OB,No-pair,fx wire,Caceis booked the fx wire for SD 09-15-2020. Integrata yet to book,1500214170,1500214170,4551456423,-590882299,2021-07-29
4323,,41_4551171343_CACEIS,1696929187,OB,OB,No-pair,monthend interest,Caceis booked the monthend interest for SD 01-01-2021. Integrata yet to book,1696929187,1696929187,4551456423,-590882299,2021-07-29
4324,,19_4551060531_CACEIS,1548950718,OB,OB,No-pair,fees,Caceis booked the fees for SD 10-12-2020. Integrata yet to book,1548950718,1548950718,4551456423,-590882299,2021-07-29
4325,,17_4551060531_CACEIS,1548950701,OB,OB,No-pair,fees,Caceis booked the fees for SD 10-12-2020. Integrata yet to book,1548950701,1548950701,4551456423,-590882299,2021-07-29
4326,,39_455643841_CACEIS,975323111,OB,OB,No-pair,monthend interest,Caceis booked the monthend interest for SD 10-31-2019. Integrata yet to book,975323111,975323111,4551456423,-590882299,2021-07-29
4327,,116_4551109218_CACEIS,1613286605,OB,OB,No-pair,fx wire,Caceis booked the fx wire for SD 11-16-2020. Integrata yet to book,1613286605,1613286605,4551456423,-590882299,2021-07-29
4328,,436_455822501_CACEIS,1235307758,OB,OB,No-pair,fees,Caceis booked the fees for SD 04-14-2020. Integrata yet to book,1235307758,1235307758,4551456423,-590882299,2021-07-29
4329,,26_455742022_CACEIS,1127725747,OB,OB,No-pair,fees,Caceis booked the fees for SD 02-12-2020. Integrata yet to book,1127725747,1127725747,4551456423,-590882299,2021-07-29
4330,,39_4551035437_CACEIS,1516099559,OB,OB,No-pair,fees,Caceis booked the fees for SD 04-16-2020. Integrata yet to book,1516099559,1516099559,4551456423,-590882299,2021-07-29
4331,,1_455570278_CACEIS,849574758,OB,OB,No-pair,monthend interest,Caceis booked the monthend interest for SD 10-01-2019. Integrata yet to book,849574758,849574758,4551456423,-590882299,2021-07-29
4332,,489_455822501_CACEIS,1235307812,OB,OB,No-pair,fees,Caceis booked the fees for SD 04-14-2020. Integrata yet to book,1235307812,1235307812,4551456423,-590882299,2021-07-29
4333,,39_4551066313_CACEIS,1556876321,OB,OB,No-pair,fx wire,Caceis booked the fx wire for SD 10-15-2020. Integrata yet to book,1556876321,1556876321,4551456423,-590882299,2021-07-29
4334,,411_455940640_CACEIS,1391596281,OB,OB,No-pair,fx wire,Caceis booked the fx wire for SD 07-15-2020. Integrata yet to book,1391596281,1391596281,4551456423,-590882299,2021-07-29
4335,,67_4551127906_CACEIS,1637981938,OB,OB,No-pair,monthend interest,Caceis booked the monthend interest for SD 12-01-2020. Integrata yet to book,1637981938,1637981938,4551456423,-590882299,2021-07-29
4336,,741_4551232906_CACEIS,1780157173,OB,OB,No-pair,fx wire,Caceis booked the fx wire for SD 02-16-2021. Integrata yet to book,1780157173,1780157173,4551456423,-590882299,2021-07-29
4337,,7_4551070074_CACEIS,1561670137,OB,OB,No-pair,wire transfer,Caceis booked the wire transfer for SD 10-15-2020. Integrata yet to book,1561670137,1561670137,4551456423,-590882299,2021-07-29
4338,,817_455822501_CACEIS,1235308774,OB,OB,No-pair,fx wire,Caceis booked the fx wire for SD 04-15-2020. Integrata yet to book,1235308774,1235308774,4551456423,-590882299,2021-07-29
4339,,414_4551023983_CACEIS,1500214167,OB,OB,No-pair,fx wire,Caceis booked the fx wire for SD 09-15-2020. Integrata yet to book,1500214167,1500214167,4551456423,-590882299,2021-07-29
4340,,190_4551210754_CACEIS,1748958342,OB,OB,No-pair,fx wire,Caceis booked the fx wire for SD 01-29-2021. Integrata yet to book,1748958342,1748958342,4551456423,-590882299,2021-07-29
4341,13_4551307616_Integrata,,1876494340,OB,OB,No-pair,wire transfer,Integrata booked the AUM plug for SD 04-09-2021.Caceis yet to book.,1876494340,1876494340,4551456423,-590882299,2021-07-29
4342,71_4551085502_Integrata,,1581818109,OB,OB,No-pair,wire transfer,Integrata booked the wire transfer for SD 10-27-2020.Caceis yet to book.,1581818109,1581818109,4551456423,-590882299,2021-07-29
4343,,48_455782293_CACEIS,1183562990,OB,OB,No-pair,fx wire,Caceis booked the fx wire for SD 03-13-2020. Integrata yet to book,1183562990,1183562990,4551456423,-590882299,2021-07-29
4344,,268_4551149959_CACEIS,1667623136,OB,OB,No-pair,fx wire,Caceis booked the fx wire for SD 12-15-2020. Integrata yet to book,1667623136,1667623136,4551456423,-590882299,2021-07-29
4345,5_4551240968_Integrata,,1790775308,OB,OB,No-pair,wire transfer,Integrata booked the AUM plug for SD 02-19-2021.Caceis yet to book.,1790775308,1790775308,4551456423,-590882299,2021-07-29
4346,1_4551289089_Integrata,,1852875966,OB,OB,No-pair,wire transfer,Integrata booked the AUM plug for SD 03-26-2021.Caceis yet to book.,1852875966,1852875966,4551456423,-590882299,2021-07-29
4347,,70_455649350_CACEIS,985331692,OB,OB,No-pair,monthend interest,Caceis booked the monthend interest for SD 12-01-2019. Integrata yet to book,985331692,985331692,4551456423,-590882299,2021-07-29
4348,6_4551428980_Integrata,,2040344573,OB,OB,No-pair,wire transfer,Integrata booked the AUM plug for SD 07-08-2021.Caceis yet to book.,2040344573,2040344573,4551456423,-590882299,2021-07-29
4349,,56_4551388882_CACEIS,1989667658,OB,OB,No-pair,wire transfer,Caceis booked the wire transfer for SD 06-10-2021. Integrata yet to book,1989667658,1989667658,4551456423,-590882299,2021-07-29
4350,,466_455862625_CACEIS,1287003669,OB,OB,No-pair,fx wire,Caceis booked the fx wire for SD 05-15-2020. Integrata yet to book,1287003669,1287003669,4551456423,-590882299,2021-07-29
4351,,6_455742022_CACEIS,1127725666,OB,OB,No-pair,fees,Caceis booked the fees for SD 02-12-2020. Integrata yet to book,1127725666,1127725666,4551456423,-590882299,2021-07-29
4352,,47_4551066313_CACEIS,1556876279,OB,OB,No-pair,fx wire,Caceis booked the fx wire for SD 10-15-2020. Integrata yet to book,1556876279,1556876279,4551456423,-590882299,2021-07-29
4353,,55_455978912_CACEIS,1441832165,OB,OB,No-pair,wire transfer,Caceis booked the wire transfer for SD 08-12-2020. Integrata yet to book,1441832165,1441832165,4551456423,-590882299,2021-07-29
4354,,252_4551394628_CACEIS,1997244756,OB,OB,No-pair,fx wire,Caceis booked the fx wire for SD 06-15-2021. Integrata yet to book,1997244756,1997244756,4551456423,-590882299,2021-07-29
4355,,9_455568470_CACEIS,846652434,OB,OB,No-pair,fx wire,Caceis booked the fx wire for SD 09-27-2019. Integrata yet to book,846652434,846652434,4551456423,-590882299,2021-07-29
4356,,454_455862625_CACEIS,1287003845,OB,OB,No-pair,fx wire,Caceis booked the fx wire for SD 05-15-2020. Integrata yet to book,1287003845,1287003845,4551456423,-590882299,2021-07-29
4357,,10_349816_CACEIS,505077773,OB,OB,No-pair,fx wire,Caceis booked the fx wire for SD 03-29-2019. Integrata yet to book,505077773,505077773,4551456423,-590882299,2021-07-29
4358,,98_455753887_CACEIS,1143364843,OB,OB,No-pair,fx wire,Caceis booked the fx wire for SD 02-21-2020. Integrata yet to book,1143364843,1143364843,4551456423,-590882299,2021-07-29
4359,,4_455828048_CACEIS,1241932135,OB,OB,No-pair,wire transfer,Caceis booked the wire transfer for SD 04-20-2020. Integrata yet to book,1241932135,1241932135,4551456423,-590882299,2021-07-29
4360,,7_455495487_CACEIS,723389990,OB,OB,No-pair,monthend interest,Caceis booked the monthend interest for SD 08-01-2019. Integrata yet to book,723389990,723389990,4551456423,-590882299,2021-07-29
4361,,41_4551299798_CACEIS,1866915131,OB,OB,No-pair,wire transfer,Caceis booked the wire transfer for SD 03-31-2021. Integrata yet to book,1866915131,1866915131,4551456423,-590882299,2021-07-29
4362,,778_455822501_CACEIS,1235308741,OB,OB,No-pair,fx wire,Caceis booked the fx wire for SD 04-15-2020. Integrata yet to book,1235308741,1235308741,4551456423,-590882299,2021-07-29
4363,,52_4551388882_CACEIS,1989667643,OB,OB,No-pair,wire transfer,Caceis booked the wire transfer for SD 06-10-2021. Integrata yet to book,1989667643,1989667643,4551456423,-590882299,2021-07-29
4364,,388_455985296_CACEIS,1449582007,OB,OB,No-pair,fx wire,Caceis booked the fx wire for SD 08-17-2020. Integrata yet to book,1449582007,1449582007,4551456423,-590882299,2021-07-29
4365,,46_4551388882_CACEIS,1989667625,OB,OB,No-pair,wire transfer,Caceis booked the wire transfer for SD 06-10-2021. Integrata yet to book,1989667625,1989667625,4551456423,-590882299,2021-07-29
4366,,3_4551450423_CACEIS,2066372842,OB,OB,No-pair,fx wire,Caceis booked the fx wire for SD 07-26-2021. Integrata yet to book,2066372842,2066372842,4551456423,-590882299,2021-07-29
4367,,185_4551248485_CACEIS,1800039574,OB,OB,No-pair,wire transfer,Caceis booked the wire transfer for SD 02-25-2021. Integrata yet to book,1800039574,1800039574,4551456423,-590882299,2021-07-29
4368,,65_455718167_CACEIS,1096512055,OB,OB,No-pair,fx wire,Caceis booked the fx wire for SD 01-24-2020. Integrata yet to book,1096512055,1096512055,4551456423,-590882299,2021-07-29
4369,,789_455822501_CACEIS,1235308754,OB,OB,No-pair,fx wire,Caceis booked the fx wire for SD 04-15-2020. Integrata yet to book,1235308754,1235308754,4551456423,-590882299,2021-07-29
4370,,55_4551388882_CACEIS,1989667655,OB,OB,No-pair,wire transfer,Caceis booked the wire transfer for SD 06-10-2021. Integrata yet to book,1989667655,1989667655,4551456423,-590882299,2021-07-29
4371,2_4551372778_Integrata,,1969041936,OB,OB,No-pair,wire transfer,Integrata booked the AUM plug for SD 05-27-2021.Caceis yet to book.,1969041936,1969041936,4551456423,-590882299,2021-07-29
4372,,720_4551232906_CACEIS,1780157016,OB,OB,No-pair,fx wire,Caceis booked the fx wire for SD 02-16-2021. Integrata yet to book,1780157016,1780157016,4551456423,-590882299,2021-07-29
4373,2_4551419402_Integrata,,2029730693,OB,OB,No-pair,wire transfer,Integrata booked the AUM plug for SD 07-01-2021.Caceis yet to book.,2029730693,2029730693,4551456423,-590882299,2021-07-29
4374,,71_455590588_CACEIS,883858347,OB,OB,No-pair,fx wire,Caceis booked the fx wire for SD 10-15-2019. Integrata yet to book,883858347,883858347,4551456423,-590882299,2021-07-29
4375,4_4551324555_Integrata,,1898109358,OB,OB,No-pair,redemption,Integrata booked the redemption for SD 04-22-2021.Caceis yet to book.,1898109358,1898109358,4551456423,-590882299,2021-07-29
4376,,736_4551232906_CACEIS,1780157139,OB,OB,No-pair,fx wire,Caceis booked the fx wire for SD 02-16-2021. Integrata yet to book,1780157139,1780157139,4551456423,-590882299,2021-07-29
4377,,42_455669415_CACEIS,1020661802,OB,OB,No-pair,fx wire,Caceis booked the fx wire for SD 12-16-2019. Integrata yet to book,1020661802,1020661802,4551456423,-590882299,2021-07-29
4378,5_4551448516_Integrata,,2064090585,OB,OB,No-pair,redemption,Integrata booked the redemption for SD 07-22-2021.Caceis yet to book.,2064090585,2064090585,4551456423,-590882299,2021-07-29
4379,,134_4551436806_CACEIS,2049885807,OB,OB,No-pair,fx wire,Caceis booked the fx wire for SD 07-15-2021. Integrata yet to book,2049885807,2049885807,4551456423,-590882299,2021-07-29
4380,,10_4551343376_CACEIS,1925737848,OB,OB,No-pair,fx wire,Caceis booked the fx wire for SD 05-07-2021. Integrata yet to book,1925737848,1925737848,4551456423,-590882299,2021-07-29
4381,68_4551085502_Integrata,,1581818046,OB,OB,No-pair,wire transfer,Integrata booked the wire transfer for SD 10-27-2020.Caceis yet to book.,1581818046,1581818046,4551456423,-590882299,2021-07-29
4382,,15_4551343376_CACEIS,1925737863,OB,OB,No-pair,wire transfer,Caceis booked the wire transfer for SD 05-07-2021. Integrata yet to book,1925737863,1925737863,4551456423,-590882299,2021-07-29
4383,,3_455777858_CACEIS,1177395657,OB,OB,No-pair,wire transfer,Caceis booked the wire transfer for SD 03-11-2020. Integrata yet to book,1177395657,1177395657,4551456423,-590882299,2021-07-29
4384,58_4551085502_Integrata,,1581818092,OB,OB,No-pair,wire transfer,Integrata booked the wire transfer for SD 10-27-2020.Caceis yet to book.,1581818092,1581818092,4551456423,-590882299,2021-07-29
4385,,186_4551066313_CACEIS,1556876355,OB,OB,No-pair,fx wire,Caceis booked the fx wire for SD 10-15-2020. Integrata yet to book,1556876355,1556876355,4551456423,-590882299,2021-07-29
4386,,79_4551388882_CACEIS,1989667608,OB,OB,No-pair,wire transfer,Caceis booked the wire transfer for SD 06-10-2021. Integrata yet to book,1989667608,1989667608,4551456423,-590882299,2021-07-29
4387,,459_455985296_CACEIS,1449582259,OB,OB,No-pair,fx wire,Caceis booked the fx wire for SD 08-17-2020. Integrata yet to book,1449582259,1449582259,4551456423,-590882299,2021-07-29
4388,,53_455978912_CACEIS,1441832154,OB,OB,No-pair,wire transfer,Caceis booked the wire transfer for SD 08-12-2020. Integrata yet to book,1441832154,1441832154,4551456423,-590882299,2021-07-29
4389,,11_455674593_CACEIS,1029176390,OB,OB,No-pair,wire transfer,Caceis booked the wire transfer for SD 12-19-2019. Integrata yet to book,1029176390,1029176390,4551456423,-590882299,2021-07-29
4390,,88_455669415_CACEIS,1020661816,OB,OB,No-pair,fx wire,Caceis booked the fx wire for SD 12-16-2019. Integrata yet to book,1020661816,1020661816,4551456423,-590882299,2021-07-29
4391,,92_4551269721_CACEIS,1827473986,OB,OB,No-pair,fx wire,Caceis booked the fx wire for SD 03-15-2021. Integrata yet to book,1827473986,1827473986,4551456423,-590882299,2021-07-29
4392,,47_455799620_CACEIS,1205700325,OB,OB,No-pair,fx wire,Caceis booked the fx wire for SD 03-27-2020. Integrata yet to book,1205700325,1205700325,4551456423,-590882299,2021-07-29
4393,77_4551085502_Integrata,,1581818095,OB,OB,No-pair,wire transfer,Integrata booked the wire transfer for SD 10-27-2020.Caceis yet to book.,1581818095,1581818095,4551456423,-590882299,2021-07-29
4394,,37_455846205_CACEIS,1265566781,OB,OB,No-pair,wire transfer,Caceis booked the wire transfer for SD 03-20-2020. Integrata yet to book,1265566781,1265566781,4551456423,-590882299,2021-07-29
4395,,250_4551394628_CACEIS,1997244820,OB,OB,No-pair,fx wire,Caceis booked the fx wire for SD 06-15-2021. Integrata yet to book,1997244820,1997244820,4551456423,-590882299,2021-07-29
4396,,450_4551023983_CACEIS,1500214105,OB,OB,No-pair,wire transfer,Caceis booked the wire transfer for SD 09-15-2020. Integrata yet to book,1500214105,1500214105,4551456423,-590882299,2021-07-29
4397,,486_4551191593_CACEIS,1722905500,OB,OB,No-pair,fx wire,Caceis booked the fx wire for SD 01-15-2021. Integrata yet to book,1722905500,1722905500,4551456423,-590882299,2021-07-29
4398,,377_455590588_CACEIS,883858689,OB,OB,No-pair,fx wire,Caceis booked the fx wire for SD 10-15-2019. Integrata yet to book,883858689,883858689,4551456423,-590882299,2021-07-29
4399,,2_455533322_CACEIS,787871188,OB,OB,No-pair,monthend interest,Caceis booked the monthend interest for SD 09-01-2019. Integrata yet to book,787871188,787871188,4551456423,-590882299,2021-07-29
4400,,52_4551058652_CACEIS,1546340373,OB,OB,No-pair,fx wire,Caceis booked the fx wire for SD 10-09-2020. Integrata yet to book,1546340373,1546340373,4551456423,-590882299,2021-07-29
4401,,381_455985296_CACEIS,1449582106,OB,OB,No-pair,fx wire,Caceis booked the fx wire for SD 08-17-2020. Integrata yet to book,1449582106,1449582106,4551456423,-590882299,2021-07-29
4402,,1_455785049_CACEIS,1187309055,OB,OB,No-pair,proceeds sell,Caceis booked the Miscellaneous for SD 03-12-2020. Integrata yet to book,1187309055,1187309055,4551456423,-590882299,2021-07-29
4403,,162_4551248485_CACEIS,1800039511,OB,OB,No-pair,wire transfer,Caceis booked the wire transfer for SD 02-26-2021. Integrata yet to book,1800039511,1800039511,4551456423,-590882299,2021-07-29
4404,,64_455835232_CACEIS,1251293803,OB,OB,No-pair,wire transfer,Caceis booked the wire transfer for SD 04-24-2020. Integrata yet to book,1251293803,1251293803,4551456423,-590882299,2021-07-29
4405,,136_455663909_CACEIS,1011570710,OB,OB,No-pair,wire transfer,Caceis booked the wire transfer for SD 12-11-2019. Integrata yet to book,1011570710,1011570710,4551456423,-590882299,2021-07-29
4406,,58_455404958_CACEIS,585162355,OB,OB,No-pair,fx wire,Caceis booked the fx wire for SD 05-15-2019. Integrata yet to book,585162355,585162355,4551456423,-590882299,2021-07-29
4407,,75_4551269721_CACEIS,1827473810,OB,OB,No-pair,fx wire,Caceis booked the fx wire for SD 03-15-2021. Integrata yet to book,1827473810,1827473810,4551456423,-590882299,2021-07-29
4408,,451_455985296_CACEIS,1449582200,OB,OB,No-pair,fx wire,Caceis booked the fx wire for SD 08-17-2020. Integrata yet to book,1449582200,1449582200,4551456423,-590882299,2021-07-29
4409,,185_455706635_CACEIS,1081907558,OB,OB,No-pair,fx wire,Caceis booked the fx wire for SD 01-15-2020. Integrata yet to book,1081907558,1081907558,4551456423,-590882299,2021-07-29
4410,,63_455718167_CACEIS,1096512050,OB,OB,No-pair,fx wire,Caceis booked the fx wire for SD 01-24-2020. Integrata yet to book,1096512050,1096512050,4551456423,-590882299,2021-07-29
4411,,379_4551023983_CACEIS,1500214140,OB,OB,No-pair,fx wire,Caceis booked the fx wire for SD 09-15-2020. Integrata yet to book,1500214140,1500214140,4551456423,-590882299,2021-07-29
4412,,10_455575944_CACEIS,858396501,OB,OB,No-pair,wire transfer,Caceis booked the wire transfer for SD 10-03-2019. Integrata yet to book,858396501,858396501,4551456423,-590882299,2021-07-29
4413,,50_4551058652_CACEIS,1546340381,OB,OB,No-pair,fx wire,Caceis booked the fx wire for SD 10-09-2020. Integrata yet to book,1546340381,1546340381,4551456423,-590882299,2021-07-29
4414,,256_4551149959_CACEIS,1667623139,OB,OB,No-pair,fx wire,Caceis booked the fx wire for SD 12-15-2020. Integrata yet to book,1667623139,1667623139,4551456423,-590882299,2021-07-29
4415,,57_4551127906_CACEIS,1637981960,OB,OB,No-pair,monthend interest,Caceis booked the monthend interest for SD 12-01-2020. Integrata yet to book,1637981960,1637981960,4551456423,-590882299,2021-07-29
4416,,128_455663909_CACEIS,1011570722,OB,OB,No-pair,wire transfer,Caceis booked the wire transfer for SD 12-11-2019. Integrata yet to book,1011570722,1011570722,4551456423,-590882299,2021-07-29
4417,,8_455997894_CACEIS,1465639292,OB,OB,No-pair,wire transfer,Caceis booked the wire transfer for SD 08-26-2020. Integrata yet to book,1465639292,1465639292,4551456423,-590882299,2021-07-29
4418,,193_455706635_CACEIS,1081907620,OB,OB,No-pair,fx wire,Caceis booked the fx wire for SD 01-15-2020. Integrata yet to book,1081907620,1081907620,4551456423,-590882299,2021-07-29
4419,,49_455762980_CACEIS,1156897835,OB,OB,No-pair,monthend interest,Caceis booked the monthend interest for SD 03-01-2020. Integrata yet to book,1156897835,1156897835,4551456423,-590882299,2021-07-29
4420,,416_455940640_CACEIS,1391596286,OB,OB,No-pair,fx wire,Caceis booked the fx wire for SD 07-15-2020. Integrata yet to book,1391596286,1391596286,4551456423,-590882299,2021-07-29
4421,,382_4551023983_CACEIS,1500214150,OB,OB,No-pair,fx wire,Caceis booked the fx wire for SD 09-15-2020. Integrata yet to book,1500214150,1500214150,4551456423,-590882299,2021-07-29
4422,,22_455953995_CACEIS,1409848248,OB,OB,No-pair,fx wire,Caceis booked the fx wire for SD 07-24-2020. Integrata yet to book,1409848248,1409848248,4551456423,-590882299,2021-07-29
4423,,9_4551388882_CACEIS,1989667572,OB,OB,No-pair,wire transfer,Caceis booked the wire transfer for SD 06-10-2021. Integrata yet to book,1989667572,1989667572,4551456423,-590882299,2021-07-29
4424,,20_455671061_CACEIS,1023554987,OB,OB,No-pair,wire transfer,Caceis booked the wire transfer for SD 12-17-2019. Integrata yet to book,1023554987,1023554987,4551456423,-590882299,2021-07-29
4425,,134_455748445_CACEIS,1136275102,OB,OB,No-pair,fx wire,Caceis booked the fx wire for SD 02-18-2020. Integrata yet to book,1136275102,1136275102,4551456423,-590882299,2021-07-29
4426,,418_455862625_CACEIS,1287003859,OB,OB,No-pair,fx wire,Caceis booked the fx wire for SD 05-15-2020. Integrata yet to book,1287003859,1287003859,4551456423,-590882299,2021-07-29
4427,,400_455940640_CACEIS,1391596374,OB,OB,No-pair,fx wire,Caceis booked the fx wire for SD 07-15-2020. Integrata yet to book,1391596374,1391596374,4551456423,-590882299,2021-07-29
4428,,70_4551066313_CACEIS,1556876311,OB,OB,No-pair,fx wire,Caceis booked the fx wire for SD 10-15-2020. Integrata yet to book,1556876311,1556876311,4551456423,-590882299,2021-07-29
4429,,505_4551149959_CACEIS,1667623372,OB,OB,No-pair,fx wire,Caceis booked the fx wire for SD 12-15-2020. Integrata yet to book,1667623372,1667623372,4551456423,-590882299,2021-07-29
4430,,151_4551184426_CACEIS,1712749800,OB,OB,No-pair,wire transfer,Caceis booked the wire transfer for SD 01-11-2021. Integrata yet to book,1712749800,1712749800,4551456423,-590882299,2021-07-29
4431,,35_455808758_CACEIS,1217520375,OB,OB,No-pair,fx wire,Caceis booked the fx wire for SD 04-03-2020. Integrata yet to book,1217520375,1217520375,4551456423,-590882299,2021-07-29
4432,,1_4551091458_CACEIS,1589657872,OB,OB,No-pair,wire transfer,Caceis booked the wire transfer for SD 11-03-2020. Integrata yet to book,1589657872,1589657872,4551456423,-590882299,2021-07-29
4433,,152_4551184426_CACEIS,1712749748,OB,OB,No-pair,wire transfer,Caceis booked the wire transfer for SD 01-11-2021. Integrata yet to book,1712749748,1712749748,4551456423,-590882299,2021-07-29
4434,,249_4551248485_CACEIS,1800039565,OB,OB,No-pair,fx wire,Caceis booked the fx wire for SD 02-26-2021. Integrata yet to book,1800039565,1800039565,4551456423,-590882299,2021-07-29
4435,,126_455726980_CACEIS,1107942660,OB,OB,No-pair,wire transfer,Caceis booked the wire transfer for SD 01-31-2020. Integrata yet to book,1107942660,1107942660,4551456423,-590882299,2021-07-29
4436,,126_4551184426_CACEIS,1712749693,OB,OB,No-pair,wire transfer,Caceis booked the wire transfer for SD 01-11-2021. Integrata yet to book,1712749693,1712749693,4551456423,-590882299,2021-07-29
4437,,139_4551109218_CACEIS,1613286589,OB,OB,No-pair,fx wire,Caceis booked the fx wire for SD 11-16-2020. Integrata yet to book,1613286589,1613286589,4551456423,-590882299,2021-07-29
4438,,122_4551184426_CACEIS,1712749815,OB,OB,No-pair,wire transfer,Caceis booked the wire transfer for SD 01-11-2021. Integrata yet to book,1712749815,1712749815,4551456423,-590882299,2021-07-29
4439,,36_455586694_CACEIS,876699153,OB,OB,No-pair,fx wire,Caceis booked the fx wire for SD 10-11-2019. Integrata yet to book,876699153,876699153,4551456423,-590882299,2021-07-29
4440,,69_4551023983_CACEIS,1500213885,OB,OB,No-pair,fx wire,Caceis booked the fx wire for SD 09-15-2020. Integrata yet to book,1500213885,1500213885,4551456423,-590882299,2021-07-29
4441,,529_455783582_CACEIS,1185159722,OB,OB,No-pair,fx wire,Caceis booked the fx wire for SD 03-16-2020. Integrata yet to book,1185159722,1185159722,4551456423,-590882299,2021-07-29
4442,,32_455676391_CACEIS,1031864579,OB,OB,No-pair,fx wire,Caceis booked the fx wire for SD 12-20-2019. Integrata yet to book,1031864579,1031864579,4551456423,-590882299,2021-07-29
4443,,20_455745203_CACEIS,1132280312,OB,OB,No-pair,wire transfer,Caceis booked the wire transfer for SD 02-14-2020. Integrata yet to book,1132280312,1132280312,4551456423,-590882299,2021-07-29
4444,,1_455581623_CACEIS,867680113,OB,OB,No-pair,fees,Caceis booked the fees for SD 10-07-2019. Integrata yet to book,867680113,867680113,4551456423,-590882299,2021-07-29
4445,,217_4551269721_CACEIS,1827474062,OB,OB,No-pair,fx wire,Caceis booked the fx wire for SD 03-15-2021. Integrata yet to book,1827474062,1827474062,4551456423,-590882299,2021-07-29
4446,,96_4551394628_CACEIS,1997244620,OB,OB,No-pair,fx wire,Caceis booked the fx wire for SD 06-15-2021. Integrata yet to book,1997244620,1997244620,4551456423,-590882299,2021-07-29
4447,,114_455649350_CACEIS,985331647,OB,OB,No-pair,monthend interest,Caceis booked the monthend interest for SD 12-01-2019. Integrata yet to book,985331647,985331647,4551456423,-590882299,2021-07-29
4448,,171_455898221_CACEIS,1334730779,OB,OB,No-pair,wire transfer,Caceis booked the wire transfer for SD 06-12-2020. Integrata yet to book,1334730779,1334730779,4551456423,-590882299,2021-07-29
4449,,4_4551003590_CACEIS,1473425955,OB,OB,No-pair,monthend interest,Caceis booked the monthend interest for SD 09-01-2020. Integrata yet to book,1473425955,1473425955,4551456423,-590882299,2021-07-29
4450,,75_4551394628_CACEIS,1997244590,OB,OB,No-pair,fx wire,Caceis booked the fx wire for SD 06-15-2021. Integrata yet to book,1997244590,1997244590,4551456423,-590882299,2021-07-29
4451,,18_455745203_CACEIS,1132280378,OB,OB,No-pair,fx wire,Caceis booked the fx wire for SD 02-14-2020. Integrata yet to book,1132280378,1132280378,4551456423,-590882299,2021-07-29
4452,,17_455963450_CACEIS,1421777869,OB,OB,No-pair,monthend interest,Caceis booked the monthend interest for SD 08-01-2020. Integrata yet to book,1421777869,1421777869,4551456423,-590882299,2021-07-29
4453,,121_455762980_CACEIS,1156897797,OB,OB,No-pair,fx wire,Caceis booked the fx wire for SD 02-28-2020. Integrata yet to book,1156897797,1156897797,4551456423,-590882299,2021-07-29
4454,,96_4551313388_CACEIS,1883527806,OB,OB,No-pair,fx wire,Caceis booked the fx wire for SD 04-15-2021. Integrata yet to book,1883527806,1883527806,4551456423,-590882299,2021-07-29
4455,,122_4551060531_CACEIS,1548950647,OB,OB,No-pair,wire transfer,Caceis booked the wire transfer for SD 10-12-2020. Integrata yet to book,1548950647,1548950647,4551456423,-590882299,2021-07-29
4456,,83_368123_CACEIS,532374144,OB,OB,No-pair,fx wire,Caceis booked the fx wire for SD 04-15-2019. Integrata yet to book,532374144,532374144,4551456423,-590882299,2021-07-29
4457,,67_306589_CACEIS,433998211,OB,OB,No-pair,fx wire,Caceis booked the fx wire for SD 02-15-2019. Integrata yet to book,433998211,433998211,4551456423,-590882299,2021-07-29
4458,,40_368123_CACEIS,532374020,OB,OB,No-pair,fx wire,Caceis booked the fx wire for SD 04-15-2019. Integrata yet to book,532374020,532374020,4551456423,-590882299,2021-07-29
4459,,488_455985296_CACEIS,1449582099,OB,OB,No-pair,fx wire,Caceis booked the fx wire for SD 08-17-2020. Integrata yet to book,1449582099,1449582099,4551456423,-590882299,2021-07-29
4460,,188_4551023983_CACEIS,1500213916,OB,OB,No-pair,fx wire,Caceis booked the fx wire for SD 09-15-2020. Integrata yet to book,1500213916,1500213916,4551456423,-590882299,2021-07-29
4461,,25_455790609_CACEIS,1194036448,OB,OB,No-pair,fx wire,Caceis booked the fx wire for SD 03-20-2020. Integrata yet to book,1194036448,1194036448,4551456423,-590882299,2021-07-29
4462,,6_455678294_CACEIS,1034848679,OB,OB,No-pair,wire transfer,Caceis booked the wire transfer for SD 12-23-2019. Integrata yet to book,1034848679,1034848679,4551456423,-590882299,2021-07-29
4463,,29_455803095_CACEIS,1210223533,OB,OB,No-pair,monthend interest,Caceis booked the monthend interest for SD 04-01-2020. Integrata yet to book,1210223533,1210223533,4551456423,-590882299,2021-07-29
4464,,158_455898221_CACEIS,1334730880,OB,OB,No-pair,wire transfer,Caceis booked the wire transfer for SD 06-12-2020. Integrata yet to book,1334730880,1334730880,4551456423,-590882299,2021-07-29
4465,,51_368123_CACEIS,532374057,OB,OB,No-pair,fx wire,Caceis booked the fx wire for SD 04-15-2019. Integrata yet to book,532374057,532374057,4551456423,-590882299,2021-07-29
4466,,798_455862625_CACEIS,1287003571,OB,OB,No-pair,wire transfer,Caceis booked the wire transfer for SD 05-13-2020. Integrata yet to book,1287003571,1287003571,4551456423,-590882299,2021-07-29
4467,,47_4551149959_CACEIS,1667622948,OB,OB,No-pair,fx wire,Caceis booked the fx wire for SD 12-15-2020. Integrata yet to book,1667622948,1667622948,4551456423,-590882299,2021-07-29
4468,,5_357741_CACEIS,516521696,OB,OB,No-pair,proceeds sell,Caceis booked the Miscellaneous for SD 04-08-2019. Integrata yet to book,516521696,516521696,4551456423,-590882299,2021-07-29
4469,,470_455783582_CACEIS,1185159699,OB,OB,No-pair,fx wire,Caceis booked the fx wire for SD 03-16-2020. Integrata yet to book,1185159699,1185159699,4551456423,-590882299,2021-07-29
4470,,49_4551149959_CACEIS,1667622951,OB,OB,No-pair,fx wire,Caceis booked the fx wire for SD 12-15-2020. Integrata yet to book,1667622951,1667622951,4551456423,-590882299,2021-07-29
4471,,44_4551174457_CACEIS,1699762756,OB,OB,No-pair,fx wire,Caceis booked the fx wire for SD 01-04-2021. Integrata yet to book,1699762756,1699762756,4551456423,-590882299,2021-07-29
4472,,185_455590588_CACEIS,883858405,OB,OB,No-pair,fx wire,Caceis booked the fx wire for SD 10-15-2019. Integrata yet to book,883858405,883858405,4551456423,-590882299,2021-07-29
4473,,101_4551436806_CACEIS,2049885907,OB,OB,No-pair,proceeds sell,Caceis booked the Miscellaneous for SD 07-15-2021. Integrata yet to book,2049885907,2049885907,4551456423,-590882299,2021-07-29
4474,,11_4551390838_CACEIS,1992497441,OB,OB,No-pair,wire transfer,Caceis booked the wire transfer for SD 06-11-2021. Integrata yet to book,1992497441,1992497441,4551456423,-590882299,2021-07-29
4475,,512_455783582_CACEIS,1185159649,OB,OB,No-pair,fx wire,Caceis booked the fx wire for SD 03-16-2020. Integrata yet to book,1185159649,1185159649,4551456423,-590882299,2021-07-29
4476,,9_4551097416_CACEIS,1597270313,OB,OB,No-pair,fx wire,Caceis booked the fx wire for SD 11-06-2020. Integrata yet to book,1597270313,1597270313,4551456423,-590882299,2021-07-29
4477,,1180_455643841_CACEIS,975324252,OB,OB,No-pair,fees,Caceis booked the fees for SD 11-13-2019. Integrata yet to book,975324252,975324252,4551456423,-590882299,2021-07-29
4478,,666_455862625_CACEIS,1287002682,OB,OB,No-pair,fees,Caceis booked the fees for SD 05-13-2020. Integrata yet to book,1287002682,1287002682,4551456423,-590882299,2021-07-29
4479,,757_455862625_CACEIS,1287005238,OB,OB,No-pair,fx wire,Caceis booked the fx wire for SD 05-15-2020. Integrata yet to book,1287005238,1287005238,4551456423,-590882299,2021-07-29
4480,,441_4551066313_CACEIS,1556876715,OB,OB,No-pair,fx wire,Caceis booked the fx wire for SD 10-15-2020. Integrata yet to book,1556876715,1556876715,4551456423,-590882299,2021-07-29
4481,,16_455653046_CACEIS,992798694,OB,OB,No-pair,wire transfer,Caceis booked the wire transfer for SD 12-03-2019. Integrata yet to book,992798694,992798694,4551456423,-590882299,2021-07-29
4482,,1_4551123972_CACEIS,1632880232,OB,OB,No-pair,proceeds sell,Caceis booked the Miscellaneous for SD 11-24-2020. Integrata yet to book,1632880232,1632880232,4551456423,-590882299,2021-07-29
4483,,180_455898221_CACEIS,1334730836,OB,OB,No-pair,wire transfer,Caceis booked the wire transfer for SD 06-12-2020. Integrata yet to book,1334730836,1334730836,4551456423,-590882299,2021-07-29
4484,,15_4551390838_CACEIS,1992497445,OB,OB,No-pair,wire transfer,Caceis booked the wire transfer for SD 06-11-2021. Integrata yet to book,1992497445,1992497445,4551456423,-590882299,2021-07-29
4485,,42_4551125930_CACEIS,1635426502,OB,OB,No-pair,fx wire,Caceis booked the fx wire for SD 11-27-2020. Integrata yet to book,1635426502,1635426502,4551456423,-590882299,2021-07-29
4486,,404_455783582_CACEIS,1185159594,OB,OB,No-pair,fx wire,Caceis booked the fx wire for SD 03-16-2020. Integrata yet to book,1185159594,1185159594,4551456423,-590882299,2021-07-29
4487,,139_4551105378_CACEIS,1608089194,OB,OB,No-pair,fees,Caceis booked the fees for SD 11-12-2020. Integrata yet to book,1608089194,1608089194,4551456423,-590882299,2021-07-29
4488,,19_455835232_CACEIS,1251293834,OB,OB,No-pair,wire transfer,Caceis booked the wire transfer for SD 04-24-2020. Integrata yet to book,1251293834,1251293834,4551456423,-590882299,2021-07-29
4489,,93_455669415_CACEIS,1020661779,OB,OB,No-pair,fx wire,Caceis booked the fx wire for SD 12-16-2019. Integrata yet to book,1020661779,1020661779,4551456423,-590882299,2021-07-29
4490,,115_455862625_CACEIS,1287002749,OB,OB,No-pair,fx wire,Caceis booked the fx wire for SD 05-15-2020. Integrata yet to book,1287002749,1287002749,4551456423,-590882299,2021-07-29
4491,,25_455889377_CACEIS,1323110229,OB,OB,No-pair,fx wire,Caceis booked the fx wire for SD 06-05-2020. Integrata yet to book,1323110229,1323110229,4551456423,-590882299,2021-07-29
4492,,429_4551066313_CACEIS,1556876703,OB,OB,No-pair,fx wire,Caceis booked the fx wire for SD 10-15-2020. Integrata yet to book,1556876703,1556876703,4551456423,-590882299,2021-07-29
4493,,30_455985296_CACEIS,1449581745,OB,OB,No-pair,fx wire,Caceis booked the fx wire for SD 08-17-2020. Integrata yet to book,1449581745,1449581745,4551456423,-590882299,2021-07-29
4494,,38_455940640_CACEIS,1391595959,OB,OB,No-pair,fx wire,Caceis booked the fx wire for SD 07-15-2020. Integrata yet to book,1391595959,1391595959,4551456423,-590882299,2021-07-29
4495,,413_455783582_CACEIS,1185159637,OB,OB,No-pair,fx wire,Caceis booked the fx wire for SD 03-16-2020. Integrata yet to book,1185159637,1185159637,4551456423,-590882299,2021-07-29
4496,,70_455476582_CACEIS,691188472,OB,OB,No-pair,fx wire,Caceis booked the fx wire for SD 07-16-2019. Integrata yet to book,691188472,691188472,4551456423,-590882299,2021-07-29
4497,,98_4551149959_CACEIS,1667622959,OB,OB,No-pair,fx wire,Caceis booked the fx wire for SD 12-15-2020. Integrata yet to book,1667622959,1667622959,4551456423,-590882299,2021-07-29
4498,,38_455777858_CACEIS,1177395699,OB,OB,No-pair,wire transfer,Caceis booked the wire transfer for SD 03-11-2020. Integrata yet to book,1177395699,1177395699,4551456423,-590882299,2021-07-29
4499,,90_455663909_CACEIS,1011570595,OB,OB,No-pair,fees,Caceis booked the fees for SD 12-11-2019. Integrata yet to book,1011570595,1011570595,4551456423,-590882299,2021-07-29
4500,,65_4551191593_CACEIS,1722905128,OB,OB,No-pair,fx wire,Caceis booked the fx wire for SD 01-15-2021. Integrata yet to book,1722905128,1722905128,4551456423,-590882299,2021-07-29
4501,,668_455862625_CACEIS,1287002949,OB,OB,No-pair,wire transfer,Caceis booked the wire transfer for SD 05-13-2020. Integrata yet to book,1287002949,1287002949,4551456423,-590882299,2021-07-29
4502,,80_4551023983_CACEIS,1500214134,OB,OB,No-pair,fx wire,Caceis booked the fx wire for SD 09-15-2020. Integrata yet to book,1500214134,1500214134,4551456423,-590882299,2021-07-29
4503,,442_455822501_CACEIS,1235308317,OB,OB,No-pair,fx wire,Caceis booked the fx wire for SD 04-15-2020. Integrata yet to book,1235308317,1235308317,4551456423,-590882299,2021-07-29
4504,,48_4551011052_CACEIS,1483359790,OB,OB,No-pair,fx wire,Caceis booked the fx wire for SD 09-04-2020. Integrata yet to book,1483359790,1483359790,4551456423,-590882299,2021-07-29
4505,,413_455822501_CACEIS,1235308281,OB,OB,No-pair,fx wire,Caceis booked the fx wire for SD 04-15-2020. Integrata yet to book,1235308281,1235308281,4551456423,-590882299,2021-07-29
4506,,27_4551390838_CACEIS,1992497461,OB,OB,No-pair,wire transfer,Caceis booked the wire transfer for SD 06-11-2021. Integrata yet to book,1992497461,1992497461,4551456423,-590882299,2021-07-29
4507,,76_455404958_CACEIS,585162334,OB,OB,No-pair,fx wire,Caceis booked the fx wire for SD 05-15-2019. Integrata yet to book,585162334,585162334,4551456423,-590882299,2021-07-29
4508,,140_455900053_CACEIS,1336713115,OB,OB,No-pair,fx wire,Caceis booked the fx wire for SD 06-15-2020. Integrata yet to book,1336713115,1336713115,4551456423,-590882299,2021-07-29
4509,,13_4551134044_CACEIS,1646944677,OB,OB,No-pair,proceeds sell,Caceis booked the proceeds sell for SD 12-03-2020. Integrata yet to book,1646944677,1646944677,4551456423,-590882299,2021-07-29
4510,,112_4551184426_CACEIS,1712749756,OB,OB,No-pair,wire transfer,Caceis booked the wire transfer for SD 01-11-2021. Integrata yet to book,1712749756,1712749756,4551456423,-590882299,2021-07-29
4511,,103_455777858_CACEIS,1177395864,OB,OB,No-pair,fees,Caceis booked the fees for SD 03-11-2020. Integrata yet to book,1177395864,1177395864,4551456423,-590882299,2021-07-29
4512,,80_455900053_CACEIS,1336713134,OB,OB,No-pair,fx wire,Caceis booked the fx wire for SD 06-15-2020. Integrata yet to book,1336713134,1336713134,4551456423,-590882299,2021-07-29
4513,,477_455783582_CACEIS,1185159689,OB,OB,No-pair,fx wire,Caceis booked the fx wire for SD 03-16-2020. Integrata yet to book,1185159689,1185159689,4551456423,-590882299,2021-07-29
4514,,157_455898221_CACEIS,1334730859,OB,OB,No-pair,wire transfer,Caceis booked the wire transfer for SD 06-12-2020. Integrata yet to book,1334730859,1334730859,4551456423,-590882299,2021-07-29
4515,,2_4551041118_CACEIS,1523324126,OB,OB,No-pair,wire transfer,Caceis booked the wire transfer for SD 09-28-2020. Integrata yet to book,1523324126,1523324126,4551456423,-590882299,2021-07-29
4516,,72_4551313388_CACEIS,1883527669,OB,OB,No-pair,fx wire,Caceis booked the fx wire for SD 04-15-2021. Integrata yet to book,1883527669,1883527669,4551456423,-590882299,2021-07-29
4517,,82_455826113_CACEIS,1239393750,OB,OB,No-pair,fees,Caceis booked the fees for SD 04-16-2020. Integrata yet to book,1239393750,1239393750,4551456423,-590882299,2021-07-29
4518,,15_4551271705_CACEIS,1830184046,OB,OB,No-pair,wire transfer,Caceis booked the wire transfer for SD 03-12-2021. Integrata yet to book,1830184046,1830184046,4551456423,-590882299,2021-07-29
4519,,215_455940640_CACEIS,1391596151,OB,OB,No-pair,fx wire,Caceis booked the fx wire for SD 07-15-2020. Integrata yet to book,1391596151,1391596151,4551456423,-590882299,2021-07-29
4520,,670_455862625_CACEIS,1287002999,OB,OB,No-pair,wire transfer,Caceis booked the wire transfer for SD 05-13-2020. Integrata yet to book,1287002999,1287002999,4551456423,-590882299,2021-07-29
4521,,191_455985296_CACEIS,1449581879,OB,OB,No-pair,fx wire,Caceis booked the fx wire for SD 08-17-2020. Integrata yet to book,1449581879,1449581879,4551456423,-590882299,2021-07-29
4522,,406_4551066313_CACEIS,1556876700,OB,OB,No-pair,fx wire,Caceis booked the fx wire for SD 10-15-2020. Integrata yet to book,1556876700,1556876700,4551456423,-590882299,2021-07-29
4523,,84_4551388882_CACEIS,1989667647,OB,OB,No-pair,wire transfer,Caceis booked the wire transfer for SD 06-10-2021. Integrata yet to book,1989667647,1989667647,4551456423,-590882299,2021-07-29
4524,,92_455934920_CACEIS,1383926829,OB,OB,No-pair,fees,Caceis booked the fees for SD 07-10-2020. Integrata yet to book,1383926829,1383926829,4551456423,-590882299,2021-07-29
4525,,503_455783582_CACEIS,1185159711,OB,OB,No-pair,fx wire,Caceis booked the fx wire for SD 03-16-2020. Integrata yet to book,1185159711,1185159711,4551456423,-590882299,2021-07-29
4526,,773_4551232906_CACEIS,1780156954,OB,OB,No-pair,fx wire,Caceis booked the fx wire for SD 02-16-2021. Integrata yet to book,1780156954,1780156954,4551456423,-590882299,2021-07-29
4527,,53_4551388882_CACEIS,1989667649,OB,OB,No-pair,wire transfer,Caceis booked the wire transfer for SD 06-10-2021. Integrata yet to book,1989667649,1989667649,4551456423,-590882299,2021-07-29
4528,,1031_455643841_CACEIS,975324103,OB,OB,No-pair,fees,Caceis booked the fees for SD 11-13-2019. Integrata yet to book,975324103,975324103,4551456423,-590882299,2021-07-29
4529,,248_4551394628_CACEIS,1997244799,OB,OB,No-pair,fx wire,Caceis booked the fx wire for SD 06-15-2021. Integrata yet to book,1997244799,1997244799,4551456423,-590882299,2021-07-29
4530,,109_455742022_CACEIS,1127725663,OB,OB,No-pair,fees,Caceis booked the fees for SD 02-12-2020. Integrata yet to book,1127725663,1127725663,4551456423,-590882299,2021-07-29
4531,1_455667500_Integrata,,1017540668,OB,OB,No-pair,wire transfer,Integrata booked the subscription for SD 12-12-2019.Caceis yet to book.,1017540668,1017540668,4551456423,-590882299,2021-07-29
4532,,122_4551105378_CACEIS,1608089209,OB,OB,No-pair,fees,Caceis booked the fees for SD 11-12-2020. Integrata yet to book,1608089209,1608089209,4551456423,-590882299,2021-07-29
4533,,92_455442954_CACEIS,637183759,OB,OB,No-pair,fx wire,Caceis booked the fx wire for SD 06-17-2019. Integrata yet to book,637183759,637183759,4551456423,-590882299,2021-07-29
4534,2_4551434840_Integrata,,2047506121,OB,OB,No-pair,wire transfer,Integrata booked the AUM plug for SD 07-13-2021.Caceis yet to book.,2047506121,2047506121,4551456423,-590882299,2021-07-29
4535,,9_455728881_CACEIS,1110507077,OB,OB,No-pair,wire transfer,Caceis booked the wire transfer for SD 02-03-2020. Integrata yet to book,1110507077,1110507077,4551456423,-590882299,2021-07-29
4536,,87_455898221_CACEIS,1334730798,OB,OB,No-pair,fx wire,Caceis booked the fx wire for SD 06-12-2020. Integrata yet to book,1334730798,1334730798,4551456423,-590882299,2021-07-29
4537,72_4551085502_Integrata,,1581818111,OB,OB,No-pair,wire transfer,Integrata booked the wire transfer for SD 10-27-2020.Caceis yet to book.,1581818111,1581818111,4551456423,-590882299,2021-07-29
4538,,249_4551394628_CACEIS,1997244739,OB,OB,No-pair,fx wire,Caceis booked the fx wire for SD 06-15-2021. Integrata yet to book,1997244739,1997244739,4551456423,-590882299,2021-07-29
4539,,8_455868069_CACEIS,1293865188,OB,OB,No-pair,wire transfer,Caceis booked the wire transfer for SD 05-20-2020. Integrata yet to book,1293865188,1293865188,4551456423,-590882299,2021-07-29
4540,1_4551235027_Integrata,,1782782873,OB,OB,No-pair,wire transfer,Integrata booked the AUM plug for SD 02-16-2021.Caceis yet to book.,1782782873,1782782873,4551456423,-590882299,2021-07-29
4541,,36_455688261_CACEIS,1053516681,OB,OB,No-pair,monthend interest,Caceis booked the monthend interest for SD 01-01-2020. Integrata yet to book,1053516681,1053516681,4551456423,-590882299,2021-07-29
4542,,8_455378188_CACEIS,548739487,OB,OB,No-pair,fx wire,Caceis booked the fx wire for SD 04-23-2019. Integrata yet to book,548739487,548739487,4551456423,-590882299,2021-07-29
4543,4_4551331846_Integrata,,1908172320,OB,OB,No-pair,monthend interest,Integrata booked the monthend interest for SD 04-01-2021.Caceis yet to book.,1908172320,1908172320,4551456423,-590882299,2021-07-29
4544,,25_4551201062_CACEIS,1734565964,OB,OB,No-pair,fx wire,Caceis booked the fx wire for SD 01-22-2021. Integrata yet to book,1734565964,1734565964,4551456423,-590882299,2021-07-29
4545,24_455871083_Integrata,,1298154306,OB,OB,No-pair,wire transfer,Integrata booked the Net Sub/Red for SD 05-21-2020.Caceis yet to book.,1298154306,1298154306,4551456423,-590882299,2021-07-29
4546,,9_4551199693_CACEIS,1732878171,OB,OB,No-pair,wire transfer,Caceis booked the wire transfer for SD 01-21-2021. Integrata yet to book,1732878171,1732878171,4551456423,-590882299,2021-07-29
4547,,50_4551044906_CACEIS,1528403644,OB,OB,No-pair,monthend interest,Caceis booked the monthend interest for SD 10-01-2020. Integrata yet to book,1528403644,1528403644,4551456423,-590882299,2021-07-29
4548,24_4551085502_Integrata,,1581818065,OB,OB,No-pair,wire transfer,Integrata booked the wire transfer for SD 10-27-2020.Caceis yet to book.,1581818065,1581818065,4551456423,-590882299,2021-07-29
4549,,42_455554115_CACEIS,824384911,OB,OB,No-pair,fx wire,Caceis booked the fx wire for SD 09-17-2019. Integrata yet to book,824384911,824384911,4551456423,-590882299,2021-07-29
4550,1_4551244633_Integrata,,1795375906,OB,OB,No-pair,wire transfer,Integrata booked the AUM plug for SD 02-23-2021.Caceis yet to book.,1795375906,1795375906,4551456423,-590882299,2021-07-29
4551,,94_455934920_CACEIS,1383926832,OB,OB,No-pair,fees,Caceis booked the fees for SD 07-10-2020. Integrata yet to book,1383926832,1383926832,4551456423,-590882299,2021-07-29
4552,,10_4551144082_CACEIS,1659707041,OB,OB,No-pair,fees,Caceis booked the fees for SD 12-10-2020. Integrata yet to book,1659707041,1659707041,4551456423,-590882299,2021-07-29
4553,,148_4551105378_CACEIS,1608089235,OB,OB,No-pair,fees,Caceis booked the fees for SD 11-12-2020. Integrata yet to book,1608089235,1608089235,4551456423,-590882299,2021-07-29
4554,2_4551218474_Integrata,,1759361009,OB,OB,No-pair,wire transfer,Integrata booked the AUM plug for SD 02-03-2021.Caceis yet to book.,1759361009,1759361009,4551456423,-590882299,2021-07-29
4555,,1500_455643841_CACEIS,975324572,OB,OB,No-pair,monthend interest,Caceis booked the monthend interest for SD 11-18-2019. Integrata yet to book,975324572,975324572,4551456423,-590882299,2021-07-29
4556,1_4551068550_Integrata,,1559437414,OB,OB,No-pair,wire transfer,Integrata booked the Net Sub/Red for SD 10-15-2020.Caceis yet to book.,1559437414,1559437414,4551456423,-590882299,2021-07-29
4557,3_4551324555_Integrata,,1898109354,OB,OB,No-pair,wire transfer,Integrata booked the AUM plug for SD 04-21-2021.Caceis yet to book.,1898109354,1898109354,4551456423,-590882299,2021-07-29
4558,1_4551271705_Integrata,,1830184037,OB,OB,No-pair,wire transfer,Integrata booked the AUM plug for SD 03-15-2021.Caceis yet to book.,1830184037,1830184037,4551456423,-590882299,2021-07-29
4559,2_4551081703_Integrata,,1576857664,OB,OB,No-pair,wire transfer,Integrata booked the wire transfer for SD 08-01-2020.Caceis yet to book.,1576857664,1576857664,4551456423,-590882299,2021-07-29
4560,,102_455934920_CACEIS,1383926634,OB,OB,No-pair,fees,Caceis booked the fees for SD 07-10-2020. Integrata yet to book,1383926634,1383926634,4551456423,-590882299,2021-07-29
4561,,122_4551191593_CACEIS,1722905038,OB,OB,No-pair,fx wire,Caceis booked the fx wire for SD 01-15-2021. Integrata yet to book,1722905038,1722905038,4551456423,-590882299,2021-07-29
4562,1_4551299798_Integrata,,1866915089,OB,OB,No-pair,wire transfer,Integrata booked the subscription for SD 04-01-2021.Caceis yet to book.,1866915089,1866915089,4551456423,-590882299,2021-07-29
4563,,47_267975_CACEIS,368747357,OB,OB,No-pair,fx wire,Caceis booked the fx wire for SD 01-15-2019. Integrata yet to book,368747357,368747357,4551456423,-590882299,2021-07-29
4564,,21_4551144082_CACEIS,1659707061,OB,OB,No-pair,fees,Caceis booked the fees for SD 12-10-2020. Integrata yet to book,1659707061,1659707061,4551456423,-590882299,2021-07-29
4565,,514_455822501_CACEIS,1235308306,OB,OB,No-pair,fx wire,Caceis booked the fx wire for SD 04-15-2020. Integrata yet to book,1235308306,1235308306,4551456423,-590882299,2021-07-29
4566,4_4551290904_Integrata,,1855014221,OB,OB,No-pair,wire transfer,Integrata booked the AUM plug for SD 03-29-2021.Caceis yet to book.,1855014221,1855014221,4551456423,-590882299,2021-07-29
4567,11_4551203153_Integrata,,1737813344,OB,OB,No-pair,wire transfer,Integrata booked the AUM plug for SD 01-21-2021.Caceis yet to book.,1737813344,1737813344,4551456423,-590882299,2021-07-29
4568,2_4551422928_Integrata,,2033447070,OB,OB,No-pair,wire transfer,Integrata booked the AUM plug for SD 07-05-2021.Caceis yet to book.,2033447070,2033447070,4551456423,-590882299,2021-07-29
4569,,207_455940640_CACEIS,1391596257,OB,OB,No-pair,fx wire,Caceis booked the fx wire for SD 07-15-2020. Integrata yet to book,1391596257,1391596257,4551456423,-590882299,2021-07-29
4570,,182_4551354754_CACEIS,1942399477,OB,OB,No-pair,proceeds sell,Caceis booked the proceeds sell for SD 05-17-2021. Integrata yet to book,1942399477,1942399477,4551456423,-590882299,2021-07-29
4571,5_4551450423_Integrata,,2066372790,OB,OB,No-pair,fx wire,Integrata booked the fx wire for SD 07-26-2021.Caceis yet to book.,2066372790,2066372790,4551456423,-590882299,2021-07-29
4572,,911_455822501_CACEIS,1235308824,OB,OB,No-pair,fx wire,Caceis booked the fx wire for SD 04-15-2020. Integrata yet to book,1235308824,1235308824,4551456423,-590882299,2021-07-29
4573,1_455817071_Integrata,,1228925022,OB,OB,No-pair,proceeds sell,Integrata booked the proceeds sell for SD 04-10-2020.Caceis yet to book.,1228925022,1228925022,4551456423,-590882299,2021-07-29
4574,24_455637843_Integrata,,964907363,OB,OB,No-pair,proceeds sell,Integrata booked the proceeds sell for SD 11-20-2019.Caceis yet to book.,964907363,964907363,4551456423,-590882299,2021-07-29
4575,,238_4551394628_CACEIS,1997244630,OB,OB,No-pair,fx wire,Caceis booked the fx wire for SD 06-15-2021. Integrata yet to book,1997244630,1997244630,4551456423,-590882299,2021-07-29
4576,,384_4551066313_CACEIS,1556876755,OB,OB,No-pair,fx wire,Caceis booked the fx wire for SD 10-15-2020. Integrata yet to book,1556876755,1556876755,4551456423,-590882299,2021-07-29
4577,,936_455822501_CACEIS,1235308172,OB,OB,No-pair,fx wire,Caceis booked the fx wire for SD 04-15-2020. Integrata yet to book,1235308172,1235308172,4551456423,-590882299,2021-07-29
4578,2_455812360_Integrata,,1222709475,OB,OB,No-pair,proceeds sell,Integrata booked the proceeds sell for SD 04-07-2020.Caceis yet to book.,1222709475,1222709475,4551456423,-590882299,2021-07-29
4579,,788_455862625_CACEIS,1287003325,OB,OB,No-pair,wire transfer,Caceis booked the wire transfer for SD 05-13-2020. Integrata yet to book,1287003325,1287003325,4551456423,-590882299,2021-07-29
4580,,9_455892672_CACEIS,1327457340,OB,OB,No-pair,proceeds sell,Caceis booked the proceeds sell for SD 06-09-2020. Integrata yet to book,1327457340,1327457340,4551456423,-590882299,2021-07-29
4581,,2_4551390838_CACEIS,1992497431,OB,OB,No-pair,fx wire,Caceis booked the fx wire for SD 06-11-2021. Integrata yet to book,1992497431,1992497431,4551456423,-590882299,2021-07-29
4582,,71_455898221_CACEIS,1334730726,OB,OB,No-pair,fees,Caceis booked the fees for SD 06-12-2020. Integrata yet to book,1334730726,1334730726,4551456423,-590882299,2021-07-29
4583,,52_455676391_CACEIS,1031864537,OB,OB,No-pair,fx wire,Caceis booked the fx wire for SD 12-20-2019. Integrata yet to book,1031864537,1031864537,4551456423,-590882299,2021-07-29
4584,,108_455900053_CACEIS,1336713256,OB,OB,No-pair,fx wire,Caceis booked the fx wire for SD 06-15-2020. Integrata yet to book,1336713256,1336713256,4551456423,-590882299,2021-07-29
4585,,77_455898221_CACEIS,1334730754,OB,OB,No-pair,fees,Caceis booked the fees for SD 06-12-2020. Integrata yet to book,1334730754,1334730754,4551456423,-590882299,2021-07-29
4586,,423_455748445_CACEIS,1136275485,OB,OB,No-pair,fx wire,Caceis booked the fx wire for SD 02-18-2020. Integrata yet to book,1136275485,1136275485,4551456423,-590882299,2021-07-29
4587,,78_4551232906_CACEIS,1780156549,OB,OB,No-pair,fx wire,Caceis booked the fx wire for SD 02-16-2021. Integrata yet to book,1780156549,1780156549,4551456423,-590882299,2021-07-29
4588,,240_4551394628_CACEIS,1997244734,OB,OB,No-pair,fx wire,Caceis booked the fx wire for SD 06-15-2021. Integrata yet to book,1997244734,1997244734,4551456423,-590882299,2021-07-29
4589,,149_4551191593_CACEIS,1722905104,OB,OB,No-pair,fx wire,Caceis booked the fx wire for SD 01-15-2021. Integrata yet to book,1722905104,1722905104,4551456423,-590882299,2021-07-29
4590,,154_4551105378_CACEIS,1608089245,OB,OB,No-pair,fees,Caceis booked the fees for SD 11-12-2020. Integrata yet to book,1608089245,1608089245,4551456423,-590882299,2021-07-29
4591,,3_4551014647_CACEIS,1487748721,OB,OB,No-pair,wire transfer,Caceis booked the wire transfer for SD 09-08-2020. Integrata yet to book,1487748721,1487748721,4551456423,-590882299,2021-07-29
4592,,93_4551388882_CACEIS,1989667651,OB,OB,No-pair,wire transfer,Caceis booked the wire transfer for SD 06-10-2021. Integrata yet to book,1989667651,1989667651,4551456423,-590882299,2021-07-29
4593,,17_306589_CACEIS,433998160,OB,OB,No-pair,fx wire,Caceis booked the fx wire for SD 02-15-2019. Integrata yet to book,433998160,433998160,4551456423,-590882299,2021-07-29
4594,,84_455900053_CACEIS,1336713130,OB,OB,No-pair,fx wire,Caceis booked the fx wire for SD 06-15-2020. Integrata yet to book,1336713130,1336713130,4551456423,-590882299,2021-07-29
4595,,211_4551232906_CACEIS,1780156670,OB,OB,No-pair,fx wire,Caceis booked the fx wire for SD 02-16-2021. Integrata yet to book,1780156670,1780156670,4551456423,-590882299,2021-07-29
4596,,2_4551248485_CACEIS,1800039343,OB,OB,No-pair,monthend interest,Caceis booked the monthend interest for SD 03-01-2021. Integrata yet to book,1800039343,1800039343,4551456423,-590882299,2021-07-29
4597,,746_455822501_CACEIS,1235308621,OB,OB,No-pair,fx wire,Caceis booked the fx wire for SD 04-15-2020. Integrata yet to book,1235308621,1235308621,4551456423,-590882299,2021-07-29
4598,,19_455671061_CACEIS,1023554985,OB,OB,No-pair,proceeds sell,Caceis booked the proceeds sell for SD 12-17-2019. Integrata yet to book,1023554985,1023554985,4551456423,-590882299,2021-07-29
4599,,83_4551097416_CACEIS,1597270354,OB,OB,No-pair,fx wire,Caceis booked the fx wire for SD 11-06-2020. Integrata yet to book,1597270354,1597270354,4551456423,-590882299,2021-07-29
4600,,34_455476582_CACEIS,691188529,OB,OB,No-pair,fx wire,Caceis booked the fx wire for SD 07-16-2019. Integrata yet to book,691188529,691188529,4551456423,-590882299,2021-07-29
4601,,155_4551018409_CACEIS,1492757250,OB,OB,No-pair,fees,Caceis booked the fees for SD 09-10-2020. Integrata yet to book,1492757250,1492757250,4551456423,-590882299,2021-07-29
4602,,13_349816_CACEIS,505077786,OB,OB,No-pair,fx wire,Caceis booked the fx wire for SD 03-29-2019. Integrata yet to book,505077786,505077786,4551456423,-590882299,2021-07-29
4603,,303_4551313388_CACEIS,1883527881,OB,OB,No-pair,fx wire,Caceis booked the fx wire for SD 04-15-2021. Integrata yet to book,1883527881,1883527881,4551456423,-590882299,2021-07-29
4604,,25_4551242873_CACEIS,1793109156,OB,OB,No-pair,wire transfer,Caceis booked the wire transfer for SD 02-23-2021. Integrata yet to book,1793109156,1793109156,4551456423,-590882299,2021-07-29
4605,,318_455706635_CACEIS,1081907760,OB,OB,No-pair,fx wire,Caceis booked the fx wire for SD 01-15-2020. Integrata yet to book,1081907760,1081907760,4551456423,-590882299,2021-07-29
4606,,5_455518400_CACEIS,762706390,OB,OB,No-pair,wire transfer,Caceis booked the wire transfer for SD 08-19-2019. Integrata yet to book,762706390,762706390,4551456423,-590882299,2021-07-29
4607,,134_4551018409_CACEIS,1492757144,OB,OB,No-pair,fees,Caceis booked the fees for SD 09-10-2020. Integrata yet to book,1492757144,1492757144,4551456423,-590882299,2021-07-29
4608,,170_455726980_CACEIS,1107942555,OB,OB,No-pair,monthend interest,Caceis booked the monthend interest for SD 02-01-2020. Integrata yet to book,1107942555,1107942555,4551456423,-590882299,2021-07-29
4609,,452_4551149959_CACEIS,1667623271,OB,OB,No-pair,fx wire,Caceis booked the fx wire for SD 12-15-2020. Integrata yet to book,1667623271,1667623271,4551456423,-590882299,2021-07-29
4610,,51_4551171343_CACEIS,1696929217,OB,OB,No-pair,monthend interest,Caceis booked the monthend interest for SD 01-01-2021. Integrata yet to book,1696929217,1696929217,4551456423,-590882299,2021-07-29
4611,,91_4551354754_CACEIS,1942399563,OB,OB,No-pair,fx wire,Caceis booked the fx wire for SD 05-17-2021. Integrata yet to book,1942399563,1942399563,4551456423,-590882299,2021-07-29
4612,,175_455822501_CACEIS,1235307930,OB,OB,No-pair,fx wire,Caceis booked the fx wire for SD 04-15-2020. Integrata yet to book,1235307930,1235307930,4551456423,-590882299,2021-07-29
4613,,18_4551406212_CACEIS,2011417158,OB,OB,No-pair,wire transfer,Caceis booked the wire transfer for SD 06-23-2021. Integrata yet to book,2011417158,2011417158,4551456423,-590882299,2021-07-29
4614,,348_455940640_CACEIS,1391596219,OB,OB,No-pair,fx wire,Caceis booked the fx wire for SD 07-15-2020. Integrata yet to book,1391596219,1391596219,4551456423,-590882299,2021-07-29
4615,,46_455846205_CACEIS,1265566773,OB,OB,No-pair,fx wire,Caceis booked the fx wire for SD 05-04-2020. Integrata yet to book,1265566773,1265566773,4551456423,-590882299,2021-07-29
4616,,6_366528_CACEIS,530188205,OB,OB,No-pair,fx wire,Caceis booked the fx wire for SD 04-12-2019. Integrata yet to book,530188205,530188205,4551456423,-590882299,2021-07-29
4617,,58_455442954_CACEIS,637183848,OB,OB,No-pair,fx wire,Caceis booked the fx wire for SD 06-17-2019. Integrata yet to book,637183848,637183848,4551456423,-590882299,2021-07-29
4618,,65_455862625_CACEIS,1287002684,OB,OB,No-pair,fx wire,Caceis booked the fx wire for SD 05-15-2020. Integrata yet to book,1287002684,1287002684,4551456423,-590882299,2021-07-29
4619,,186_455898221_CACEIS,1334730875,OB,OB,No-pair,wire transfer,Caceis booked the wire transfer for SD 06-12-2020. Integrata yet to book,1334730875,1334730875,4551456423,-590882299,2021-07-29
4620,,12_4551358677_CACEIS,1947722927,OB,OB,No-pair,wire transfer,Caceis booked the wire transfer for SD 05-19-2021. Integrata yet to book,1947722927,1947722927,4551456423,-590882299,2021-07-29
4621,,143_4551144082_CACEIS,1659707011,OB,OB,No-pair,wire transfer,Caceis booked the wire transfer for SD 12-10-2020. Integrata yet to book,1659707011,1659707011,4551456423,-590882299,2021-07-29
4622,,73_455554115_CACEIS,824384937,OB,OB,No-pair,wire transfer,Caceis booked the wire transfer for SD 09-17-2019. Integrata yet to book,824384937,824384937,4551456423,-590882299,2021-07-29
4623,,80_455442954_CACEIS,637183900,OB,OB,No-pair,fx wire,Caceis booked the fx wire for SD 06-17-2019. Integrata yet to book,637183900,637183900,4551456423,-590882299,2021-07-29
4624,,23_455907521_CACEIS,1347197478,OB,OB,No-pair,fx wire,Caceis booked the fx wire for SD 06-19-2020. Integrata yet to book,1347197478,1347197478,4551456423,-590882299,2021-07-29
4625,,302_4551149959_CACEIS,1667623072,OB,OB,No-pair,fx wire,Caceis booked the fx wire for SD 12-15-2020. Integrata yet to book,1667623072,1667623072,4551456423,-590882299,2021-07-29
4626,,38_455973142_CACEIS,1434650003,OB,OB,No-pair,fx wire,Caceis booked the fx wire for SD 08-07-2020. Integrata yet to book,1434650003,1434650003,4551456423,-590882299,2021-07-29
4627,,7_455533322_CACEIS,787871328,OB,OB,No-pair,fx wire,Caceis booked the fx wire for SD 08-30-2019. Integrata yet to book,787871328,787871328,4551456423,-590882299,2021-07-29
4628,,950_455822501_CACEIS,1235308148,OB,OB,No-pair,fx wire,Caceis booked the fx wire for SD 04-15-2020. Integrata yet to book,1235308148,1235308148,4551456423,-590882299,2021-07-29
4629,,16_4551390838_CACEIS,1992497456,OB,OB,No-pair,wire transfer,Caceis booked the wire transfer for SD 06-11-2021. Integrata yet to book,1992497456,1992497456,4551456423,-590882299,2021-07-29
4630,,99_455745203_CACEIS,1132280308,OB,OB,No-pair,fx wire,Caceis booked the fx wire for SD 02-14-2020. Integrata yet to book,1132280308,1132280308,4551456423,-590882299,2021-07-29
4631,,43_455442954_CACEIS,637183944,OB,OB,No-pair,fx wire,Caceis booked the fx wire for SD 06-17-2019. Integrata yet to book,637183944,637183944,4551456423,-590882299,2021-07-29
4632,,3_455391323_CACEIS,566547737,OB,OB,No-pair,fees,Caceis booked the fees for SD 05-02-2019. Integrata yet to book,566547737,566547737,4551456423,-590882299,2021-07-29
4633,,496_455862625_CACEIS,1287003868,OB,OB,No-pair,fx wire,Caceis booked the fx wire for SD 05-15-2020. Integrata yet to book,1287003868,1287003868,4551456423,-590882299,2021-07-29
4634,,1_4551356653_CACEIS,1945281523,OB,OB,No-pair,wire transfer,Caceis booked the wire transfer for SD 05-18-2021. Integrata yet to book,1945281523,1945281523,4551456423,-590882299,2021-07-29
4635,,100_4551269721_CACEIS,1827473882,OB,OB,No-pair,fx wire,Caceis booked the fx wire for SD 03-15-2021. Integrata yet to book,1827473882,1827473882,4551456423,-590882299,2021-07-29
4636,,49_455586694_CACEIS,876699106,OB,OB,No-pair,fx wire,Caceis booked the fx wire for SD 10-11-2019. Integrata yet to book,876699106,876699106,4551456423,-590882299,2021-07-29
4637,,161_455822501_CACEIS,1235307938,OB,OB,No-pair,fx wire,Caceis booked the fx wire for SD 04-15-2020. Integrata yet to book,1235307938,1235307938,4551456423,-590882299,2021-07-29
4638,,125_4551060531_CACEIS,1548950695,OB,OB,No-pair,wire transfer,Caceis booked the wire transfer for SD 10-12-2020. Integrata yet to book,1548950695,1548950695,4551456423,-590882299,2021-07-29
4639,,19_455745203_CACEIS,1132280409,OB,OB,No-pair,fx wire,Caceis booked the fx wire for SD 02-14-2020. Integrata yet to book,1132280409,1132280409,4551456423,-590882299,2021-07-29
4640,,27_4551174457_CACEIS,1699762748,OB,OB,No-pair,fx wire,Caceis booked the fx wire for SD 01-04-2021. Integrata yet to book,1699762748,1699762748,4551456423,-590882299,2021-07-29
4641,,520_455900053_CACEIS,1336713902,OB,OB,No-pair,fx wire,Caceis booked the fx wire for SD 06-15-2020. Integrata yet to book,1336713902,1336713902,4551456423,-590882299,2021-07-29
4642,,8_4551044906_CACEIS,1528403618,OB,OB,No-pair,monthend interest,Caceis booked the monthend interest for SD 10-01-2020. Integrata yet to book,1528403618,1528403618,4551456423,-590882299,2021-07-29
4643,,5_455577664_CACEIS,861360916,OB,OB,No-pair,wire transfer,Caceis booked the wire transfer for SD 10-04-2019. Integrata yet to book,861360916,861360916,4551456423,-590882299,2021-07-29
4644,,113_4551060531_CACEIS,1548950633,OB,OB,No-pair,wire transfer,Caceis booked the wire transfer for SD 10-12-2020. Integrata yet to book,1548950633,1548950633,4551456423,-590882299,2021-07-29
4645,,16_455920273_CACEIS,1364559765,OB,OB,No-pair,monthend interest,Caceis booked the monthend interest for SD 07-01-2020. Integrata yet to book,1364559765,1364559765,4551456423,-590882299,2021-07-29
4646,,2_4551456423_CACEIS,2074469244,OB,OB,No-pair,proceeds sell,Caceis booked the proceeds sell for SD 07-29-2021. Integrata yet to book,2074469244,2074469244,4551456423,-590882299,2021-07-29
4647,,97_455590588_CACEIS,883858329,OB,OB,No-pair,fx wire,Caceis booked the fx wire for SD 10-15-2019. Integrata yet to book,883858329,883858329,4551456423,-590882299,2021-07-29
4648,,184_455898221_CACEIS,1334730855,OB,OB,No-pair,wire transfer,Caceis booked the wire transfer for SD 06-12-2020. Integrata yet to book,1334730855,1334730855,4551456423,-590882299,2021-07-29
4649,,37_4551127906_CACEIS,1637981965,OB,OB,No-pair,monthend interest,Caceis booked the monthend interest for SD 12-01-2020. Integrata yet to book,1637981965,1637981965,4551456423,-590882299,2021-07-29
4650,,441_455985296_CACEIS,1449582269,OB,OB,No-pair,fx wire,Caceis booked the fx wire for SD 08-17-2020. Integrata yet to book,1449582269,1449582269,4551456423,-590882299,2021-07-29
4651,,56_4551087502_CACEIS,1584326580,OB,OB,No-pair,monthend interest,Caceis booked the monthend interest for SD 11-01-2020. Integrata yet to book,1584326580,1584326580,4551456423,-590882299,2021-07-29
4652,,205_4551232906_CACEIS,1780156759,OB,OB,No-pair,fx wire,Caceis booked the fx wire for SD 02-16-2021. Integrata yet to book,1780156759,1780156759,4551456423,-590882299,2021-07-29
4653,,310_4551191593_CACEIS,1722905259,OB,OB,No-pair,fx wire,Caceis booked the fx wire for SD 01-15-2021. Integrata yet to book,1722905259,1722905259,4551456423,-590882299,2021-07-29
4654,,1_455909302_CACEIS,1349421681,OB,OB,No-pair,wire transfer,Caceis booked the wire transfer for SD 06-22-2020. Integrata yet to book,1349421681,1349421681,4551456423,-590882299,2021-07-29
4655,,70_455748445_CACEIS,1136275083,OB,OB,No-pair,fx wire,Caceis booked the fx wire for SD 02-18-2020. Integrata yet to book,1136275083,1136275083,4551456423,-590882299,2021-07-29
4656,,29_4551222350_CACEIS,1765090757,OB,OB,No-pair,wire transfer,Caceis booked the wire transfer for SD 02-08-2021. Integrata yet to book,1765090757,1765090757,4551456423,-590882299,2021-07-29
4657,,661_4551232906_CACEIS,1780157123,OB,OB,No-pair,fx wire,Caceis booked the fx wire for SD 02-16-2021. Integrata yet to book,1780157123,1780157123,4551456423,-590882299,2021-07-29
4658,,32_4551048988_CACEIS,1533696944,OB,OB,No-pair,fx wire,Caceis booked the fx wire for SD 10-02-2020. Integrata yet to book,1533696944,1533696944,4551456423,-590882299,2021-07-29
4659,,1_4551396696_CACEIS,1999487107,OB,OB,No-pair,wire transfer,Caceis booked the wire transfer for SD 06-16-2021. Integrata yet to book,1999487107,1999487107,4551456423,-590882299,2021-07-29
4660,,52_455898221_CACEIS,1334730834,OB,OB,No-pair,fees,Caceis booked the fees for SD 06-12-2020. Integrata yet to book,1334730834,1334730834,4551456423,-590882299,2021-07-29
4661,,64_455803095_CACEIS,1210223486,OB,OB,No-pair,monthend interest,Caceis booked the monthend interest for SD 04-01-2020. Integrata yet to book,1210223486,1210223486,4551456423,-590882299,2021-07-29
4662,,25_455898221_CACEIS,1334730853,OB,OB,No-pair,wire transfer,Caceis booked the wire transfer for SD 06-12-2020. Integrata yet to book,1334730853,1334730853,4551456423,-590882299,2021-07-29
4663,,27_455963450_CACEIS,1421777798,OB,OB,No-pair,monthend interest,Caceis booked the monthend interest for SD 08-01-2020. Integrata yet to book,1421777798,1421777798,4551456423,-590882299,2021-07-29
4664,,113_4551354754_CACEIS,1942399524,OB,OB,No-pair,fx wire,Caceis booked the fx wire for SD 05-17-2021. Integrata yet to book,1942399524,1942399524,4551456423,-590882299,2021-07-29
4665,,6_306589_CACEIS,433998158,OB,OB,No-pair,fx wire,Caceis booked the fx wire for SD 02-15-2019. Integrata yet to book,433998158,433998158,4551456423,-590882299,2021-07-29
4666,,80_4551105378_CACEIS,1608089212,OB,OB,No-pair,fees,Caceis booked the fees for SD 11-12-2020. Integrata yet to book,1608089212,1608089212,4551456423,-590882299,2021-07-29
4667,,39_455934920_CACEIS,1383926669,OB,OB,No-pair,wire transfer,Caceis booked the wire transfer for SD 07-10-2020. Integrata yet to book,1383926669,1383926669,4551456423,-590882299,2021-07-29
4668,,226_4551023983_CACEIS,1500213953,OB,OB,No-pair,fx wire,Caceis booked the fx wire for SD 09-15-2020. Integrata yet to book,1500213953,1500213953,4551456423,-590882299,2021-07-29
4669,,2_4551044906_CACEIS,1528403547,OB,OB,No-pair,monthend interest,Caceis booked the monthend interest for SD 10-01-2020. Integrata yet to book,1528403547,1528403547,4551456423,-590882299,2021-07-29
4670,,19_4551134044_CACEIS,1646944683,OB,OB,No-pair,wire transfer,Caceis booked the wire transfer for SD 12-03-2020. Integrata yet to book,1646944683,1646944683,4551456423,-590882299,2021-07-29
4671,,60_4551229444_CACEIS,1775243153,OB,OB,No-pair,fx wire,Caceis booked the fx wire for SD 02-12-2021. Integrata yet to book,1775243153,1775243153,4551456423,-590882299,2021-07-29
4672,,47_4551060531_CACEIS,1548950686,OB,OB,No-pair,fees,Caceis booked the fees for SD 10-12-2020. Integrata yet to book,1548950686,1548950686,4551456423,-590882299,2021-07-29
4673,,37_455762980_CACEIS,1156897711,OB,OB,No-pair,monthend interest,Caceis booked the monthend interest for SD 03-01-2020. Integrata yet to book,1156897711,1156897711,4551456423,-590882299,2021-07-29
4674,,3_4551248485_CACEIS,1800039346,OB,OB,No-pair,wire transfer,Caceis booked the wire transfer for SD 02-26-2021. Integrata yet to book,1800039346,1800039346,4551456423,-590882299,2021-07-29
4675,,25_4551011052_CACEIS,1483359894,OB,OB,No-pair,fx wire,Caceis booked the fx wire for SD 09-04-2020. Integrata yet to book,1483359894,1483359894,4551456423,-590882299,2021-07-29
4676,,125_4551018409_CACEIS,1492757252,OB,OB,No-pair,fees,Caceis booked the fees for SD 09-10-2020. Integrata yet to book,1492757252,1492757252,4551456423,-590882299,2021-07-29
4677,,16_267975_CACEIS,368747193,OB,OB,No-pair,fx wire,Caceis booked the fx wire for SD 01-15-2019. Integrata yet to book,368747193,368747193,4551456423,-590882299,2021-07-29
4678,,5_4551052926_CACEIS,1538800351,OB,OB,No-pair,wire transfer,Caceis booked the wire transfer for SD 10-06-2020. Integrata yet to book,1538800351,1538800351,4551456423,-590882299,2021-07-29
4679,,85_455934920_CACEIS,1383926739,OB,OB,No-pair,wire transfer,Caceis booked the wire transfer for SD 07-10-2020. Integrata yet to book,1383926739,1383926739,4551456423,-590882299,2021-07-29
4680,,46_4551060531_CACEIS,1548950676,OB,OB,No-pair,fees,Caceis booked the fees for SD 10-12-2020. Integrata yet to book,1548950676,1548950676,4551456423,-590882299,2021-07-29
4681,,152_4551018409_CACEIS,1492757236,OB,OB,No-pair,fees,Caceis booked the fees for SD 09-10-2020. Integrata yet to book,1492757236,1492757236,4551456423,-590882299,2021-07-29
4682,,26_455516633_CACEIS,760048425,OB,OB,No-pair,fx wire,Caceis booked the fx wire for SD 08-16-2019. Integrata yet to book,760048425,760048425,4551456423,-590882299,2021-07-29
4683,,208_455706635_CACEIS,1081907379,OB,OB,No-pair,fx wire,Caceis booked the fx wire for SD 01-15-2020. Integrata yet to book,1081907379,1081907379,4551456423,-590882299,2021-07-29
4684,,270_455748445_CACEIS,1136275250,OB,OB,No-pair,fx wire,Caceis booked the fx wire for SD 02-18-2020. Integrata yet to book,1136275250,1136275250,4551456423,-590882299,2021-07-29
4685,,57_455822501_CACEIS,1235308037,OB,OB,No-pair,fx wire,Caceis booked the fx wire for SD 04-15-2020. Integrata yet to book,1235308037,1235308037,4551456423,-590882299,2021-07-29
4686,,52_455404958_CACEIS,585162342,OB,OB,No-pair,fx wire,Caceis booked the fx wire for SD 05-15-2019. Integrata yet to book,585162342,585162342,4551456423,-590882299,2021-07-29
4687,,99_455822501_CACEIS,1235307992,OB,OB,No-pair,fx wire,Caceis booked the fx wire for SD 04-15-2020. Integrata yet to book,1235307992,1235307992,4551456423,-590882299,2021-07-29
4688,,419_455822501_CACEIS,1235308410,OB,OB,No-pair,fx wire,Caceis booked the fx wire for SD 04-15-2020. Integrata yet to book,1235308410,1235308410,4551456423,-590882299,2021-07-29
4689,,21_455585083_CACEIS,874262517,OB,OB,No-pair,wire transfer,Caceis booked the wire transfer for SD 10-10-2019. Integrata yet to book,874262517,874262517,4551456423,-590882299,2021-07-29
4690,,22_455585083_CACEIS,874262519,OB,OB,No-pair,wire transfer,Caceis booked the wire transfer for SD 10-10-2019. Integrata yet to book,874262519,874262519,4551456423,-590882299,2021-07-29
4691,,4_4551373621_CACEIS,1970229478,OB,OB,No-pair,monthend interest,Caceis booked the monthend interest for SD 06-01-2021. Integrata yet to book,1970229478,1970229478,4551456423,-590882299,2021-07-29
4692,,9_4551127906_CACEIS,1637981918,OB,OB,No-pair,monthend interest,Caceis booked the monthend interest for SD 12-01-2020. Integrata yet to book,1637981918,1637981918,4551456423,-590882299,2021-07-29
4693,,31_455799620_CACEIS,1205700384,OB,OB,No-pair,proceeds sell,Caceis booked the proceeds sell for SD 03-27-2020. Integrata yet to book,1205700384,1205700384,4551456423,-590882299,2021-07-29
4694,,214_4551023983_CACEIS,1500213963,OB,OB,No-pair,fx wire,Caceis booked the fx wire for SD 09-15-2020. Integrata yet to book,1500213963,1500213963,4551456423,-590882299,2021-07-29
4695,20_455738681_Integrata,,1123054897,OB,OB,No-pair,proceeds sell,Integrata booked the proceeds sell for SD 02-10-2020.Caceis yet to book.,1123054897,1123054897,4551456423,-590882299,2021-07-29
4696,,27_455649350_CACEIS,985331672,OB,OB,No-pair,monthend interest,Caceis booked the monthend interest for SD 12-01-2019. Integrata yet to book,985331672,985331672,4551456423,-590882299,2021-07-29
4697,,20_455424626_CACEIS,610989032,OB,OB,No-pair,monthend interest,Caceis booked the monthend interest for SD 06-01-2019. Integrata yet to book,610989032,610989032,4551456423,-590882299,2021-07-29
4698,,39_267975_CACEIS,368747200,OB,OB,No-pair,fx wire,Caceis booked the fx wire for SD 01-15-2019. Integrata yet to book,368747200,368747200,4551456423,-590882299,2021-07-29
4699,7_455621635_Integrata,,938255898,OB,OB,No-pair,wire transfer,Integrata booked the Net Sub/Red for SD 11-07-2019.Caceis yet to book.,938255898,938255898,4551456423,-590882299,2021-07-29
4700,7_344898_Integrata,,496360330,OB,OB,No-pair,wire transfer,Integrata booked the wire transfer for SD 03-26-2019.Caceis yet to book.,496360330,496360330,4551456423,-590882299,2021-07-29
4701,,18_455777858_CACEIS,1177395861,OB,OB,No-pair,wire transfer,Caceis booked the wire transfer for SD 03-11-2020. Integrata yet to book,1177395861,1177395861,4551456423,-590882299,2021-07-29
4702,,106_455862625_CACEIS,1287002782,OB,OB,No-pair,fx wire,Caceis booked the fx wire for SD 05-15-2020. Integrata yet to book,1287002782,1287002782,4551456423,-590882299,2021-07-29
4703,,74_455934920_CACEIS,1383926802,OB,OB,No-pair,wire transfer,Caceis booked the wire transfer for SD 07-10-2020. Integrata yet to book,1383926802,1383926802,4551456423,-590882299,2021-07-29
4704,11_4551246640_Integrata,,1797846188,OB,OB,No-pair,redemption,Integrata booked the redemption for SD 02-25-2021.Caceis yet to book.,1797846188,1797846188,4551456423,-590882299,2021-07-29
4705,,235_455783582_CACEIS,1185159365,OB,OB,No-pair,fx wire,Caceis booked the fx wire for SD 03-16-2020. Integrata yet to book,1185159365,1185159365,4551456423,-590882299,2021-07-29
4706,,397_455822501_CACEIS,1235308301,OB,OB,No-pair,fx wire,Caceis booked the fx wire for SD 04-15-2020. Integrata yet to book,1235308301,1235308301,4551456423,-590882299,2021-07-29
4707,,739_455643841_CACEIS,975323811,OB,OB,No-pair,wire transfer,Caceis booked the wire transfer for SD 11-18-2019. Integrata yet to book,975323811,975323811,4551456423,-590882299,2021-07-29
4708,,51_455669415_CACEIS,1020661755,OB,OB,No-pair,fx wire,Caceis booked the fx wire for SD 12-16-2019. Integrata yet to book,1020661755,1020661755,4551456423,-590882299,2021-07-29
4709,17_455455714_Integrata,,659081103,OB,OB,No-pair,wire transfer,Integrata booked the Net Sub/Red for SD 06-27-2019.Caceis yet to book.,659081103,659081103,4551456423,-590882299,2021-07-29
4710,,63_4551109218_CACEIS,1613286609,OB,OB,No-pair,fx wire,Caceis booked the fx wire for SD 11-16-2020. Integrata yet to book,1613286609,1613286609,4551456423,-590882299,2021-07-29
4711,,57_455610697_CACEIS,917943321,OB,OB,No-pair,fx wire,Caceis booked the fx wire for SD 10-18-2019. Integrata yet to book,917943321,917943321,4551456423,-590882299,2021-07-29
4712,,706_455862625_CACEIS,1287005054,OB,OB,No-pair,fx wire,Caceis booked the fx wire for SD 05-15-2020. Integrata yet to book,1287005054,1287005054,4551456423,-590882299,2021-07-29
4713,,22_455777858_CACEIS,1177395884,OB,OB,No-pair,wire transfer,Caceis booked the wire transfer for SD 03-11-2020. Integrata yet to book,1177395884,1177395884,4551456423,-590882299,2021-07-29
4714,,101_455900053_CACEIS,1336713498,OB,OB,No-pair,fx wire,Caceis booked the fx wire for SD 06-15-2020. Integrata yet to book,1336713498,1336713498,4551456423,-590882299,2021-07-29
4715,72_455914788_Integrata,,1356802593,OB,OB,No-pair,wire transfer,Integrata booked the subscription for SD 06-25-2020.Caceis yet to book.,1356802593,1356802593,4551456423,-590882299,2021-07-29
4716,7_4551228190_Integrata,,1773079474,OB,OB,No-pair,redemption,Integrata booked the redemption for SD 02-11-2021.Caceis yet to book.,1773079474,1773079474,4551456423,-590882299,2021-07-29
4717,,44_4551060531_CACEIS,1548950716,OB,OB,No-pair,fees,Caceis booked the fees for SD 10-12-2020. Integrata yet to book,1548950716,1548950716,4551456423,-590882299,2021-07-29
4718,,845_455822501_CACEIS,1235308539,OB,OB,No-pair,fees,Caceis booked the fees for SD 04-14-2020. Integrata yet to book,1235308539,1235308539,4551456423,-590882299,2021-07-29
4719,,112_4551109218_CACEIS,1613286722,OB,OB,No-pair,fx wire,Caceis booked the fx wire for SD 11-16-2020. Integrata yet to book,1613286722,1613286722,4551456423,-590882299,2021-07-29
4720,,4_455804770_CACEIS,1212351478,OB,OB,No-pair,wire transfer,Caceis booked the wire transfer for SD 04-01-2020. Integrata yet to book,1212351478,1212351478,4551456423,-590882299,2021-07-29
4721,,47_4551087502_CACEIS,1584326613,OB,OB,No-pair,fx wire,Caceis booked the fx wire for SD 10-30-2020. Integrata yet to book,1584326613,1584326613,4551456423,-590882299,2021-07-29
4722,,76_4551232906_CACEIS,1780156471,OB,OB,No-pair,fx wire,Caceis booked the fx wire for SD 02-16-2021. Integrata yet to book,1780156471,1780156471,4551456423,-590882299,2021-07-29
4723,,29_455920273_CACEIS,1364559767,OB,OB,No-pair,monthend interest,Caceis booked the monthend interest for SD 07-01-2020. Integrata yet to book,1364559767,1364559767,4551456423,-590882299,2021-07-29
4724,,234_455985296_CACEIS,1449582029,OB,OB,No-pair,fx wire,Caceis booked the fx wire for SD 08-17-2020. Integrata yet to book,1449582029,1449582029,4551456423,-590882299,2021-07-29
4725,,220_455783582_CACEIS,1185159419,OB,OB,No-pair,fx wire,Caceis booked the fx wire for SD 03-16-2020. Integrata yet to book,1185159419,1185159419,4551456423,-590882299,2021-07-29
4726,,11_4551299798_CACEIS,1866915118,OB,OB,No-pair,fx wire,Caceis booked the fx wire for SD 04-06-2021. Integrata yet to book,1866915118,1866915118,4551456423,-590882299,2021-07-29
4727,,43_455940640_CACEIS,1391596010,OB,OB,No-pair,fx wire,Caceis booked the fx wire for SD 07-15-2020. Integrata yet to book,1391596010,1391596010,4551456423,-590882299,2021-07-29
4728,,10_455424626_CACEIS,610989048,OB,OB,No-pair,monthend interest,Caceis booked the monthend interest for SD 06-01-2019. Integrata yet to book,610989048,610989048,4551456423,-590882299,2021-07-29
4729,,95_455934920_CACEIS,1383926658,OB,OB,No-pair,wire transfer,Caceis booked the wire transfer for SD 07-10-2020. Integrata yet to book,1383926658,1383926658,4551456423,-590882299,2021-07-29
4730,,57_455649350_CACEIS,985331645,OB,OB,No-pair,fx wire,Caceis booked the fx wire for SD 11-29-2019. Integrata yet to book,985331645,985331645,4551456423,-590882299,2021-07-29
4731,,141_455862625_CACEIS,1287002955,OB,OB,No-pair,fx wire,Caceis booked the fx wire for SD 05-15-2020. Integrata yet to book,1287002955,1287002955,4551456423,-590882299,2021-07-29
4732,,36_4551060531_CACEIS,1548950615,OB,OB,No-pair,fees,Caceis booked the fees for SD 10-12-2020. Integrata yet to book,1548950615,1548950615,4551456423,-590882299,2021-07-29
4733,,8_455449139_CACEIS,646003508,OB,OB,No-pair,fx wire,Caceis booked the fx wire for SD 06-21-2019. Integrata yet to book,646003508,646003508,4551456423,-590882299,2021-07-29
4734,,556_455783582_CACEIS,1185159560,OB,OB,No-pair,fx wire,Caceis booked the fx wire for SD 03-16-2020. Integrata yet to book,1185159560,1185159560,4551456423,-590882299,2021-07-29
4735,,40_4551127906_CACEIS,1637981916,OB,OB,No-pair,monthend interest,Caceis booked the monthend interest for SD 12-01-2020. Integrata yet to book,1637981916,1637981916,4551456423,-590882299,2021-07-29
4736,,438_4551109218_CACEIS,1613286937,OB,OB,No-pair,fx wire,Caceis booked the fx wire for SD 11-16-2020. Integrata yet to book,1613286937,1613286937,4551456423,-590882299,2021-07-29
4737,,204_455726980_CACEIS,1107942583,OB,OB,No-pair,monthend interest,Caceis booked the monthend interest for SD 02-01-2020. Integrata yet to book,1107942583,1107942583,4551456423,-590882299,2021-07-29
4738,,31_455777858_CACEIS,1177395629,OB,OB,No-pair,wire transfer,Caceis booked the wire transfer for SD 03-11-2020. Integrata yet to book,1177395629,1177395629,4551456423,-590882299,2021-07-29
4739,,22_4551195338_CACEIS,1727684723,OB,OB,No-pair,wire transfer,Caceis booked the wire transfer for SD 01-19-2021. Integrata yet to book,1727684723,1727684723,4551456423,-590882299,2021-07-29
4740,,53_4551428980_CACEIS,2040344597,OB,OB,No-pair,fx wire,Caceis booked the fx wire for SD 07-09-2021. Integrata yet to book,2040344597,2040344597,4551456423,-590882299,2021-07-29
4741,,22_4551411869_CACEIS,2018959581,OB,OB,No-pair,proceeds sell,Caceis booked the proceeds sell for SD 06-28-2021. Integrata yet to book,2018959581,2018959581,4551456423,-590882299,2021-07-29
4742,,1_455923571_CACEIS,1369374363,OB,OB,No-pair,wire transfer,Caceis booked the wire transfer for SD 07-02-2020. Integrata yet to book,1369374363,1369374363,4551456423,-590882299,2021-07-29
4743,,536_455822501_CACEIS,1235307916,OB,OB,No-pair,fees,Caceis booked the fees for SD 04-14-2020. Integrata yet to book,1235307916,1235307916,4551456423,-590882299,2021-07-29
4744,,527_455822501_CACEIS,1235307966,OB,OB,No-pair,fees,Caceis booked the fees for SD 04-14-2020. Integrata yet to book,1235307966,1235307966,4551456423,-590882299,2021-07-29
4745,,535_455783582_CACEIS,1185159844,OB,OB,No-pair,fx wire,Caceis booked the fx wire for SD 03-16-2020. Integrata yet to book,1185159844,1185159844,4551456423,-590882299,2021-07-29
4746,,38_4551035437_CACEIS,1516099554,OB,OB,No-pair,fees,Caceis booked the fees for SD 02-25-2020. Integrata yet to book,1516099554,1516099554,4551456423,-590882299,2021-07-29
4747,,781_455643841_CACEIS,975323853,OB,OB,No-pair,wire transfer,Caceis booked the wire transfer for SD 11-01-2019. Integrata yet to book,975323853,975323853,4551456423,-590882299,2021-07-29
4748,,9_455786827_CACEIS,1189482631,OB,OB,No-pair,wire transfer,Caceis booked the wire transfer for SD 03-18-2020. Integrata yet to book,1189482631,1189482631,4551456423,-590882299,2021-07-29
4749,,404_455862625_CACEIS,1287003911,OB,OB,No-pair,fx wire,Caceis booked the fx wire for SD 05-15-2020. Integrata yet to book,1287003911,1287003911,4551456423,-590882299,2021-07-29
4750,,8_455777858_CACEIS,1177395706,OB,OB,No-pair,wire transfer,Caceis booked the wire transfer for SD 03-11-2020. Integrata yet to book,1177395706,1177395706,4551456423,-590882299,2021-07-29
4751,,522_455783582_CACEIS,1185159548,OB,OB,No-pair,fx wire,Caceis booked the fx wire for SD 03-16-2020. Integrata yet to book,1185159548,1185159548,4551456423,-590882299,2021-07-29
4752,,415_455940640_CACEIS,1391596392,OB,OB,No-pair,fx wire,Caceis booked the fx wire for SD 07-15-2020. Integrata yet to book,1391596392,1391596392,4551456423,-590882299,2021-07-29
4753,,74_4551044906_CACEIS,1528403647,OB,OB,No-pair,monthend interest,Caceis booked the monthend interest for SD 10-01-2020. Integrata yet to book,1528403647,1528403647,4551456423,-590882299,2021-07-29
4754,,19_455907521_CACEIS,1347197397,OB,OB,No-pair,fx wire,Caceis booked the fx wire for SD 06-19-2020. Integrata yet to book,1347197397,1347197397,4551456423,-590882299,2021-07-29
4755,,11_4551343376_CACEIS,1925737851,OB,OB,No-pair,fx wire,Caceis booked the fx wire for SD 05-07-2021. Integrata yet to book,1925737851,1925737851,4551456423,-590882299,2021-07-29
4756,,78_4551105378_CACEIS,1608089172,OB,OB,No-pair,wire transfer,Caceis booked the wire transfer for SD 11-12-2020. Integrata yet to book,1608089172,1608089172,4551456423,-590882299,2021-07-29
4757,,356_455940640_CACEIS,1391596292,OB,OB,No-pair,fx wire,Caceis booked the fx wire for SD 07-15-2020. Integrata yet to book,1391596292,1391596292,4551456423,-590882299,2021-07-29
4758,,81_4551105378_CACEIS,1608089282,OB,OB,No-pair,wire transfer,Caceis booked the wire transfer for SD 11-12-2020. Integrata yet to book,1608089282,1608089282,4551456423,-590882299,2021-07-29
4759,,90_4551105378_CACEIS,1608089270,OB,OB,No-pair,wire transfer,Caceis booked the wire transfer for SD 11-12-2020. Integrata yet to book,1608089270,1608089270,4551456423,-590882299,2021-07-29
4760,,696_455862625_CACEIS,1287004990,OB,OB,No-pair,fx wire,Caceis booked the fx wire for SD 05-15-2020. Integrata yet to book,1287004990,1287004990,4551456423,-590882299,2021-07-29
4761,,91_4551105378_CACEIS,1608089164,OB,OB,No-pair,wire transfer,Caceis booked the wire transfer for SD 11-12-2020. Integrata yet to book,1608089164,1608089164,4551456423,-590882299,2021-07-29
4762,,2_455726980_CACEIS,1107942521,OB,OB,No-pair,monthend interest,Caceis booked the monthend interest for SD 02-01-2020. Integrata yet to book,1107942521,1107942521,4551456423,-590882299,2021-07-29
4763,,295_4551191593_CACEIS,1722905241,OB,OB,No-pair,fx wire,Caceis booked the fx wire for SD 01-15-2021. Integrata yet to book,1722905241,1722905241,4551456423,-590882299,2021-07-29
4764,,73_4551125930_CACEIS,1635426547,OB,OB,No-pair,fx wire,Caceis booked the fx wire for SD 11-27-2020. Integrata yet to book,1635426547,1635426547,4551456423,-590882299,2021-07-29
4765,,259_4551210754_CACEIS,1748958279,OB,OB,No-pair,monthend interest,Caceis booked the monthend interest for SD 02-01-2021. Integrata yet to book,1748958279,1748958279,4551456423,-590882299,2021-07-29
4766,,12_455541826_CACEIS,801870210,OB,OB,No-pair,wire transfer,Caceis booked the wire transfer for SD 09-06-2019. Integrata yet to book,801870210,801870210,4551456423,-590882299,2021-07-29
4767,,24_455745203_CACEIS,1132280348,OB,OB,No-pair,wire transfer,Caceis booked the wire transfer for SD 02-14-2020. Integrata yet to book,1132280348,1132280348,4551456423,-590882299,2021-07-29
4768,,61_455718167_CACEIS,1096511866,OB,OB,No-pair,fx wire,Caceis booked the fx wire for SD 01-24-2020. Integrata yet to book,1096511866,1096511866,4551456423,-590882299,2021-07-29
4769,,50_455577664_CACEIS,861360908,OB,OB,No-pair,wire transfer,Caceis booked the wire transfer for SD 10-04-2019. Integrata yet to book,861360908,861360908,4551456423,-590882299,2021-07-29
4770,,366_455590588_CACEIS,883858538,OB,OB,No-pair,fx wire,Caceis booked the fx wire for SD 10-15-2019. Integrata yet to book,883858538,883858538,4551456423,-590882299,2021-07-29
4771,,48_4551174457_CACEIS,1699762767,OB,OB,No-pair,fx wire,Caceis booked the fx wire for SD 01-04-2021. Integrata yet to book,1699762767,1699762767,4551456423,-590882299,2021-07-29
4772,,787_455862625_CACEIS,1287003302,OB,OB,No-pair,wire transfer,Caceis booked the wire transfer for SD 05-13-2020. Integrata yet to book,1287003302,1287003302,4551456423,-590882299,2021-07-29
4773,,2_4551020261_CACEIS,1495478228,OB,OB,No-pair,wire transfer,Caceis booked the wire transfer for SD 09-11-2020. Integrata yet to book,1495478228,1495478228,4551456423,-590882299,2021-07-29
4774,,487_455783582_CACEIS,1185159622,OB,OB,No-pair,fx wire,Caceis booked the fx wire for SD 03-16-2020. Integrata yet to book,1185159622,1185159622,4551456423,-590882299,2021-07-29
4775,,38_4551248485_CACEIS,1800039400,OB,OB,No-pair,proceeds sell,Caceis booked the proceeds sell for SD 02-26-2021. Integrata yet to book,1800039400,1800039400,4551456423,-590882299,2021-07-29
4776,,58_455985296_CACEIS,1449581838,OB,OB,No-pair,fx wire,Caceis booked the fx wire for SD 08-17-2020. Integrata yet to book,1449581838,1449581838,4551456423,-590882299,2021-07-29
4777,,22_4551060531_CACEIS,1548950672,OB,OB,No-pair,wire transfer,Caceis booked the wire transfer for SD 10-12-2020. Integrata yet to book,1548950672,1548950672,4551456423,-590882299,2021-07-29
4778,,17_267975_CACEIS,368747207,OB,OB,No-pair,fx wire,Caceis booked the fx wire for SD 01-15-2019. Integrata yet to book,368747207,368747207,4551456423,-590882299,2021-07-29
4779,,8_455786827_CACEIS,1189482630,OB,OB,No-pair,wire transfer,Caceis booked the wire transfer for SD 03-18-2020. Integrata yet to book,1189482630,1189482630,4551456423,-590882299,2021-07-29
4780,,501_455900053_CACEIS,1336713890,OB,OB,No-pair,fx wire,Caceis booked the fx wire for SD 06-15-2020. Integrata yet to book,1336713890,1336713890,4551456423,-590882299,2021-07-29
4781,,90_306589_CACEIS,433998274,OB,OB,No-pair,fx wire,Caceis booked the fx wire for SD 02-15-2019. Integrata yet to book,433998274,433998274,4551456423,-590882299,2021-07-29
4782,,59_455669415_CACEIS,1020661813,OB,OB,No-pair,fx wire,Caceis booked the fx wire for SD 12-16-2019. Integrata yet to book,1020661813,1020661813,4551456423,-590882299,2021-07-29
4783,,107_4551105378_CACEIS,1608089189,OB,OB,No-pair,wire transfer,Caceis booked the wire transfer for SD 11-12-2020. Integrata yet to book,1608089189,1608089189,4551456423,-590882299,2021-07-29
4784,,9_455777858_CACEIS,1177395722,OB,OB,No-pair,wire transfer,Caceis booked the wire transfer for SD 03-11-2020. Integrata yet to book,1177395722,1177395722,4551456423,-590882299,2021-07-29
4785,,2_4551093457_CACEIS,1592135349,OB,OB,No-pair,wire transfer,Caceis booked the wire transfer for SD 10-30-2020. Integrata yet to book,1592135349,1592135349,4551456423,-590882299,2021-07-29
4786,,113_455718167_CACEIS,1096511797,OB,OB,No-pair,fx wire,Caceis booked the fx wire for SD 01-24-2020. Integrata yet to book,1096511797,1096511797,4551456423,-590882299,2021-07-29
4787,,211_455940640_CACEIS,1391596074,OB,OB,No-pair,fx wire,Caceis booked the fx wire for SD 07-15-2020. Integrata yet to book,1391596074,1391596074,4551456423,-590882299,2021-07-29
4788,,166_455693832_CACEIS,1063035314,OB,OB,No-pair,fx wire,Caceis booked the fx wire for SD 01-06-2020. Integrata yet to book,1063035314,1063035314,4551456423,-590882299,2021-07-29
4789,,283_4551436806_CACEIS,2049886004,OB,OB,No-pair,fx wire,Caceis booked the fx wire for SD 07-15-2021. Integrata yet to book,2049886004,2049886004,4551456423,-590882299,2021-07-29
4790,,65_4551087502_CACEIS,1584326647,OB,OB,No-pair,monthend interest,Caceis booked the monthend interest for SD 11-01-2020. Integrata yet to book,1584326647,1584326647,4551456423,-590882299,2021-07-29
4791,,49_4551020261_CACEIS,1495478286,OB,OB,No-pair,wire transfer,Caceis booked the wire transfer for SD 09-11-2020. Integrata yet to book,1495478286,1495478286,4551456423,-590882299,2021-07-29
4792,,126_455900053_CACEIS,1336713262,OB,OB,No-pair,fx wire,Caceis booked the fx wire for SD 06-15-2020. Integrata yet to book,1336713262,1336713262,4551456423,-590882299,2021-07-29
4793,,795_455862625_CACEIS,1287003509,OB,OB,No-pair,wire transfer,Caceis booked the wire transfer for SD 05-13-2020. Integrata yet to book,1287003509,1287003509,4551456423,-590882299,2021-07-29
4794,,14_455991947_CACEIS,1458094070,OB,OB,No-pair,fx wire,Caceis booked the fx wire for SD 08-21-2020. Integrata yet to book,1458094070,1458094070,4551456423,-590882299,2021-07-29
4795,,210_4551269721_CACEIS,1827474013,OB,OB,No-pair,fx wire,Caceis booked the fx wire for SD 03-15-2021. Integrata yet to book,1827474013,1827474013,4551456423,-590882299,2021-07-29
4796,,878_455822501_CACEIS,1235308848,OB,OB,No-pair,fx wire,Caceis booked the fx wire for SD 04-15-2020. Integrata yet to book,1235308848,1235308848,4551456423,-590882299,2021-07-29
4797,,3_455851677_CACEIS,1272856274,OB,OB,No-pair,proceeds sell,Caceis booked the proceeds sell for SD 05-07-2020. Integrata yet to book,1272856274,1272856274,4551456423,-590882299,2021-07-29
4798,,4_4551033955_CACEIS,1513935504,OB,OB,No-pair,wire transfer,Caceis booked the wire transfer for SD 09-22-2020. Integrata yet to book,1513935504,1513935504,4551456423,-590882299,2021-07-29
4799,,88_455643841_CACEIS,975323160,OB,OB,No-pair,wire transfer,Caceis booked the wire transfer for SD 11-01-2019. Integrata yet to book,975323160,975323160,4551456423,-590882299,2021-07-29
4800,,16_455927788_CACEIS,1374347989,OB,OB,No-pair,wire transfer,Caceis booked the wire transfer for SD 07-06-2020. Integrata yet to book,1374347989,1374347989,4551456423,-590882299,2021-07-29
4801,,19_4551381021_CACEIS,1979694262,OB,OB,No-pair,wire transfer,Caceis booked the wire transfer for SD 06-04-2021. Integrata yet to book,1979694262,1979694262,4551456423,-590882299,2021-07-29
4802,,6_455507970_CACEIS,745225897,OB,OB,No-pair,wire transfer,Caceis booked the wire transfer for SD 08-09-2019. Integrata yet to book,745225897,745225897,4551456423,-590882299,2021-07-29
4803,,23_4551228190_CACEIS,1773079473,OB,OB,No-pair,wire transfer,Caceis booked the wire transfer for SD 02-11-2021. Integrata yet to book,1773079473,1773079473,4551456423,-590882299,2021-07-29
4804,,89_455649350_CACEIS,985331686,OB,OB,No-pair,fx wire,Caceis booked the fx wire for SD 11-29-2019. Integrata yet to book,985331686,985331686,4551456423,-590882299,2021-07-29
4805,,428_455748445_CACEIS,1136275425,OB,OB,No-pair,fx wire,Caceis booked the fx wire for SD 02-18-2020. Integrata yet to book,1136275425,1136275425,4551456423,-590882299,2021-07-29
4806,,798_455822501_CACEIS,1235308703,OB,OB,No-pair,fx wire,Caceis booked the fx wire for SD 04-15-2020. Integrata yet to book,1235308703,1235308703,4551456423,-590882299,2021-07-29
4807,,3_4551277470_CACEIS,1837468614,OB,OB,No-pair,fx wire,Caceis booked the fx wire for SD 03-19-2021. Integrata yet to book,1837468614,1837468614,4551456423,-590882299,2021-07-29
4808,,252_4551109218_CACEIS,1613286833,OB,OB,No-pair,fx wire,Caceis booked the fx wire for SD 11-16-2020. Integrata yet to book,1613286833,1613286833,4551456423,-590882299,2021-07-29
4809,,64_455590588_CACEIS,883858429,OB,OB,No-pair,fx wire,Caceis booked the fx wire for SD 10-15-2019. Integrata yet to book,883858429,883858429,4551456423,-590882299,2021-07-29
4810,,255_4551436806_CACEIS,2049885979,OB,OB,No-pair,fx wire,Caceis booked the fx wire for SD 07-15-2021. Integrata yet to book,2049885979,2049885979,4551456423,-590882299,2021-07-29
4811,,20_455762980_CACEIS,1156897686,OB,OB,No-pair,monthend interest,Caceis booked the monthend interest for SD 03-01-2020. Integrata yet to book,1156897686,1156897686,4551456423,-590882299,2021-07-29
4812,,319_455900053_CACEIS,1336713904,OB,OB,No-pair,fx wire,Caceis booked the fx wire for SD 06-15-2020. Integrata yet to book,1336713904,1336713904,4551456423,-590882299,2021-07-29
4813,,3_455667500_CACEIS,1017540680,OB,OB,No-pair,fees,Caceis booked the fees for SD 12-12-2019. Integrata yet to book,1017540680,1017540680,4551456423,-590882299,2021-07-29
4814,,78_455822501_CACEIS,1235308057,OB,OB,No-pair,fx wire,Caceis booked the fx wire for SD 04-15-2020. Integrata yet to book,1235308057,1235308057,4551456423,-590882299,2021-07-29
4815,,9_455853613_CACEIS,1275438467,OB,OB,No-pair,fx wire,Caceis booked the fx wire for SD 05-08-2020. Integrata yet to book,1275438467,1275438467,4551456423,-590882299,2021-07-29
4816,,478_455862625_CACEIS,1287004286,OB,OB,No-pair,fx wire,Caceis booked the fx wire for SD 05-15-2020. Integrata yet to book,1287004286,1287004286,4551456423,-590882299,2021-07-29
4817,,94_455649350_CACEIS,985331674,OB,OB,No-pair,fx wire,Caceis booked the fx wire for SD 11-29-2019. Integrata yet to book,985331674,985331674,4551456423,-590882299,2021-07-29
4818,,203_455940640_CACEIS,1391596165,OB,OB,No-pair,fx wire,Caceis booked the fx wire for SD 07-15-2020. Integrata yet to book,1391596165,1391596165,4551456423,-590882299,2021-07-29
4819,,174_4551023983_CACEIS,1500213886,OB,OB,No-pair,fx wire,Caceis booked the fx wire for SD 09-15-2020. Integrata yet to book,1500213886,1500213886,4551456423,-590882299,2021-07-29
4820,,21_4551171343_CACEIS,1696929171,OB,OB,No-pair,monthend interest,Caceis booked the monthend interest for SD 01-01-2021. Integrata yet to book,1696929171,1696929171,4551456423,-590882299,2021-07-29
4821,,3_4551060531_CACEIS,1548950616,OB,OB,No-pair,wire transfer,Caceis booked the wire transfer for SD 10-12-2020. Integrata yet to book,1548950616,1548950616,4551456423,-590882299,2021-07-29
4822,,295_455669415_CACEIS,1020662068,OB,OB,No-pair,fx wire,Caceis booked the fx wire for SD 12-16-2019. Integrata yet to book,1020662068,1020662068,4551456423,-590882299,2021-07-29
4823,,186_455693832_CACEIS,1063035277,OB,OB,No-pair,wire transfer,Caceis booked the wire transfer for SD 01-06-2020. Integrata yet to book,1063035277,1063035277,4551456423,-590882299,2021-07-29
4824,,13_4551060531_CACEIS,1548950641,OB,OB,No-pair,wire transfer,Caceis booked the wire transfer for SD 10-12-2020. Integrata yet to book,1548950641,1548950641,4551456423,-590882299,2021-07-29
4825,,478_455783582_CACEIS,1185159617,OB,OB,No-pair,fx wire,Caceis booked the fx wire for SD 03-16-2020. Integrata yet to book,1185159617,1185159617,4551456423,-590882299,2021-07-29
4826,,30_455835232_CACEIS,1251293788,OB,OB,No-pair,fx wire,Caceis booked the fx wire for SD 04-24-2020. Integrata yet to book,1251293788,1251293788,4551456423,-590882299,2021-07-29
4827,,38_4551003590_CACEIS,1473426007,OB,OB,No-pair,wire transfer,Caceis booked the wire transfer for SD 08-31-2020. Integrata yet to book,1473426007,1473426007,4551456423,-590882299,2021-07-29
4828,,8_4551309694_CACEIS,1879044559,OB,OB,No-pair,fees,Caceis booked the fees for SD 04-12-2021. Integrata yet to book,1879044559,1879044559,4551456423,-590882299,2021-07-29
4829,,3_455861455_CACEIS,1285500773,OB,OB,No-pair,fees,Caceis booked the fees for SD 05-12-2020. Integrata yet to book,1285500773,1285500773,4551456423,-590882299,2021-07-29
4830,,38_267975_CACEIS,368747208,OB,OB,No-pair,fx wire,Caceis booked the fx wire for SD 01-15-2019. Integrata yet to book,368747208,368747208,4551456423,-590882299,2021-07-29
4831,,4_455790609_CACEIS,1194036423,OB,OB,No-pair,fx wire,Caceis booked the fx wire for SD 03-20-2020. Integrata yet to book,1194036423,1194036423,4551456423,-590882299,2021-07-29
4832,,180_455693832_CACEIS,1063035306,OB,OB,No-pair,wire transfer,Caceis booked the wire transfer for SD 01-06-2020. Integrata yet to book,1063035306,1063035306,4551456423,-590882299,2021-07-29
4833,,173_4551232906_CACEIS,1780156645,OB,OB,No-pair,fx wire,Caceis booked the fx wire for SD 02-16-2021. Integrata yet to book,1780156645,1780156645,4551456423,-590882299,2021-07-29
4834,,60_455985296_CACEIS,1449581739,OB,OB,No-pair,fx wire,Caceis booked the fx wire for SD 08-17-2020. Integrata yet to book,1449581739,1449581739,4551456423,-590882299,2021-07-29
4835,,16_4551174457_CACEIS,1699762772,OB,OB,No-pair,fx wire,Caceis booked the fx wire for SD 01-04-2021. Integrata yet to book,1699762772,1699762772,4551456423,-590882299,2021-07-29
4836,,28_4551252452_CACEIS,1805130272,OB,OB,No-pair,wire transfer,Caceis booked the wire transfer for SD 03-02-2021. Integrata yet to book,1805130272,1805130272,4551456423,-590882299,2021-07-29
4837,,410_4551232906_CACEIS,1780156748,OB,OB,No-pair,fx wire,Caceis booked the fx wire for SD 02-16-2021. Integrata yet to book,1780156748,1780156748,4551456423,-590882299,2021-07-29
4838,,170_455822501_CACEIS,1235308031,OB,OB,No-pair,fx wire,Caceis booked the fx wire for SD 04-15-2020. Integrata yet to book,1235308031,1235308031,4551456423,-590882299,2021-07-29
4839,,473_4551109218_CACEIS,1613286970,OB,OB,No-pair,fx wire,Caceis booked the fx wire for SD 11-16-2020. Integrata yet to book,1613286970,1613286970,4551456423,-590882299,2021-07-29
4840,,5_4551334292_CACEIS,1911737186,OB,OB,No-pair,monthend interest,Caceis booked the monthend interest for SD 05-01-2021. Integrata yet to book,1911737186,1911737186,4551456423,-590882299,2021-07-29
4841,,160_4551248485_CACEIS,1800039401,OB,OB,No-pair,wire transfer,Caceis booked the wire transfer for SD 02-26-2021. Integrata yet to book,1800039401,1800039401,4551456423,-590882299,2021-07-29
4842,,232_455940640_CACEIS,1391596186,OB,OB,No-pair,wire transfer,Caceis booked the wire transfer for SD 07-15-2020. Integrata yet to book,1391596186,1391596186,4551456423,-590882299,2021-07-29
4843,,363_455590588_CACEIS,883858600,OB,OB,No-pair,fx wire,Caceis booked the fx wire for SD 10-15-2019. Integrata yet to book,883858600,883858600,4551456423,-590882299,2021-07-29
4844,,50_4551023983_CACEIS,1500213854,OB,OB,No-pair,fx wire,Caceis booked the fx wire for SD 09-15-2020. Integrata yet to book,1500213854,1500213854,4551456423,-590882299,2021-07-29
4845,,179_4551248485_CACEIS,1800039454,OB,OB,No-pair,wire transfer,Caceis booked the wire transfer for SD 02-26-2021. Integrata yet to book,1800039454,1800039454,4551456423,-590882299,2021-07-29
4846,,51_455442954_CACEIS,637183799,OB,OB,No-pair,fx wire,Caceis booked the fx wire for SD 06-17-2019. Integrata yet to book,637183799,637183799,4551456423,-590882299,2021-07-29
4847,,14_4551058652_CACEIS,1546340319,OB,OB,No-pair,fees,Caceis booked the fees for SD 10-08-2020. Integrata yet to book,1546340319,1546340319,4551456423,-590882299,2021-07-29
4848,,943_455643841_CACEIS,975324015,OB,OB,No-pair,wire transfer,Caceis booked the wire transfer for SD 11-01-2019. Integrata yet to book,975324015,975324015,4551456423,-590882299,2021-07-29
4849,,277_455706635_CACEIS,1081907628,OB,OB,No-pair,fx wire,Caceis booked the fx wire for SD 01-15-2020. Integrata yet to book,1081907628,1081907628,4551456423,-590882299,2021-07-29
4850,,177_455940640_CACEIS,1391595984,OB,OB,No-pair,fx wire,Caceis booked the fx wire for SD 07-15-2020. Integrata yet to book,1391595984,1391595984,4551456423,-590882299,2021-07-29
4851,,29_4551145900_CACEIS,1662179017,OB,OB,No-pair,fx wire,Caceis booked the fx wire for SD 12-11-2020. Integrata yet to book,1662179017,1662179017,4551456423,-590882299,2021-07-29
4852,,1_4551216613_CACEIS,1756801985,OB,OB,No-pair,wire transfer,Caceis booked the wire transfer for SD 02-03-2021. Integrata yet to book,1756801985,1756801985,4551456423,-590882299,2021-07-29
4853,,78_4551109218_CACEIS,1613286689,OB,OB,No-pair,fx wire,Caceis booked the fx wire for SD 11-16-2020. Integrata yet to book,1613286689,1613286689,4551456423,-590882299,2021-07-29
4854,,39_4551184426_CACEIS,1712749716,OB,OB,No-pair,wire transfer,Caceis booked the wire transfer for SD 01-11-2021. Integrata yet to book,1712749716,1712749716,4551456423,-590882299,2021-07-29
4855,,2_361798_CACEIS,522469027,OB,OB,No-pair,wire transfer,Caceis booked the wire transfer for SD 03-25-2019. Integrata yet to book,522469027,522469027,4551456423,-590882299,2021-07-29
4856,,164_4551248485_CACEIS,1800039369,OB,OB,No-pair,wire transfer,Caceis booked the wire transfer for SD 02-26-2021. Integrata yet to book,1800039369,1800039369,4551456423,-590882299,2021-07-29
4857,,498_455900053_CACEIS,1336713868,OB,OB,No-pair,fx wire,Caceis booked the fx wire for SD 06-15-2020. Integrata yet to book,1336713868,1336713868,4551456423,-590882299,2021-07-29
4858,,115_455663909_CACEIS,1011570700,OB,OB,No-pair,wire transfer,Caceis booked the wire transfer for SD 12-11-2019. Integrata yet to book,1011570700,1011570700,4551456423,-590882299,2021-07-29
4859,,33_4551267661_CACEIS,1824870501,OB,OB,No-pair,fx wire,Caceis booked the fx wire for SD 03-12-2021. Integrata yet to book,1824870501,1824870501,4551456423,-590882299,2021-07-29
4860,,724_455862625_CACEIS,1287004811,OB,OB,No-pair,fx wire,Caceis booked the fx wire for SD 05-15-2020. Integrata yet to book,1287004811,1287004811,4551456423,-590882299,2021-07-29
4861,,365_4551066313_CACEIS,1556876582,OB,OB,No-pair,fx wire,Caceis booked the fx wire for SD 10-15-2020. Integrata yet to book,1556876582,1556876582,4551456423,-590882299,2021-07-29
4862,,53_455772338_CACEIS,1169827551,OB,OB,No-pair,fx wire,Caceis booked the fx wire for SD 03-06-2020. Integrata yet to book,1169827551,1169827551,4551456423,-590882299,2021-07-29
4863,,521_455822501_CACEIS,1235308274,OB,OB,No-pair,fx wire,Caceis booked the fx wire for SD 04-15-2020. Integrata yet to book,1235308274,1235308274,4551456423,-590882299,2021-07-29
4864,,791_455862625_CACEIS,1287003422,OB,OB,No-pair,wire transfer,Caceis booked the wire transfer for SD 05-13-2020. Integrata yet to book,1287003422,1287003422,4551456423,-590882299,2021-07-29
4865,,37_333062_CACEIS,479846758,OB,OB,No-pair,fx wire,Caceis booked the fx wire for SD 03-15-2019. Integrata yet to book,479846758,479846758,4551456423,-590882299,2021-07-29
4866,,7_455799620_CACEIS,1205700362,OB,OB,No-pair,fx wire,Caceis booked the fx wire for SD 03-27-2020. Integrata yet to book,1205700362,1205700362,4551456423,-590882299,2021-07-29
4867,,237_455643841_CACEIS,975323309,OB,OB,No-pair,dividend,Caceis booked the dividend for SD 11-13-2019. Integrata yet to book,975323309,975323309,4551456423,-590882299,2021-07-29
4868,,56_4551058652_CACEIS,1546340334,OB,OB,No-pair,fx wire,Caceis booked the fx wire for SD 10-09-2020. Integrata yet to book,1546340334,1546340334,4551456423,-590882299,2021-07-29
4869,,7_455828048_CACEIS,1241932133,OB,OB,No-pair,proceeds sell,Caceis booked the Miscellaneous for SD 04-17-2020. Integrata yet to book,1241932133,1241932133,4551456423,-590882299,2021-07-29
4870,,39_333062_CACEIS,479846776,OB,OB,No-pair,fx wire,Caceis booked the fx wire for SD 03-15-2019. Integrata yet to book,479846776,479846776,4551456423,-590882299,2021-07-29
4871,,69_455663909_CACEIS,1011570669,OB,OB,No-pair,fees,Caceis booked the fees for SD 12-11-2019. Integrata yet to book,1011570669,1011570669,4551456423,-590882299,2021-07-29
4872,,50_4551136088_CACEIS,1649475173,OB,OB,No-pair,fx wire,Caceis booked the fx wire for SD 12-04-2020. Integrata yet to book,1649475173,1649475173,4551456423,-590882299,2021-07-29
4873,,18_4551011052_CACEIS,1483359813,OB,OB,No-pair,fx wire,Caceis booked the fx wire for SD 09-04-2020. Integrata yet to book,1483359813,1483359813,4551456423,-590882299,2021-07-29
4874,,331_455822501_CACEIS,1235308250,OB,OB,No-pair,fx wire,Caceis booked the fx wire for SD 04-15-2020. Integrata yet to book,1235308250,1235308250,4551456423,-590882299,2021-07-29
4875,,18_455842390_CACEIS,1260634989,OB,OB,No-pair,monthend interest,Caceis booked the monthend interest for SD 05-01-2020. Integrata yet to book,1260634989,1260634989,4551456423,-590882299,2021-07-29
4876,,486_4551066313_CACEIS,1556876740,OB,OB,No-pair,fx wire,Caceis booked the fx wire for SD 10-15-2020. Integrata yet to book,1556876740,1556876740,4551456423,-590882299,2021-07-29
4877,,9_286427_CACEIS,402006260,OB,OB,No-pair,fx wire,Caceis booked the fx wire for SD 02-01-2019. Integrata yet to book,402006260,402006260,4551456423,-590882299,2021-07-29
4878,,84_455663909_CACEIS,1011570623,OB,OB,No-pair,fees,Caceis booked the fees for SD 12-11-2019. Integrata yet to book,1011570623,1011570623,4551456423,-590882299,2021-07-29
4879,,112_455663909_CACEIS,1011570684,OB,OB,No-pair,wire transfer,Caceis booked the wire transfer for SD 12-11-2019. Integrata yet to book,1011570684,1011570684,4551456423,-590882299,2021-07-29
4880,,219_455783582_CACEIS,1185159394,OB,OB,No-pair,fx wire,Caceis booked the fx wire for SD 03-16-2020. Integrata yet to book,1185159394,1185159394,4551456423,-590882299,2021-07-29
4881,,91_455934920_CACEIS,1383926679,OB,OB,No-pair,wire transfer,Caceis booked the wire transfer for SD 07-10-2020. Integrata yet to book,1383926679,1383926679,4551456423,-590882299,2021-07-29
4882,,9_455799620_CACEIS,1205700371,OB,OB,No-pair,fx wire,Caceis booked the fx wire for SD 03-27-2020. Integrata yet to book,1205700371,1205700371,4551456423,-590882299,2021-07-29
4883,,15_4551388882_CACEIS,1989667590,OB,OB,No-pair,wire transfer,Caceis booked the wire transfer for SD 06-10-2021. Integrata yet to book,1989667590,1989667590,4551456423,-590882299,2021-07-29
4884,,52_4551269721_CACEIS,1827473862,OB,OB,No-pair,fx wire,Caceis booked the fx wire for SD 03-15-2021. Integrata yet to book,1827473862,1827473862,4551456423,-590882299,2021-07-29
4885,,140_455663909_CACEIS,1011570596,OB,OB,No-pair,wire transfer,Caceis booked the wire transfer for SD 12-11-2019. Integrata yet to book,1011570596,1011570596,4551456423,-590882299,2021-07-29
4886,,135_455726980_CACEIS,1107942542,OB,OB,No-pair,fx wire,Caceis booked the fx wire for SD 01-31-2020. Integrata yet to book,1107942542,1107942542,4551456423,-590882299,2021-07-29
4887,,38_455590588_CACEIS,883858371,OB,OB,No-pair,fx wire,Caceis booked the fx wire for SD 10-15-2019. Integrata yet to book,883858371,883858371,4551456423,-590882299,2021-07-29
4888,,18_455753887_CACEIS,1143364791,OB,OB,No-pair,fx wire,Caceis booked the fx wire for SD 02-21-2020. Integrata yet to book,1143364791,1143364791,4551456423,-590882299,2021-07-29
4889,,401_455783582_CACEIS,1185159576,OB,OB,No-pair,fx wire,Caceis booked the fx wire for SD 03-16-2020. Integrata yet to book,1185159576,1185159576,4551456423,-590882299,2021-07-29
4890,,421_455822501_CACEIS,1235308262,OB,OB,No-pair,fx wire,Caceis booked the fx wire for SD 04-15-2020. Integrata yet to book,1235308262,1235308262,4551456423,-590882299,2021-07-29
4891,,56_4551313388_CACEIS,1883527763,OB,OB,No-pair,fx wire,Caceis booked the fx wire for SD 04-15-2021. Integrata yet to book,1883527763,1883527763,4551456423,-590882299,2021-07-29
4892,,663_455862625_CACEIS,1287003139,OB,OB,No-pair,wire transfer,Caceis booked the wire transfer for SD 05-13-2020. Integrata yet to book,1287003139,1287003139,4551456423,-590882299,2021-07-29
4893,,107_455748445_CACEIS,1136275055,OB,OB,No-pair,fx wire,Caceis booked the fx wire for SD 02-18-2020. Integrata yet to book,1136275055,1136275055,4551456423,-590882299,2021-07-29
4894,,58_455762980_CACEIS,1156897742,OB,OB,No-pair,monthend interest,Caceis booked the monthend interest for SD 03-01-2020. Integrata yet to book,1156897742,1156897742,4551456423,-590882299,2021-07-29
4895,,121_4551184426_CACEIS,1712749807,OB,OB,No-pair,wire transfer,Caceis booked the wire transfer for SD 01-11-2021. Integrata yet to book,1712749807,1712749807,4551456423,-590882299,2021-07-29
4896,,90_4551394628_CACEIS,1997244594,OB,OB,No-pair,fx wire,Caceis booked the fx wire for SD 06-15-2021. Integrata yet to book,1997244594,1997244594,4551456423,-590882299,2021-07-29
4897,,150_4551184426_CACEIS,1712749786,OB,OB,No-pair,wire transfer,Caceis booked the wire transfer for SD 01-11-2021. Integrata yet to book,1712749786,1712749786,4551456423,-590882299,2021-07-29
4898,,454_455985296_CACEIS,1449582250,OB,OB,No-pair,fx wire,Caceis booked the fx wire for SD 08-17-2020. Integrata yet to book,1449582250,1449582250,4551456423,-590882299,2021-07-29
4899,,107_455693832_CACEIS,1063035301,OB,OB,No-pair,fx wire,Caceis booked the fx wire for SD 01-06-2020. Integrata yet to book,1063035301,1063035301,4551456423,-590882299,2021-07-29
4900,,55_4551149959_CACEIS,1667622963,OB,OB,No-pair,fx wire,Caceis booked the fx wire for SD 12-15-2020. Integrata yet to book,1667622963,1667622963,4551456423,-590882299,2021-07-29
4901,,441_4551109218_CACEIS,1613287169,OB,OB,No-pair,fx wire,Caceis booked the fx wire for SD 11-16-2020. Integrata yet to book,1613287169,1613287169,4551456423,-590882299,2021-07-29
4902,,27_4551117124_CACEIS,1623224477,OB,OB,No-pair,fx wire,Caceis booked the fx wire for SD 11-20-2020. Integrata yet to book,1623224477,1623224477,4551456423,-590882299,2021-07-29
4903,,37_4551269721_CACEIS,1827473850,OB,OB,No-pair,fx wire,Caceis booked the fx wire for SD 03-15-2021. Integrata yet to book,1827473850,1827473850,4551456423,-590882299,2021-07-29
4904,,128_4551184426_CACEIS,1712749705,OB,OB,No-pair,wire transfer,Caceis booked the wire transfer for SD 01-11-2021. Integrata yet to book,1712749705,1712749705,4551456423,-590882299,2021-07-29
4905,,29_4551252452_CACEIS,1805130273,OB,OB,No-pair,wire transfer,Caceis booked the wire transfer for SD 03-02-2021. Integrata yet to book,1805130273,1805130273,4551456423,-590882299,2021-07-29
4906,,22_4551117124_CACEIS,1623224445,OB,OB,No-pair,fx wire,Caceis booked the fx wire for SD 11-20-2020. Integrata yet to book,1623224445,1623224445,4551456423,-590882299,2021-07-29
4907,,201_455590588_CACEIS,883858332,OB,OB,No-pair,fx wire,Caceis booked the fx wire for SD 10-15-2019. Integrata yet to book,883858332,883858332,4551456423,-590882299,2021-07-29
4908,,62_455577664_CACEIS,861360926,OB,OB,No-pair,wire transfer,Caceis booked the wire transfer for SD 09-30-2019. Integrata yet to book,861360926,861360926,4551456423,-590882299,2021-07-29
4909,,1_309411_CACEIS,439623650,OB,OB,No-pair,fx wire,Caceis booked the fx wire for SD 02-22-2019. Integrata yet to book,439623650,439623650,4551456423,-590882299,2021-07-29
4910,,68_455726980_CACEIS,1107942671,OB,OB,No-pair,monthend interest,Caceis booked the monthend interest for SD 02-01-2020. Integrata yet to book,1107942671,1107942671,4551456423,-590882299,2021-07-29
4911,,22_4551254304_CACEIS,1807385757,OB,OB,No-pair,wire transfer,Caceis booked the wire transfer for SD 03-02-2021. Integrata yet to book,1807385757,1807385757,4551456423,-590882299,2021-07-29
4912,,537_4551149959_CACEIS,1667623326,OB,OB,No-pair,fx wire,Caceis booked the fx wire for SD 12-15-2020. Integrata yet to book,1667623326,1667623326,4551456423,-590882299,2021-07-29
4913,,20_455547231_CACEIS,811491643,OB,OB,No-pair,fees,Caceis booked the fees for SD 09-11-2019. Integrata yet to book,811491643,811491643,4551456423,-590882299,2021-07-29
4914,,30_455554115_CACEIS,824384993,OB,OB,No-pair,fx wire,Caceis booked the fx wire for SD 09-17-2019. Integrata yet to book,824384993,824384993,4551456423,-590882299,2021-07-29
4915,,5_455547231_CACEIS,811491724,OB,OB,No-pair,fees,Caceis booked the fees for SD 09-11-2019. Integrata yet to book,811491724,811491724,4551456423,-590882299,2021-07-29
4916,,187_455985296_CACEIS,1449581918,OB,OB,No-pair,fx wire,Caceis booked the fx wire for SD 08-17-2020. Integrata yet to book,1449581918,1449581918,4551456423,-590882299,2021-07-29
4917,,12_4551390838_CACEIS,1992497449,OB,OB,No-pair,wire transfer,Caceis booked the wire transfer for SD 06-11-2021. Integrata yet to book,1992497449,1992497449,4551456423,-590882299,2021-07-29
4918,,30_4551117124_CACEIS,1623224481,OB,OB,No-pair,fx wire,Caceis booked the fx wire for SD 11-20-2020. Integrata yet to book,1623224481,1623224481,4551456423,-590882299,2021-07-29
4919,,503_455822501_CACEIS,1235308343,OB,OB,No-pair,fx wire,Caceis booked the fx wire for SD 04-15-2020. Integrata yet to book,1235308343,1235308343,4551456423,-590882299,2021-07-29
4920,,428_4551109218_CACEIS,1613287007,OB,OB,No-pair,fx wire,Caceis booked the fx wire for SD 11-16-2020. Integrata yet to book,1613287007,1613287007,4551456423,-590882299,2021-07-29
4921,,13_455378188_CACEIS,548739501,OB,OB,No-pair,fx wire,Caceis booked the fx wire for SD 04-23-2019. Integrata yet to book,548739501,548739501,4551456423,-590882299,2021-07-29
4922,,191_455590588_CACEIS,883858619,OB,OB,No-pair,fx wire,Caceis booked the fx wire for SD 10-15-2019. Integrata yet to book,883858619,883858619,4551456423,-590882299,2021-07-29
4923,,65_4551269721_CACEIS,1827473865,OB,OB,No-pair,fx wire,Caceis booked the fx wire for SD 03-15-2021. Integrata yet to book,1827473865,1827473865,4551456423,-590882299,2021-07-29
4924,,120_455822501_CACEIS,1235307957,OB,OB,No-pair,fx wire,Caceis booked the fx wire for SD 04-15-2020. Integrata yet to book,1235307957,1235307957,4551456423,-590882299,2021-07-29
4925,,360_4551023983_CACEIS,1500214209,OB,OB,No-pair,fx wire,Caceis booked the fx wire for SD 09-15-2020. Integrata yet to book,1500214209,1500214209,4551456423,-590882299,2021-07-29
4926,,43_4551260237_CACEIS,1815145584,OB,OB,No-pair,wire transfer,Caceis booked the wire transfer for SD 03-08-2021. Integrata yet to book,1815145584,1815145584,4551456423,-590882299,2021-07-29
4927,,141_455900053_CACEIS,1336713250,OB,OB,No-pair,fx wire,Caceis booked the fx wire for SD 06-15-2020. Integrata yet to book,1336713250,1336713250,4551456423,-590882299,2021-07-29
4928,,47_455748445_CACEIS,1136275015,OB,OB,No-pair,fx wire,Caceis booked the fx wire for SD 02-18-2020. Integrata yet to book,1136275015,1136275015,4551456423,-590882299,2021-07-29
4929,,747_455862625_CACEIS,1287003193,OB,OB,No-pair,wire transfer,Caceis booked the wire transfer for SD 05-13-2020. Integrata yet to book,1287003193,1287003193,4551456423,-590882299,2021-07-29
4930,,47_333062_CACEIS,479846779,OB,OB,No-pair,fx wire,Caceis booked the fx wire for SD 03-15-2019. Integrata yet to book,479846779,479846779,4551456423,-590882299,2021-07-29
4931,,54_4551127906_CACEIS,1637981974,OB,OB,No-pair,wire transfer,Caceis booked the wire transfer for SD 11-30-2020. Integrata yet to book,1637981974,1637981974,4551456423,-590882299,2021-07-29
4932,,41_4551105378_CACEIS,1608089290,OB,OB,No-pair,wire transfer,Caceis booked the wire transfer for SD 07-02-2019. Integrata yet to book,1608089290,1608089290,4551456423,-590882299,2021-07-29
4933,,97_455822501_CACEIS,1235307946,OB,OB,No-pair,fx wire,Caceis booked the fx wire for SD 04-15-2020. Integrata yet to book,1235307946,1235307946,4551456423,-590882299,2021-07-29
4934,,58_4551171343_CACEIS,1696929185,OB,OB,No-pair,monthend interest,Caceis booked the monthend interest for SD 01-01-2021. Integrata yet to book,1696929185,1696929185,4551456423,-590882299,2021-07-29
4935,,1_4551166054_CACEIS,1689088056,OB,OB,No-pair,fx wire,Caceis booked the fx wire for SD 12-28-2020. Integrata yet to book,1689088056,1689088056,4551456423,-590882299,2021-07-29
4936,,86_455900053_CACEIS,1336713210,OB,OB,No-pair,fx wire,Caceis booked the fx wire for SD 06-15-2020. Integrata yet to book,1336713210,1336713210,4551456423,-590882299,2021-07-29
4937,,55_4551058652_CACEIS,1546340323,OB,OB,No-pair,fx wire,Caceis booked the fx wire for SD 10-09-2020. Integrata yet to book,1546340323,1546340323,4551456423,-590882299,2021-07-29
4938,,52_455442954_CACEIS,637183812,OB,OB,No-pair,fx wire,Caceis booked the fx wire for SD 06-17-2019. Integrata yet to book,637183812,637183812,4551456423,-590882299,2021-07-29
4939,,67_455762980_CACEIS,1156897712,OB,OB,No-pair,monthend interest,Caceis booked the monthend interest for SD 03-01-2020. Integrata yet to book,1156897712,1156897712,4551456423,-590882299,2021-07-29
4940,,453_455783582_CACEIS,1185159676,OB,OB,No-pair,fx wire,Caceis booked the fx wire for SD 03-16-2020. Integrata yet to book,1185159676,1185159676,4551456423,-590882299,2021-07-29
4941,,168_455669415_CACEIS,1020661946,OB,OB,No-pair,fx wire,Caceis booked the fx wire for SD 12-16-2019. Integrata yet to book,1020661946,1020661946,4551456423,-590882299,2021-07-29
4942,,25_4551390838_CACEIS,1992497454,OB,OB,No-pair,wire transfer,Caceis booked the wire transfer for SD 06-11-2021. Integrata yet to book,1992497454,1992497454,4551456423,-590882299,2021-07-29
4943,,44_455533322_CACEIS,787871267,OB,OB,No-pair,monthend interest,Caceis booked the monthend interest for SD 09-01-2019. Integrata yet to book,787871267,787871267,4551456423,-590882299,2021-07-29
4944,,3_455815648_CACEIS,1227075853,OB,OB,No-pair,wire transfer,Caceis booked the wire transfer for SD 04-09-2020. Integrata yet to book,1227075853,1227075853,4551456423,-590882299,2021-07-29
4945,,43_4551239617_CACEIS,1789074761,OB,OB,No-pair,fx wire,Caceis booked the fx wire for SD 02-19-2021. Integrata yet to book,1789074761,1789074761,4551456423,-590882299,2021-07-29
4946,,181_4551354754_CACEIS,1942399605,OB,OB,No-pair,proceeds sell,Caceis booked the proceeds sell for SD 05-17-2021. Integrata yet to book,1942399605,1942399605,4551456423,-590882299,2021-07-29
4947,,8_4551077732_CACEIS,1571717931,OB,OB,No-pair,wire transfer,Caceis booked the wire transfer for SD 10-23-2020. Integrata yet to book,1571717931,1571717931,4551456423,-590882299,2021-07-29
4948,,4_4551283365_CACEIS,1845308053,OB,OB,No-pair,proceeds sell,Caceis booked the proceeds sell for SD 03-24-2021. Integrata yet to book,1845308053,1845308053,4551456423,-590882299,2021-07-29
4949,,32_455797794_CACEIS,1203323436,OB,OB,No-pair,wire transfer,Caceis booked the wire transfer for SD 03-25-2020. Integrata yet to book,1203323436,1203323436,4551456423,-590882299,2021-07-29
4950,,61_333062_CACEIS,479846784,OB,OB,No-pair,fx wire,Caceis booked the fx wire for SD 03-15-2019. Integrata yet to book,479846784,479846784,4551456423,-590882299,2021-07-29
4951,,57_455978912_CACEIS,1441832174,OB,OB,No-pair,wire transfer,Caceis booked the wire transfer for SD 08-12-2020. Integrata yet to book,1441832174,1441832174,4551456423,-590882299,2021-07-29
4952,,362_455940640_CACEIS,1391596154,OB,OB,No-pair,fx wire,Caceis booked the fx wire for SD 07-15-2020. Integrata yet to book,1391596154,1391596154,4551456423,-590882299,2021-07-29
4953,,1351_455643841_CACEIS,975324423,OB,OB,No-pair,fx wire,Caceis booked the fx wire for SD 11-15-2019. Integrata yet to book,975324423,975324423,4551456423,-590882299,2021-07-29
4954,,806_455862625_CACEIS,1287003393,OB,OB,No-pair,wire transfer,Caceis booked the wire transfer for SD 05-13-2020. Integrata yet to book,1287003393,1287003393,4551456423,-590882299,2021-07-29
4955,,204_4551023983_CACEIS,1500213990,OB,OB,No-pair,fx wire,Caceis booked the fx wire for SD 09-15-2020. Integrata yet to book,1500213990,1500213990,4551456423,-590882299,2021-07-29
4956,,141_4551149959_CACEIS,1667623001,OB,OB,No-pair,fx wire,Caceis booked the fx wire for SD 12-15-2020. Integrata yet to book,1667623001,1667623001,4551456423,-590882299,2021-07-29
4957,,218_455643841_CACEIS,975323290,OB,OB,No-pair,wire transfer,Caceis booked the wire transfer for SD 11-13-2019. Integrata yet to book,975323290,975323290,4551456423,-590882299,2021-07-29
4958,,148_4551264332_CACEIS,1819946063,OB,OB,No-pair,fees,Caceis booked the fees for SD 03-10-2021. Integrata yet to book,1819946063,1819946063,4551456423,-590882299,2021-07-29
4959,,233_455940640_CACEIS,1391596200,OB,OB,No-pair,fx wire,Caceis booked the fx wire for SD 07-15-2020. Integrata yet to book,1391596200,1391596200,4551456423,-590882299,2021-07-29
4960,,105_455688261_CACEIS,1053516730,OB,OB,No-pair,fx wire,Caceis booked the fx wire for SD 12-31-2019. Integrata yet to book,1053516730,1053516730,4551456423,-590882299,2021-07-29
4961,,6_455547231_CACEIS,811491730,OB,OB,No-pair,fees,Caceis booked the fees for SD 09-11-2019. Integrata yet to book,811491730,811491730,4551456423,-590882299,2021-07-29
4962,,52_455978912_CACEIS,1441832225,OB,OB,No-pair,wire transfer,Caceis booked the wire transfer for SD 08-12-2020. Integrata yet to book,1441832225,1441832225,4551456423,-590882299,2021-07-29
4963,,80_333062_CACEIS,479846787,OB,OB,No-pair,fx wire,Caceis booked the fx wire for SD 03-15-2019. Integrata yet to book,479846787,479846787,4551456423,-590882299,2021-07-29
4964,,5_455441282_CACEIS,634490260,OB,OB,No-pair,fx wire,Caceis booked the fx wire for SD 06-14-2019. Integrata yet to book,634490260,634490260,4551456423,-590882299,2021-07-29
4965,,43_306589_CACEIS,433998185,OB,OB,No-pair,fx wire,Caceis booked the fx wire for SD 02-15-2019. Integrata yet to book,433998185,433998185,4551456423,-590882299,2021-07-29
4966,,75_455404958_CACEIS,585162360,OB,OB,No-pair,fx wire,Caceis booked the fx wire for SD 05-15-2019. Integrata yet to book,585162360,585162360,4551456423,-590882299,2021-07-29
4967,,293_455748445_CACEIS,1136275331,OB,OB,No-pair,fx wire,Caceis booked the fx wire for SD 02-18-2020. Integrata yet to book,1136275331,1136275331,4551456423,-590882299,2021-07-29
4968,,185_4551232906_CACEIS,1780156657,OB,OB,No-pair,fx wire,Caceis booked the fx wire for SD 02-16-2021. Integrata yet to book,1780156657,1780156657,4551456423,-590882299,2021-07-29
4969,,132_4551264332_CACEIS,1819946052,OB,OB,No-pair,fees,Caceis booked the fees for SD 03-10-2021. Integrata yet to book,1819946052,1819946052,4551456423,-590882299,2021-07-29
4970,,58_4551044906_CACEIS,1528403664,OB,OB,No-pair,monthend interest,Caceis booked the monthend interest for SD 10-01-2020. Integrata yet to book,1528403664,1528403664,4551456423,-590882299,2021-07-29
4971,,675_4551232906_CACEIS,1780157074,OB,OB,No-pair,fx wire,Caceis booked the fx wire for SD 02-16-2021. Integrata yet to book,1780157074,1780157074,4551456423,-590882299,2021-07-29
4972,,158_4551105378_CACEIS,1608089181,OB,OB,No-pair,fees,Caceis booked the fees for SD 11-12-2020. Integrata yet to book,1608089181,1608089181,4551456423,-590882299,2021-07-29
4973,,667_455862625_CACEIS,1287002922,OB,OB,No-pair,wire transfer,Caceis booked the wire transfer for SD 05-13-2020. Integrata yet to book,1287002922,1287002922,4551456423,-590882299,2021-07-29
4974,,193_455669415_CACEIS,1020662031,OB,OB,No-pair,fx wire,Caceis booked the fx wire for SD 12-16-2019. Integrata yet to book,1020662031,1020662031,4551456423,-590882299,2021-07-29
4975,,119_4551220415_CACEIS,1761955870,OB,OB,No-pair,wire transfer,Caceis booked the wire transfer for SD 02-04-2021. Integrata yet to book,1761955870,1761955870,4551456423,-590882299,2021-07-29
4976,,7_4551005548_CACEIS,1476092818,OB,OB,No-pair,wire transfer,Caceis booked the wire transfer for SD 07-29-2020. Integrata yet to book,1476092818,1476092818,4551456423,-590882299,2021-07-29
4977,,287_4551191593_CACEIS,1722905339,OB,OB,No-pair,fx wire,Caceis booked the fx wire for SD 01-15-2021. Integrata yet to book,1722905339,1722905339,4551456423,-590882299,2021-07-29
4978,,1326_455643841_CACEIS,975324398,OB,OB,No-pair,fx wire,Caceis booked the fx wire for SD 11-15-2019. Integrata yet to book,975324398,975324398,4551456423,-590882299,2021-07-29
4979,,373_455590588_CACEIS,883858549,OB,OB,No-pair,fx wire,Caceis booked the fx wire for SD 10-15-2019. Integrata yet to book,883858549,883858549,4551456423,-590882299,2021-07-29
4980,,163_455726980_CACEIS,1107942706,OB,OB,No-pair,monthend interest,Caceis booked the monthend interest for SD 02-01-2020. Integrata yet to book,1107942706,1107942706,4551456423,-590882299,2021-07-29
4981,,28_4551171343_CACEIS,1696929198,OB,OB,No-pair,monthend interest,Caceis booked the monthend interest for SD 01-01-2021. Integrata yet to book,1696929198,1696929198,4551456423,-590882299,2021-07-29
4982,,100_455898221_CACEIS,1334730872,OB,OB,No-pair,fees,Caceis booked the fees for SD 06-12-2020. Integrata yet to book,1334730872,1334730872,4551456423,-590882299,2021-07-29
4983,,6_4551356653_CACEIS,1945281527,OB,OB,No-pair,fees,Caceis booked the fees for SD 05-17-2021. Integrata yet to book,1945281527,1945281527,4551456423,-590882299,2021-07-29
4984,,650_4551232906_CACEIS,1780157113,OB,OB,No-pair,fx wire,Caceis booked the fx wire for SD 02-16-2021. Integrata yet to book,1780157113,1780157113,4551456423,-590882299,2021-07-29
4985,,72_455900053_CACEIS,1336713311,OB,OB,No-pair,fx wire,Caceis booked the fx wire for SD 06-15-2020. Integrata yet to book,1336713311,1336713311,4551456423,-590882299,2021-07-29
4986,,40_455442954_CACEIS,637183871,OB,OB,No-pair,fx wire,Caceis booked the fx wire for SD 06-17-2019. Integrata yet to book,637183871,637183871,4551456423,-590882299,2021-07-29
4987,,4_4551252452_CACEIS,1805130270,OB,OB,No-pair,wire transfer,Caceis booked the wire transfer for SD 03-02-2021. Integrata yet to book,1805130270,1805130270,4551456423,-590882299,2021-07-29
4988,,169_455822501_CACEIS,1235307995,OB,OB,No-pair,fx wire,Caceis booked the fx wire for SD 04-15-2020. Integrata yet to book,1235307995,1235307995,4551456423,-590882299,2021-07-29
4989,,661_455862625_CACEIS,1287003078,OB,OB,No-pair,wire transfer,Caceis booked the wire transfer for SD 05-13-2020. Integrata yet to book,1287003078,1287003078,4551456423,-590882299,2021-07-29
4990,,267_4551354754_CACEIS,1942399720,OB,OB,No-pair,fx wire,Caceis booked the fx wire for SD 05-17-2021. Integrata yet to book,1942399720,1942399720,4551456423,-590882299,2021-07-29
4991,,242_4551354754_CACEIS,1942399585,OB,OB,No-pair,fx wire,Caceis booked the fx wire for SD 05-17-2021. Integrata yet to book,1942399585,1942399585,4551456423,-590882299,2021-07-29
4992,,100_455783582_CACEIS,1185159209,OB,OB,No-pair,fx wire,Caceis booked the fx wire for SD 03-16-2020. Integrata yet to book,1185159209,1185159209,4551456423,-590882299,2021-07-29
4993,,70_4551269721_CACEIS,1827473898,OB,OB,No-pair,fx wire,Caceis booked the fx wire for SD 03-15-2021. Integrata yet to book,1827473898,1827473898,4551456423,-590882299,2021-07-29
4994,,456_455783582_CACEIS,1185159763,OB,OB,No-pair,fx wire,Caceis booked the fx wire for SD 03-16-2020. Integrata yet to book,1185159763,1185159763,4551456423,-590882299,2021-07-29
4995,,767_455862625_CACEIS,1287005072,OB,OB,No-pair,fx wire,Caceis booked the fx wire for SD 05-15-2020. Integrata yet to book,1287005072,1287005072,4551456423,-590882299,2021-07-29
4996,,49_455706635_CACEIS,1081907393,OB,OB,No-pair,fx wire,Caceis booked the fx wire for SD 01-15-2020. Integrata yet to book,1081907393,1081907393,4551456423,-590882299,2021-07-29
4997,,68_333062_CACEIS,479846817,OB,OB,No-pair,fees,Caceis booked the fees for SD 03-15-2019. Integrata yet to book,479846817,479846817,4551456423,-590882299,2021-07-29
4998,,11_455957648_CACEIS,1414392008,OB,OB,No-pair,wire transfer,Caceis booked the wire transfer for SD 07-28-2020. Integrata yet to book,1414392008,1414392008,4551456423,-590882299,2021-07-29
4999,,336_455900053_CACEIS,1336713687,OB,OB,No-pair,fx wire,Caceis booked the fx wire for SD 06-15-2020. Integrata yet to book,1336713687,1336713687,4551456423,-590882299,2021-07-29
5000,,418_4551191593_CACEIS,1722905432,OB,OB,No-pair,fx wire,Caceis booked the fx wire for SD 01-15-2021. Integrata yet to book,1722905432,1722905432,4551456423,-590882299,2021-07-29
5001,,527_455783582_CACEIS,1185159687,OB,OB,No-pair,fx wire,Caceis booked the fx wire for SD 03-16-2020. Integrata yet to book,1185159687,1185159687,4551456423,-590882299,2021-07-29
5002,,39_455777858_CACEIS,1177395847,OB,OB,No-pair,wire transfer,Caceis booked the wire transfer for SD 03-11-2020. Integrata yet to book,1177395847,1177395847,4551456423,-590882299,2021-07-29
5003,,231_4551354754_CACEIS,1942399591,OB,OB,No-pair,fx wire,Caceis booked the fx wire for SD 05-17-2021. Integrata yet to book,1942399591,1942399591,4551456423,-590882299,2021-07-29
5004,,38_4551042956_CACEIS,1525553075,OB,OB,No-pair,wire transfer,Caceis booked the wire transfer for SD 09-25-2020. Integrata yet to book,1525553075,1525553075,4551456423,-590882299,2021-07-29
5005,,45_455920273_CACEIS,1364559772,OB,OB,No-pair,monthend interest,Caceis booked the monthend interest for SD 07-01-2020. Integrata yet to book,1364559772,1364559772,4551456423,-590882299,2021-07-29
5006,,284_4551394628_CACEIS,1997244700,OB,OB,No-pair,fx wire,Caceis booked the fx wire for SD 06-15-2021. Integrata yet to book,1997244700,1997244700,4551456423,-590882299,2021-07-29
5007,,33_4551105378_CACEIS,1608089281,OB,OB,No-pair,wire transfer,Caceis booked the wire transfer for SD 11-12-2020. Integrata yet to book,1608089281,1608089281,4551456423,-590882299,2021-07-29
5008,,4_455973142_CACEIS,1434650009,OB,OB,No-pair,wire transfer,Caceis booked the wire transfer for SD 08-07-2020. Integrata yet to book,1434650009,1434650009,4551456423,-590882299,2021-07-29
5009,,303_4551149959_CACEIS,1667623019,OB,OB,No-pair,fx wire,Caceis booked the fx wire for SD 12-15-2020. Integrata yet to book,1667623019,1667623019,4551456423,-590882299,2021-07-29
5010,,34_455982783_CACEIS,1446489002,OB,OB,No-pair,fx wire,Caceis booked the fx wire for SD 08-14-2020. Integrata yet to book,1446489002,1446489002,4551456423,-590882299,2021-07-29
5011,,221_455940640_CACEIS,1391596082,OB,OB,No-pair,fx wire,Caceis booked the fx wire for SD 07-15-2020. Integrata yet to book,1391596082,1391596082,4551456423,-590882299,2021-07-29
5012,,523_455783582_CACEIS,1185159730,OB,OB,No-pair,fx wire,Caceis booked the fx wire for SD 03-16-2020. Integrata yet to book,1185159730,1185159730,4551456423,-590882299,2021-07-29
5013,,3_455653046_CACEIS,992798689,OB,OB,No-pair,wire transfer,Caceis booked the wire transfer for SD 12-02-2019. Integrata yet to book,992798689,992798689,4551456423,-590882299,2021-07-29
5014,,89_455554115_CACEIS,824385002,OB,OB,No-pair,fx wire,Caceis booked the fx wire for SD 09-17-2019. Integrata yet to book,824385002,824385002,4551456423,-590882299,2021-07-29
5015,,313_455900053_CACEIS,1336713669,OB,OB,No-pair,fx wire,Caceis booked the fx wire for SD 06-15-2020. Integrata yet to book,1336713669,1336713669,4551456423,-590882299,2021-07-29
5016,,140_4551232906_CACEIS,1780156522,OB,OB,No-pair,fx wire,Caceis booked the fx wire for SD 02-16-2021. Integrata yet to book,1780156522,1780156522,4551456423,-590882299,2021-07-29
5017,,1_455820754_CACEIS,1233177679,OB,OB,No-pair,fees,Caceis booked the fees for SD 04-14-2020. Integrata yet to book,1233177679,1233177679,4551456423,-590882299,2021-07-29
5018,,669_455862625_CACEIS,1287002964,OB,OB,No-pair,wire transfer,Caceis booked the wire transfer for SD 05-13-2020. Integrata yet to book,1287002964,1287002964,4551456423,-590882299,2021-07-29
5019,,22_455782293_CACEIS,1183562966,OB,OB,No-pair,wire transfer,Caceis booked the wire transfer for SD 03-12-2020. Integrata yet to book,1183562966,1183562966,4551456423,-590882299,2021-07-29
5020,,56_4551292839_CACEIS,1857221926,OB,OB,No-pair,monthend interest,Caceis booked the monthend interest for SD 04-01-2021. Integrata yet to book,1857221926,1857221926,4551456423,-590882299,2021-07-29
5021,,123_4551060531_CACEIS,1548950664,OB,OB,No-pair,wire transfer,Caceis booked the wire transfer for SD 10-12-2020. Integrata yet to book,1548950664,1548950664,4551456423,-590882299,2021-07-29
5022,,28_4551210754_CACEIS,1748958192,OB,OB,No-pair,fx wire,Caceis booked the fx wire for SD 01-29-2021. Integrata yet to book,1748958192,1748958192,4551456423,-590882299,2021-07-29
5023,,340_455900053_CACEIS,1336713797,OB,OB,No-pair,fx wire,Caceis booked the fx wire for SD 06-15-2020. Integrata yet to book,1336713797,1336713797,4551456423,-590882299,2021-07-29
5024,,114_4551060531_CACEIS,1548950652,OB,OB,No-pair,wire transfer,Caceis booked the wire transfer for SD 10-12-2020. Integrata yet to book,1548950652,1548950652,4551456423,-590882299,2021-07-29
5025,,13_4551105378_CACEIS,1608089307,OB,OB,No-pair,fees,Caceis booked the fees for SD 11-12-2020. Integrata yet to book,1608089307,1608089307,4551456423,-590882299,2021-07-29
5026,,45_455808758_CACEIS,1217520465,OB,OB,No-pair,fx wire,Caceis booked the fx wire for SD 04-03-2020. Integrata yet to book,1217520465,1217520465,4551456423,-590882299,2021-07-29
5027,,290_455900053_CACEIS,1336713707,OB,OB,No-pair,fx wire,Caceis booked the fx wire for SD 06-15-2020. Integrata yet to book,1336713707,1336713707,4551456423,-590882299,2021-07-29
5028,,150_4551248485_CACEIS,1800039491,OB,OB,No-pair,fx wire,Caceis booked the fx wire for SD 02-26-2021. Integrata yet to book,1800039491,1800039491,4551456423,-590882299,2021-07-29
5029,,60_455898221_CACEIS,1334730722,OB,OB,No-pair,fees,Caceis booked the fees for SD 06-12-2020. Integrata yet to book,1334730722,1334730722,4551456423,-590882299,2021-07-29
5030,,229_4551436806_CACEIS,2049885937,OB,OB,No-pair,fx wire,Caceis booked the fx wire for SD 07-15-2021. Integrata yet to book,2049885937,2049885937,4551456423,-590882299,2021-07-29
5031,,169_4551023983_CACEIS,1500213839,OB,OB,No-pair,fx wire,Caceis booked the fx wire for SD 09-15-2020. Integrata yet to book,1500213839,1500213839,4551456423,-590882299,2021-07-29
5032,,662_4551232906_CACEIS,1780157142,OB,OB,No-pair,fx wire,Caceis booked the fx wire for SD 02-16-2021. Integrata yet to book,1780157142,1780157142,4551456423,-590882299,2021-07-29
5033,,57_455898221_CACEIS,1334730876,OB,OB,No-pair,fees,Caceis booked the fees for SD 06-12-2020. Integrata yet to book,1334730876,1334730876,4551456423,-590882299,2021-07-29
5034,,487_4551149959_CACEIS,1667623303,OB,OB,No-pair,fx wire,Caceis booked the fx wire for SD 12-15-2020. Integrata yet to book,1667623303,1667623303,4551456423,-590882299,2021-07-29
5035,,49_455667500_CACEIS,1017540709,OB,OB,No-pair,fx wire,Caceis booked the fx wire for SD 12-13-2019. Integrata yet to book,1017540709,1017540709,4551456423,-590882299,2021-07-29
5036,,149_4551018409_CACEIS,1492757218,OB,OB,No-pair,fees,Caceis booked the fees for SD 09-10-2020. Integrata yet to book,1492757218,1492757218,4551456423,-590882299,2021-07-29
5037,,84_4551097416_CACEIS,1597270357,OB,OB,No-pair,fx wire,Caceis booked the fx wire for SD 11-06-2020. Integrata yet to book,1597270357,1597270357,4551456423,-590882299,2021-07-29
5038,,90_455745203_CACEIS,1132280420,OB,OB,No-pair,fx wire,Caceis booked the fx wire for SD 02-14-2020. Integrata yet to book,1132280420,1132280420,4551456423,-590882299,2021-07-29
5039,,58_455790609_CACEIS,1194036461,OB,OB,No-pair,fx wire,Caceis booked the fx wire for SD 03-20-2020. Integrata yet to book,1194036461,1194036461,4551456423,-590882299,2021-07-29
5040,,790_455862625_CACEIS,1287003357,OB,OB,No-pair,wire transfer,Caceis booked the wire transfer for SD 05-13-2020. Integrata yet to book,1287003357,1287003357,4551456423,-590882299,2021-07-29
5041,,417_455783582_CACEIS,1185159681,OB,OB,No-pair,fx wire,Caceis booked the fx wire for SD 03-16-2020. Integrata yet to book,1185159681,1185159681,4551456423,-590882299,2021-07-29
5042,,408_4551066313_CACEIS,1556876668,OB,OB,No-pair,fx wire,Caceis booked the fx wire for SD 10-15-2020. Integrata yet to book,1556876668,1556876668,4551456423,-590882299,2021-07-29
5043,,48_455808758_CACEIS,1217520379,OB,OB,No-pair,fx wire,Caceis booked the fx wire for SD 04-03-2020. Integrata yet to book,1217520379,1217520379,4551456423,-590882299,2021-07-29
5044,,2_455988469_CACEIS,1453491211,OB,OB,No-pair,wire transfer,Caceis booked the wire transfer for SD 08-17-2020. Integrata yet to book,1453491211,1453491211,4551456423,-590882299,2021-07-29
5045,,517_455822501_CACEIS,1235308054,OB,OB,No-pair,fx wire,Caceis booked the fx wire for SD 04-15-2020. Integrata yet to book,1235308054,1235308054,4551456423,-590882299,2021-07-29
5046,,67_333062_CACEIS,479846811,OB,OB,No-pair,fx wire,Caceis booked the fx wire for SD 03-15-2019. Integrata yet to book,479846811,479846811,4551456423,-590882299,2021-07-29
5047,,47_4551239617_CACEIS,1789074840,OB,OB,No-pair,fx wire,Caceis booked the fx wire for SD 02-19-2021. Integrata yet to book,1789074840,1789074840,4551456423,-590882299,2021-07-29
5048,,6_4551062436_CACEIS,1551719870,OB,OB,No-pair,wire transfer,Caceis booked the wire transfer for SD 10-09-2020. Integrata yet to book,1551719870,1551719870,4551456423,-590882299,2021-07-29
5049,,93_455862625_CACEIS,1287003100,OB,OB,No-pair,fx wire,Caceis booked the fx wire for SD 05-15-2020. Integrata yet to book,1287003100,1287003100,4551456423,-590882299,2021-07-29
5050,,33_455898221_CACEIS,1334730907,OB,OB,No-pair,fees,Caceis booked the fees for SD 06-12-2020. Integrata yet to book,1334730907,1334730907,4551456423,-590882299,2021-07-29
5051,,228_4551436806_CACEIS,2049885911,OB,OB,No-pair,fx wire,Caceis booked the fx wire for SD 07-15-2021. Integrata yet to book,2049885911,2049885911,4551456423,-590882299,2021-07-29
5052,,9_4551168254_CACEIS,1691686489,OB,OB,No-pair,wire transfer,Caceis booked the wire transfer for SD 12-28-2020. Integrata yet to book,1691686489,1691686489,4551456423,-590882299,2021-07-29
5053,,736_455862625_CACEIS,1287003224,OB,OB,No-pair,wire transfer,Caceis booked the wire transfer for SD 05-13-2020. Integrata yet to book,1287003224,1287003224,4551456423,-590882299,2021-07-29
5054,,42_455842390_CACEIS,1260634963,OB,OB,No-pair,monthend interest,Caceis booked the monthend interest for SD 05-01-2020. Integrata yet to book,1260634963,1260634963,4551456423,-590882299,2021-07-29
5055,,793_4551232906_CACEIS,1780157186,OB,OB,No-pair,fx wire,Caceis booked the fx wire for SD 02-16-2021. Integrata yet to book,1780157186,1780157186,4551456423,-590882299,2021-07-29
5056,,219_4551066313_CACEIS,1556876592,OB,OB,No-pair,fx wire,Caceis booked the fx wire for SD 10-15-2020. Integrata yet to book,1556876592,1556876592,4551456423,-590882299,2021-07-29
5057,,751_455643841_CACEIS,975323823,OB,OB,No-pair,monthend interest,Caceis booked the monthend interest for SD 10-31-2019. Integrata yet to book,975323823,975323823,4551456423,-590882299,2021-07-29
5058,,91_455846205_CACEIS,1265566710,OB,OB,No-pair,fx wire,Caceis booked the fx wire for SD 05-04-2020. Integrata yet to book,1265566710,1265566710,4551456423,-590882299,2021-07-29
5059,,518_4551149959_CACEIS,1667623318,OB,OB,No-pair,fx wire,Caceis booked the fx wire for SD 12-15-2020. Integrata yet to book,1667623318,1667623318,4551456423,-590882299,2021-07-29
5060,,22_4551315208_CACEIS,1885912665,OB,OB,No-pair,wire transfer,Caceis booked the wire transfer for SD 04-15-2021. Integrata yet to book,1885912665,1885912665,4551456423,-590882299,2021-07-29
5061,,673_455862625_CACEIS,1287002893,OB,OB,No-pair,wire transfer,Caceis booked the wire transfer for SD 05-13-2020. Integrata yet to book,1287002893,1287002893,4551456423,-590882299,2021-07-29
5062,,62_455709628_CACEIS,1085770961,OB,OB,No-pair,fx wire,Caceis booked the fx wire for SD 01-17-2020. Integrata yet to book,1085770961,1085770961,4551456423,-590882299,2021-07-29
5063,,24_455898221_CACEIS,1334730868,OB,OB,No-pair,fees,Caceis booked the fees for SD 06-12-2020. Integrata yet to book,1334730868,1334730868,4551456423,-590882299,2021-07-29
5064,,79_455963450_CACEIS,1421777829,OB,OB,No-pair,fx wire,Caceis booked the fx wire for SD 07-31-2020. Integrata yet to book,1421777829,1421777829,4551456423,-590882299,2021-07-29
5065,,52_4551313388_CACEIS,1883527798,OB,OB,No-pair,fx wire,Caceis booked the fx wire for SD 04-15-2021. Integrata yet to book,1883527798,1883527798,4551456423,-590882299,2021-07-29
5066,,16_455842390_CACEIS,1260634984,OB,OB,No-pair,monthend interest,Caceis booked the monthend interest for SD 05-01-2020. Integrata yet to book,1260634984,1260634984,4551456423,-590882299,2021-07-29
5067,,37_4551003590_CACEIS,1473426001,OB,OB,No-pair,monthend interest,Caceis booked the monthend interest for SD 09-01-2020. Integrata yet to book,1473426001,1473426001,4551456423,-590882299,2021-07-29
5068,,479_455900053_CACEIS,1336713948,OB,OB,No-pair,fx wire,Caceis booked the fx wire for SD 06-15-2020. Integrata yet to book,1336713948,1336713948,4551456423,-590882299,2021-07-29
5069,,976_455822501_CACEIS,1235308857,OB,OB,No-pair,fx wire,Caceis booked the fx wire for SD 04-15-2020. Integrata yet to book,1235308857,1235308857,4551456423,-590882299,2021-07-29
5070,,114_4551313388_CACEIS,1883527811,OB,OB,No-pair,fx wire,Caceis booked the fx wire for SD 04-15-2021. Integrata yet to book,1883527811,1883527811,4551456423,-590882299,2021-07-29
5071,,57_455667500_CACEIS,1017540710,OB,OB,No-pair,wire transfer,Caceis booked the wire transfer for SD 12-13-2019. Integrata yet to book,1017540710,1017540710,4551456423,-590882299,2021-07-29
5072,,23_4551201062_CACEIS,1734565957,OB,OB,No-pair,fx wire,Caceis booked the fx wire for SD 01-22-2021. Integrata yet to book,1734565957,1734565957,4551456423,-590882299,2021-07-29
5073,,249_4551149959_CACEIS,1667622832,OB,OB,No-pair,fx wire,Caceis booked the fx wire for SD 12-15-2020. Integrata yet to book,1667622832,1667622832,4551456423,-590882299,2021-07-29
5074,,96_455900053_CACEIS,1336713541,OB,OB,No-pair,fx wire,Caceis booked the fx wire for SD 06-15-2020. Integrata yet to book,1336713541,1336713541,4551456423,-590882299,2021-07-29
5075,,7_4551206835_CACEIS,1743521222,OB,OB,No-pair,proceeds sell,Caceis booked the proceeds sell for SD 01-27-2021. Integrata yet to book,1743521222,1743521222,4551456423,-590882299,2021-07-29
5076,,90_4551269721_CACEIS,1827473963,OB,OB,No-pair,fx wire,Caceis booked the fx wire for SD 03-15-2021. Integrata yet to book,1827473963,1827473963,4551456423,-590882299,2021-07-29
5077,,132_4551248485_CACEIS,1800039487,OB,OB,No-pair,fx wire,Caceis booked the fx wire for SD 02-26-2021. Integrata yet to book,1800039487,1800039487,4551456423,-590882299,2021-07-29
5078,,188_455706635_CACEIS,1081907273,OB,OB,No-pair,fx wire,Caceis booked the fx wire for SD 01-15-2020. Integrata yet to book,1081907273,1081907273,4551456423,-590882299,2021-07-29
5079,,36_455516633_CACEIS,760048610,OB,OB,No-pair,fx wire,Caceis booked the fx wire for SD 08-16-2019. Integrata yet to book,760048610,760048610,4551456423,-590882299,2021-07-29
5080,,100_455688261_CACEIS,1053516689,OB,OB,No-pair,fx wire,Caceis booked the fx wire for SD 12-31-2019. Integrata yet to book,1053516689,1053516689,4551456423,-590882299,2021-07-29
5081,,481_455985296_CACEIS,1449582245,OB,OB,No-pair,fx wire,Caceis booked the fx wire for SD 08-17-2020. Integrata yet to book,1449582245,1449582245,4551456423,-590882299,2021-07-29
5082,,49_455554115_CACEIS,824384953,OB,OB,No-pair,fx wire,Caceis booked the fx wire for SD 09-17-2019. Integrata yet to book,824384953,824384953,4551456423,-590882299,2021-07-29
5083,,740_4551232906_CACEIS,1780157174,OB,OB,No-pair,fx wire,Caceis booked the fx wire for SD 02-16-2021. Integrata yet to book,1780157174,1780157174,4551456423,-590882299,2021-07-29
5084,,132_455688261_CACEIS,1053516745,OB,OB,No-pair,monthend interest,Caceis booked the monthend interest for SD 01-01-2020. Integrata yet to book,1053516745,1053516745,4551456423,-590882299,2021-07-29
5085,,1311_455643841_CACEIS,975324383,OB,OB,No-pair,fx wire,Caceis booked the fx wire for SD 11-15-2019. Integrata yet to book,975324383,975324383,4551456423,-590882299,2021-07-29
5086,,11_4551044906_CACEIS,1528403636,OB,OB,No-pair,monthend interest,Caceis booked the monthend interest for SD 10-01-2020. Integrata yet to book,1528403636,1528403636,4551456423,-590882299,2021-07-29
5087,,73_455669415_CACEIS,1020661901,OB,OB,No-pair,fx wire,Caceis booked the fx wire for SD 12-16-2019. Integrata yet to book,1020661901,1020661901,4551456423,-590882299,2021-07-29
5088,,735_455862625_CACEIS,1287003167,OB,OB,No-pair,wire transfer,Caceis booked the wire transfer for SD 05-13-2020. Integrata yet to book,1287003167,1287003167,4551456423,-590882299,2021-07-29
5089,,476_4551109218_CACEIS,1613287014,OB,OB,No-pair,fx wire,Caceis booked the fx wire for SD 11-16-2020. Integrata yet to book,1613287014,1613287014,4551456423,-590882299,2021-07-29
5090,,7_4551450423_CACEIS,2066372843,OB,OB,No-pair,wire transfer,Caceis booked the wire transfer for SD 07-26-2021. Integrata yet to book,2066372843,2066372843,4551456423,-590882299,2021-07-29
5091,,109_455748445_CACEIS,1136275046,OB,OB,No-pair,fx wire,Caceis booked the fx wire for SD 02-18-2020. Integrata yet to book,1136275046,1136275046,4551456423,-590882299,2021-07-29
5092,,12_4551174457_CACEIS,1699762784,OB,OB,No-pair,fx wire,Caceis booked the fx wire for SD 01-04-2021. Integrata yet to book,1699762784,1699762784,4551456423,-590882299,2021-07-29
5093,,19_4551157661_CACEIS,1677770293,OB,OB,No-pair,proceeds sell,Caceis booked the proceeds sell for SD 12-21-2020. Integrata yet to book,1677770293,1677770293,4551456423,-590882299,2021-07-29
5094,,144_4551248485_CACEIS,1800039466,OB,OB,No-pair,wire transfer,Caceis booked the wire transfer for SD 02-26-2021. Integrata yet to book,1800039466,1800039466,4551456423,-590882299,2021-07-29
5095,,17_455898221_CACEIS,1334730799,OB,OB,No-pair,fees,Caceis booked the fees for SD 06-12-2020. Integrata yet to book,1334730799,1334730799,4551456423,-590882299,2021-07-29
5096,,51_455605017_CACEIS,907407203,OB,OB,No-pair,wire transfer,Caceis booked the wire transfer for SD 10-25-2019. Integrata yet to book,907407203,907407203,4551456423,-590882299,2021-07-29
5097,,129_455726980_CACEIS,1107942537,OB,OB,No-pair,fx wire,Caceis booked the fx wire for SD 01-31-2020. Integrata yet to book,1107942537,1107942537,4551456423,-590882299,2021-07-29
5098,,782_455643841_CACEIS,975323854,OB,OB,No-pair,fx wire,Caceis booked the fx wire for SD 11-01-2019. Integrata yet to book,975323854,975323854,4551456423,-590882299,2021-07-29
5099,,449_455783582_CACEIS,1185159605,OB,OB,No-pair,fx wire,Caceis booked the fx wire for SD 03-16-2020. Integrata yet to book,1185159605,1185159605,4551456423,-590882299,2021-07-29
5100,,73_4551248485_CACEIS,1800039532,OB,OB,No-pair,fx wire,Caceis booked the fx wire for SD 02-26-2021. Integrata yet to book,1800039532,1800039532,4551456423,-590882299,2021-07-29
5101,,418_4551023983_CACEIS,1500214161,OB,OB,No-pair,fx wire,Caceis booked the fx wire for SD 09-15-2020. Integrata yet to book,1500214161,1500214161,4551456423,-590882299,2021-07-29
5102,,550_4551149959_CACEIS,1667623266,OB,OB,No-pair,fx wire,Caceis booked the fx wire for SD 12-15-2020. Integrata yet to book,1667623266,1667623266,4551456423,-590882299,2021-07-29
5103,,25_4551157661_CACEIS,1677770295,OB,OB,No-pair,proceeds sell,Caceis booked the proceeds sell for SD 12-21-2020. Integrata yet to book,1677770295,1677770295,4551456423,-590882299,2021-07-29
5104,,246_455783582_CACEIS,1185159352,OB,OB,No-pair,fx wire,Caceis booked the fx wire for SD 03-16-2020. Integrata yet to book,1185159352,1185159352,4551456423,-590882299,2021-07-29
5105,,15_455907521_CACEIS,1347197304,OB,OB,No-pair,fx wire,Caceis booked the fx wire for SD 06-19-2020. Integrata yet to book,1347197304,1347197304,4551456423,-590882299,2021-07-29
5106,,61_455920273_CACEIS,1364559777,OB,OB,No-pair,monthend interest,Caceis booked the monthend interest for SD 07-01-2020. Integrata yet to book,1364559777,1364559777,4551456423,-590882299,2021-07-29
5107,,97_4551066313_CACEIS,1556876387,OB,OB,No-pair,fx wire,Caceis booked the fx wire for SD 10-15-2020. Integrata yet to book,1556876387,1556876387,4551456423,-590882299,2021-07-29
5108,,2_455487414_CACEIS,709535355,OB,OB,No-pair,proceeds sell,Caceis booked the proceeds sell for SD 07-24-2019. Integrata yet to book,709535355,709535355,4551456423,-590882299,2021-07-29
5109,,5_455506286_CACEIS,741867040,OB,OB,No-pair,fees,Caceis booked the fees for SD 08-07-2019. Integrata yet to book,741867040,741867040,4551456423,-590882299,2021-07-29
5110,,17_455907521_CACEIS,1347197327,OB,OB,No-pair,fx wire,Caceis booked the fx wire for SD 06-19-2020. Integrata yet to book,1347197327,1347197327,4551456423,-590882299,2021-07-29
5111,,10_4551372778_CACEIS,1969041952,OB,OB,No-pair,fx wire,Caceis booked the fx wire for SD 05-28-2021. Integrata yet to book,1969041952,1969041952,4551456423,-590882299,2021-07-29
5112,,55_455822501_CACEIS,1235307915,OB,OB,No-pair,fx wire,Caceis booked the fx wire for SD 04-15-2020. Integrata yet to book,1235307915,1235307915,4551456423,-590882299,2021-07-29
5113,,41_455808758_CACEIS,1217520382,OB,OB,No-pair,fx wire,Caceis booked the fx wire for SD 04-03-2020. Integrata yet to book,1217520382,1217520382,4551456423,-590882299,2021-07-29
5114,,19_455653046_CACEIS,992798692,OB,OB,No-pair,wire transfer,Caceis booked the wire transfer for SD 12-19-2018. Integrata yet to book,992798692,992798692,4551456423,-590882299,2021-07-29
5115,,6_455820754_CACEIS,1233177712,OB,OB,No-pair,fees,Caceis booked the fees for SD 04-14-2020. Integrata yet to book,1233177712,1233177712,4551456423,-590882299,2021-07-29
5116,,15_455898221_CACEIS,1334730774,OB,OB,No-pair,fees,Caceis booked the fees for SD 06-12-2020. Integrata yet to book,1334730774,1334730774,4551456423,-590882299,2021-07-29
5117,,20_4551362459_CACEIS,1953424882,OB,OB,No-pair,fx wire,Caceis booked the fx wire for SD 05-21-2021. Integrata yet to book,1953424882,1953424882,4551456423,-590882299,2021-07-29
5118,,59_4551023983_CACEIS,1500213864,OB,OB,No-pair,fx wire,Caceis booked the fx wire for SD 09-15-2020. Integrata yet to book,1500213864,1500213864,4551456423,-590882299,2021-07-29
5119,,1343_455643841_CACEIS,975324415,OB,OB,No-pair,fx wire,Caceis booked the fx wire for SD 11-15-2019. Integrata yet to book,975324415,975324415,4551456423,-590882299,2021-07-29
5120,,24_4551334292_CACEIS,1911737205,OB,OB,No-pair,monthend interest,Caceis booked the monthend interest for SD 05-01-2021. Integrata yet to book,1911737205,1911737205,4551456423,-590882299,2021-07-29
5121,,241_4551354754_CACEIS,1942399687,OB,OB,No-pair,fx wire,Caceis booked the fx wire for SD 05-17-2021. Integrata yet to book,1942399687,1942399687,4551456423,-590882299,2021-07-29
5122,,14_4551134044_CACEIS,1646944682,OB,OB,No-pair,wire transfer,Caceis booked the wire transfer for SD 12-02-2020. Integrata yet to book,1646944682,1646944682,4551456423,-590882299,2021-07-29
5123,,21_349816_CACEIS,505077758,OB,OB,No-pair,fx wire,Caceis booked the fx wire for SD 03-29-2019. Integrata yet to book,505077758,505077758,4551456423,-590882299,2021-07-29
5124,,192_4551210754_CACEIS,1748958341,OB,OB,No-pair,fx wire,Caceis booked the fx wire for SD 01-29-2021. Integrata yet to book,1748958341,1748958341,4551456423,-590882299,2021-07-29
5125,,117_4551229444_CACEIS,1775243164,OB,OB,No-pair,fx wire,Caceis booked the fx wire for SD 02-12-2021. Integrata yet to book,1775243164,1775243164,4551456423,-590882299,2021-07-29
5126,,1_4551020261_CACEIS,1495478225,OB,OB,No-pair,fx wire,Caceis booked the fx wire for SD 09-11-2020. Integrata yet to book,1495478225,1495478225,4551456423,-590882299,2021-07-29
5127,,11_455570278_CACEIS,849574825,OB,OB,No-pair,monthend interest,Caceis booked the monthend interest for SD 10-01-2019. Integrata yet to book,849574825,849574825,4551456423,-590882299,2021-07-29
5128,,87_4551097416_CACEIS,1597270315,OB,OB,No-pair,fx wire,Caceis booked the fx wire for SD 11-06-2020. Integrata yet to book,1597270315,1597270315,4551456423,-590882299,2021-07-29
5129,,290_4551191593_CACEIS,1722905254,OB,OB,No-pair,fx wire,Caceis booked the fx wire for SD 01-15-2021. Integrata yet to book,1722905254,1722905254,4551456423,-590882299,2021-07-29
5130,,55_455748445_CACEIS,1136275183,OB,OB,No-pair,fx wire,Caceis booked the fx wire for SD 02-18-2020. Integrata yet to book,1136275183,1136275183,4551456423,-590882299,2021-07-29
5131,,426_4551191593_CACEIS,1722905434,OB,OB,No-pair,fx wire,Caceis booked the fx wire for SD 01-15-2021. Integrata yet to book,1722905434,1722905434,4551456423,-590882299,2021-07-29
5132,,71_4551127906_CACEIS,1637981964,OB,OB,No-pair,monthend interest,Caceis booked the monthend interest for SD 12-01-2020. Integrata yet to book,1637981964,1637981964,4551456423,-590882299,2021-07-29
5133,,21_455541826_CACEIS,801870169,OB,OB,No-pair,fx wire,Caceis booked the fx wire for SD 09-06-2019. Integrata yet to book,801870169,801870169,4551456423,-590882299,2021-07-29
5134,,5_455907521_CACEIS,1347197206,OB,OB,No-pair,wire transfer,Caceis booked the wire transfer for SD 06-04-2020. Integrata yet to book,1347197206,1347197206,4551456423,-590882299,2021-07-29
5135,,8_4551048988_CACEIS,1533696932,OB,OB,No-pair,fx wire,Caceis booked the fx wire for SD 10-02-2020. Integrata yet to book,1533696932,1533696932,4551456423,-590882299,2021-07-29
5136,,164_455693832_CACEIS,1063035248,OB,OB,No-pair,fx wire,Caceis booked the fx wire for SD 01-06-2020. Integrata yet to book,1063035248,1063035248,4551456423,-590882299,2021-07-29
5137,,53_455726980_CACEIS,1107942592,OB,OB,No-pair,monthend interest,Caceis booked the monthend interest for SD 02-01-2020. Integrata yet to book,1107942592,1107942592,4551456423,-590882299,2021-07-29
5138,,201_4551232906_CACEIS,1780156566,OB,OB,No-pair,fx wire,Caceis booked the fx wire for SD 02-16-2021. Integrata yet to book,1780156566,1780156566,4551456423,-590882299,2021-07-29
5139,,40_4551155693_CACEIS,1675163259,OB,OB,No-pair,fx wire,Caceis booked the fx wire for SD 12-18-2020. Integrata yet to book,1675163259,1675163259,4551456423,-590882299,2021-07-29
5140,,72_455726980_CACEIS,1107942528,OB,OB,No-pair,monthend interest,Caceis booked the monthend interest for SD 02-01-2020. Integrata yet to book,1107942528,1107942528,4551456423,-590882299,2021-07-29
5141,,304_455706635_CACEIS,1081907686,OB,OB,No-pair,fx wire,Caceis booked the fx wire for SD 01-15-2020. Integrata yet to book,1081907686,1081907686,4551456423,-590882299,2021-07-29
5142,,93_455748445_CACEIS,1136275141,OB,OB,No-pair,fx wire,Caceis booked the fx wire for SD 02-18-2020. Integrata yet to book,1136275141,1136275141,4551456423,-590882299,2021-07-29
5143,,96_455862625_CACEIS,1287003079,OB,OB,No-pair,fx wire,Caceis booked the fx wire for SD 05-15-2020. Integrata yet to book,1287003079,1287003079,4551456423,-590882299,2021-07-29
5144,,660_455862625_CACEIS,1287003054,OB,OB,No-pair,wire transfer,Caceis booked the wire transfer for SD 05-13-2020. Integrata yet to book,1287003054,1287003054,4551456423,-590882299,2021-07-29
5145,,383_455862625_CACEIS,1287003610,OB,OB,No-pair,fx wire,Caceis booked the fx wire for SD 05-15-2020. Integrata yet to book,1287003610,1287003610,4551456423,-590882299,2021-07-29
5146,,527_4551109218_CACEIS,1613287194,OB,OB,No-pair,fx wire,Caceis booked the fx wire for SD 11-16-2020. Integrata yet to book,1613287194,1613287194,4551456423,-590882299,2021-07-29
5147,,166_455822501_CACEIS,1235308223,OB,OB,No-pair,fx wire,Caceis booked the fx wire for SD 04-15-2020. Integrata yet to book,1235308223,1235308223,4551456423,-590882299,2021-07-29
5148,,175_4551248485_CACEIS,1800039372,OB,OB,No-pair,fx wire,Caceis booked the fx wire for SD 02-26-2021. Integrata yet to book,1800039372,1800039372,4551456423,-590882299,2021-07-29
5149,,34_4551299798_CACEIS,1866915117,OB,OB,No-pair,wire transfer,Caceis booked the wire transfer for SD 04-06-2021. Integrata yet to book,1866915117,1866915117,4551456423,-590882299,2021-07-29
5150,,382_455822501_CACEIS,1235308367,OB,OB,No-pair,fx wire,Caceis booked the fx wire for SD 04-15-2020. Integrata yet to book,1235308367,1235308367,4551456423,-590882299,2021-07-29
5151,,46_4551011052_CACEIS,1483359782,OB,OB,No-pair,fx wire,Caceis booked the fx wire for SD 09-04-2020. Integrata yet to book,1483359782,1483359782,4551456423,-590882299,2021-07-29
5152,,339_455900053_CACEIS,1336713788,OB,OB,No-pair,fx wire,Caceis booked the fx wire for SD 06-15-2020. Integrata yet to book,1336713788,1336713788,4551456423,-590882299,2021-07-29
5153,,6_4551248485_CACEIS,1800039351,OB,OB,No-pair,fx wire,Caceis booked the fx wire for SD 02-26-2021. Integrata yet to book,1800039351,1800039351,4551456423,-590882299,2021-07-29
5154,,389_455822501_CACEIS,1235307700,OB,OB,No-pair,fees,Caceis booked the fees for SD 04-14-2020. Integrata yet to book,1235307700,1235307700,4551456423,-590882299,2021-07-29
5155,1_4551360527_Integrata,,1950420215,OB,OB,No-pair,wire transfer,Integrata booked the AUM plug for SD 05-19-2021.Caceis yet to book.,1950420215,1950420215,4551456423,-590882299,2021-07-29
5156,,226_4551210754_CACEIS,1748958264,OB,OB,No-pair,monthend interest,Caceis booked the monthend interest for SD 02-01-2021. Integrata yet to book,1748958264,1748958264,4551456423,-590882299,2021-07-29
5157,2_4551289089_Integrata,,1852875967,OB,OB,No-pair,wire transfer,Integrata booked the AUM plug for SD 03-26-2021.Caceis yet to book.,1852875967,1852875967,4551456423,-590882299,2021-07-29
5158,,78_455669415_CACEIS,1020661859,OB,OB,No-pair,fx wire,Caceis booked the fx wire for SD 12-16-2019. Integrata yet to book,1020661859,1020661859,4551456423,-590882299,2021-07-29
5159,,388_455822501_CACEIS,1235307696,OB,OB,No-pair,fees,Caceis booked the fees for SD 04-14-2020. Integrata yet to book,1235307696,1235307696,4551456423,-590882299,2021-07-29
5160,,89_4551097416_CACEIS,1597270348,OB,OB,No-pair,fx wire,Caceis booked the fx wire for SD 11-06-2020. Integrata yet to book,1597270348,1597270348,4551456423,-590882299,2021-07-29
5161,,68_455590588_CACEIS,883858383,OB,OB,No-pair,fx wire,Caceis booked the fx wire for SD 10-15-2019. Integrata yet to book,883858383,883858383,4551456423,-590882299,2021-07-29
5162,,22_455826113_CACEIS,1239393702,OB,OB,No-pair,wire transfer,Caceis booked the wire transfer for SD 04-17-2020. Integrata yet to book,1239393702,1239393702,4551456423,-590882299,2021-07-29
5163,,160_4551232906_CACEIS,1780156524,OB,OB,No-pair,fx wire,Caceis booked the fx wire for SD 02-16-2021. Integrata yet to book,1780156524,1780156524,4551456423,-590882299,2021-07-29
5164,1_4551443076_Integrata,,2057295845,OB,OB,No-pair,wire transfer,Integrata booked the AUM plug for SD 07-19-2021.Caceis yet to book.,2057295845,2057295845,4551456423,-590882299,2021-07-29
5165,,165_455693832_CACEIS,1063035257,OB,OB,No-pair,fx wire,Caceis booked the fx wire for SD 01-06-2020. Integrata yet to book,1063035257,1063035257,4551456423,-590882299,2021-07-29
5166,,87_4551232906_CACEIS,1780156384,OB,OB,No-pair,fx wire,Caceis booked the fx wire for SD 02-16-2021. Integrata yet to book,1780156384,1780156384,4551456423,-590882299,2021-07-29
5167,,22_455874345_CACEIS,1302176811,OB,OB,No-pair,wire transfer,Caceis booked the wire transfer for SD 05-26-2020. Integrata yet to book,1302176811,1302176811,4551456423,-590882299,2021-07-29
5168,,49_455782293_CACEIS,1183562991,OB,OB,No-pair,fx wire,Caceis booked the fx wire for SD 03-13-2020. Integrata yet to book,1183562991,1183562991,4551456423,-590882299,2021-07-29
5169,14_4551258322_Integrata,,1812652657,OB,OB,No-pair,wire transfer,Integrata booked the AUM plug for SD 03-04-2021.Caceis yet to book.,1812652657,1812652657,4551456423,-590882299,2021-07-29
5170,,168_4551144082_CACEIS,1659707033,OB,OB,No-pair,wire transfer,Caceis booked the wire transfer for SD 12-10-2020. Integrata yet to book,1659707033,1659707033,4551456423,-590882299,2021-07-29
5171,,33_4551066313_CACEIS,1556876294,OB,OB,No-pair,fx wire,Caceis booked the fx wire for SD 10-15-2020. Integrata yet to book,1556876294,1556876294,4551456423,-590882299,2021-07-29
5172,,50_455900053_CACEIS,1336713460,OB,OB,No-pair,fx wire,Caceis booked the fx wire for SD 06-15-2020. Integrata yet to book,1336713460,1336713460,4551456423,-590882299,2021-07-29
5173,3_4551392792_Integrata,,1994925023,OB,OB,No-pair,wire transfer,Integrata booked the AUM plug for SD 06-11-2021.Caceis yet to book.,1994925023,1994925023,4551456423,-590882299,2021-07-29
5174,7_4551388882_Integrata,,1989667567,OB,OB,No-pair,wire transfer,Integrata booked the AUM plug for SD 06-09-2021.Caceis yet to book.,1989667567,1989667567,4551456423,-590882299,2021-07-29
5175,1_4551305829_Integrata,,1874140991,OB,OB,No-pair,fx wire,Integrata booked the fx wire for SD 03-10-2021.Caceis yet to book.,1874140991,1874140991,4551456423,-590882299,2021-07-29
5176,4_333062_Integrata,,479846726,OB,OB,No-pair,wire transfer,Integrata booked the Miscellaneous for SD 03-13-2019.Caceis yet to book.,479846726,479846726,4551456423,-590882299,2021-07-29
5177,,4_455526948_CACEIS,777272587,OB,OB,No-pair,proceeds sell,Caceis booked the proceeds sell for SD 08-26-2019. Integrata yet to book,777272587,777272587,4551456423,-590882299,2021-07-29
5178,,19_4551171343_CACEIS,1696929218,OB,OB,No-pair,monthend interest,Caceis booked the monthend interest for SD 01-01-2021. Integrata yet to book,1696929218,1696929218,4551456423,-590882299,2021-07-29
5179,,432_455822501_CACEIS,1235307729,OB,OB,No-pair,fees,Caceis booked the fees for SD 04-14-2020. Integrata yet to book,1235307729,1235307729,4551456423,-590882299,2021-07-29
5180,,34_455985296_CACEIS,1449581835,OB,OB,No-pair,fx wire,Caceis booked the fx wire for SD 08-17-2020. Integrata yet to book,1449581835,1449581835,4551456423,-590882299,2021-07-29
5181,,161_455900053_CACEIS,1336713353,OB,OB,No-pair,wire transfer,Caceis booked the wire transfer for SD 06-15-2020. Integrata yet to book,1336713353,1336713353,4551456423,-590882299,2021-07-29
5182,,112_455934920_CACEIS,1383926698,OB,OB,No-pair,wire transfer,Caceis booked the wire transfer for SD 07-10-2020. Integrata yet to book,1383926698,1383926698,4551456423,-590882299,2021-07-29
5183,2_4551430779_Integrata,,2043021911,OB,OB,No-pair,wire transfer,Integrata booked the AUM plug for SD 07-09-2021.Caceis yet to book.,2043021911,2043021911,4551456423,-590882299,2021-07-29
5184,52_4551085502_Integrata,,1581818039,OB,OB,No-pair,wire transfer,Integrata booked the wire transfer for SD 10-27-2020.Caceis yet to book.,1581818039,1581818039,4551456423,-590882299,2021-07-29
5185,26_4551085502_Integrata,,1581818072,OB,OB,No-pair,wire transfer,Integrata booked the wire transfer for SD 10-27-2020.Caceis yet to book.,1581818072,1581818072,4551456423,-590882299,2021-07-29
5186,,1_455561174_CACEIS,835812157,OB,OB,No-pair,wire transfer,Caceis booked the wire transfer for SD 09-23-2019. Integrata yet to book,835812157,835812157,4551456423,-590882299,2021-07-29
5187,28_4551085502_Integrata,,1581818081,OB,OB,No-pair,wire transfer,Integrata booked the wire transfer for SD 10-27-2020.Caceis yet to book.,1581818081,1581818081,4551456423,-590882299,2021-07-29
5188,5_4551203153_Integrata,,1737813336,OB,OB,No-pair,wire transfer,Integrata booked the AUM plug for SD 01-21-2021.Caceis yet to book.,1737813336,1737813336,4551456423,-590882299,2021-07-29
5189,26_4551398589_Integrata,,2002008736,OB,OB,No-pair,wire transfer,Integrata booked the AUM plug for SD 06-16-2021.Caceis yet to book.,2002008736,2002008736,4551456423,-590882299,2021-07-29
5190,6_455614192_Integrata,,925287774,OB,OB,No-pair,wire transfer,Integrata booked the wire transfer for SD 10-31-2019.Caceis yet to book.,925287774,925287774,4551456423,-590882299,2021-07-29
5191,,279_4551191593_CACEIS,1722905348,OB,OB,No-pair,fx wire,Caceis booked the fx wire for SD 01-15-2021. Integrata yet to book,1722905348,1722905348,4551456423,-590882299,2021-07-29
5192,11_4551085502_Integrata,,1581818053,OB,OB,No-pair,wire transfer,Integrata booked the wire transfer for SD 10-27-2020.Caceis yet to book.,1581818053,1581818053,4551456423,-590882299,2021-07-29
5193,1_4551216613_Integrata,,1756801983,OB,OB,No-pair,wire transfer,Integrata booked the AUM plug for SD 02-02-2021.Caceis yet to book.,1756801983,1756801983,4551456423,-590882299,2021-07-29
5194,7_4551305829_Integrata,,1874141000,OB,OB,No-pair,wire transfer,Integrata booked the Net Sub/Red for SD 04-08-2021.Caceis yet to book.,1874141000,1874141000,4551456423,-590882299,2021-07-29
5195,2_4551368140_Integrata,,1961246650,OB,OB,No-pair,wire transfer,Integrata booked the AUM plug for SD 05-25-2021.Caceis yet to book.,1961246650,1961246650,4551456423,-590882299,2021-07-29
5196,,47_4551246640_CACEIS,1797846212,OB,OB,No-pair,monthend interest,Caceis booked the monthend interest for SD 02-26-2021. Integrata yet to book,1797846212,1797846212,4551456423,-590882299,2021-07-29
5197,,163_4551232906_CACEIS,1780156514,OB,OB,No-pair,fx wire,Caceis booked the fx wire for SD 02-16-2021. Integrata yet to book,1780156514,1780156514,4551456423,-590882299,2021-07-29
5198,,415_4551232906_CACEIS,1780156846,OB,OB,No-pair,fx wire,Caceis booked the fx wire for SD 02-16-2021. Integrata yet to book,1780156846,1780156846,4551456423,-590882299,2021-07-29
5199,,36_4551171343_CACEIS,1696929222,OB,OB,No-pair,monthend interest,Caceis booked the monthend interest for SD 01-01-2021. Integrata yet to book,1696929222,1696929222,4551456423,-590882299,2021-07-29
5200,,22_4551299798_CACEIS,1866915156,OB,OB,No-pair,wire transfer,Caceis booked the wire transfer for SD 04-06-2021. Integrata yet to book,1866915156,1866915156,4551456423,-590882299,2021-07-29
5201,,7_455406737_CACEIS,587037301,OB,OB,No-pair,wire transfer,Caceis booked the wire transfer for SD 05-16-2019. Integrata yet to book,587037301,587037301,4551456423,-590882299,2021-07-29
5202,,160_455900053_CACEIS,1336713501,OB,OB,No-pair,fx wire,Caceis booked the fx wire for SD 06-15-2020. Integrata yet to book,1336713501,1336713501,4551456423,-590882299,2021-07-29
5203,,26_455663909_CACEIS,1011570643,OB,OB,No-pair,wire transfer,Caceis booked the wire transfer for SD 12-11-2019. Integrata yet to book,1011570643,1011570643,4551456423,-590882299,2021-07-29
5204,,339_455643841_CACEIS,975323411,OB,OB,No-pair,fx wire,Caceis booked the fx wire for SD 11-15-2019. Integrata yet to book,975323411,975323411,4551456423,-590882299,2021-07-29
5205,,398_4551023983_CACEIS,1500214206,OB,OB,No-pair,fx wire,Caceis booked the fx wire for SD 09-15-2020. Integrata yet to book,1500214206,1500214206,4551456423,-590882299,2021-07-29
5206,,19_4551224321_CACEIS,1767692359,OB,OB,No-pair,monthend interest,Caceis booked the monthend interest for SD 02-10-2021. Integrata yet to book,1767692359,1767692359,4551456423,-590882299,2021-07-29
5207,,89_4551313388_CACEIS,1883527766,OB,OB,No-pair,fx wire,Caceis booked the fx wire for SD 04-15-2021. Integrata yet to book,1883527766,1883527766,4551456423,-590882299,2021-07-29
5208,,288_455748445_CACEIS,1136275279,OB,OB,No-pair,fx wire,Caceis booked the fx wire for SD 02-18-2020. Integrata yet to book,1136275279,1136275279,4551456423,-590882299,2021-07-29
5209,,144_4551232906_CACEIS,1780156617,OB,OB,No-pair,fx wire,Caceis booked the fx wire for SD 02-16-2021. Integrata yet to book,1780156617,1780156617,4551456423,-590882299,2021-07-29
5210,,15_252450_CACEIS,338978041,OB,OB,No-pair,monthend interest,Caceis booked the monthend interest for SD 01-01-2019. Integrata yet to book,338978041,338978041,4551456423,-590882299,2021-07-29
5211,,479_455985296_CACEIS,1449582235,OB,OB,No-pair,fx wire,Caceis booked the fx wire for SD 08-17-2020. Integrata yet to book,1449582235,1449582235,4551456423,-590882299,2021-07-29
5212,,139_455726980_CACEIS,1107942546,OB,OB,No-pair,fx wire,Caceis booked the fx wire for SD 01-31-2020. Integrata yet to book,1107942546,1107942546,4551456423,-590882299,2021-07-29
5213,,295_455706635_CACEIS,1081907491,OB,OB,No-pair,fx wire,Caceis booked the fx wire for SD 01-15-2020. Integrata yet to book,1081907491,1081907491,4551456423,-590882299,2021-07-29
5214,,155_455934920_CACEIS,1383926697,OB,OB,No-pair,wire transfer,Caceis booked the wire transfer for SD 07-10-2020. Integrata yet to book,1383926697,1383926697,4551456423,-590882299,2021-07-29
5215,,40_455736646_CACEIS,1120326818,OB,OB,No-pair,fx wire,Caceis booked the fx wire for SD 02-07-2020. Integrata yet to book,1120326818,1120326818,4551456423,-590882299,2021-07-29
5216,,131_4551436806_CACEIS,2049885791,OB,OB,No-pair,fx wire,Caceis booked the fx wire for SD 07-15-2021. Integrata yet to book,2049885791,2049885791,4551456423,-590882299,2021-07-29
5217,,193_4551232906_CACEIS,1780156427,OB,OB,No-pair,fx wire,Caceis booked the fx wire for SD 02-16-2021. Integrata yet to book,1780156427,1780156427,4551456423,-590882299,2021-07-29
5218,,124_4551239617_CACEIS,1789074847,OB,OB,No-pair,fx wire,Caceis booked the fx wire for SD 02-19-2021. Integrata yet to book,1789074847,1789074847,4551456423,-590882299,2021-07-29
5219,,50_455934920_CACEIS,1383926650,OB,OB,No-pair,wire transfer,Caceis booked the wire transfer for SD 07-10-2020. Integrata yet to book,1383926650,1383926650,4551456423,-590882299,2021-07-29
5220,,159_4551144082_CACEIS,1659707030,OB,OB,No-pair,wire transfer,Caceis booked the wire transfer for SD 12-10-2020. Integrata yet to book,1659707030,1659707030,4551456423,-590882299,2021-07-29
5221,,196_455590588_CACEIS,883858597,OB,OB,No-pair,fx wire,Caceis booked the fx wire for SD 10-15-2019. Integrata yet to book,883858597,883858597,4551456423,-590882299,2021-07-29
5222,,20_455649350_CACEIS,985331648,OB,OB,No-pair,monthend interest,Caceis booked the monthend interest for SD 12-01-2019. Integrata yet to book,985331648,985331648,4551456423,-590882299,2021-07-29
5223,,389_455590588_CACEIS,883858715,OB,OB,No-pair,fx wire,Caceis booked the fx wire for SD 10-15-2019. Integrata yet to book,883858715,883858715,4551456423,-590882299,2021-07-29
5224,,13_4551289089_CACEIS,1852875970,OB,OB,No-pair,wire transfer,Caceis booked the wire transfer for SD 03-29-2021. Integrata yet to book,1852875970,1852875970,4551456423,-590882299,2021-07-29
5225,,143_4551191593_CACEIS,1722905203,OB,OB,No-pair,fx wire,Caceis booked the fx wire for SD 01-15-2021. Integrata yet to book,1722905203,1722905203,4551456423,-590882299,2021-07-29
5226,,2_455944496_CACEIS,1396484589,OB,OB,No-pair,fx wire,Caceis booked the fx wire for SD 07-17-2020. Integrata yet to book,1396484589,1396484589,4551456423,-590882299,2021-07-29
5227,,8_455842390_CACEIS,1260634956,OB,OB,No-pair,monthend interest,Caceis booked the monthend interest for SD 05-01-2020. Integrata yet to book,1260634956,1260634956,4551456423,-590882299,2021-07-29
5228,,266_4551436806_CACEIS,2049885998,OB,OB,No-pair,fx wire,Caceis booked the fx wire for SD 07-15-2021. Integrata yet to book,2049885998,2049885998,4551456423,-590882299,2021-07-29
5229,,773_455643841_CACEIS,975323845,OB,OB,No-pair,fx wire,Caceis booked the fx wire for SD 11-01-2019. Integrata yet to book,975323845,975323845,4551456423,-590882299,2021-07-29
5230,,68_455669415_CACEIS,1020661882,OB,OB,No-pair,fx wire,Caceis booked the fx wire for SD 12-16-2019. Integrata yet to book,1020661882,1020661882,4551456423,-590882299,2021-07-29
5231,,54_455985296_CACEIS,1449581746,OB,OB,No-pair,fx wire,Caceis booked the fx wire for SD 08-17-2020. Integrata yet to book,1449581746,1449581746,4551456423,-590882299,2021-07-29
5232,,78_455934920_CACEIS,1383926724,OB,OB,No-pair,wire transfer,Caceis booked the wire transfer for SD 07-10-2020. Integrata yet to book,1383926724,1383926724,4551456423,-590882299,2021-07-29
5233,,8_455416215_CACEIS,599999212,OB,OB,No-pair,fx wire,Caceis booked the fx wire for SD 05-24-2019. Integrata yet to book,599999212,599999212,4551456423,-590882299,2021-07-29
5234,,66_4551191593_CACEIS,1722905177,OB,OB,No-pair,fx wire,Caceis booked the fx wire for SD 01-15-2021. Integrata yet to book,1722905177,1722905177,4551456423,-590882299,2021-07-29
5235,,67_4551145900_CACEIS,1662179011,OB,OB,No-pair,fx wire,Caceis booked the fx wire for SD 12-11-2020. Integrata yet to book,1662179011,1662179011,4551456423,-590882299,2021-07-29
5236,,380_455985296_CACEIS,1449582094,OB,OB,No-pair,fx wire,Caceis booked the fx wire for SD 08-17-2020. Integrata yet to book,1449582094,1449582094,4551456423,-590882299,2021-07-29
5237,,437_4551149959_CACEIS,1667623406,OB,OB,No-pair,fx wire,Caceis booked the fx wire for SD 12-15-2020. Integrata yet to book,1667623406,1667623406,4551456423,-590882299,2021-07-29
5238,,436_455783582_CACEIS,1185159734,OB,OB,No-pair,fx wire,Caceis booked the fx wire for SD 03-16-2020. Integrata yet to book,1185159734,1185159734,4551456423,-590882299,2021-07-29
5239,,28_455755745_CACEIS,1145540683,OB,OB,No-pair,wire transfer,Caceis booked the wire transfer for SD 02-24-2020. Integrata yet to book,1145540683,1145540683,4551456423,-590882299,2021-07-29
5240,,40_455783582_CACEIS,1185159290,OB,OB,No-pair,fx wire,Caceis booked the fx wire for SD 03-16-2020. Integrata yet to book,1185159290,1185159290,4551456423,-590882299,2021-07-29
5241,,56_455940640_CACEIS,1391596025,OB,OB,No-pair,fx wire,Caceis booked the fx wire for SD 07-15-2020. Integrata yet to book,1391596025,1391596025,4551456423,-590882299,2021-07-29
5242,,460_455822501_CACEIS,1235308378,OB,OB,No-pair,fx wire,Caceis booked the fx wire for SD 04-15-2020. Integrata yet to book,1235308378,1235308378,4551456423,-590882299,2021-07-29
5243,,150_455978912_CACEIS,1441832246,OB,OB,No-pair,fees,Caceis booked the fees for SD 08-12-2020. Integrata yet to book,1441832246,1441832246,4551456423,-590882299,2021-07-29
5244,,8_455469998_CACEIS,680605616,OB,OB,No-pair,wire transfer,Caceis booked the wire transfer for SD 07-10-2019. Integrata yet to book,680605616,680605616,4551456423,-590882299,2021-07-29
5245,,375_455590588_CACEIS,883858601,OB,OB,No-pair,fx wire,Caceis booked the fx wire for SD 10-15-2019. Integrata yet to book,883858601,883858601,4551456423,-590882299,2021-07-29
5246,,8_455649350_CACEIS,985331695,OB,OB,No-pair,monthend interest,Caceis booked the monthend interest for SD 12-01-2019. Integrata yet to book,985331695,985331695,4551456423,-590882299,2021-07-29
5247,,14_455898221_CACEIS,1334730817,OB,OB,No-pair,wire transfer,Caceis booked the wire transfer for SD 06-12-2020. Integrata yet to book,1334730817,1334730817,4551456423,-590882299,2021-07-29
5248,,14_455541826_CACEIS,801870215,OB,OB,No-pair,wire transfer,Caceis booked the wire transfer for SD 09-06-2019. Integrata yet to book,801870215,801870215,4551456423,-590882299,2021-07-29
5249,,27_455726980_CACEIS,1107942681,OB,OB,No-pair,fx wire,Caceis booked the fx wire for SD 01-31-2020. Integrata yet to book,1107942681,1107942681,4551456423,-590882299,2021-07-29
5250,,107_455879764_CACEIS,1309543791,OB,OB,No-pair,monthend interest,Caceis booked the monthend interest for SD 06-01-2020. Integrata yet to book,1309543791,1309543791,4551456423,-590882299,2021-07-29
5251,,166_4551144082_CACEIS,1659707151,OB,OB,No-pair,wire transfer,Caceis booked the wire transfer for SD 12-10-2020. Integrata yet to book,1659707151,1659707151,4551456423,-590882299,2021-07-29
5252,,505_455783582_CACEIS,1185159625,OB,OB,No-pair,fx wire,Caceis booked the fx wire for SD 03-16-2020. Integrata yet to book,1185159625,1185159625,4551456423,-590882299,2021-07-29
5253,,5_4551033955_CACEIS,1513935505,OB,OB,No-pair,wire transfer,Caceis booked the wire transfer for SD 09-22-2020. Integrata yet to book,1513935505,1513935505,4551456423,-590882299,2021-07-29
5254,,463_4551191593_CACEIS,1722905426,OB,OB,No-pair,fx wire,Caceis booked the fx wire for SD 01-15-2021. Integrata yet to book,1722905426,1722905426,4551456423,-590882299,2021-07-29
5255,,14_4551184426_CACEIS,1712749736,OB,OB,No-pair,fees,Caceis booked the fees for SD 01-11-2021. Integrata yet to book,1712749736,1712749736,4551456423,-590882299,2021-07-29
5256,,93_306589_CACEIS,433998283,OB,OB,No-pair,fx wire,Caceis booked the fx wire for SD 02-15-2019. Integrata yet to book,433998283,433998283,4551456423,-590882299,2021-07-29
5257,,16_455469998_CACEIS,680605542,OB,OB,No-pair,wire transfer,Caceis booked the wire transfer for SD 07-10-2019. Integrata yet to book,680605542,680605542,4551456423,-590882299,2021-07-29
5258,,716_455643841_CACEIS,975323788,OB,OB,No-pair,monthend interest,Caceis booked the monthend interest for SD 10-31-2019. Integrata yet to book,975323788,975323788,4551456423,-590882299,2021-07-29
5259,,132_4551191593_CACEIS,1722905189,OB,OB,No-pair,fx wire,Caceis booked the fx wire for SD 01-15-2021. Integrata yet to book,1722905189,1722905189,4551456423,-590882299,2021-07-29
5260,,12_4551374975_CACEIS,1971733177,OB,OB,No-pair,proceeds sell,Caceis booked the proceeds sell for SD 06-01-2021. Integrata yet to book,1971733177,1971733177,4551456423,-590882299,2021-07-29
5261,,100_455934920_CACEIS,1383926787,OB,OB,No-pair,wire transfer,Caceis booked the wire transfer for SD 07-10-2020. Integrata yet to book,1383926787,1383926787,4551456423,-590882299,2021-07-29
5262,,26_455753887_CACEIS,1143364804,OB,OB,No-pair,fx wire,Caceis booked the fx wire for SD 02-21-2020. Integrata yet to book,1143364804,1143364804,4551456423,-590882299,2021-07-29
5263,,13_4551390838_CACEIS,1992497453,OB,OB,No-pair,wire transfer,Caceis booked the wire transfer for SD 06-11-2021. Integrata yet to book,1992497453,1992497453,4551456423,-590882299,2021-07-29
5264,,7_455953995_CACEIS,1409848163,OB,OB,No-pair,fx wire,Caceis booked the fx wire for SD 07-24-2020. Integrata yet to book,1409848163,1409848163,4551456423,-590882299,2021-07-29
5265,,684_455862625_CACEIS,1287005021,OB,OB,No-pair,fx wire,Caceis booked the fx wire for SD 05-15-2020. Integrata yet to book,1287005021,1287005021,4551456423,-590882299,2021-07-29
5266,,5_455944496_CACEIS,1396484591,OB,OB,No-pair,fx wire,Caceis booked the fx wire for SD 07-17-2020. Integrata yet to book,1396484591,1396484591,4551456423,-590882299,2021-07-29
5267,,86_455404958_CACEIS,585162388,OB,OB,No-pair,fx wire,Caceis booked the fx wire for SD 05-15-2019. Integrata yet to book,585162388,585162388,4551456423,-590882299,2021-07-29
5268,,12_333062_CACEIS,479846756,OB,OB,No-pair,fx wire,Caceis booked the fx wire for SD 03-15-2019. Integrata yet to book,479846756,479846756,4551456423,-590882299,2021-07-29
5269,,199_455898221_CACEIS,1334730710,OB,OB,No-pair,wire transfer,Caceis booked the wire transfer for SD 06-12-2020. Integrata yet to book,1334730710,1334730710,4551456423,-590882299,2021-07-29
5270,,681_455643841_CACEIS,975323753,OB,OB,No-pair,fx wire,Caceis booked the fx wire for SD 11-18-2019. Integrata yet to book,975323753,975323753,4551456423,-590882299,2021-07-29
5271,,402_4551232906_CACEIS,1780156832,OB,OB,No-pair,fx wire,Caceis booked the fx wire for SD 02-16-2021. Integrata yet to book,1780156832,1780156832,4551456423,-590882299,2021-07-29
5272,,786_455862625_CACEIS,1287003283,OB,OB,No-pair,wire transfer,Caceis booked the wire transfer for SD 05-13-2020. Integrata yet to book,1287003283,1287003283,4551456423,-590882299,2021-07-29
5273,,321_455590588_CACEIS,883858541,OB,OB,No-pair,fx wire,Caceis booked the fx wire for SD 10-15-2019. Integrata yet to book,883858541,883858541,4551456423,-590882299,2021-07-29
5274,,148_455978912_CACEIS,1441832228,OB,OB,No-pair,fees,Caceis booked the fees for SD 08-12-2020. Integrata yet to book,1441832228,1441832228,4551456423,-590882299,2021-07-29
5275,,178_455590588_CACEIS,883858381,OB,OB,No-pair,fx wire,Caceis booked the fx wire for SD 10-15-2019. Integrata yet to book,883858381,883858381,4551456423,-590882299,2021-07-29
5276,,316_455590588_CACEIS,883858592,OB,OB,No-pair,fx wire,Caceis booked the fx wire for SD 10-15-2019. Integrata yet to book,883858592,883858592,4551456423,-590882299,2021-07-29
5277,,25_4551402499_CACEIS,2006719927,OB,OB,No-pair,wire transfer,Caceis booked the wire transfer for SD 06-21-2021. Integrata yet to book,2006719927,2006719927,4551456423,-590882299,2021-07-29
5278,6_4551081703_Integrata,,1576857668,OB,OB,No-pair,wire transfer,Integrata booked the wire transfer for SD 08-31-2020.Caceis yet to book.,1576857668,1576857668,4551456423,-590882299,2021-07-29
5279,,22_455898221_CACEIS,1334730839,OB,OB,No-pair,wire transfer,Caceis booked the wire transfer for SD 06-12-2020. Integrata yet to book,1334730839,1334730839,4551456423,-590882299,2021-07-29
5280,,500_455643841_CACEIS,975323572,OB,OB,No-pair,fx wire,Caceis booked the fx wire for SD 11-15-2019. Integrata yet to book,975323572,975323572,4551456423,-590882299,2021-07-29
5281,17_4551331846_Integrata,,1908172327,OB,OB,No-pair,monthend interest,Integrata booked the monthend interest for SD 04-01-2021.Caceis yet to book.,1908172327,1908172327,4551456423,-590882299,2021-07-29
5282,62_4551410165_Integrata,,2016505873,OB,OB,No-pair,wire transfer,Integrata booked the AUM plug for SD 06-24-2021.Caceis yet to book.,2016505873,2016505873,4551456423,-590882299,2021-07-29
5283,4_4551444588_Integrata,,2059445490,OB,OB,No-pair,wire transfer,Integrata booked the wire transfer for SD 07-12-2021.Caceis yet to book.,2059445490,2059445490,4551456423,-590882299,2021-07-29
5284,,12_455464963_CACEIS,673465272,OB,OB,No-pair,fx wire,Caceis booked the fx wire for SD 07-05-2019. Integrata yet to book,673465272,673465272,4551456423,-590882299,2021-07-29
5285,,438_455822501_CACEIS,1235307780,OB,OB,No-pair,fees,Caceis booked the fees for SD 04-14-2020. Integrata yet to book,1235307780,1235307780,4551456423,-590882299,2021-07-29
5286,,69_455554115_CACEIS,824384926,OB,OB,No-pair,fx wire,Caceis booked the fx wire for SD 09-17-2019. Integrata yet to book,824384926,824384926,4551456423,-590882299,2021-07-29
5287,,57_4551292839_CACEIS,1857221939,OB,OB,No-pair,wire transfer,Caceis booked the wire transfer for SD 03-10-2021. Integrata yet to book,1857221939,1857221939,4551456423,-590882299,2021-07-29
5288,,104_4551109218_CACEIS,1613286661,OB,OB,No-pair,fx wire,Caceis booked the fx wire for SD 11-16-2020. Integrata yet to book,1613286661,1613286661,4551456423,-590882299,2021-07-29
5289,,1_269526_CACEIS,371995495,OB,OB,No-pair,proceeds sell,Caceis booked the Miscellaneous for SD 01-16-2019. Integrata yet to book,371995495,371995495,4551456423,-590882299,2021-07-29
5290,,437_4551066313_CACEIS,1556876684,OB,OB,No-pair,fx wire,Caceis booked the fx wire for SD 10-15-2020. Integrata yet to book,1556876684,1556876684,4551456423,-590882299,2021-07-29
5291,,130_4551144082_CACEIS,1659707122,OB,OB,No-pair,wire transfer,Caceis booked the wire transfer for SD 12-10-2020. Integrata yet to book,1659707122,1659707122,4551456423,-590882299,2021-07-29
5292,,66_455907521_CACEIS,1347197246,OB,OB,No-pair,fx wire,Caceis booked the fx wire for SD 06-19-2020. Integrata yet to book,1347197246,1347197246,4551456423,-590882299,2021-07-29
5293,5_4551085502_Integrata,,1581818044,OB,OB,No-pair,wire transfer,Integrata booked the wire transfer for SD 10-27-2020.Caceis yet to book.,1581818044,1581818044,4551456423,-590882299,2021-07-29
5294,,5_455469998_CACEIS,680605605,OB,OB,No-pair,wire transfer,Caceis booked the wire transfer for SD 07-10-2019. Integrata yet to book,680605605,680605605,4551456423,-590882299,2021-07-29
5295,2_4551414063_Integrata,,2021656549,OB,OB,No-pair,wire transfer,Integrata booked the AUM plug for SD 06-28-2021.Caceis yet to book.,2021656549,2021656549,4551456423,-590882299,2021-07-29
5296,,759_455862625_CACEIS,1287005139,OB,OB,No-pair,fx wire,Caceis booked the fx wire for SD 05-15-2020. Integrata yet to book,1287005139,1287005139,4551456423,-590882299,2021-07-29
5297,22_4551085502_Integrata,,1581818049,OB,OB,No-pair,wire transfer,Integrata booked the wire transfer for SD 10-27-2020.Caceis yet to book.,1581818049,1581818049,4551456423,-590882299,2021-07-29
5298,,80_306589_CACEIS,433998243,OB,OB,No-pair,fx wire,Caceis booked the fx wire for SD 02-15-2019. Integrata yet to book,433998243,433998243,4551456423,-590882299,2021-07-29
5299,,43_455842390_CACEIS,1260634967,OB,OB,No-pair,monthend interest,Caceis booked the monthend interest for SD 05-01-2020. Integrata yet to book,1260634967,1260634967,4551456423,-590882299,2021-07-29
5300,2_4551174457_Integrata,,1699762740,OB,OB,No-pair,redemption,Integrata booked the redemption for SD 12-31-2020.Caceis yet to book.,1699762740,1699762740,4551456423,-590882299,2021-07-29
5301,,149_455934920_CACEIS,1383926792,OB,OB,No-pair,fx wire,Caceis booked the fx wire for SD 07-10-2020. Integrata yet to book,1383926792,1383926792,4551456423,-590882299,2021-07-29
5302,,45_4551068550_CACEIS,1559437473,OB,OB,No-pair,wire transfer,Caceis booked the wire transfer for SD 10-16-2020. Integrata yet to book,1559437473,1559437473,4551456423,-590882299,2021-07-29
5303,5_4551147939_Integrata,,1664874604,OB,OB,No-pair,wire transfer,Integrata booked the wire transfer for SD 12-01-2020.Caceis yet to book.,1664874604,1664874604,4551456423,-590882299,2021-07-29
5304,7_4551081703_Integrata,,1576857673,OB,OB,No-pair,wire transfer,Integrata booked the wire transfer for SD 08-31-2020.Caceis yet to book.,1576857673,1576857673,4551456423,-590882299,2021-07-29
5305,,176_455898221_CACEIS,1334730804,OB,OB,No-pair,wire transfer,Caceis booked the wire transfer for SD 06-12-2020. Integrata yet to book,1334730804,1334730804,4551456423,-590882299,2021-07-29
5306,,1_455478297_CACEIS,694121067,OB,OB,No-pair,dividend,Caceis booked the dividend for SD 07-17-2019. Integrata yet to book,694121067,694121067,4551456423,-590882299,2021-07-29
5307,13_4551366297_Integrata,,1958861168,OB,OB,No-pair,wire transfer,Integrata booked the AUM plug for SD 05-24-2021.Caceis yet to book.,1958861168,1958861168,4551456423,-590882299,2021-07-29
5308,,12_4551105378_CACEIS,1608089162,OB,OB,No-pair,wire transfer,Caceis booked the wire transfer for SD 11-12-2020. Integrata yet to book,1608089162,1608089162,4551456423,-590882299,2021-07-29
5309,,260_4551394628_CACEIS,1997244705,OB,OB,No-pair,fx wire,Caceis booked the fx wire for SD 06-15-2021. Integrata yet to book,1997244705,1997244705,4551456423,-590882299,2021-07-29
5310,,4_4551456423_CACEIS,2074469253,OB,OB,No-pair,wire transfer,Caceis booked the wire transfer for SD 07-29-2021. Integrata yet to book,2074469253,2074469253,4551456423,-590882299,2021-07-29
5311,5_4551324555_Integrata,,1898109362,OB,OB,No-pair,wire transfer,Integrata booked the AUM plug for SD 04-21-2021.Caceis yet to book.,1898109362,1898109362,4551456423,-590882299,2021-07-29
5312,,1_455837120_CACEIS,1253632701,OB,OB,No-pair,wire transfer,Caceis booked the wire transfer for SD 04-27-2020. Integrata yet to book,1253632701,1253632701,4551456423,-590882299,2021-07-29
5313,1_4551414063_Integrata,,2021656548,OB,OB,No-pair,wire transfer,Integrata booked the AUM plug for SD 06-28-2021.Caceis yet to book.,2021656548,2021656548,4551456423,-590882299,2021-07-29
5314,,18_455898221_CACEIS,1334730825,OB,OB,No-pair,wire transfer,Caceis booked the wire transfer for SD 06-12-2020. Integrata yet to book,1334730825,1334730825,4551456423,-590882299,2021-07-29
5315,,62_455688261_CACEIS,1053516723,OB,OB,No-pair,fx wire,Caceis booked the fx wire for SD 12-31-2019. Integrata yet to book,1053516723,1053516723,4551456423,-590882299,2021-07-29
5316,,157_455978912_CACEIS,1441832266,OB,OB,No-pair,fees,Caceis booked the fees for SD 08-12-2020. Integrata yet to book,1441832266,1441832266,4551456423,-590882299,2021-07-29
5317,3_4551184426_Integrata,,1712749669,OB,OB,No-pair,wire transfer,Integrata booked the Net Sub/Red for SD 01-07-2021.Caceis yet to book.,1712749669,1712749669,4551456423,-590882299,2021-07-29
5318,,129_455822501_CACEIS,1235307873,OB,OB,No-pair,fx wire,Caceis booked the fx wire for SD 04-15-2020. Integrata yet to book,1235307873,1235307873,4551456423,-590882299,2021-07-29
5319,,662_455862625_CACEIS,1287003101,OB,OB,No-pair,wire transfer,Caceis booked the wire transfer for SD 05-13-2020. Integrata yet to book,1287003101,1287003101,4551456423,-590882299,2021-07-29
5320,2_4551440965_Integrata,,2054922397,OB,OB,No-pair,wire transfer,Integrata booked the AUM plug for SD 07-16-2021.Caceis yet to book.,2054922397,2054922397,4551456423,-590882299,2021-07-29
5321,,150_455934920_CACEIS,1383926781,OB,OB,No-pair,fx wire,Caceis booked the fx wire for SD 07-10-2020. Integrata yet to book,1383926781,1383926781,4551456423,-590882299,2021-07-29
5322,,19_455963450_CACEIS,1421777891,OB,OB,No-pair,monthend interest,Caceis booked the monthend interest for SD 08-01-2020. Integrata yet to book,1421777891,1421777891,4551456423,-590882299,2021-07-29
5323,,144_4551144082_CACEIS,1659707013,OB,OB,No-pair,wire transfer,Caceis booked the wire transfer for SD 12-10-2020. Integrata yet to book,1659707013,1659707013,4551456423,-590882299,2021-07-29
5324,5_4551229444_Integrata,,1775243104,OB,OB,No-pair,wire transfer,Integrata booked the Net Sub/Red for SD 02-11-2021.Caceis yet to book.,1775243104,1775243104,4551456423,-590882299,2021-07-29
5325,,7_455469998_CACEIS,680605610,OB,OB,No-pair,wire transfer,Caceis booked the wire transfer for SD 07-10-2019. Integrata yet to book,680605610,680605610,4551456423,-590882299,2021-07-29
5326,3_4551147939_Integrata,,1664874600,OB,OB,No-pair,wire transfer,Integrata booked the wire transfer for SD 12-01-2020.Caceis yet to book.,1664874600,1664874600,4551456423,-590882299,2021-07-29
5327,,10_4551105378_CACEIS,1608089155,OB,OB,No-pair,wire transfer,Caceis booked the wire transfer for SD 11-12-2020. Integrata yet to book,1608089155,1608089155,4551456423,-590882299,2021-07-29
5328,42_4551220415_Integrata,,1761956176,OB,OB,No-pair,wire transfer,Integrata booked the AUM plug for SD 02-04-2021.Caceis yet to book.,1761956176,1761956176,4551456423,-590882299,2021-07-29
5329,,82_4551097416_CACEIS,1597270333,OB,OB,No-pair,wire transfer,Caceis booked the wire transfer for SD 11-06-2020. Integrata yet to book,1597270333,1597270333,4551456423,-590882299,2021-07-29
5330,3_4551334292_Integrata,,1911737172,OB,OB,No-pair,wire transfer,Integrata booked the AUM plug for SD 04-29-2021.Caceis yet to book.,1911737172,1911737172,4551456423,-590882299,2021-07-29
5331,3_4551381021_Integrata,,1979694218,OB,OB,No-pair,wire transfer,Integrata booked the AUM plug for SD 06-03-2021.Caceis yet to book.,1979694218,1979694218,4551456423,-590882299,2021-07-29
5332,3_4551248485_Integrata,,1800039345,OB,OB,No-pair,wire transfer,Integrata booked the subscription for SD 02-25-2021.Caceis yet to book.,1800039345,1800039345,4551456423,-590882299,2021-07-29
5333,4_4551216613_Integrata,,1756801981,OB,OB,No-pair,wire transfer,Integrata booked the AUM plug for SD 02-02-2021.Caceis yet to book.,1756801981,1756801981,4551456423,-590882299,2021-07-29
5334,,158_455693832_CACEIS,1063035215,OB,OB,No-pair,fees,Caceis booked the fees for SD 01-06-2020. Integrata yet to book,1063035215,1063035215,4551456423,-590882299,2021-07-29
5335,1_4551318931_Integrata,,1890812357,OB,OB,No-pair,wire transfer,Integrata booked the AUM plug for SD 04-19-2021.Caceis yet to book.,1890812357,1890812357,4551456423,-590882299,2021-07-29
5336,,181_4551248485_CACEIS,1800039394,OB,OB,No-pair,fx wire,Caceis booked the fx wire for SD 02-26-2021. Integrata yet to book,1800039394,1800039394,4551456423,-590882299,2021-07-29
5337,,185_455898221_CACEIS,1334730864,OB,OB,No-pair,wire transfer,Caceis booked the wire transfer for SD 06-12-2020. Integrata yet to book,1334730864,1334730864,4551456423,-590882299,2021-07-29
5338,,40_455669415_CACEIS,1020661794,OB,OB,No-pair,fx wire,Caceis booked the fx wire for SD 12-16-2019. Integrata yet to book,1020661794,1020661794,4551456423,-590882299,2021-07-29
5339,,168_455777858_CACEIS,1177395701,OB,OB,No-pair,wire transfer,Caceis booked the wire transfer for SD 03-11-2020. Integrata yet to book,1177395701,1177395701,4551456423,-590882299,2021-07-29
5340,,194_4551248485_CACEIS,1800039447,OB,OB,No-pair,fx wire,Caceis booked the fx wire for SD 02-26-2021. Integrata yet to book,1800039447,1800039447,4551456423,-590882299,2021-07-29
5341,,73_333062_CACEIS,479846805,OB,OB,No-pair,fx wire,Caceis booked the fx wire for SD 03-15-2019. Integrata yet to book,479846805,479846805,4551456423,-590882299,2021-07-29
5342,,154_455649350_CACEIS,985331649,OB,OB,No-pair,monthend interest,Caceis booked the monthend interest for SD 12-01-2019. Integrata yet to book,985331649,985331649,4551456423,-590882299,2021-07-29
5343,,5_4551430779_CACEIS,2043021915,OB,OB,No-pair,fees,Caceis booked the fees for SD 07-12-2021. Integrata yet to book,2043021915,2043021915,4551456423,-590882299,2021-07-29
5344,,10_455495487_CACEIS,723390006,OB,OB,No-pair,monthend interest,Caceis booked the monthend interest for SD 08-01-2019. Integrata yet to book,723390006,723390006,4551456423,-590882299,2021-07-29
5345,,3_4551064383_CACEIS,1554267363,OB,OB,No-pair,wire transfer,Caceis booked the wire transfer for SD 10-14-2020. Integrata yet to book,1554267363,1554267363,4551456423,-590882299,2021-07-29
5346,,21_455610697_CACEIS,917943285,OB,OB,No-pair,fx wire,Caceis booked the fx wire for SD 10-18-2019. Integrata yet to book,917943285,917943285,4551456423,-590882299,2021-07-29
5347,,25_4551411869_CACEIS,2018959446,OB,OB,No-pair,wire transfer,Caceis booked the wire transfer for SD 06-28-2021. Integrata yet to book,2018959446,2018959446,4551456423,-590882299,2021-07-29
5348,,6_4551430779_CACEIS,2043021916,OB,OB,No-pair,fees,Caceis booked the fees for SD 07-12-2021. Integrata yet to book,2043021916,2043021916,4551456423,-590882299,2021-07-29
5349,,446_4551109218_CACEIS,1613287183,OB,OB,No-pair,fx wire,Caceis booked the fx wire for SD 11-16-2020. Integrata yet to book,1613287183,1613287183,4551456423,-590882299,2021-07-29
5350,,29_455688261_CACEIS,1053516731,OB,OB,No-pair,monthend interest,Caceis booked the monthend interest for SD 01-01-2020. Integrata yet to book,1053516731,1053516731,4551456423,-590882299,2021-07-29
5351,,95_455963450_CACEIS,1421777852,OB,OB,No-pair,monthend interest,Caceis booked the monthend interest for SD 08-01-2020. Integrata yet to book,1421777852,1421777852,4551456423,-590882299,2021-07-29
5352,,376_455940640_CACEIS,1391596284,OB,OB,No-pair,fx wire,Caceis booked the fx wire for SD 07-15-2020. Integrata yet to book,1391596284,1391596284,4551456423,-590882299,2021-07-29
5353,,2_455986572_CACEIS,1451140928,OB,OB,No-pair,proceeds sell,Caceis booked the proceeds sell for SD 08-18-2020. Integrata yet to book,1451140928,1451140928,4551456423,-590882299,2021-07-29
5354,,162_455777858_CACEIS,1177395760,OB,OB,No-pair,fees,Caceis booked the fees for SD 03-11-2020. Integrata yet to book,1177395760,1177395760,4551456423,-590882299,2021-07-29
5355,,274_4551313388_CACEIS,1883527953,OB,OB,No-pair,fx wire,Caceis booked the fx wire for SD 04-15-2021. Integrata yet to book,1883527953,1883527953,4551456423,-590882299,2021-07-29
5356,,4_455849872_CACEIS,1270411927,OB,OB,No-pair,wire transfer,Caceis booked the wire transfer for SD 03-20-2020. Integrata yet to book,1270411927,1270411927,4551456423,-590882299,2021-07-29
5357,,145_455934920_CACEIS,1383926757,OB,OB,No-pair,wire transfer,Caceis booked the wire transfer for SD 07-10-2020. Integrata yet to book,1383926757,1383926757,4551456423,-590882299,2021-07-29
5358,2_4551311496_Integrata,,1881179901,OB,OB,No-pair,wire transfer,Integrata booked the AUM plug for SD 04-13-2021.Caceis yet to book.,1881179901,1881179901,4551456423,-590882299,2021-07-29
5359,,412_4551109218_CACEIS,1613287176,OB,OB,No-pair,fx wire,Caceis booked the fx wire for SD 11-16-2020. Integrata yet to book,1613287176,1613287176,4551456423,-590882299,2021-07-29
5360,,7_4551105378_CACEIS,1608089192,OB,OB,No-pair,fees,Caceis booked the fees for SD 11-12-2020. Integrata yet to book,1608089192,1608089192,4551456423,-590882299,2021-07-29
5361,,353_4551232906_CACEIS,1780156752,OB,OB,No-pair,fx wire,Caceis booked the fx wire for SD 02-16-2021. Integrata yet to book,1780156752,1780156752,4551456423,-590882299,2021-07-29
5362,1_4551368140_Integrata,,1961246649,OB,OB,No-pair,wire transfer,Integrata booked the AUM plug for SD 05-25-2021.Caceis yet to book.,1961246649,1961246649,4551456423,-590882299,2021-07-29
5363,7_4551450423_Integrata,,2066372792,OB,OB,No-pair,fx wire,Integrata booked the fx wire for SD 07-26-2021.Caceis yet to book.,2066372792,2066372792,4551456423,-590882299,2021-07-29
5364,,199_455940640_CACEIS,1391596083,OB,OB,No-pair,fx wire,Caceis booked the fx wire for SD 07-15-2020. Integrata yet to book,1391596083,1391596083,4551456423,-590882299,2021-07-29
5365,,729_4551232906_CACEIS,1780157022,OB,OB,No-pair,fx wire,Caceis booked the fx wire for SD 02-16-2021. Integrata yet to book,1780157022,1780157022,4551456423,-590882299,2021-07-29
5366,5_455632060_Integrata,,955982092,OB,OB,No-pair,proceeds sell,Integrata booked the proceeds sell for SD 11-15-2019.Caceis yet to book.,955982092,955982092,4551456423,-590882299,2021-07-29
5367,14_4551066313_Integrata,,1559437406,OB,OB,No-pair,proceeds sell,Integrata booked the proceeds sell for SD 10-15-2020.Caceis yet to book.,1559437406,1559437406,4551456423,-590882299,2021-07-29
5368,,68_4551145900_CACEIS,1662178986,OB,OB,No-pair,wire transfer,Caceis booked the wire transfer for SD 12-11-2020. Integrata yet to book,1662178986,1662178986,4551456423,-590882299,2021-07-29
5369,,16_4551060531_CACEIS,1548950654,OB,OB,No-pair,wire transfer,Caceis booked the wire transfer for SD 10-12-2020. Integrata yet to book,1548950654,1548950654,4551456423,-590882299,2021-07-29
5370,,66_4551066313_CACEIS,1556876230,OB,OB,No-pair,fx wire,Caceis booked the fx wire for SD 10-15-2020. Integrata yet to book,1556876230,1556876230,4551456423,-590882299,2021-07-29
5371,,1_4551267661_CACEIS,1824870492,OB,OB,No-pair,wire transfer,Caceis booked the wire transfer for SD 03-12-2021. Integrata yet to book,1824870492,1824870492,4551456423,-590882299,2021-07-29
5372,,6_4551105378_CACEIS,1608089180,OB,OB,No-pair,fees,Caceis booked the fees for SD 11-12-2020. Integrata yet to book,1608089180,1608089180,4551456423,-590882299,2021-07-29
5373,,494_455900053_CACEIS,1336713942,OB,OB,No-pair,fx wire,Caceis booked the fx wire for SD 06-15-2020. Integrata yet to book,1336713942,1336713942,4551456423,-590882299,2021-07-29
5374,,44_267975_CACEIS,368747210,OB,OB,No-pair,fx wire,Caceis booked the fx wire for SD 01-15-2019. Integrata yet to book,368747210,368747210,4551456423,-590882299,2021-07-29
5375,,11_455898221_CACEIS,1334730788,OB,OB,No-pair,wire transfer,Caceis booked the wire transfer for SD 06-12-2020. Integrata yet to book,1334730788,1334730788,4551456423,-590882299,2021-07-29
5376,,48_4551438780_CACEIS,2052260420,OB,OB,No-pair,fx wire,Caceis booked the fx wire for SD 07-16-2021. Integrata yet to book,2052260420,2052260420,4551456423,-590882299,2021-07-29
5377,,6_455889377_CACEIS,1323110243,OB,OB,No-pair,fx wire,Caceis booked the fx wire for SD 06-05-2020. Integrata yet to book,1323110243,1323110243,4551456423,-590882299,2021-07-29
5378,,63_4551145900_CACEIS,1662179053,OB,OB,No-pair,wire transfer,Caceis booked the wire transfer for SD 12-11-2020. Integrata yet to book,1662179053,1662179053,4551456423,-590882299,2021-07-29
5379,,151_455777858_CACEIS,1177395630,OB,OB,No-pair,fees,Caceis booked the fees for SD 03-11-2020. Integrata yet to book,1177395630,1177395630,4551456423,-590882299,2021-07-29
5380,,75_368123_CACEIS,532374102,OB,OB,No-pair,fx wire,Caceis booked the fx wire for SD 04-15-2019. Integrata yet to book,532374102,532374102,4551456423,-590882299,2021-07-29
5381,,43_4551264332_CACEIS,1819946027,OB,OB,No-pair,fees,Caceis booked the fees for SD 03-10-2021. Integrata yet to book,1819946027,1819946027,4551456423,-590882299,2021-07-29
5382,,325_455900053_CACEIS,1336713848,OB,OB,No-pair,fx wire,Caceis booked the fx wire for SD 06-15-2020. Integrata yet to book,1336713848,1336713848,4551456423,-590882299,2021-07-29
5383,,58_4551003590_CACEIS,1473426002,OB,OB,No-pair,monthend interest,Caceis booked the monthend interest for SD 09-01-2020. Integrata yet to book,1473426002,1473426002,4551456423,-590882299,2021-07-29
5384,,5_455755745_CACEIS,1145540679,OB,OB,No-pair,proceeds sell,Caceis booked the proceeds sell for SD 02-24-2020. Integrata yet to book,1145540679,1145540679,4551456423,-590882299,2021-07-29
5385,,38_4551267661_CACEIS,1824870510,OB,OB,No-pair,fees,Caceis booked the fees for SD 03-11-2021. Integrata yet to book,1824870510,1824870510,4551456423,-590882299,2021-07-29
5386,,22_4551105378_CACEIS,1608089205,OB,OB,No-pair,wire transfer,Caceis booked the wire transfer for SD 11-12-2020. Integrata yet to book,1608089205,1608089205,4551456423,-590882299,2021-07-29
5387,,49_455985296_CACEIS,1449581895,OB,OB,No-pair,fx wire,Caceis booked the fx wire for SD 08-17-2020. Integrata yet to book,1449581895,1449581895,4551456423,-590882299,2021-07-29
5388,,41_455777858_CACEIS,1177395777,OB,OB,No-pair,proceeds sell,Caceis booked the proceeds sell for SD 03-11-2020. Integrata yet to book,1177395777,1177395777,4551456423,-590882299,2021-07-29
5389,,19_455547231_CACEIS,811491636,OB,OB,No-pair,fees,Caceis booked the fees for SD 09-11-2019. Integrata yet to book,811491636,811491636,4551456423,-590882299,2021-07-29
5390,,395_4551232906_CACEIS,1780156762,OB,OB,No-pair,fx wire,Caceis booked the fx wire for SD 02-16-2021. Integrata yet to book,1780156762,1780156762,4551456423,-590882299,2021-07-29
5391,,1341_455643841_CACEIS,975324413,OB,OB,No-pair,fx wire,Caceis booked the fx wire for SD 11-15-2019. Integrata yet to book,975324413,975324413,4551456423,-590882299,2021-07-29
5392,,1_313738_CACEIS,448422533,OB,OB,No-pair,wire transfer,Caceis booked the wire transfer for SD 02-27-2019. Integrata yet to book,448422533,448422533,4551456423,-590882299,2021-07-29
5393,,4_4551201062_CACEIS,1734565916,OB,OB,No-pair,fx wire,Caceis booked the fx wire for SD 01-22-2021. Integrata yet to book,1734565916,1734565916,4551456423,-590882299,2021-07-29
5394,,21_455963450_CACEIS,1421777682,OB,OB,No-pair,monthend interest,Caceis booked the monthend interest for SD 08-01-2020. Integrata yet to book,1421777682,1421777682,4551456423,-590882299,2021-07-29
5395,,383_455940640_CACEIS,1391596357,OB,OB,No-pair,fx wire,Caceis booked the fx wire for SD 07-15-2020. Integrata yet to book,1391596357,1391596357,4551456423,-590882299,2021-07-29
5396,,7_455547231_CACEIS,811491610,OB,OB,No-pair,fees,Caceis booked the fees for SD 09-11-2019. Integrata yet to book,811491610,811491610,4551456423,-590882299,2021-07-29
5397,,59_4551058652_CACEIS,1546340327,OB,OB,No-pair,fx wire,Caceis booked the fx wire for SD 10-09-2020. Integrata yet to book,1546340327,1546340327,4551456423,-590882299,2021-07-29
5398,,115_4551394628_CACEIS,1997244703,OB,OB,No-pair,fx wire,Caceis booked the fx wire for SD 06-15-2021. Integrata yet to book,1997244703,1997244703,4551456423,-590882299,2021-07-29
5399,,28_455898221_CACEIS,1334730886,OB,OB,No-pair,wire transfer,Caceis booked the wire transfer for SD 06-12-2020. Integrata yet to book,1334730886,1334730886,4551456423,-590882299,2021-07-29
5400,,15_455658450_CACEIS,1002374644,OB,OB,No-pair,fx wire,Caceis booked the fx wire for SD 12-06-2019. Integrata yet to book,1002374644,1002374644,4551456423,-590882299,2021-07-29
5401,,58_306589_CACEIS,433998214,OB,OB,No-pair,fx wire,Caceis booked the fx wire for SD 02-15-2019. Integrata yet to book,433998214,433998214,4551456423,-590882299,2021-07-29
5402,,120_455663909_CACEIS,1011570704,OB,OB,No-pair,wire transfer,Caceis booked the wire transfer for SD 12-11-2019. Integrata yet to book,1011570704,1011570704,4551456423,-590882299,2021-07-29
5403,,1383_455643841_CACEIS,975324455,OB,OB,No-pair,fx wire,Caceis booked the fx wire for SD 11-15-2019. Integrata yet to book,975324455,975324455,4551456423,-590882299,2021-07-29
5404,,13_4551419402_CACEIS,2029730715,OB,OB,No-pair,fx wire,Caceis booked the fx wire for SD 07-02-2021. Integrata yet to book,2029730715,2029730715,4551456423,-590882299,2021-07-29
5405,,1_455525155_CACEIS,774691780,OB,OB,No-pair,fx wire,Caceis booked the fx wire for SD 08-23-2019. Integrata yet to book,774691780,774691780,4551456423,-590882299,2021-07-29
5406,,368_4551023983_CACEIS,1500214247,OB,OB,No-pair,fx wire,Caceis booked the fx wire for SD 09-15-2020. Integrata yet to book,1500214247,1500214247,4551456423,-590882299,2021-07-29
5407,,35_455649350_CACEIS,985331731,OB,OB,No-pair,monthend interest,Caceis booked the monthend interest for SD 12-01-2019. Integrata yet to book,985331731,985331731,4551456423,-590882299,2021-07-29
5408,,62_455658450_CACEIS,1002374679,OB,OB,No-pair,fx wire,Caceis booked the fx wire for SD 12-06-2019. Integrata yet to book,1002374679,1002374679,4551456423,-590882299,2021-07-29
5409,,3_341093_CACEIS,490673971,OB,OB,No-pair,fx wire,Caceis booked the fx wire for SD 03-22-2019. Integrata yet to book,490673971,490673971,4551456423,-590882299,2021-07-29
5410,,1_4551301826_CACEIS,1869069186,OB,OB,No-pair,wire transfer,Caceis booked the wire transfer for SD 04-07-2021. Integrata yet to book,1869069186,1869069186,4551456423,-590882299,2021-07-29
5411,,124_4551105378_CACEIS,1608089279,OB,OB,No-pair,wire transfer,Caceis booked the wire transfer for SD 11-12-2020. Integrata yet to book,1608089279,1608089279,4551456423,-590882299,2021-07-29
5412,,18_4551105378_CACEIS,1608089197,OB,OB,No-pair,wire transfer,Caceis booked the wire transfer for SD 11-12-2020. Integrata yet to book,1608089197,1608089197,4551456423,-590882299,2021-07-29
5413,,127_455663909_CACEIS,1011570715,OB,OB,No-pair,wire transfer,Caceis booked the wire transfer for SD 12-11-2019. Integrata yet to book,1011570715,1011570715,4551456423,-590882299,2021-07-29
5414,,72_455554115_CACEIS,824384978,OB,OB,No-pair,fx wire,Caceis booked the fx wire for SD 09-17-2019. Integrata yet to book,824384978,824384978,4551456423,-590882299,2021-07-29
5415,,71_455669415_CACEIS,1020661854,OB,OB,No-pair,fx wire,Caceis booked the fx wire for SD 12-16-2019. Integrata yet to book,1020661854,1020661854,4551456423,-590882299,2021-07-29
5416,,114_455777858_CACEIS,1177395698,OB,OB,No-pair,fees,Caceis booked the fees for SD 03-11-2020. Integrata yet to book,1177395698,1177395698,4551456423,-590882299,2021-07-29
5417,,14_455469998_CACEIS,680605520,OB,OB,No-pair,wire transfer,Caceis booked the wire transfer for SD 07-10-2019. Integrata yet to book,680605520,680605520,4551456423,-590882299,2021-07-29
5418,,14_4551077732_CACEIS,1571717941,OB,OB,No-pair,fx wire,Caceis booked the fx wire for SD 10-23-2020. Integrata yet to book,1571717941,1571717941,4551456423,-590882299,2021-07-29
5419,,46_4551438780_CACEIS,2052260418,OB,OB,No-pair,fx wire,Caceis booked the fx wire for SD 07-16-2021. Integrata yet to book,2052260418,2052260418,4551456423,-590882299,2021-07-29
5420,,25_455963450_CACEIS,1421777778,OB,OB,No-pair,monthend interest,Caceis booked the monthend interest for SD 08-01-2020. Integrata yet to book,1421777778,1421777778,4551456423,-590882299,2021-07-29
5421,,103_455663909_CACEIS,1011570668,OB,OB,No-pair,wire transfer,Caceis booked the wire transfer for SD 12-11-2019. Integrata yet to book,1011570668,1011570668,4551456423,-590882299,2021-07-29
5422,,390_455940640_CACEIS,1391596347,OB,OB,No-pair,fx wire,Caceis booked the fx wire for SD 07-15-2020. Integrata yet to book,1391596347,1391596347,4551456423,-590882299,2021-07-29
5423,,17_252450_CACEIS,338978046,OB,OB,No-pair,monthend interest,Caceis booked the monthend interest for SD 01-01-2019. Integrata yet to book,338978046,338978046,4551456423,-590882299,2021-07-29
5424,,315_4551149959_CACEIS,1667623163,OB,OB,No-pair,fx wire,Caceis booked the fx wire for SD 12-15-2020. Integrata yet to book,1667623163,1667623163,4551456423,-590882299,2021-07-29
5425,,45_4551023983_CACEIS,1500213809,OB,OB,No-pair,fx wire,Caceis booked the fx wire for SD 09-15-2020. Integrata yet to book,1500213809,1500213809,4551456423,-590882299,2021-07-29
5426,,9_4551180537_CACEIS,1707592396,OB,OB,No-pair,wire transfer,Caceis booked the wire transfer for SD 12-31-2020. Integrata yet to book,1707592396,1707592396,4551456423,-590882299,2021-07-29
5427,,132_455663909_CACEIS,1011570606,OB,OB,No-pair,wire transfer,Caceis booked the wire transfer for SD 12-11-2019. Integrata yet to book,1011570606,1011570606,4551456423,-590882299,2021-07-29
5428,,5_455885370_CACEIS,1317728434,OB,OB,No-pair,proceeds sell,Caceis booked the proceeds sell for SD 06-03-2020. Integrata yet to book,1317728434,1317728434,4551456423,-590882299,2021-07-29
5429,,545_455783582_CACEIS,1185159742,OB,OB,No-pair,fx wire,Caceis booked the fx wire for SD 03-16-2020. Integrata yet to book,1185159742,1185159742,4551456423,-590882299,2021-07-29
5430,,71_306589_CACEIS,433998217,OB,OB,No-pair,fx wire,Caceis booked the fx wire for SD 02-15-2019. Integrata yet to book,433998217,433998217,4551456423,-590882299,2021-07-29
5431,,73_4551127906_CACEIS,1637981955,OB,OB,No-pair,monthend interest,Caceis booked the monthend interest for SD 12-01-2020. Integrata yet to book,1637981955,1637981955,4551456423,-590882299,2021-07-29
5432,,432_455940640_CACEIS,1391596359,OB,OB,No-pair,fx wire,Caceis booked the fx wire for SD 07-15-2020. Integrata yet to book,1391596359,1391596359,4551456423,-590882299,2021-07-29
5433,,35_4551060531_CACEIS,1548950764,OB,OB,No-pair,fees,Caceis booked the fees for SD 10-12-2020. Integrata yet to book,1548950764,1548950764,4551456423,-590882299,2021-07-29
5434,,12_455978912_CACEIS,1441832108,OB,OB,No-pair,wire transfer,Caceis booked the wire transfer for SD 08-12-2020. Integrata yet to book,1441832108,1441832108,4551456423,-590882299,2021-07-29
5435,,138_4551105378_CACEIS,1608089251,OB,OB,No-pair,wire transfer,Caceis booked the wire transfer for SD 11-12-2020. Integrata yet to book,1608089251,1608089251,4551456423,-590882299,2021-07-29
5436,,10_4551119048_CACEIS,1625949394,OB,OB,No-pair,proceeds sell,Caceis booked the Miscellaneous for SD 11-24-2020. Integrata yet to book,1625949394,1625949394,4551456423,-590882299,2021-07-29
5437,,19_4551203153_CACEIS,1737813329,OB,OB,No-pair,proceeds sell,Caceis booked the Miscellaneous for SD 01-22-2020. Integrata yet to book,1737813329,1737813329,4551456423,-590882299,2021-07-29
5438,,13_4551201062_CACEIS,1734565917,OB,OB,No-pair,fx wire,Caceis booked the fx wire for SD 01-22-2021. Integrata yet to book,1734565917,1734565917,4551456423,-590882299,2021-07-29
5439,,2_455436367_CACEIS,627923991,OB,OB,No-pair,wire transfer,Caceis booked the wire transfer for SD 06-11-2019. Integrata yet to book,627923991,627923991,4551456423,-590882299,2021-07-29
5440,,93_455726980_CACEIS,1107942702,OB,OB,No-pair,fx wire,Caceis booked the fx wire for SD 01-31-2020. Integrata yet to book,1107942702,1107942702,4551456423,-590882299,2021-07-29
5441,,187_4551269721_CACEIS,1827473965,OB,OB,No-pair,fx wire,Caceis booked the fx wire for SD 03-15-2021. Integrata yet to book,1827473965,1827473965,4551456423,-590882299,2021-07-29
5442,,26_4551105378_CACEIS,1608089234,OB,OB,No-pair,wire transfer,Caceis booked the wire transfer for SD 11-12-2020. Integrata yet to book,1608089234,1608089234,4551456423,-590882299,2021-07-29
5443,,139_4551191593_CACEIS,1722905063,OB,OB,No-pair,fx wire,Caceis booked the fx wire for SD 01-15-2021. Integrata yet to book,1722905063,1722905063,4551456423,-590882299,2021-07-29
5444,,76_455963450_CACEIS,1421777794,OB,OB,No-pair,fx wire,Caceis booked the fx wire for SD 07-31-2020. Integrata yet to book,1421777794,1421777794,4551456423,-590882299,2021-07-29
5445,30_455614192_Integrata,,925287784,OB,OB,No-pair,proceeds sell,Integrata booked the proceeds sell for SD 11-01-2019.Caceis yet to book.,925287784,925287784,4551456423,-590882299,2021-07-29
5446,2_4551109218_Integrata,,1613286575,OB,OB,No-pair,proceeds sell,Integrata booked the proceeds sell for SD 11-16-2020.Caceis yet to book.,1613286575,1613286575,4551456423,-590882299,2021-07-29
5447,12_455738681_Integrata,,1123054896,OB,OB,No-pair,proceeds sell,Integrata booked the proceeds sell for SD 02-10-2020.Caceis yet to book.,1123054896,1123054896,4551456423,-590882299,2021-07-29
5448,,152_455777858_CACEIS,1177395635,OB,OB,No-pair,fees,Caceis booked the fees for SD 03-11-2020. Integrata yet to book,1177395635,1177395635,4551456423,-590882299,2021-07-29
5449,,51_455772338_CACEIS,1169827505,OB,OB,No-pair,fx wire,Caceis booked the fx wire for SD 03-06-2020. Integrata yet to book,1169827505,1169827505,4551456423,-590882299,2021-07-29
5450,7_455424626_Integrata,,610989022,OB,OB,No-pair,proceeds sell,Integrata booked the proceeds sell for SD 03-12-2019.Caceis yet to book.,610989022,610989022,4551456423,-590882299,2021-07-29
5451,,121_4551220415_CACEIS,1761955892,OB,OB,No-pair,wire transfer,Caceis booked the wire transfer for SD 02-04-2021. Integrata yet to book,1761955892,1761955892,4551456423,-590882299,2021-07-29
5452,4_455851677_Integrata,,1275438404,OB,OB,No-pair,proceeds sell,Integrata booked the proceeds sell for SD 05-08-2020.Caceis yet to book.,1275438404,1275438404,4551456423,-590882299,2021-07-29
5453,,356_455590588_CACEIS,883858563,OB,OB,No-pair,fx wire,Caceis booked the fx wire for SD 10-15-2019. Integrata yet to book,883858563,883858563,4551456423,-590882299,2021-07-29
5454,,47_455404958_CACEIS,585162339,OB,OB,No-pair,fx wire,Caceis booked the fx wire for SD 05-15-2019. Integrata yet to book,585162339,585162339,4551456423,-590882299,2021-07-29
5455,,27_455898221_CACEIS,1334730870,OB,OB,No-pair,wire transfer,Caceis booked the wire transfer for SD 06-12-2020. Integrata yet to book,1334730870,1334730870,4551456423,-590882299,2021-07-29
5456,,20_455866165_CACEIS,1291480008,OB,OB,No-pair,wire transfer,Caceis booked the wire transfer for SD 05-12-2020. Integrata yet to book,1291480008,1291480008,4551456423,-590882299,2021-07-29
5457,,72_455940640_CACEIS,1391596101,OB,OB,No-pair,fx wire,Caceis booked the fx wire for SD 07-15-2020. Integrata yet to book,1391596101,1391596101,4551456423,-590882299,2021-07-29
5458,,4_455898221_CACEIS,1334730723,OB,OB,No-pair,fees,Caceis booked the fees for SD 06-12-2020. Integrata yet to book,1334730723,1334730723,4551456423,-590882299,2021-07-29
5459,,5_455898221_CACEIS,1334730743,OB,OB,No-pair,wire transfer,Caceis booked the wire transfer for SD 06-12-2020. Integrata yet to book,1334730743,1334730743,4551456423,-590882299,2021-07-29
5460,,676_4551232906_CACEIS,1780157128,OB,OB,No-pair,fx wire,Caceis booked the fx wire for SD 02-16-2021. Integrata yet to book,1780157128,1780157128,4551456423,-590882299,2021-07-29
5461,,28_4551105378_CACEIS,1608089255,OB,OB,No-pair,fees,Caceis booked the fees for SD 11-12-2020. Integrata yet to book,1608089255,1608089255,4551456423,-590882299,2021-07-29
5462,,45_455940640_CACEIS,1391596087,OB,OB,No-pair,fx wire,Caceis booked the fx wire for SD 07-15-2020. Integrata yet to book,1391596087,1391596087,4551456423,-590882299,2021-07-29
5463,,26_4551042956_CACEIS,1525553104,OB,OB,No-pair,wire transfer,Caceis booked the wire transfer for SD 09-17-2020. Integrata yet to book,1525553104,1525553104,4551456423,-590882299,2021-07-29
5464,,278_455706635_CACEIS,1081907484,OB,OB,No-pair,fx wire,Caceis booked the fx wire for SD 01-15-2020. Integrata yet to book,1081907484,1081907484,4551456423,-590882299,2021-07-29
5465,,50_455772338_CACEIS,1169827501,OB,OB,No-pair,fx wire,Caceis booked the fx wire for SD 03-06-2020. Integrata yet to book,1169827501,1169827501,4551456423,-590882299,2021-07-29
5466,,90_455669415_CACEIS,1020661800,OB,OB,No-pair,fx wire,Caceis booked the fx wire for SD 12-16-2019. Integrata yet to book,1020661800,1020661800,4551456423,-590882299,2021-07-29
5467,,466_4551149959_CACEIS,1667623229,OB,OB,No-pair,fx wire,Caceis booked the fx wire for SD 12-15-2020. Integrata yet to book,1667623229,1667623229,4551456423,-590882299,2021-07-29
5468,,9_4551105378_CACEIS,1608089210,OB,OB,No-pair,fees,Caceis booked the fees for SD 11-12-2020. Integrata yet to book,1608089210,1608089210,4551456423,-590882299,2021-07-29
5469,,1099_455643841_CACEIS,975324171,OB,OB,No-pair,fees,Caceis booked the fees for SD 11-13-2019. Integrata yet to book,975324171,975324171,4551456423,-590882299,2021-07-29
5470,3_4551452666_Integrata,,2069926117,OB,OB,No-pair,wire transfer,Integrata booked the AUM plug for SD 07-26-2021.Caceis yet to book.,2069926117,2069926117,4551456423,-590882299,2021-07-29
5471,,264_4551313388_CACEIS,1883527825,OB,OB,No-pair,fx wire,Caceis booked the fx wire for SD 04-15-2021. Integrata yet to book,1883527825,1883527825,4551456423,-590882299,2021-07-29
5472,,48_455934920_CACEIS,1383926796,OB,OB,No-pair,wire transfer,Caceis booked the wire transfer for SD 07-10-2020. Integrata yet to book,1383926796,1383926796,4551456423,-590882299,2021-07-29
5473,,32_455898221_CACEIS,1334730891,OB,OB,No-pair,fees,Caceis booked the fees for SD 06-12-2020. Integrata yet to book,1334730891,1334730891,4551456423,-590882299,2021-07-29
5474,,196_4551248485_CACEIS,1800039467,OB,OB,No-pair,fx wire,Caceis booked the fx wire for SD 02-26-2021. Integrata yet to book,1800039467,1800039467,4551456423,-590882299,2021-07-29
5475,26_455391323_Integrata,,566547714,OB,OB,No-pair,wire transfer,Integrata booked the Net Sub/Red for SD 05-02-2019.Caceis yet to book.,566547714,566547714,4551456423,-590882299,2021-07-29
5476,,3_4551105378_CACEIS,1608089300,OB,OB,No-pair,fees,Caceis booked the fees for SD 11-12-2020. Integrata yet to book,1608089300,1608089300,4551456423,-590882299,2021-07-29
5477,,82_455879764_CACEIS,1309543704,OB,OB,No-pair,fx wire,Caceis booked the fx wire for SD 05-29-2020. Integrata yet to book,1309543704,1309543704,4551456423,-590882299,2021-07-29
5478,6_4551438780_Integrata,,2052260384,OB,OB,No-pair,wire transfer,Integrata booked the AUM plug for SD 07-15-2021.Caceis yet to book.,2052260384,2052260384,4551456423,-590882299,2021-07-29
5479,,77_4551220415_CACEIS,1761955995,OB,OB,No-pair,fx wire,Caceis booked the fx wire for SD 02-05-2021. Integrata yet to book,1761955995,1761955995,4551456423,-590882299,2021-07-29
5480,4_4551020261_Integrata,,1495478218,OB,OB,No-pair,wire transfer,Integrata booked the Net Sub/Red for SD 09-10-2020.Caceis yet to book.,1495478218,1495478218,4551456423,-590882299,2021-07-29
5481,,377_4551232906_CACEIS,1780156754,OB,OB,No-pair,fx wire,Caceis booked the fx wire for SD 02-16-2021. Integrata yet to book,1780156754,1780156754,4551456423,-590882299,2021-07-29
5482,,38_455920273_CACEIS,1364559793,OB,OB,No-pair,monthend interest,Caceis booked the monthend interest for SD 07-01-2020. Integrata yet to book,1364559793,1364559793,4551456423,-590882299,2021-07-29
5483,,3_455898221_CACEIS,1334730721,OB,OB,No-pair,wire transfer,Caceis booked the wire transfer for SD 06-12-2020. Integrata yet to book,1334730721,1334730721,4551456423,-590882299,2021-07-29
5484,,1541_455643841_CACEIS,975324613,OB,OB,No-pair,monthend interest,Caceis booked the monthend interest for SD 11-18-2019. Integrata yet to book,975324613,975324613,4551456423,-590882299,2021-07-29
5485,,344_4551023983_CACEIS,1500214074,OB,OB,No-pair,fx wire,Caceis booked the fx wire for SD 09-15-2020. Integrata yet to book,1500214074,1500214074,4551456423,-590882299,2021-07-29
5486,,242_455985296_CACEIS,1449582062,OB,OB,No-pair,fx wire,Caceis booked the fx wire for SD 08-17-2020. Integrata yet to book,1449582062,1449582062,4551456423,-590882299,2021-07-29
5487,,20_455898221_CACEIS,1334730827,OB,OB,No-pair,fees,Caceis booked the fees for SD 06-12-2020. Integrata yet to book,1334730827,1334730827,4551456423,-590882299,2021-07-29
5488,,10_455898221_CACEIS,1334730778,OB,OB,No-pair,wire transfer,Caceis booked the wire transfer for SD 06-12-2020. Integrata yet to book,1334730778,1334730778,4551456423,-590882299,2021-07-29
5489,,99_4551354754_CACEIS,1942399579,OB,OB,No-pair,fx wire,Caceis booked the fx wire for SD 05-17-2021. Integrata yet to book,1942399579,1942399579,4551456423,-590882299,2021-07-29
5490,,734_455822501_CACEIS,1235308633,OB,OB,No-pair,fx wire,Caceis booked the fx wire for SD 04-15-2020. Integrata yet to book,1235308633,1235308633,4551456423,-590882299,2021-07-29
5491,,7_4551210754_CACEIS,1748958190,OB,OB,No-pair,monthend interest,Caceis booked the monthend interest for SD 02-01-2021. Integrata yet to book,1748958190,1748958190,4551456423,-590882299,2021-07-29
5492,,271_4551313388_CACEIS,1883527844,OB,OB,No-pair,fx wire,Caceis booked the fx wire for SD 04-15-2021. Integrata yet to book,1883527844,1883527844,4551456423,-590882299,2021-07-29
5493,,137_4551264332_CACEIS,1819946035,OB,OB,No-pair,fees,Caceis booked the fees for SD 03-10-2021. Integrata yet to book,1819946035,1819946035,4551456423,-590882299,2021-07-29
5494,,89_455879764_CACEIS,1309543780,OB,OB,No-pair,fx wire,Caceis booked the fx wire for SD 05-29-2020. Integrata yet to book,1309543780,1309543780,4551456423,-590882299,2021-07-29
5495,,27_4551430779_CACEIS,2043021932,OB,OB,No-pair,fees,Caceis booked the fees for SD 07-12-2021. Integrata yet to book,2043021932,2043021932,4551456423,-590882299,2021-07-29
5496,,93_455934920_CACEIS,1383926641,OB,OB,No-pair,wire transfer,Caceis booked the wire transfer for SD 07-10-2020. Integrata yet to book,1383926641,1383926641,4551456423,-590882299,2021-07-29
5497,,264_4551210754_CACEIS,1748958378,OB,OB,No-pair,monthend interest,Caceis booked the monthend interest for SD 02-01-2021. Integrata yet to book,1748958378,1748958378,4551456423,-590882299,2021-07-29
5498,,16_4551430779_CACEIS,2043021923,OB,OB,No-pair,fees,Caceis booked the fees for SD 07-12-2021. Integrata yet to book,2043021923,2043021923,4551456423,-590882299,2021-07-29
5499,,39_455973142_CACEIS,1434650026,OB,OB,No-pair,fx wire,Caceis booked the fx wire for SD 08-07-2020. Integrata yet to book,1434650026,1434650026,4551456423,-590882299,2021-07-29
5500,,883_455822501_CACEIS,1235308666,OB,OB,No-pair,fx wire,Caceis booked the fx wire for SD 04-15-2020. Integrata yet to book,1235308666,1235308666,4551456423,-590882299,2021-07-29
5501,,104_455590588_CACEIS,883858366,OB,OB,No-pair,fx wire,Caceis booked the fx wire for SD 10-15-2019. Integrata yet to book,883858366,883858366,4551456423,-590882299,2021-07-29
5502,,190_4551269721_CACEIS,1827474002,OB,OB,No-pair,fx wire,Caceis booked the fx wire for SD 03-15-2021. Integrata yet to book,1827474002,1827474002,4551456423,-590882299,2021-07-29
5503,,267_4551394628_CACEIS,1997244800,OB,OB,No-pair,fx wire,Caceis booked the fx wire for SD 06-15-2021. Integrata yet to book,1997244800,1997244800,4551456423,-590882299,2021-07-29
5504,,3_455913002_CACEIS,1354245570,OB,OB,No-pair,wire transfer,Caceis booked the wire transfer for SD 06-24-2020. Integrata yet to book,1354245570,1354245570,4551456423,-590882299,2021-07-29
5505,,243_455985296_CACEIS,1449582073,OB,OB,No-pair,fx wire,Caceis booked the fx wire for SD 08-17-2020. Integrata yet to book,1449582073,1449582073,4551456423,-590882299,2021-07-29
5506,,58_455586694_CACEIS,876699148,OB,OB,No-pair,fx wire,Caceis booked the fx wire for SD 10-11-2019. Integrata yet to book,876699148,876699148,4551456423,-590882299,2021-07-29
5507,,7_4551400940_CACEIS,2004694240,OB,OB,No-pair,wire transfer,Caceis booked the wire transfer for SD 06-18-2021. Integrata yet to book,2004694240,2004694240,4551456423,-590882299,2021-07-29
5508,,997_455643841_CACEIS,975324069,OB,OB,No-pair,fees,Caceis booked the fees for SD 11-13-2019. Integrata yet to book,975324069,975324069,4551456423,-590882299,2021-07-29
5509,,1_455572473_CACEIS,852980340,OB,OB,No-pair,wire transfer,Caceis booked the wire transfer for SD 10-01-2019. Integrata yet to book,852980340,852980340,4551456423,-590882299,2021-07-29
5510,,23_455790609_CACEIS,1194036443,OB,OB,No-pair,fx wire,Caceis booked the fx wire for SD 03-20-2020. Integrata yet to book,1194036443,1194036443,4551456423,-590882299,2021-07-29
5511,,28_4551206835_CACEIS,1743521230,OB,OB,No-pair,proceeds sell,Caceis booked the proceeds sell for SD 01-27-2021. Integrata yet to book,1743521230,1743521230,4551456423,-590882299,2021-07-29
5512,,17_455649350_CACEIS,985331628,OB,OB,No-pair,monthend interest,Caceis booked the monthend interest for SD 12-01-2019. Integrata yet to book,985331628,985331628,4551456423,-590882299,2021-07-29
5513,,84_4551313388_CACEIS,1883527704,OB,OB,No-pair,fx wire,Caceis booked the fx wire for SD 04-15-2021. Integrata yet to book,1883527704,1883527704,4551456423,-590882299,2021-07-29
5514,,29_4551254304_CACEIS,1807385764,OB,OB,No-pair,wire transfer,Caceis booked the wire transfer for SD 03-02-2021. Integrata yet to book,1807385764,1807385764,4551456423,-590882299,2021-07-29
5515,,15_455953995_CACEIS,1409848210,OB,OB,No-pair,fx wire,Caceis booked the fx wire for SD 07-24-2020. Integrata yet to book,1409848210,1409848210,4551456423,-590882299,2021-07-29
5516,,73_4551003590_CACEIS,1473425983,OB,OB,No-pair,monthend interest,Caceis booked the monthend interest for SD 09-01-2020. Integrata yet to book,1473425983,1473425983,4551456423,-590882299,2021-07-29
5517,,54_455745203_CACEIS,1132280330,OB,OB,No-pair,fx wire,Caceis booked the fx wire for SD 02-14-2020. Integrata yet to book,1132280330,1132280330,4551456423,-590882299,2021-07-29
5518,,153_4551201062_CACEIS,1734566017,OB,OB,No-pair,fx wire,Caceis booked the fx wire for SD 01-22-2021. Integrata yet to book,1734566017,1734566017,4551456423,-590882299,2021-07-29
5519,,9_455393220_CACEIS,569239745,OB,OB,No-pair,fx wire,Caceis booked the fx wire for SD 05-06-2019. Integrata yet to book,569239745,569239745,4551456423,-590882299,2021-07-29
5520,,101_455963450_CACEIS,1421777680,OB,OB,No-pair,monthend interest,Caceis booked the monthend interest for SD 08-01-2020. Integrata yet to book,1421777680,1421777680,4551456423,-590882299,2021-07-29
5521,,49_455590588_CACEIS,883858333,OB,OB,No-pair,fx wire,Caceis booked the fx wire for SD 10-15-2019. Integrata yet to book,883858333,883858333,4551456423,-590882299,2021-07-29
5522,,170_455940640_CACEIS,1391596002,OB,OB,No-pair,proceeds sell,Caceis booked the Miscellaneous for SD 07-15-2020. Integrata yet to book,1391596002,1391596002,4551456423,-590882299,2021-07-29
5523,,768_4551232906_CACEIS,1780157224,OB,OB,No-pair,fx wire,Caceis booked the fx wire for SD 02-16-2021. Integrata yet to book,1780157224,1780157224,4551456423,-590882299,2021-07-29
5524,,400_455862625_CACEIS,1287003666,OB,OB,No-pair,fx wire,Caceis booked the fx wire for SD 05-15-2020. Integrata yet to book,1287003666,1287003666,4551456423,-590882299,2021-07-29
5525,,504_455900053_CACEIS,1336713981,OB,OB,No-pair,fx wire,Caceis booked the fx wire for SD 06-15-2020. Integrata yet to book,1336713981,1336713981,4551456423,-590882299,2021-07-29
5526,,62_455953995_CACEIS,1409848161,OB,OB,No-pair,fx wire,Caceis booked the fx wire for SD 07-24-2020. Integrata yet to book,1409848161,1409848161,4551456423,-590882299,2021-07-29
5527,,209_455783582_CACEIS,1185159354,OB,OB,No-pair,fx wire,Caceis booked the fx wire for SD 03-16-2020. Integrata yet to book,1185159354,1185159354,4551456423,-590882299,2021-07-29
5528,,365_4551023983_CACEIS,1500214103,OB,OB,No-pair,fx wire,Caceis booked the fx wire for SD 09-15-2020. Integrata yet to book,1500214103,1500214103,4551456423,-590882299,2021-07-29
5529,,770_4551232906_CACEIS,1780157229,OB,OB,No-pair,fx wire,Caceis booked the fx wire for SD 02-16-2021. Integrata yet to book,1780157229,1780157229,4551456423,-590882299,2021-07-29
5530,5_4551237030_Integrata,,1785359352,OB,OB,No-pair,wire transfer,Integrata booked the AUM plug for SD 02-17-2021.Caceis yet to book.,1785359352,1785359352,4551456423,-590882299,2021-07-29
5531,,16_455898221_CACEIS,1334730781,OB,OB,No-pair,fees,Caceis booked the fees for SD 06-12-2020. Integrata yet to book,1334730781,1334730781,4551456423,-590882299,2021-07-29
5532,,49_4551105378_CACEIS,1608089236,OB,OB,No-pair,fees,Caceis booked the fees for SD 11-12-2020. Integrata yet to book,1608089236,1608089236,4551456423,-590882299,2021-07-29
5533,3_4551155693_Integrata,,1675163251,OB,OB,No-pair,wire transfer,Integrata booked the subscription for SD 12-17-2020.Caceis yet to book.,1675163251,1675163251,4551456423,-590882299,2021-07-29
5534,,421_455940640_CACEIS,1391596329,OB,OB,No-pair,fx wire,Caceis booked the fx wire for SD 07-15-2020. Integrata yet to book,1391596329,1391596329,4551456423,-590882299,2021-07-29
5535,,381_455643841_CACEIS,975323453,OB,OB,No-pair,wire transfer,Caceis booked the wire transfer for SD 11-15-2019. Integrata yet to book,975323453,975323453,4551456423,-590882299,2021-07-29
5536,,7_455804770_CACEIS,1212351482,OB,OB,No-pair,fees,Caceis booked the fees for SD 04-01-2020. Integrata yet to book,1212351482,1212351482,4551456423,-590882299,2021-07-29
5537,2_455862625_Integrata,,1287002492,OB,OB,No-pair,wire transfer,Integrata booked the Net Sub/Red for SD 05-14-2020.Caceis yet to book.,1287002492,1287002492,4551456423,-590882299,2021-07-29
5538,,21_455953995_CACEIS,1409848217,OB,OB,No-pair,fx wire,Caceis booked the fx wire for SD 07-24-2020. Integrata yet to book,1409848217,1409848217,4551456423,-590882299,2021-07-29
5539,,489_4551066313_CACEIS,1556876778,OB,OB,No-pair,fx wire,Caceis booked the fx wire for SD 10-15-2020. Integrata yet to book,1556876778,1556876778,4551456423,-590882299,2021-07-29
5540,1_4551454471_Integrata,,2072012683,OB,OB,No-pair,wire transfer,Integrata booked the AUM plug for SD 07-27-2021.Caceis yet to book.,2072012683,2072012683,4551456423,-590882299,2021-07-29
5541,,123_455742022_CACEIS,1127725748,OB,OB,No-pair,fees,Caceis booked the fees for SD 02-12-2020. Integrata yet to book,1127725748,1127725748,4551456423,-590882299,2021-07-29
5542,20_455653046_Integrata,,992798677,OB,OB,No-pair,dividend,Integrata booked the dividend for SD 12-03-2019.Caceis yet to book.,992798677,992798677,4551456423,-590882299,2021-07-29
5543,,48_455940640_CACEIS,1391595942,OB,OB,No-pair,fx wire,Caceis booked the fx wire for SD 07-15-2020. Integrata yet to book,1391595942,1391595942,4551456423,-590882299,2021-07-29
5544,,33_455916649_CACEIS,1359361402,OB,OB,No-pair,fx wire,Caceis booked the fx wire for SD 06-26-2020. Integrata yet to book,1359361402,1359361402,4551456423,-590882299,2021-07-29
5545,,511_4551066313_CACEIS,1556876620,OB,OB,No-pair,fx wire,Caceis booked the fx wire for SD 10-15-2020. Integrata yet to book,1556876620,1556876620,4551456423,-590882299,2021-07-29
5546,,23_455835232_CACEIS,1251293842,OB,OB,No-pair,proceeds sell,Caceis booked the proceeds sell for SD 04-24-2020. Integrata yet to book,1251293842,1251293842,4551456423,-590882299,2021-07-29
5547,6_455632060_Integrata,,955982114,OB,OB,No-pair,proceeds sell,Integrata booked the proceeds sell for SD 11-15-2019.Caceis yet to book.,955982114,955982114,4551456423,-590882299,2021-07-29
5548,,46_4551428980_CACEIS,2040344616,OB,OB,No-pair,fx wire,Caceis booked the fx wire for SD 07-09-2021. Integrata yet to book,2040344616,2040344616,4551456423,-590882299,2021-07-29
5549,,418_455643841_CACEIS,975323490,OB,OB,No-pair,wire transfer,Caceis booked the wire transfer for SD 11-15-2019. Integrata yet to book,975323490,975323490,4551456423,-590882299,2021-07-29
5550,,48_4551105378_CACEIS,1608089216,OB,OB,No-pair,fees,Caceis booked the fees for SD 11-12-2020. Integrata yet to book,1608089216,1608089216,4551456423,-590882299,2021-07-29
5551,,425_455862625_CACEIS,1287003889,OB,OB,No-pair,fx wire,Caceis booked the fx wire for SD 05-15-2020. Integrata yet to book,1287003889,1287003889,4551456423,-590882299,2021-07-29
5552,,471_4551066313_CACEIS,1556876785,OB,OB,No-pair,fx wire,Caceis booked the fx wire for SD 10-15-2020. Integrata yet to book,1556876785,1556876785,4551456423,-590882299,2021-07-29
5553,,348_455900053_CACEIS,1336713789,OB,OB,No-pair,fx wire,Caceis booked the fx wire for SD 06-15-2020. Integrata yet to book,1336713789,1336713789,4551456423,-590882299,2021-07-29
5554,,60_4551105378_CACEIS,1608089201,OB,OB,No-pair,fees,Caceis booked the fees for SD 11-12-2020. Integrata yet to book,1608089201,1608089201,4551456423,-590882299,2021-07-29
5555,,144_455862625_CACEIS,1287003252,OB,OB,No-pair,fx wire,Caceis booked the fx wire for SD 05-15-2020. Integrata yet to book,1287003252,1287003252,4551456423,-590882299,2021-07-29
5556,,81_4551109218_CACEIS,1613286829,OB,OB,No-pair,fx wire,Caceis booked the fx wire for SD 11-16-2020. Integrata yet to book,1613286829,1613286829,4551456423,-590882299,2021-07-29
5557,,12_455898221_CACEIS,1334730761,OB,OB,No-pair,fees,Caceis booked the fees for SD 06-12-2020. Integrata yet to book,1334730761,1334730761,4551456423,-590882299,2021-07-29
5558,,22_4551159662_CACEIS,1680411070,OB,OB,No-pair,wire transfer,Caceis booked the wire transfer for SD 12-22-2020. Integrata yet to book,1680411070,1680411070,4551456423,-590882299,2021-07-29
5559,,23_455439597_CACEIS,632008270,OB,OB,No-pair,fees,Caceis booked the fees for SD 06-13-2019. Integrata yet to book,632008270,632008270,4551456423,-590882299,2021-07-29
5560,,467_4551191593_CACEIS,1722905540,OB,OB,No-pair,fx wire,Caceis booked the fx wire for SD 01-15-2021. Integrata yet to book,1722905540,1722905540,4551456423,-590882299,2021-07-29
5561,,5_4551411869_CACEIS,2018959419,OB,OB,No-pair,fx wire,Caceis booked the fx wire for SD 06-28-2021. Integrata yet to book,2018959419,2018959419,4551456423,-590882299,2021-07-29
5562,,224_4551109218_CACEIS,1613286802,OB,OB,No-pair,fx wire,Caceis booked the fx wire for SD 11-16-2020. Integrata yet to book,1613286802,1613286802,4551456423,-590882299,2021-07-29
5563,,89_368123_CACEIS,532374116,OB,OB,No-pair,fx wire,Caceis booked the fx wire for SD 04-15-2019. Integrata yet to book,532374116,532374116,4551456423,-590882299,2021-07-29
5564,,307_455706635_CACEIS,1081907725,OB,OB,No-pair,fx wire,Caceis booked the fx wire for SD 01-15-2020. Integrata yet to book,1081907725,1081907725,4551456423,-590882299,2021-07-29
5565,,290_4551354754_CACEIS,1942399695,OB,OB,No-pair,fx wire,Caceis booked the fx wire for SD 05-17-2021. Integrata yet to book,1942399695,1942399695,4551456423,-590882299,2021-07-29
5566,,305_4551191593_CACEIS,1722905272,OB,OB,No-pair,fx wire,Caceis booked the fx wire for SD 01-15-2021. Integrata yet to book,1722905272,1722905272,4551456423,-590882299,2021-07-29
5567,,515_455822501_CACEIS,1235308363,OB,OB,No-pair,fx wire,Caceis booked the fx wire for SD 04-15-2020. Integrata yet to book,1235308363,1235308363,4551456423,-590882299,2021-07-29
5568,,78_368123_CACEIS,532374112,OB,OB,No-pair,fx wire,Caceis booked the fx wire for SD 04-15-2019. Integrata yet to book,532374112,532374112,4551456423,-590882299,2021-07-29
5569,,109_4551394628_CACEIS,1997244623,OB,OB,No-pair,fx wire,Caceis booked the fx wire for SD 06-15-2021. Integrata yet to book,1997244623,1997244623,4551456423,-590882299,2021-07-29
5570,,684_4551232906_CACEIS,1780157127,OB,OB,No-pair,fx wire,Caceis booked the fx wire for SD 02-16-2021. Integrata yet to book,1780157127,1780157127,4551456423,-590882299,2021-07-29
5571,,11_4551093457_CACEIS,1592135539,OB,OB,No-pair,wire transfer,Caceis booked the wire transfer for SD 09-15-2020. Integrata yet to book,1592135539,1592135539,4551456423,-590882299,2021-07-29
5572,,184_455706635_CACEIS,1081907536,OB,OB,No-pair,fx wire,Caceis booked the fx wire for SD 01-15-2020. Integrata yet to book,1081907536,1081907536,4551456423,-590882299,2021-07-29
5573,,1191_455643841_CACEIS,975324263,OB,OB,No-pair,fx wire,Caceis booked the fx wire for SD 11-15-2019. Integrata yet to book,975324263,975324263,4551456423,-590882299,2021-07-29
5574,,54_455803095_CACEIS,1210223504,OB,OB,No-pair,monthend interest,Caceis booked the monthend interest for SD 04-01-2020. Integrata yet to book,1210223504,1210223504,4551456423,-590882299,2021-07-29
5575,,18_455820754_CACEIS,1233177780,OB,OB,No-pair,fees,Caceis booked the fees for SD 04-14-2020. Integrata yet to book,1233177780,1233177780,4551456423,-590882299,2021-07-29
5576,,122_455742022_CACEIS,1127725766,OB,OB,No-pair,fees,Caceis booked the fees for SD 02-12-2020. Integrata yet to book,1127725766,1127725766,4551456423,-590882299,2021-07-29
5577,,424_455748445_CACEIS,1136275492,OB,OB,No-pair,fx wire,Caceis booked the fx wire for SD 02-18-2020. Integrata yet to book,1136275492,1136275492,4551456423,-590882299,2021-07-29
5578,,3_4551440965_CACEIS,2054922374,OB,OB,No-pair,wire transfer,Caceis booked the wire transfer for SD 07-16-2021. Integrata yet to book,2054922374,2054922374,4551456423,-590882299,2021-07-29
5579,,305_4551149959_CACEIS,1667623210,OB,OB,No-pair,fx wire,Caceis booked the fx wire for SD 12-15-2020. Integrata yet to book,1667623210,1667623210,4551456423,-590882299,2021-07-29
5580,,9_4551258322_CACEIS,1812652671,OB,OB,No-pair,fx wire,Caceis booked the fx wire for SD 03-05-2021. Integrata yet to book,1812652671,1812652671,4551456423,-590882299,2021-07-29
5581,,25_455457456_CACEIS,662167952,OB,OB,No-pair,monthend interest,Caceis booked the monthend interest for SD 07-01-2019. Integrata yet to book,662167952,662167952,4551456423,-590882299,2021-07-29
5582,,17_455842390_CACEIS,1260634987,OB,OB,No-pair,monthend interest,Caceis booked the monthend interest for SD 05-01-2020. Integrata yet to book,1260634987,1260634987,4551456423,-590882299,2021-07-29
5583,,14_4551020261_CACEIS,1495478281,OB,OB,No-pair,fees,Caceis booked the fees for SD 09-10-2020. Integrata yet to book,1495478281,1495478281,4551456423,-590882299,2021-07-29
5584,,15_455653046_CACEIS,992798691,OB,OB,No-pair,wire transfer,Caceis booked the wire transfer for SD 12-03-2019. Integrata yet to book,992798691,992798691,4551456423,-590882299,2021-07-29
5585,,68_4551388882_CACEIS,1989667639,OB,OB,No-pair,fees,Caceis booked the fees for SD 06-10-2021. Integrata yet to book,1989667639,1989667639,4551456423,-590882299,2021-07-29
5586,,8_455898221_CACEIS,1334730735,OB,OB,No-pair,fees,Caceis booked the fees for SD 06-12-2020. Integrata yet to book,1334730735,1334730735,4551456423,-590882299,2021-07-29
5587,,25_4551105378_CACEIS,1608089223,OB,OB,No-pair,wire transfer,Caceis booked the wire transfer for SD 11-12-2020. Integrata yet to book,1608089223,1608089223,4551456423,-590882299,2021-07-29
5588,,370_455590588_CACEIS,883858666,OB,OB,No-pair,fx wire,Caceis booked the fx wire for SD 10-15-2019. Integrata yet to book,883858666,883858666,4551456423,-590882299,2021-07-29
5589,,2_267975_CACEIS,368747165,OB,OB,No-pair,fx wire,Caceis booked the fx wire for SD 01-15-2019. Integrata yet to book,368747165,368747165,4551456423,-590882299,2021-07-29
5590,,68_455516633_CACEIS,760048525,OB,OB,No-pair,fx wire,Caceis booked the fx wire for SD 08-16-2019. Integrata yet to book,760048525,760048525,4551456423,-590882299,2021-07-29
5591,,340_455940640_CACEIS,1391596193,OB,OB,No-pair,fx wire,Caceis booked the fx wire for SD 07-15-2020. Integrata yet to book,1391596193,1391596193,4551456423,-590882299,2021-07-29
5592,,133_455777858_CACEIS,1177395672,OB,OB,No-pair,fees,Caceis booked the fees for SD 03-11-2020. Integrata yet to book,1177395672,1177395672,4551456423,-590882299,2021-07-29
5593,,2_455643841_CACEIS,975323074,OB,OB,No-pair,monthend interest,Caceis booked the monthend interest for SD 10-31-2019. Integrata yet to book,975323074,975323074,4551456423,-590882299,2021-07-29
5594,,75_4551105378_CACEIS,1608089242,OB,OB,No-pair,fees,Caceis booked the fees for SD 11-12-2020. Integrata yet to book,1608089242,1608089242,4551456423,-590882299,2021-07-29
5595,,62_4551066313_CACEIS,1556876359,OB,OB,No-pair,fx wire,Caceis booked the fx wire for SD 10-15-2020. Integrata yet to book,1556876359,1556876359,4551456423,-590882299,2021-07-29
5596,,21_4551203153_CACEIS,1737813337,OB,OB,No-pair,wire transfer,Caceis booked the wire transfer for SD 01-25-2021. Integrata yet to book,1737813337,1737813337,4551456423,-590882299,2021-07-29
5597,,18_455688261_CACEIS,1053516648,OB,OB,No-pair,monthend interest,Caceis booked the monthend interest for SD 01-01-2020. Integrata yet to book,1053516648,1053516648,4551456423,-590882299,2021-07-29
5598,,143_455693832_CACEIS,1063035184,OB,OB,No-pair,fees,Caceis booked the fees for SD 01-06-2020. Integrata yet to book,1063035184,1063035184,4551456423,-590882299,2021-07-29
5599,,84_4551381021_CACEIS,1979694307,OB,OB,No-pair,fx wire,Caceis booked the fx wire for SD 06-04-2021. Integrata yet to book,1979694307,1979694307,4551456423,-590882299,2021-07-29
5600,,110_455585083_CACEIS,874262485,OB,OB,No-pair,wire transfer,Caceis booked the wire transfer for SD 10-10-2019. Integrata yet to book,874262485,874262485,4551456423,-590882299,2021-07-29
5601,,13_4551020261_CACEIS,1495478277,OB,OB,No-pair,fees,Caceis booked the fees for SD 09-10-2020. Integrata yet to book,1495478277,1495478277,4551456423,-590882299,2021-07-29
5602,,773_455862625_CACEIS,1287005097,OB,OB,No-pair,fx wire,Caceis booked the fx wire for SD 05-15-2020. Integrata yet to book,1287005097,1287005097,4551456423,-590882299,2021-07-29
5603,,436_4551023983_CACEIS,1500214151,OB,OB,No-pair,fx wire,Caceis booked the fx wire for SD 09-15-2020. Integrata yet to book,1500214151,1500214151,4551456423,-590882299,2021-07-29
5604,,208_455590588_CACEIS,883858474,OB,OB,No-pair,fx wire,Caceis booked the fx wire for SD 10-15-2019. Integrata yet to book,883858474,883858474,4551456423,-590882299,2021-07-29
5605,,16_4551105378_CACEIS,1608089179,OB,OB,No-pair,wire transfer,Caceis booked the wire transfer for SD 11-12-2020. Integrata yet to book,1608089179,1608089179,4551456423,-590882299,2021-07-29
5606,,12_4551131887_CACEIS,1643730715,OB,OB,No-pair,wire transfer,Caceis booked the wire transfer for SD 12-02-2020. Integrata yet to book,1643730715,1643730715,4551456423,-590882299,2021-07-29
5607,,43_4551174457_CACEIS,1699762753,OB,OB,No-pair,fx wire,Caceis booked the fx wire for SD 01-04-2021. Integrata yet to book,1699762753,1699762753,4551456423,-590882299,2021-07-29
5608,,77_4551105378_CACEIS,1608089264,OB,OB,No-pair,fees,Caceis booked the fees for SD 11-12-2020. Integrata yet to book,1608089264,1608089264,4551456423,-590882299,2021-07-29
5609,,9_455570278_CACEIS,849574821,OB,OB,No-pair,monthend interest,Caceis booked the monthend interest for SD 10-01-2019. Integrata yet to book,849574821,849574821,4551456423,-590882299,2021-07-29
5610,,154_455777858_CACEIS,1177395710,OB,OB,No-pair,fees,Caceis booked the fees for SD 03-11-2020. Integrata yet to book,1177395710,1177395710,4551456423,-590882299,2021-07-29
5611,,391_4551023983_CACEIS,1500214266,OB,OB,No-pair,fx wire,Caceis booked the fx wire for SD 09-15-2020. Integrata yet to book,1500214266,1500214266,4551456423,-590882299,2021-07-29
5612,,148_4551191593_CACEIS,1722905196,OB,OB,No-pair,fx wire,Caceis booked the fx wire for SD 01-15-2021. Integrata yet to book,1722905196,1722905196,4551456423,-590882299,2021-07-29
5613,,503_4551109218_CACEIS,1613287107,OB,OB,No-pair,fx wire,Caceis booked the fx wire for SD 11-16-2020. Integrata yet to book,1613287107,1613287107,4551456423,-590882299,2021-07-29
5614,,50_4551105378_CACEIS,1608089185,OB,OB,No-pair,fees,Caceis booked the fees for SD 11-12-2020. Integrata yet to book,1608089185,1608089185,4551456423,-590882299,2021-07-29
5615,,6_4551093457_CACEIS,1592135378,OB,OB,No-pair,wire transfer,Caceis booked the wire transfer for SD 10-30-2020. Integrata yet to book,1592135378,1592135378,4551456423,-590882299,2021-07-29
5616,,15_455820754_CACEIS,1233177636,OB,OB,No-pair,fx wire,Caceis booked the fx wire for SD 04-14-2020. Integrata yet to book,1233177636,1233177636,4551456423,-590882299,2021-07-29
5617,,462_455643841_CACEIS,975323534,OB,OB,No-pair,fx wire,Caceis booked the fx wire for SD 11-15-2019. Integrata yet to book,975323534,975323534,4551456423,-590882299,2021-07-29
5618,,156_455900053_CACEIS,1336713193,OB,OB,No-pair,fx wire,Caceis booked the fx wire for SD 06-15-2020. Integrata yet to book,1336713193,1336713193,4551456423,-590882299,2021-07-29
5619,,206_455862625_CACEIS,1287002726,OB,OB,No-pair,fees,Caceis booked the fees for SD 05-13-2020. Integrata yet to book,1287002726,1287002726,4551456423,-590882299,2021-07-29
5620,,29_455516633_CACEIS,760048587,OB,OB,No-pair,fx wire,Caceis booked the fx wire for SD 08-16-2019. Integrata yet to book,760048587,760048587,4551456423,-590882299,2021-07-29
5621,,160_455978912_CACEIS,1441832131,OB,OB,No-pair,fees,Caceis booked the fees for SD 08-12-2020. Integrata yet to book,1441832131,1441832131,4551456423,-590882299,2021-07-29
5622,,5_4551166054_CACEIS,1689088068,OB,OB,No-pair,wire transfer,Caceis booked the wire transfer for SD 12-28-2020. Integrata yet to book,1689088068,1689088068,4551456423,-590882299,2021-07-29
5623,,27_4551105378_CACEIS,1608089252,OB,OB,No-pair,wire transfer,Caceis booked the wire transfer for SD 11-12-2020. Integrata yet to book,1608089252,1608089252,4551456423,-590882299,2021-07-29
5624,,106_4551105378_CACEIS,1608089313,OB,OB,No-pair,fees,Caceis booked the fees for SD 11-12-2020. Integrata yet to book,1608089313,1608089313,4551456423,-590882299,2021-07-29
5625,,82_455862625_CACEIS,1287002617,OB,OB,No-pair,fees,Caceis booked the fees for SD 05-13-2020. Integrata yet to book,1287002617,1287002617,4551456423,-590882299,2021-07-29
5626,,7_4551142111_CACEIS,1657251525,OB,OB,No-pair,wire transfer,Caceis booked the wire transfer for SD 12-09-2020. Integrata yet to book,1657251525,1657251525,4551456423,-590882299,2021-07-29
5627,,13_4551184426_CACEIS,1712749726,OB,OB,No-pair,wire transfer,Caceis booked the wire transfer for SD 01-11-2021. Integrata yet to book,1712749726,1712749726,4551456423,-590882299,2021-07-29
5628,,41_4551256295_CACEIS,1810321919,OB,OB,No-pair,wire transfer,Caceis booked the wire transfer for SD 03-03-2021. Integrata yet to book,1810321919,1810321919,4551456423,-590882299,2021-07-29
5629,,153_455777858_CACEIS,1177395671,OB,OB,No-pair,fees,Caceis booked the fees for SD 03-11-2020. Integrata yet to book,1177395671,1177395671,4551456423,-590882299,2021-07-29
5630,,77_4551191593_CACEIS,1722905093,OB,OB,No-pair,fx wire,Caceis booked the fx wire for SD 01-15-2021. Integrata yet to book,1722905093,1722905093,4551456423,-590882299,2021-07-29
5631,,1_4551379030_CACEIS,1976618408,OB,OB,No-pair,wire transfer,Caceis booked the wire transfer for SD 06-03-2021. Integrata yet to book,1976618408,1976618408,4551456423,-590882299,2021-07-29
5632,,75_333062_CACEIS,479846820,OB,OB,No-pair,fx wire,Caceis booked the fx wire for SD 03-15-2019. Integrata yet to book,479846820,479846820,4551456423,-590882299,2021-07-29
5633,,163_4551248485_CACEIS,1800039543,OB,OB,No-pair,fx wire,Caceis booked the fx wire for SD 02-26-2021. Integrata yet to book,1800039543,1800039543,4551456423,-590882299,2021-07-29
5634,,24_455516633_CACEIS,760048377,OB,OB,No-pair,fx wire,Caceis booked the fx wire for SD 08-16-2019. Integrata yet to book,760048377,760048377,4551456423,-590882299,2021-07-29
5635,,58_4551354754_CACEIS,1942399464,OB,OB,No-pair,fx wire,Caceis booked the fx wire for SD 05-17-2021. Integrata yet to book,1942399464,1942399464,4551456423,-590882299,2021-07-29
5636,,47_4551254304_CACEIS,1807385746,OB,OB,No-pair,wire transfer,Caceis booked the wire transfer for SD 03-02-2021. Integrata yet to book,1807385746,1807385746,4551456423,-590882299,2021-07-29
5637,,78_455404958_CACEIS,585162371,OB,OB,No-pair,fx wire,Caceis booked the fx wire for SD 05-15-2019. Integrata yet to book,585162371,585162371,4551456423,-590882299,2021-07-29
5638,,55_455663909_CACEIS,1011570608,OB,OB,No-pair,fees,Caceis booked the fees for SD 12-11-2019. Integrata yet to book,1011570608,1011570608,4551456423,-590882299,2021-07-29
5639,,391_455940640_CACEIS,1391596364,OB,OB,No-pair,fx wire,Caceis booked the fx wire for SD 07-15-2020. Integrata yet to book,1391596364,1391596364,4551456423,-590882299,2021-07-29
5640,,7_455393220_CACEIS,569239739,OB,OB,No-pair,fx wire,Caceis booked the fx wire for SD 05-06-2019. Integrata yet to book,569239739,569239739,4551456423,-590882299,2021-07-29
5641,,54_333062_CACEIS,479846744,OB,OB,No-pair,fx wire,Caceis booked the fx wire for SD 03-15-2019. Integrata yet to book,479846744,479846744,4551456423,-590882299,2021-07-29
5642,,105_455748445_CACEIS,1136275060,OB,OB,No-pair,fx wire,Caceis booked the fx wire for SD 02-18-2020. Integrata yet to book,1136275060,1136275060,4551456423,-590882299,2021-07-29
5643,,64_455663909_CACEIS,1011570618,OB,OB,No-pair,fees,Caceis booked the fees for SD 12-11-2019. Integrata yet to book,1011570618,1011570618,4551456423,-590882299,2021-07-29
5644,,301_4551149959_CACEIS,1667623119,OB,OB,No-pair,fx wire,Caceis booked the fx wire for SD 12-15-2020. Integrata yet to book,1667623119,1667623119,4551456423,-590882299,2021-07-29
5645,,20_4551105378_CACEIS,1608089214,OB,OB,No-pair,wire transfer,Caceis booked the wire transfer for SD 11-12-2020. Integrata yet to book,1608089214,1608089214,4551456423,-590882299,2021-07-29
5646,,302_455669415_CACEIS,1020662094,OB,OB,No-pair,fx wire,Caceis booked the fx wire for SD 12-16-2019. Integrata yet to book,1020662094,1020662094,4551456423,-590882299,2021-07-29
5647,,33_4551388882_CACEIS,1989667620,OB,OB,No-pair,wire transfer,Caceis booked the wire transfer for SD 06-10-2021. Integrata yet to book,1989667620,1989667620,4551456423,-590882299,2021-07-29
5648,,25_333062_CACEIS,479846741,OB,OB,No-pair,fx wire,Caceis booked the fx wire for SD 03-15-2019. Integrata yet to book,479846741,479846741,4551456423,-590882299,2021-07-29
5649,,218_4551023983_CACEIS,1500213924,OB,OB,No-pair,fx wire,Caceis booked the fx wire for SD 09-15-2020. Integrata yet to book,1500213924,1500213924,4551456423,-590882299,2021-07-29
5650,,132_455777858_CACEIS,1177395826,OB,OB,No-pair,fees,Caceis booked the fees for SD 03-11-2020. Integrata yet to book,1177395826,1177395826,4551456423,-590882299,2021-07-29
5651,,8_4551388882_CACEIS,1989667564,OB,OB,No-pair,wire transfer,Caceis booked the wire transfer for SD 06-10-2021. Integrata yet to book,1989667564,1989667564,4551456423,-590882299,2021-07-29
5652,,69_4551354754_CACEIS,1942399544,OB,OB,No-pair,fx wire,Caceis booked the fx wire for SD 05-17-2021. Integrata yet to book,1942399544,1942399544,4551456423,-590882299,2021-07-29
5653,,32_4551184426_CACEIS,1712749823,OB,OB,No-pair,wire transfer,Caceis booked the wire transfer for SD 01-11-2021. Integrata yet to book,1712749823,1712749823,4551456423,-590882299,2021-07-29
5654,,21_455826113_CACEIS,1239393704,OB,OB,No-pair,fx wire,Caceis booked the fx wire for SD 04-17-2020. Integrata yet to book,1239393704,1239393704,4551456423,-590882299,2021-07-29
5655,,4_4551388882_CACEIS,1989667553,OB,OB,No-pair,wire transfer,Caceis booked the wire transfer for SD 06-10-2021. Integrata yet to book,1989667553,1989667553,4551456423,-590882299,2021-07-29
5656,,86_455762980_CACEIS,1156897810,OB,OB,No-pair,wire transfer,Caceis booked the wire transfer for SD 02-28-2020. Integrata yet to book,1156897810,1156897810,4551456423,-590882299,2021-07-29
5657,14_4551444588_Integrata,,2059445488,OB,OB,No-pair,proceeds sell,Integrata booked the proceeds sell for SD 07-19-2021.Caceis yet to book.,2059445488,2059445488,4551456423,-590882299,2021-07-29
5658,,506_4551109218_CACEIS,1613287166,OB,OB,No-pair,fx wire,Caceis booked the fx wire for SD 11-16-2020. Integrata yet to book,1613287166,1613287166,4551456423,-590882299,2021-07-29
5659,,239_4551436806_CACEIS,2049886026,OB,OB,No-pair,fx wire,Caceis booked the fx wire for SD 07-15-2021. Integrata yet to book,2049886026,2049886026,4551456423,-590882299,2021-07-29
5660,46_4551398589_Integrata,,2002008727,OB,OB,No-pair,proceeds sell,Integrata booked the Net Sub/Red for SD 06-17-2021.Caceis yet to book.,2002008727,2002008727,4551456423,-590882299,2021-07-29
5661,,329_455669415_CACEIS,1020662096,OB,OB,No-pair,fx wire,Caceis booked the fx wire for SD 12-16-2019. Integrata yet to book,1020662096,1020662096,4551456423,-590882299,2021-07-29
5662,,84_4551105378_CACEIS,1608089253,OB,OB,No-pair,fees,Caceis booked the fees for SD 11-12-2020. Integrata yet to book,1608089253,1608089253,4551456423,-590882299,2021-07-29
5663,,30_4551105378_CACEIS,1608089244,OB,OB,No-pair,wire transfer,Caceis booked the wire transfer for SD 11-12-2020. Integrata yet to book,1608089244,1608089244,4551456423,-590882299,2021-07-29
5664,,352_455822501_CACEIS,1235308222,OB,OB,No-pair,fx wire,Caceis booked the fx wire for SD 04-15-2020. Integrata yet to book,1235308222,1235308222,4551456423,-590882299,2021-07-29
5665,11_455716646_Integrata,,1094282294,OB,OB,No-pair,proceeds sell,Integrata booked the Net Sub/Red for SD 01-23-2020.Caceis yet to book.,1094282294,1094282294,4551456423,-590882299,2021-07-29
5666,,387_455940640_CACEIS,1391596272,OB,OB,No-pair,fx wire,Caceis booked the fx wire for SD 07-15-2020. Integrata yet to book,1391596272,1391596272,4551456423,-590882299,2021-07-29
5667,,148_455777858_CACEIS,1177395845,OB,OB,No-pair,fees,Caceis booked the fees for SD 03-11-2020. Integrata yet to book,1177395845,1177395845,4551456423,-590882299,2021-07-29
5668,9_455716646_Integrata,,1094282302,OB,OB,No-pair,wire transfer,Integrata booked the subscription for SD 01-23-2020.Caceis yet to book.,1094282302,1094282302,4551456423,-590882299,2021-07-29
5669,,88_306589_CACEIS,433998182,OB,OB,No-pair,fx wire,Caceis booked the fx wire for SD 02-15-2019. Integrata yet to book,433998182,433998182,4551456423,-590882299,2021-07-29
5670,6_4551436806_Integrata,,2049885727,OB,OB,No-pair,redemption,Integrata booked the redemption for SD 07-15-2021.Caceis yet to book.,2049885727,2049885727,4551456423,-590882299,2021-07-29
5671,,5_341093_CACEIS,490673973,OB,OB,No-pair,fx wire,Caceis booked the fx wire for SD 03-22-2019. Integrata yet to book,490673973,490673973,4551456423,-590882299,2021-07-29
5672,,30_4551292839_CACEIS,1857221920,OB,OB,No-pair,wire transfer,Caceis booked the wire transfer for SD 03-31-2021. Integrata yet to book,1857221920,1857221920,4551456423,-590882299,2021-07-29
5673,,28_455404958_CACEIS,585162332,OB,OB,No-pair,fx wire,Caceis booked the fx wire for SD 05-15-2019. Integrata yet to book,585162332,585162332,4551456423,-590882299,2021-07-29
5674,,78_4551313388_CACEIS,1883527645,OB,OB,No-pair,fx wire,Caceis booked the fx wire for SD 04-15-2021. Integrata yet to book,1883527645,1883527645,4551456423,-590882299,2021-07-29
5675,,459_4551191593_CACEIS,1722905481,OB,OB,No-pair,fx wire,Caceis booked the fx wire for SD 01-15-2021. Integrata yet to book,1722905481,1722905481,4551456423,-590882299,2021-07-29
5676,,65_4551313388_CACEIS,1883527797,OB,OB,No-pair,fx wire,Caceis booked the fx wire for SD 04-15-2021. Integrata yet to book,1883527797,1883527797,4551456423,-590882299,2021-07-29
5677,,59_4551343376_CACEIS,1925737847,OB,OB,No-pair,fx wire,Caceis booked the fx wire for SD 05-07-2021. Integrata yet to book,1925737847,1925737847,4551456423,-590882299,2021-07-29
5678,,394_455940640_CACEIS,1391596259,OB,OB,No-pair,fx wire,Caceis booked the fx wire for SD 07-15-2020. Integrata yet to book,1391596259,1391596259,4551456423,-590882299,2021-07-29
5679,,33_4551206835_CACEIS,1743521218,OB,OB,No-pair,wire transfer,Caceis booked the wire transfer for SD 01-27-2021. Integrata yet to book,1743521218,1743521218,4551456423,-590882299,2021-07-29
5680,,5_4551184426_CACEIS,1712749692,OB,OB,No-pair,wire transfer,Caceis booked the wire transfer for SD 01-11-2021. Integrata yet to book,1712749692,1712749692,4551456423,-590882299,2021-07-29
5681,,52_4551334292_CACEIS,1911737173,OB,OB,No-pair,monthend interest,Caceis booked the monthend interest for SD 05-01-2021. Integrata yet to book,1911737173,1911737173,4551456423,-590882299,2021-07-29
5682,,71_4551354754_CACEIS,1942399492,OB,OB,No-pair,fx wire,Caceis booked the fx wire for SD 05-17-2021. Integrata yet to book,1942399492,1942399492,4551456423,-590882299,2021-07-29
5683,,94_455442954_CACEIS,637183830,OB,OB,No-pair,wire transfer,Caceis booked the wire transfer for SD 06-17-2019. Integrata yet to book,637183830,637183830,4551456423,-590882299,2021-07-29
5684,,4_455743848_CACEIS,1130319872,OB,OB,No-pair,fees,Caceis booked the fees for SD 02-12-2020. Integrata yet to book,1130319872,1130319872,4551456423,-590882299,2021-07-29
5685,,106_455693832_CACEIS,1063035294,OB,OB,No-pair,fx wire,Caceis booked the fx wire for SD 01-06-2020. Integrata yet to book,1063035294,1063035294,4551456423,-590882299,2021-07-29
5686,,164_455777858_CACEIS,1177395788,OB,OB,No-pair,fees,Caceis booked the fees for SD 03-11-2020. Integrata yet to book,1177395788,1177395788,4551456423,-590882299,2021-07-29
5687,,6_4551341492_CACEIS,1922960762,OB,OB,No-pair,wire transfer,Caceis booked the wire transfer for SD 05-06-2021. Integrata yet to book,1922960762,1922960762,4551456423,-590882299,2021-07-29
5688,,111_4551184426_CACEIS,1712749796,OB,OB,No-pair,wire transfer,Caceis booked the wire transfer for SD 01-11-2021. Integrata yet to book,1712749796,1712749796,4551456423,-590882299,2021-07-29
5689,,64_455688261_CACEIS,1053516753,OB,OB,No-pair,fx wire,Caceis booked the fx wire for SD 12-31-2019. Integrata yet to book,1053516753,1053516753,4551456423,-590882299,2021-07-29
5690,,110_4551105378_CACEIS,1608089268,OB,OB,No-pair,wire transfer,Caceis booked the wire transfer for SD 11-12-2020. Integrata yet to book,1608089268,1608089268,4551456423,-590882299,2021-07-29
5691,,351_455590588_CACEIS,883858718,OB,OB,No-pair,fx wire,Caceis booked the fx wire for SD 10-15-2019. Integrata yet to book,883858718,883858718,4551456423,-590882299,2021-07-29
5692,,126_4551060531_CACEIS,1548950703,OB,OB,No-pair,wire transfer,Caceis booked the wire transfer for SD 10-12-2020. Integrata yet to book,1548950703,1548950703,4551456423,-590882299,2021-07-29
5693,,42_306589_CACEIS,433998179,OB,OB,No-pair,fx wire,Caceis booked the fx wire for SD 02-15-2019. Integrata yet to book,433998179,433998179,4551456423,-590882299,2021-07-29
5694,,42_4551299798_CACEIS,1866915143,OB,OB,No-pair,fees,Caceis booked the fees for SD 04-01-2021. Integrata yet to book,1866915143,1866915143,4551456423,-590882299,2021-07-29
5695,,9_455887206_CACEIS,1320167957,OB,OB,No-pair,proceeds sell,Caceis booked the proceeds sell for SD 06-04-2020. Integrata yet to book,1320167957,1320167957,4551456423,-590882299,2021-07-29
5696,,8_455853613_CACEIS,1275438463,OB,OB,No-pair,fx wire,Caceis booked the fx wire for SD 05-08-2020. Integrata yet to book,1275438463,1275438463,4551456423,-590882299,2021-07-29
5697,,5_455790609_CACEIS,1194036428,OB,OB,No-pair,wire transfer,Caceis booked the wire transfer for SD 03-20-2020. Integrata yet to book,1194036428,1194036428,4551456423,-590882299,2021-07-29
5698,,51_4551428980_CACEIS,2040344594,OB,OB,No-pair,fx wire,Caceis booked the fx wire for SD 07-09-2021. Integrata yet to book,2040344594,2040344594,4551456423,-590882299,2021-07-29
5699,,477_455822501_CACEIS,1235307821,OB,OB,No-pair,fees,Caceis booked the fees for SD 04-14-2020. Integrata yet to book,1235307821,1235307821,4551456423,-590882299,2021-07-29
5700,,486_455900053_CACEIS,1336713991,OB,OB,No-pair,fx wire,Caceis booked the fx wire for SD 06-15-2020. Integrata yet to book,1336713991,1336713991,4551456423,-590882299,2021-07-29
5701,,314_4551313388_CACEIS,1883527907,OB,OB,No-pair,fx wire,Caceis booked the fx wire for SD 04-15-2021. Integrata yet to book,1883527907,1883527907,4551456423,-590882299,2021-07-29
5702,,275_455706635_CACEIS,1081907597,OB,OB,No-pair,fx wire,Caceis booked the fx wire for SD 01-15-2020. Integrata yet to book,1081907597,1081907597,4551456423,-590882299,2021-07-29
5703,,73_4551117124_CACEIS,1623224486,OB,OB,No-pair,wire transfer,Caceis booked the wire transfer for SD 11-20-2020. Integrata yet to book,1623224486,1623224486,4551456423,-590882299,2021-07-29
5704,19_4551382936_Integrata,,1982280376,OB,OB,No-pair,wire transfer,Integrata booked the AUM plug for SD 06-04-2021.Caceis yet to book.,1982280376,1982280376,4551456423,-590882299,2021-07-29
5705,,25_4551240968_CACEIS,1790775315,OB,OB,No-pair,wire transfer,Caceis booked the wire transfer for SD 02-22-2021. Integrata yet to book,1790775315,1790775315,4551456423,-590882299,2021-07-29
5706,10_4551381021_Integrata,,1979694221,OB,OB,No-pair,wire transfer,Integrata booked the Net Sub/Red for SD 06-03-2021.Caceis yet to book.,1979694221,1979694221,4551456423,-590882299,2021-07-29
5707,7_4551210754_Integrata,,1748958182,OB,OB,No-pair,wire transfer,Integrata booked the Net Sub/Red for SD 01-28-2021.Caceis yet to book.,1748958182,1748958182,4551456423,-590882299,2021-07-29
5708,,261_4551109218_CACEIS,1613287050,OB,OB,No-pair,fx wire,Caceis booked the fx wire for SD 11-16-2020. Integrata yet to book,1613287050,1613287050,4551456423,-590882299,2021-07-29
5709,1_4551448516_Integrata,,2064090583,OB,OB,No-pair,wire transfer,Integrata booked the AUM plug for SD 07-22-2021.Caceis yet to book.,2064090583,2064090583,4551456423,-590882299,2021-07-29
5710,,214_455985296_CACEIS,1449581907,OB,OB,No-pair,fx wire,Caceis booked the fx wire for SD 08-17-2020. Integrata yet to book,1449581907,1449581907,4551456423,-590882299,2021-07-29
5711,,615_4551149959_CACEIS,1667623374,OB,OB,No-pair,wire transfer,Caceis booked the wire transfer for SD 12-15-2020. Integrata yet to book,1667623374,1667623374,4551456423,-590882299,2021-07-29
5712,,963_455822501_CACEIS,1235308198,OB,OB,No-pair,fx wire,Caceis booked the fx wire for SD 04-15-2020. Integrata yet to book,1235308198,1235308198,4551456423,-590882299,2021-07-29
5713,1_4551281272_Integrata,,1842371416,OB,OB,No-pair,wire transfer,Integrata booked the AUM plug for SD 03-22-2021.Caceis yet to book.,1842371416,1842371416,4551456423,-590882299,2021-07-29
5714,4_4551345342_Integrata,,1928263152,OB,OB,No-pair,wire transfer,Integrata booked the AUM plug for SD 05-07-2021.Caceis yet to book.,1928263152,1928263152,4551456423,-590882299,2021-07-29
5715,,339_455590588_CACEIS,883858669,OB,OB,No-pair,fx wire,Caceis booked the fx wire for SD 10-15-2019. Integrata yet to book,883858669,883858669,4551456423,-590882299,2021-07-29
5716,,492_455822501_CACEIS,1235307833,OB,OB,No-pair,fees,Caceis booked the fees for SD 04-14-2020. Integrata yet to book,1235307833,1235307833,4551456423,-590882299,2021-07-29
5717,,21_455803095_CACEIS,1210223494,OB,OB,No-pair,monthend interest,Caceis booked the monthend interest for SD 04-01-2020. Integrata yet to book,1210223494,1210223494,4551456423,-590882299,2021-07-29
5718,,3_4551318931_CACEIS,1890812361,OB,OB,No-pair,fees,Caceis booked the fees for SD 04-12-2021. Integrata yet to book,1890812361,1890812361,4551456423,-590882299,2021-07-29
5719,,230_4551066313_CACEIS,1556876557,OB,OB,No-pair,fx wire,Caceis booked the fx wire for SD 10-15-2020. Integrata yet to book,1556876557,1556876557,4551456423,-590882299,2021-07-29
5720,,316_4551313388_CACEIS,1883527969,OB,OB,No-pair,fx wire,Caceis booked the fx wire for SD 04-15-2021. Integrata yet to book,1883527969,1883527969,4551456423,-590882299,2021-07-29
5721,,454_4551066313_CACEIS,1556876735,OB,OB,No-pair,fx wire,Caceis booked the fx wire for SD 10-15-2020. Integrata yet to book,1556876735,1556876735,4551456423,-590882299,2021-07-29
5722,,131_4551232906_CACEIS,1780156391,OB,OB,No-pair,fx wire,Caceis booked the fx wire for SD 02-16-2021. Integrata yet to book,1780156391,1780156391,4551456423,-590882299,2021-07-29
5723,,172_455963450_CACEIS,1421777888,OB,OB,No-pair,monthend interest,Caceis booked the monthend interest for SD 08-01-2020. Integrata yet to book,1421777888,1421777888,4551456423,-590882299,2021-07-29
5724,,1140_455643841_CACEIS,975324212,OB,OB,No-pair,fees,Caceis booked the fees for SD 11-13-2019. Integrata yet to book,975324212,975324212,4551456423,-590882299,2021-07-29
5725,,180_4551210754_CACEIS,1748958318,OB,OB,No-pair,fx wire,Caceis booked the fx wire for SD 01-29-2021. Integrata yet to book,1748958318,1748958318,4551456423,-590882299,2021-07-29
5726,,77_455985296_CACEIS,1449581829,OB,OB,No-pair,fx wire,Caceis booked the fx wire for SD 08-17-2020. Integrata yet to book,1449581829,1449581829,4551456423,-590882299,2021-07-29
5727,2_4551382936_Integrata,,1982280364,OB,OB,No-pair,wire transfer,Integrata booked the AUM plug for SD 06-04-2021.Caceis yet to book.,1982280364,1982280364,4551456423,-590882299,2021-07-29
5728,51_4551085502_Integrata,,1581818047,OB,OB,No-pair,wire transfer,Integrata booked the wire transfer for SD 10-27-2020.Caceis yet to book.,1581818047,1581818047,4551456423,-590882299,2021-07-29
5729,4_4551315208_Integrata,,1885912645,OB,OB,No-pair,wire transfer,Integrata booked the AUM plug for SD 04-15-2021.Caceis yet to book.,1885912645,1885912645,4551456423,-590882299,2021-07-29
5730,2_4551235027_Integrata,,1782782874,OB,OB,No-pair,wire transfer,Integrata booked the AUM plug for SD 02-16-2021.Caceis yet to book.,1782782874,1782782874,4551456423,-590882299,2021-07-29
5731,3_4551277470_Integrata,,1837468608,OB,OB,No-pair,wire transfer,Integrata booked the Net Sub/Red for SD 03-18-2021.Caceis yet to book.,1837468608,1837468608,4551456423,-590882299,2021-07-29
5732,1_4551303755_Integrata,,1871563036,OB,OB,No-pair,wire transfer,Integrata booked the AUM plug for SD 04-07-2021.Caceis yet to book.,1871563036,1871563036,4551456423,-590882299,2021-07-29
5733,4_4551379030_Integrata,,1976618403,OB,OB,No-pair,wire transfer,Integrata booked the AUM plug for SD 06-02-2021.Caceis yet to book.,1976618403,1976618403,4551456423,-590882299,2021-07-29
5734,,8_4551377029_CACEIS,1974407566,OB,OB,No-pair,wire transfer,Caceis booked the wire transfer for SD 06-02-2021. Integrata yet to book,1974407566,1974407566,4551456423,-590882299,2021-07-29
5735,,46_455985296_CACEIS,1449581822,OB,OB,No-pair,fx wire,Caceis booked the fx wire for SD 08-17-2020. Integrata yet to book,1449581822,1449581822,4551456423,-590882299,2021-07-29
5736,11_4551331846_Integrata,,1908172325,OB,OB,No-pair,monthend interest,Integrata booked the monthend interest for SD 04-01-2021.Caceis yet to book.,1908172325,1908172325,4551456423,-590882299,2021-07-29
5737,,74_4551269721_CACEIS,1827473979,OB,OB,No-pair,fx wire,Caceis booked the fx wire for SD 03-15-2021. Integrata yet to book,1827473979,1827473979,4551456423,-590882299,2021-07-29
5738,,264_4551354754_CACEIS,1942399678,OB,OB,No-pair,fx wire,Caceis booked the fx wire for SD 05-17-2021. Integrata yet to book,1942399678,1942399678,4551456423,-590882299,2021-07-29
5739,,17_4551410165_CACEIS,2016505848,OB,OB,No-pair,wire transfer,Caceis booked the wire transfer for SD 06-23-2021. Integrata yet to book,2016505848,2016505848,4551456423,-590882299,2021-07-29
5740,,91_455862625_CACEIS,1287002907,OB,OB,No-pair,fx wire,Caceis booked the fx wire for SD 05-15-2020. Integrata yet to book,1287002907,1287002907,4551456423,-590882299,2021-07-29
5741,,45_455777858_CACEIS,1177395759,OB,OB,No-pair,proceeds sell,Caceis booked the proceeds sell for SD 03-11-2020. Integrata yet to book,1177395759,1177395759,4551456423,-590882299,2021-07-29
5742,,317_4551149959_CACEIS,1667623182,OB,OB,No-pair,fx wire,Caceis booked the fx wire for SD 12-15-2020. Integrata yet to book,1667623182,1667623182,4551456423,-590882299,2021-07-29
5743,,63_455907521_CACEIS,1347197382,OB,OB,No-pair,wire transfer,Caceis booked the wire transfer for SD 06-19-2020. Integrata yet to book,1347197382,1347197382,4551456423,-590882299,2021-07-29
5744,,78_4551191593_CACEIS,1722905113,OB,OB,No-pair,fx wire,Caceis booked the fx wire for SD 01-15-2021. Integrata yet to book,1722905113,1722905113,4551456423,-590882299,2021-07-29
5745,,3_455499153_CACEIS,729733302,OB,OB,No-pair,wire transfer,Caceis booked the wire transfer for SD 08-02-2019. Integrata yet to book,729733302,729733302,4551456423,-590882299,2021-07-29
5746,,79_455403345_CACEIS,582954951,OB,OB,No-pair,fees,Caceis booked the fees for SD 05-14-2019. Integrata yet to book,582954951,582954951,4551456423,-590882299,2021-07-29
5747,,431_4551066313_CACEIS,1556876572,OB,OB,No-pair,fx wire,Caceis booked the fx wire for SD 10-15-2020. Integrata yet to book,1556876572,1556876572,4551456423,-590882299,2021-07-29
5748,,164_455898221_CACEIS,1334730718,OB,OB,No-pair,wire transfer,Caceis booked the wire transfer for SD 06-12-2020. Integrata yet to book,1334730718,1334730718,4551456423,-590882299,2021-07-29
5749,,10_366528_CACEIS,530188208,OB,OB,No-pair,fx wire,Caceis booked the fx wire for SD 04-12-2019. Integrata yet to book,530188208,530188208,4551456423,-590882299,2021-07-29
5750,,260_4551109218_CACEIS,1613286792,OB,OB,No-pair,fx wire,Caceis booked the fx wire for SD 11-16-2020. Integrata yet to book,1613286792,1613286792,4551456423,-590882299,2021-07-29
5751,,111_4551232906_CACEIS,1780156469,OB,OB,No-pair,fx wire,Caceis booked the fx wire for SD 02-16-2021. Integrata yet to book,1780156469,1780156469,4551456423,-590882299,2021-07-29
5752,,2_4551326398_CACEIS,1900587943,OB,OB,No-pair,proceeds sell,Caceis booked the proceeds sell for SD 04-26-2021. Integrata yet to book,1900587943,1900587943,4551456423,-590882299,2021-07-29
5753,,53_4551066313_CACEIS,1556876405,OB,OB,No-pair,fx wire,Caceis booked the fx wire for SD 10-15-2020. Integrata yet to book,1556876405,1556876405,4551456423,-590882299,2021-07-29
5754,,84_455669415_CACEIS,1020661840,OB,OB,No-pair,fx wire,Caceis booked the fx wire for SD 12-16-2019. Integrata yet to book,1020661840,1020661840,4551456423,-590882299,2021-07-29
5755,,85_455985296_CACEIS,1449581795,OB,OB,No-pair,fx wire,Caceis booked the fx wire for SD 08-17-2020. Integrata yet to book,1449581795,1449581795,4551456423,-590882299,2021-07-29
5756,,131_4551105378_CACEIS,1608089289,OB,OB,No-pair,wire transfer,Caceis booked the wire transfer for SD 11-12-2020. Integrata yet to book,1608089289,1608089289,4551456423,-590882299,2021-07-29
5757,,482_455985296_CACEIS,1449582112,OB,OB,No-pair,fx wire,Caceis booked the fx wire for SD 08-17-2020. Integrata yet to book,1449582112,1449582112,4551456423,-590882299,2021-07-29
5758,,12_4551446567_CACEIS,2061724331,OB,OB,No-pair,wire transfer,Caceis booked the wire transfer for SD 07-22-2021. Integrata yet to book,2061724331,2061724331,4551456423,-590882299,2021-07-29
5759,,1_4551206835_CACEIS,1743521208,OB,OB,No-pair,wire transfer,Caceis booked the wire transfer for SD 01-27-2021. Integrata yet to book,1743521208,1743521208,4551456423,-590882299,2021-07-29
5760,,12_4551171343_CACEIS,1696929200,OB,OB,No-pair,monthend interest,Caceis booked the monthend interest for SD 01-01-2021. Integrata yet to book,1696929200,1696929200,4551456423,-590882299,2021-07-29
5761,,113_455822501_CACEIS,1235307918,OB,OB,No-pair,fx wire,Caceis booked the fx wire for SD 04-15-2020. Integrata yet to book,1235307918,1235307918,4551456423,-590882299,2021-07-29
5762,,30_455898221_CACEIS,1334730889,OB,OB,No-pair,wire transfer,Caceis booked the wire transfer for SD 06-12-2020. Integrata yet to book,1334730889,1334730889,4551456423,-590882299,2021-07-29
5763,,41_455663909_CACEIS,1011570661,OB,OB,No-pair,fees,Caceis booked the fees for SD 12-11-2019. Integrata yet to book,1011570661,1011570661,4551456423,-590882299,2021-07-29
5764,37_455623487_Integrata,,941151024,OB,OB,No-pair,proceeds sell,Integrata booked the proceeds sell for SD 11-08-2019.Caceis yet to book.,941151024,941151024,4551456423,-590882299,2021-07-29
5765,,42_455516633_CACEIS,760048566,OB,OB,No-pair,fx wire,Caceis booked the fx wire for SD 08-16-2019. Integrata yet to book,760048566,760048566,4551456423,-590882299,2021-07-29
5766,,46_455577664_CACEIS,861360902,OB,OB,No-pair,wire transfer,Caceis booked the wire transfer for SD 10-04-2019. Integrata yet to book,861360902,861360902,4551456423,-590882299,2021-07-29
5767,,256_4551354754_CACEIS,1942399749,OB,OB,No-pair,fx wire,Caceis booked the fx wire for SD 05-17-2021. Integrata yet to book,1942399749,1942399749,4551456423,-590882299,2021-07-29
5768,30_455415049_Integrata,,598468885,OB,OB,No-pair,proceeds sell,Integrata booked the proceeds sell for SD 03-19-2019.Caceis yet to book.,598468885,598468885,4551456423,-590882299,2021-07-29
5769,,257_455748445_CACEIS,1136275296,OB,OB,No-pair,fx wire,Caceis booked the fx wire for SD 02-18-2020. Integrata yet to book,1136275296,1136275296,4551456423,-590882299,2021-07-29
5770,,190_4551232906_CACEIS,1780156588,OB,OB,No-pair,fx wire,Caceis booked the fx wire for SD 02-16-2021. Integrata yet to book,1780156588,1780156588,4551456423,-590882299,2021-07-29
5771,32_455415049_Integrata,,598468893,OB,OB,No-pair,proceeds sell,Integrata booked the proceeds sell for SD 03-18-2019.Caceis yet to book.,598468893,598468893,4551456423,-590882299,2021-07-29
5772,,65_455649350_CACEIS,985331732,OB,OB,No-pair,monthend interest,Caceis booked the monthend interest for SD 12-01-2019. Integrata yet to book,985331732,985331732,4551456423,-590882299,2021-07-29
5773,,1_455874345_CACEIS,1302176805,OB,OB,No-pair,fx wire,Caceis booked the fx wire for SD 05-26-2020. Integrata yet to book,1302176805,1302176805,4551456423,-590882299,2021-07-29
5774,,73_455783582_CACEIS,1185159350,OB,OB,No-pair,fx wire,Caceis booked the fx wire for SD 03-16-2020. Integrata yet to book,1185159350,1185159350,4551456423,-590882299,2021-07-29
5775,,17_455978912_CACEIS,1441832137,OB,OB,No-pair,wire transfer,Caceis booked the wire transfer for SD 08-12-2020. Integrata yet to book,1441832137,1441832137,4551456423,-590882299,2021-07-29
5776,,2_4551077732_CACEIS,1571717916,OB,OB,No-pair,fx wire,Caceis booked the fx wire for SD 10-23-2020. Integrata yet to book,1571717916,1571717916,4551456423,-590882299,2021-07-29
5777,,7_316753_CACEIS,453176703,OB,OB,No-pair,fx wire,Caceis booked the fx wire for SD 03-01-2019. Integrata yet to book,453176703,453176703,4551456423,-590882299,2021-07-29
5778,,31_4551122535_CACEIS,1631194836,OB,OB,No-pair,proceeds sell,Caceis booked the proceeds sell for SD 11-25-2020. Integrata yet to book,1631194836,1631194836,4551456423,-590882299,2021-07-29
5779,,60_455822501_CACEIS,1235307934,OB,OB,No-pair,fx wire,Caceis booked the fx wire for SD 04-15-2020. Integrata yet to book,1235307934,1235307934,4551456423,-590882299,2021-07-29
5780,,261_4551313388_CACEIS,1883527904,OB,OB,No-pair,fx wire,Caceis booked the fx wire for SD 04-15-2021. Integrata yet to book,1883527904,1883527904,4551456423,-590882299,2021-07-29
5781,,186_4551023983_CACEIS,1500213892,OB,OB,No-pair,fx wire,Caceis booked the fx wire for SD 09-15-2020. Integrata yet to book,1500213892,1500213892,4551456423,-590882299,2021-07-29
5782,,1443_455643841_CACEIS,975324515,OB,OB,No-pair,fx wire,Caceis booked the fx wire for SD 11-18-2019. Integrata yet to book,975324515,975324515,4551456423,-590882299,2021-07-29
5783,,54_4551066313_CACEIS,1556876419,OB,OB,No-pair,fx wire,Caceis booked the fx wire for SD 10-15-2020. Integrata yet to book,1556876419,1556876419,4551456423,-590882299,2021-07-29
5784,,143_4551060531_CACEIS,1548950643,OB,OB,No-pair,wire transfer,Caceis booked the wire transfer for SD 10-12-2020. Integrata yet to book,1548950643,1548950643,4551456423,-590882299,2021-07-29
5785,,81_4551066313_CACEIS,1556876319,OB,OB,No-pair,fx wire,Caceis booked the fx wire for SD 10-15-2020. Integrata yet to book,1556876319,1556876319,4551456423,-590882299,2021-07-29
5786,,246_455748445_CACEIS,1136275329,OB,OB,No-pair,fx wire,Caceis booked the fx wire for SD 02-18-2020. Integrata yet to book,1136275329,1136275329,4551456423,-590882299,2021-07-29
5787,,1_455651199_CACEIS,989140148,OB,OB,No-pair,wire transfer,Caceis booked the wire transfer for SD 12-02-2019. Integrata yet to book,989140148,989140148,4551456423,-590882299,2021-07-29
5788,,166_4551023983_CACEIS,1500213925,OB,OB,No-pair,fx wire,Caceis booked the fx wire for SD 09-15-2020. Integrata yet to book,1500213925,1500213925,4551456423,-590882299,2021-07-29
5789,,26_455469998_CACEIS,680605576,OB,OB,No-pair,wire transfer,Caceis booked the wire transfer for SD 07-10-2019. Integrata yet to book,680605576,680605576,4551456423,-590882299,2021-07-29
5790,,187_455940640_CACEIS,1391596042,OB,OB,No-pair,fx wire,Caceis booked the fx wire for SD 07-15-2020. Integrata yet to book,1391596042,1391596042,4551456423,-590882299,2021-07-29
5791,,450_455783582_CACEIS,1185159666,OB,OB,No-pair,fx wire,Caceis booked the fx wire for SD 03-16-2020. Integrata yet to book,1185159666,1185159666,4551456423,-590882299,2021-07-29
5792,,393_455748445_CACEIS,1136275080,OB,OB,No-pair,fx wire,Caceis booked the fx wire for SD 02-18-2020. Integrata yet to book,1136275080,1136275080,4551456423,-590882299,2021-07-29
5793,,4_4551123972_CACEIS,1632880233,OB,OB,No-pair,proceeds sell,Caceis booked the Miscellaneous for SD 11-24-2020. Integrata yet to book,1632880233,1632880233,4551456423,-590882299,2021-07-29
5794,,7_455426409_CACEIS,613605953,OB,OB,No-pair,fx wire,Caceis booked the fx wire for SD 06-03-2019. Integrata yet to book,613605953,613605953,4551456423,-590882299,2021-07-29
5795,,21_4551058652_CACEIS,1546340347,OB,OB,No-pair,fx wire,Caceis booked the fx wire for SD 10-09-2020. Integrata yet to book,1546340347,1546340347,4551456423,-590882299,2021-07-29
5796,,159_455898221_CACEIS,1334730888,OB,OB,No-pair,wire transfer,Caceis booked the wire transfer for SD 06-12-2020. Integrata yet to book,1334730888,1334730888,4551456423,-590882299,2021-07-29
5797,,74_333062_CACEIS,479846814,OB,OB,No-pair,fx wire,Caceis booked the fx wire for SD 03-15-2019. Integrata yet to book,479846814,479846814,4551456423,-590882299,2021-07-29
5798,,2_455418993_CACEIS,603586037,OB,OB,No-pair,wire transfer,Caceis booked the wire transfer for SD 05-28-2019. Integrata yet to book,603586037,603586037,4551456423,-590882299,2021-07-29
5799,,58_4551109218_CACEIS,1613286748,OB,OB,No-pair,fx wire,Caceis booked the fx wire for SD 11-16-2020. Integrata yet to book,1613286748,1613286748,4551456423,-590882299,2021-07-29
5800,,171_4551232906_CACEIS,1780156604,OB,OB,No-pair,fx wire,Caceis booked the fx wire for SD 02-16-2021. Integrata yet to book,1780156604,1780156604,4551456423,-590882299,2021-07-29
5801,,111_4551394628_CACEIS,1997244543,OB,OB,No-pair,fx wire,Caceis booked the fx wire for SD 06-15-2021. Integrata yet to book,1997244543,1997244543,4551456423,-590882299,2021-07-29
5802,,23_4551252452_CACEIS,1805130271,OB,OB,No-pair,wire transfer,Caceis booked the wire transfer for SD 03-01-2021. Integrata yet to book,1805130271,1805130271,4551456423,-590882299,2021-07-29
5803,,217_455590588_CACEIS,883858606,OB,OB,No-pair,fx wire,Caceis booked the fx wire for SD 10-15-2019. Integrata yet to book,883858606,883858606,4551456423,-590882299,2021-07-29
5804,,58_368123_CACEIS,532374056,OB,OB,No-pair,fx wire,Caceis booked the fx wire for SD 04-15-2019. Integrata yet to book,532374056,532374056,4551456423,-590882299,2021-07-29
5805,4_4551456423_Integrata,,2074469231,OB,OB,No-pair,proceeds sell,Integrata booked the Net Sub/Red for SD 07-29-2021.Caceis yet to book.,2074469231,2074469231,4551456423,-590882299,2021-07-29
5806,,94_455748445_CACEIS,1136275034,OB,OB,No-pair,fx wire,Caceis booked the fx wire for SD 02-18-2020. Integrata yet to book,1136275034,1136275034,4551456423,-590882299,2021-07-29
5807,2_455585083_Integrata,,874262395,OB,OB,No-pair,wire transfer,Integrata booked the subscription for SD 10-10-2019.Caceis yet to book.,874262395,874262395,4551456423,-590882299,2021-07-29
5808,,56_455748445_CACEIS,1136275195,OB,OB,No-pair,fx wire,Caceis booked the fx wire for SD 02-18-2020. Integrata yet to book,1136275195,1136275195,4551456423,-590882299,2021-07-29
5809,,138_4551149959_CACEIS,1667622906,OB,OB,No-pair,fx wire,Caceis booked the fx wire for SD 12-15-2020. Integrata yet to book,1667622906,1667622906,4551456423,-590882299,2021-07-29
5810,,70_4551125930_CACEIS,1635426520,OB,OB,No-pair,fx wire,Caceis booked the fx wire for SD 11-27-2020. Integrata yet to book,1635426520,1635426520,4551456423,-590882299,2021-07-29
5811,,12_455597945_CACEIS,895575364,OB,OB,No-pair,wire transfer,Caceis booked the wire transfer for SD 10-21-2019. Integrata yet to book,895575364,895575364,4551456423,-590882299,2021-07-29
5812,,4_455927788_CACEIS,1374347955,OB,OB,No-pair,fx wire,Caceis booked the fx wire for SD 07-06-2020. Integrata yet to book,1374347955,1374347955,4551456423,-590882299,2021-07-29
5813,,8_455685901_CACEIS,1047557778,OB,OB,No-pair,wire transfer,Caceis booked the wire transfer for SD 12-30-2019. Integrata yet to book,1047557778,1047557778,4551456423,-590882299,2021-07-29
5814,,13_455898221_CACEIS,1334730802,OB,OB,No-pair,wire transfer,Caceis booked the wire transfer for SD 06-12-2020. Integrata yet to book,1334730802,1334730802,4551456423,-590882299,2021-07-29
5815,,222_4551210754_CACEIS,1748958321,OB,OB,No-pair,monthend interest,Caceis booked the monthend interest for SD 02-01-2021. Integrata yet to book,1748958321,1748958321,4551456423,-590882299,2021-07-29
5816,,1_455424626_CACEIS,610989020,OB,OB,No-pair,monthend interest,Caceis booked the monthend interest for SD 06-01-2019. Integrata yet to book,610989020,610989020,4551456423,-590882299,2021-07-29
5817,,83_455748445_CACEIS,1136275019,OB,OB,No-pair,fx wire,Caceis booked the fx wire for SD 02-18-2020. Integrata yet to book,1136275019,1136275019,4551456423,-590882299,2021-07-29
5818,,233_4551023983_CACEIS,1500214079,OB,OB,No-pair,fx wire,Caceis booked the fx wire for SD 09-15-2020. Integrata yet to book,1500214079,1500214079,4551456423,-590882299,2021-07-29
5819,,101_455862625_CACEIS,1287003341,OB,OB,No-pair,fx wire,Caceis booked the fx wire for SD 05-15-2020. Integrata yet to book,1287003341,1287003341,4551456423,-590882299,2021-07-29
5820,,29_4551315208_CACEIS,1885912671,OB,OB,No-pair,fx wire,Caceis booked the fx wire for SD 04-16-2021. Integrata yet to book,1885912671,1885912671,4551456423,-590882299,2021-07-29
5821,,131_455762980_CACEIS,1156897808,OB,OB,No-pair,fx wire,Caceis booked the fx wire for SD 02-28-2020. Integrata yet to book,1156897808,1156897808,4551456423,-590882299,2021-07-29
5822,,57_4551136088_CACEIS,1649475127,OB,OB,No-pair,fx wire,Caceis booked the fx wire for SD 12-04-2020. Integrata yet to book,1649475127,1649475127,4551456423,-590882299,2021-07-29
5823,,1_455977022_CACEIS,1439406718,OB,OB,No-pair,wire transfer,Caceis booked the wire transfer for SD 08-11-2020. Integrata yet to book,1439406718,1439406718,4551456423,-590882299,2021-07-29
5824,,80_4551066313_CACEIS,1556876312,OB,OB,No-pair,fx wire,Caceis booked the fx wire for SD 10-15-2020. Integrata yet to book,1556876312,1556876312,4551456423,-590882299,2021-07-29
5825,,82_455900053_CACEIS,1336713357,OB,OB,No-pair,fx wire,Caceis booked the fx wire for SD 06-15-2020. Integrata yet to book,1336713357,1336713357,4551456423,-590882299,2021-07-29
5826,,161_4551105378_CACEIS,1608089153,OB,OB,No-pair,wire transfer,Caceis booked the wire transfer for SD 11-12-2020. Integrata yet to book,1608089153,1608089153,4551456423,-590882299,2021-07-29
5827,,18_455469998_CACEIS,680605558,OB,OB,No-pair,wire transfer,Caceis booked the wire transfer for SD 07-10-2019. Integrata yet to book,680605558,680605558,4551456423,-590882299,2021-07-29
5828,,31_4551105378_CACEIS,1608089262,OB,OB,No-pair,wire transfer,Caceis booked the wire transfer for SD 11-12-2020. Integrata yet to book,1608089262,1608089262,4551456423,-590882299,2021-07-29
5829,,67_4551066313_CACEIS,1556876248,OB,OB,No-pair,fx wire,Caceis booked the fx wire for SD 10-15-2020. Integrata yet to book,1556876248,1556876248,4551456423,-590882299,2021-07-29
5830,,102_455663909_CACEIS,1011570640,OB,OB,No-pair,wire transfer,Caceis booked the wire transfer for SD 12-11-2019. Integrata yet to book,1011570640,1011570640,4551456423,-590882299,2021-07-29
5831,7_4551390838_Integrata,,1992497433,OB,OB,No-pair,wire transfer,Integrata booked the Net Sub/Red for SD 06-10-2021.Caceis yet to book.,1992497433,1992497433,4551456423,-590882299,2021-07-29
5832,1_4551239617_Integrata,,1789074701,OB,OB,No-pair,wire transfer,Integrata booked the AUM plug for SD 02-18-2021.Caceis yet to book.,1789074701,1789074701,4551456423,-590882299,2021-07-29
5833,4_4551408153_Integrata,,2013693281,OB,OB,No-pair,wire transfer,Integrata booked the AUM plug for SD 06-23-2021.Caceis yet to book.,2013693281,2013693281,4551456423,-590882299,2021-07-29
5834,4_4551335411_Integrata,,1913506507,OB,OB,No-pair,wire transfer,Integrata booked the AUM plug for SD 04-30-2021.Caceis yet to book.,1913506507,1913506507,4551456423,-590882299,2021-07-29
5835,11_4551220415_Integrata,,1761956024,OB,OB,No-pair,wire transfer,Integrata booked the AUM plug for SD 02-04-2021.Caceis yet to book.,1761956024,1761956024,4551456423,-590882299,2021-07-29
5836,4_4551240968_Integrata,,1790775306,OB,OB,No-pair,wire transfer,Integrata booked the Net Sub/Red for SD 02-18-2021.Caceis yet to book.,1790775306,1790775306,4551456423,-590882299,2021-07-29
5837,1_4551119048_Integrata,,1625949389,OB,OB,No-pair,wire transfer,Integrata booked the Net Sub/Red for SD 11-19-2020.Caceis yet to book.,1625949389,1625949389,4551456423,-590882299,2021-07-29
5838,,77_4551109218_CACEIS,1613286646,OB,OB,No-pair,fx wire,Caceis booked the fx wire for SD 11-16-2020. Integrata yet to book,1613286646,1613286646,4551456423,-590882299,2021-07-29
5839,30_455416215_Integrata,,599999219,OB,OB,No-pair,wire transfer,Integrata booked the Net Sub/Red for SD 05-22-2019.Caceis yet to book.,599999219,599999219,4551456423,-590882299,2021-07-29
5840,2_4551320866_Integrata,,1893229411,OB,OB,No-pair,wire transfer,Integrata booked the AUM plug for SD 04-20-2021.Caceis yet to book.,1893229411,1893229411,4551456423,-590882299,2021-07-29
5841,,151_455934920_CACEIS,1383926769,OB,OB,No-pair,wire transfer,Caceis booked the wire transfer for SD 07-10-2020. Integrata yet to book,1383926769,1383926769,4551456423,-590882299,2021-07-29
5842,6_4551305829_Integrata,,1874140997,OB,OB,No-pair,wire transfer,Integrata booked the AUM plug for SD 04-08-2021.Caceis yet to book.,1874140997,1874140997,4551456423,-590882299,2021-07-29
5843,,184_4551248485_CACEIS,1800039423,OB,OB,No-pair,fx wire,Caceis booked the fx wire for SD 02-26-2021. Integrata yet to book,1800039423,1800039423,4551456423,-590882299,2021-07-29
5844,,91_4551097416_CACEIS,1597270341,OB,OB,No-pair,wire transfer,Caceis booked the wire transfer for SD 11-06-2020. Integrata yet to book,1597270341,1597270341,4551456423,-590882299,2021-07-29
5845,,107_4551149959_CACEIS,1667622854,OB,OB,No-pair,fx wire,Caceis booked the fx wire for SD 12-15-2020. Integrata yet to book,1667622854,1667622854,4551456423,-590882299,2021-07-29
5846,,2_4551430779_CACEIS,2043021914,OB,OB,No-pair,fees,Caceis booked the fees for SD 07-12-2021. Integrata yet to book,2043021914,2043021914,4551456423,-590882299,2021-07-29
5847,,25_455826113_CACEIS,1239393713,OB,OB,No-pair,fx wire,Caceis booked the fx wire for SD 04-17-2020. Integrata yet to book,1239393713,1239393713,4551456423,-590882299,2021-07-29
5848,,126_4551144082_CACEIS,1659707052,OB,OB,No-pair,fees,Caceis booked the fees for SD 12-10-2020. Integrata yet to book,1659707052,1659707052,4551456423,-590882299,2021-07-29
5849,,157_4551144082_CACEIS,1659707179,OB,OB,No-pair,fees,Caceis booked the fees for SD 12-10-2020. Integrata yet to book,1659707179,1659707179,4551456423,-590882299,2021-07-29
5850,,22_4551197321_CACEIS,1730233484,OB,OB,No-pair,proceeds sell,Caceis booked the Miscellaneous for SD 01-20-2021. Integrata yet to book,1730233484,1730233484,4551456423,-590882299,2021-07-29
5851,,44_4551171343_CACEIS,1696929199,OB,OB,No-pair,monthend interest,Caceis booked the monthend interest for SD 01-01-2021. Integrata yet to book,1696929199,1696929199,4551456423,-590882299,2021-07-29
5852,,90_4551388882_CACEIS,1989667648,OB,OB,No-pair,fees,Caceis booked the fees for SD 06-10-2021. Integrata yet to book,1989667648,1989667648,4551456423,-590882299,2021-07-29
5853,,46_455610697_CACEIS,917943310,OB,OB,No-pair,wire transfer,Caceis booked the wire transfer for SD 10-18-2019. Integrata yet to book,917943310,917943310,4551456423,-590882299,2021-07-29
5854,,54_4551334292_CACEIS,1911737184,OB,OB,No-pair,monthend interest,Caceis booked the monthend interest for SD 05-01-2021. Integrata yet to book,1911737184,1911737184,4551456423,-590882299,2021-07-29
5855,,6_4551256295_CACEIS,1810321905,OB,OB,No-pair,proceeds sell,Caceis booked the Miscellaneous for SD 03-04-2021. Integrata yet to book,1810321905,1810321905,4551456423,-590882299,2021-07-29
5856,,447_4551109218_CACEIS,1613286893,OB,OB,No-pair,fx wire,Caceis booked the fx wire for SD 11-16-2020. Integrata yet to book,1613286893,1613286893,4551456423,-590882299,2021-07-29
5857,,5_455849872_CACEIS,1270411932,OB,OB,No-pair,wire transfer,Caceis booked the wire transfer for SD 03-20-2020. Integrata yet to book,1270411932,1270411932,4551456423,-590882299,2021-07-29
5858,1_4551285256_Integrata,,1847792946,OB,OB,No-pair,wire transfer,Integrata booked the AUM plug for SD 03-24-2021.Caceis yet to book.,1847792946,1847792946,4551456423,-590882299,2021-07-29
5859,2_4551349054_Integrata,,1933657794,OB,OB,No-pair,wire transfer,Integrata booked the AUM plug for SD 05-11-2021.Caceis yet to book.,1933657794,1933657794,4551456423,-590882299,2021-07-29
5860,,101_455898221_CACEIS,1334730809,OB,OB,No-pair,fees,Caceis booked the fees for SD 06-12-2020. Integrata yet to book,1334730809,1334730809,4551456423,-590882299,2021-07-29
5861,,104_455663909_CACEIS,1011570676,OB,OB,No-pair,wire transfer,Caceis booked the wire transfer for SD 12-11-2019. Integrata yet to book,1011570676,1011570676,4551456423,-590882299,2021-07-29
5862,,197_455985296_CACEIS,1449581959,OB,OB,No-pair,fx wire,Caceis booked the fx wire for SD 08-17-2020. Integrata yet to book,1449581959,1449581959,4551456423,-590882299,2021-07-29
5863,,79_455442954_CACEIS,637183865,OB,OB,No-pair,fx wire,Caceis booked the fx wire for SD 06-17-2019. Integrata yet to book,637183865,637183865,4551456423,-590882299,2021-07-29
5864,,2_455824379_CACEIS,1237534480,OB,OB,No-pair,wire transfer,Caceis booked the wire transfer for SD 04-16-2020. Integrata yet to book,1237534480,1237534480,4551456423,-590882299,2021-07-29
5865,,25_307472_CACEIS,436148267,OB,OB,No-pair,wire transfer,Caceis booked the wire transfer for SD 02-13-2019. Integrata yet to book,436148267,436148267,4551456423,-590882299,2021-07-29
5866,,1386_455643841_CACEIS,975324458,OB,OB,No-pair,fx wire,Caceis booked the fx wire for SD 11-15-2019. Integrata yet to book,975324458,975324458,4551456423,-590882299,2021-07-29
5867,,177_455898221_CACEIS,1334730816,OB,OB,No-pair,wire transfer,Caceis booked the wire transfer for SD 06-12-2020. Integrata yet to book,1334730816,1334730816,4551456423,-590882299,2021-07-29
5868,,11_4551105378_CACEIS,1608089156,OB,OB,No-pair,wire transfer,Caceis booked the wire transfer for SD 11-12-2020. Integrata yet to book,1608089156,1608089156,4551456423,-590882299,2021-07-29
5869,,226_4551066313_CACEIS,1556876437,OB,OB,No-pair,fx wire,Caceis booked the fx wire for SD 10-15-2020. Integrata yet to book,1556876437,1556876437,4551456423,-590882299,2021-07-29
5870,,21_4551235027_CACEIS,1782782886,OB,OB,No-pair,wire transfer,Caceis booked the wire transfer for SD 02-17-2021. Integrata yet to book,1782782886,1782782886,4551456423,-590882299,2021-07-29
5871,,10_4551048988_CACEIS,1533696938,OB,OB,No-pair,fx wire,Caceis booked the fx wire for SD 10-02-2020. Integrata yet to book,1533696938,1533696938,4551456423,-590882299,2021-07-29
5872,,421_4551109218_CACEIS,1613287058,OB,OB,No-pair,fx wire,Caceis booked the fx wire for SD 11-16-2020. Integrata yet to book,1613287058,1613287058,4551456423,-590882299,2021-07-29
5873,,163_455777858_CACEIS,1177395771,OB,OB,No-pair,fees,Caceis booked the fees for SD 03-11-2020. Integrata yet to book,1177395771,1177395771,4551456423,-590882299,2021-07-29
5874,,79_306589_CACEIS,433998237,OB,OB,No-pair,fx wire,Caceis booked the fx wire for SD 02-15-2019. Integrata yet to book,433998237,433998237,4551456423,-590882299,2021-07-29
5875,,223_4551066313_CACEIS,1556876529,OB,OB,No-pair,fx wire,Caceis booked the fx wire for SD 10-15-2020. Integrata yet to book,1556876529,1556876529,4551456423,-590882299,2021-07-29
5876,,476_455985296_CACEIS,1449582167,OB,OB,No-pair,fx wire,Caceis booked the fx wire for SD 08-17-2020. Integrata yet to book,1449582167,1449582167,4551456423,-590882299,2021-07-29
5877,,65_455940640_CACEIS,1391595947,OB,OB,No-pair,fx wire,Caceis booked the fx wire for SD 07-15-2020. Integrata yet to book,1391595947,1391595947,4551456423,-590882299,2021-07-29
5878,,1_4551195338_CACEIS,1727684706,OB,OB,No-pair,wire transfer,Caceis booked the wire transfer for SD 01-19-2021. Integrata yet to book,1727684706,1727684706,4551456423,-590882299,2021-07-29
5879,,2_455898221_CACEIS,1334730910,OB,OB,No-pair,wire transfer,Caceis booked the wire transfer for SD 06-12-2020. Integrata yet to book,1334730910,1334730910,4551456423,-590882299,2021-07-29
5880,,106_368123_CACEIS,532374192,OB,OB,No-pair,fx wire,Caceis booked the fx wire for SD 04-15-2019. Integrata yet to book,532374192,532374192,4551456423,-590882299,2021-07-29
5881,,10_4551242873_CACEIS,1793109150,OB,OB,No-pair,wire transfer,Caceis booked the wire transfer for SD 02-23-2021. Integrata yet to book,1793109150,1793109150,4551456423,-590882299,2021-07-29
5882,,365_455985296_CACEIS,1449581943,OB,OB,No-pair,fx wire,Caceis booked the fx wire for SD 08-17-2020. Integrata yet to book,1449581943,1449581943,4551456423,-590882299,2021-07-29
5883,,54_455862625_CACEIS,1287003097,OB,OB,No-pair,fx wire,Caceis booked the fx wire for SD 05-15-2020. Integrata yet to book,1287003097,1287003097,4551456423,-590882299,2021-07-29
5884,,23_4551087502_CACEIS,1584326588,OB,OB,No-pair,monthend interest,Caceis booked the monthend interest for SD 11-01-2020. Integrata yet to book,1584326588,1584326588,4551456423,-590882299,2021-07-29
5885,,95_455985296_CACEIS,1449581837,OB,OB,No-pair,fx wire,Caceis booked the fx wire for SD 08-17-2020. Integrata yet to book,1449581837,1449581837,4551456423,-590882299,2021-07-29
5886,,102_455822501_CACEIS,1235307949,OB,OB,No-pair,fx wire,Caceis booked the fx wire for SD 04-15-2020. Integrata yet to book,1235307949,1235307949,4551456423,-590882299,2021-07-29
5887,,10_4551060531_CACEIS,1548950645,OB,OB,No-pair,fees,Caceis booked the fees for SD 10-12-2020. Integrata yet to book,1548950645,1548950645,4551456423,-590882299,2021-07-29
5888,,51_4551436806_CACEIS,2049885816,OB,OB,No-pair,fx wire,Caceis booked the fx wire for SD 07-15-2021. Integrata yet to book,2049885816,2049885816,4551456423,-590882299,2021-07-29
5889,,6_4551438780_CACEIS,2052260375,OB,OB,No-pair,fx wire,Caceis booked the fx wire for SD 07-16-2021. Integrata yet to book,2052260375,2052260375,4551456423,-590882299,2021-07-29
5890,,109_455822501_CACEIS,1235307859,OB,OB,No-pair,fx wire,Caceis booked the fx wire for SD 04-15-2020. Integrata yet to book,1235307859,1235307859,4551456423,-590882299,2021-07-29
5891,,101_455442954_CACEIS,637183878,OB,OB,No-pair,fx wire,Caceis booked the fx wire for SD 06-17-2019. Integrata yet to book,637183878,637183878,4551456423,-590882299,2021-07-29
5892,,32_4551105378_CACEIS,1608089271,OB,OB,No-pair,wire transfer,Caceis booked the wire transfer for SD 11-12-2020. Integrata yet to book,1608089271,1608089271,4551456423,-590882299,2021-07-29
5893,,126_455688261_CACEIS,1053516754,OB,OB,No-pair,monthend interest,Caceis booked the monthend interest for SD 01-01-2020. Integrata yet to book,1053516754,1053516754,4551456423,-590882299,2021-07-29
5894,,6_455898221_CACEIS,1334730751,OB,OB,No-pair,wire transfer,Caceis booked the wire transfer for SD 06-12-2020. Integrata yet to book,1334730751,1334730751,4551456423,-590882299,2021-07-29
5895,,75_455442954_CACEIS,637183939,OB,OB,No-pair,fx wire,Caceis booked the fx wire for SD 06-17-2019. Integrata yet to book,637183939,637183939,4551456423,-590882299,2021-07-29
5896,,98_4551388882_CACEIS,1989667634,OB,OB,No-pair,fees,Caceis booked the fees for SD 06-10-2021. Integrata yet to book,1989667634,1989667634,4551456423,-590882299,2021-07-29
5897,,60_455940640_CACEIS,1391595907,OB,OB,No-pair,fx wire,Caceis booked the fx wire for SD 07-15-2020. Integrata yet to book,1391595907,1391595907,4551456423,-590882299,2021-07-29
5898,,258_4551354754_CACEIS,1942399616,OB,OB,No-pair,fx wire,Caceis booked the fx wire for SD 05-17-2021. Integrata yet to book,1942399616,1942399616,4551456423,-590882299,2021-07-29
5899,,139_455777858_CACEIS,1177395725,OB,OB,No-pair,fees,Caceis booked the fees for SD 03-11-2020. Integrata yet to book,1177395725,1177395725,4551456423,-590882299,2021-07-29
5900,,17_455469998_CACEIS,680605552,OB,OB,No-pair,wire transfer,Caceis booked the wire transfer for SD 07-10-2019. Integrata yet to book,680605552,680605552,4551456423,-590882299,2021-07-29
5901,,71_4551149959_CACEIS,1667622856,OB,OB,No-pair,fx wire,Caceis booked the fx wire for SD 12-15-2020. Integrata yet to book,1667622856,1667622856,4551456423,-590882299,2021-07-29
5902,,138_455822501_CACEIS,1235308060,OB,OB,No-pair,wire transfer,Caceis booked the wire transfer for SD 04-14-2020. Integrata yet to book,1235308060,1235308060,4551456423,-590882299,2021-07-29
5903,,287_455748445_CACEIS,1136275262,OB,OB,No-pair,fx wire,Caceis booked the fx wire for SD 02-18-2020. Integrata yet to book,1136275262,1136275262,4551456423,-590882299,2021-07-29
5904,,167_455862625_CACEIS,1287003293,OB,OB,No-pair,fx wire,Caceis booked the fx wire for SD 05-15-2020. Integrata yet to book,1287003293,1287003293,4551456423,-590882299,2021-07-29
5905,,282_455669415_CACEIS,1020662042,OB,OB,No-pair,fx wire,Caceis booked the fx wire for SD 12-16-2019. Integrata yet to book,1020662042,1020662042,4551456423,-590882299,2021-07-29
5906,,112_455898221_CACEIS,1334730877,OB,OB,No-pair,fees,Caceis booked the fees for SD 06-12-2020. Integrata yet to book,1334730877,1334730877,4551456423,-590882299,2021-07-29
5907,,11_4551042956_CACEIS,1525553090,OB,OB,No-pair,wire transfer,Caceis booked the wire transfer for SD 09-21-2020. Integrata yet to book,1525553090,1525553090,4551456423,-590882299,2021-07-29
5908,,58_455940640_CACEIS,1391596096,OB,OB,No-pair,fx wire,Caceis booked the fx wire for SD 07-15-2020. Integrata yet to book,1391596096,1391596096,4551456423,-590882299,2021-07-29
5909,,9_455782293_CACEIS,1183563003,OB,OB,No-pair,fx wire,Caceis booked the fx wire for SD 03-13-2020. Integrata yet to book,1183563003,1183563003,4551456423,-590882299,2021-07-29
5910,,32_4551171343_CACEIS,1696929210,OB,OB,No-pair,monthend interest,Caceis booked the monthend interest for SD 01-01-2021. Integrata yet to book,1696929210,1696929210,4551456423,-590882299,2021-07-29
5911,,149_455822501_CACEIS,1235308135,OB,OB,No-pair,wire transfer,Caceis booked the wire transfer for SD 04-14-2020. Integrata yet to book,1235308135,1235308135,4551456423,-590882299,2021-07-29
5912,,491_4551066313_CACEIS,1556876664,OB,OB,No-pair,fx wire,Caceis booked the fx wire for SD 10-15-2020. Integrata yet to book,1556876664,1556876664,4551456423,-590882299,2021-07-29
5913,,200_455898221_CACEIS,1334730715,OB,OB,No-pair,wire transfer,Caceis booked the wire transfer for SD 06-12-2020. Integrata yet to book,1334730715,1334730715,4551456423,-590882299,2021-07-29
5914,,219_455643841_CACEIS,975323291,OB,OB,No-pair,wire transfer,Caceis booked the wire transfer for SD 11-08-2019. Integrata yet to book,975323291,975323291,4551456423,-590882299,2021-07-29
5915,,392_455783582_CACEIS,1185159527,OB,OB,No-pair,fx wire,Caceis booked the fx wire for SD 03-16-2020. Integrata yet to book,1185159527,1185159527,4551456423,-590882299,2021-07-29
5916,,25_4551415924_CACEIS,2024089334,OB,OB,No-pair,monthend interest,Caceis booked the monthend interest for SD 07-01-2021. Integrata yet to book,2024089334,2024089334,4551456423,-590882299,2021-07-29
5917,,352_455590588_CACEIS,883858722,OB,OB,No-pair,fx wire,Caceis booked the fx wire for SD 10-15-2019. Integrata yet to book,883858722,883858722,4551456423,-590882299,2021-07-29
5918,,92_4551105378_CACEIS,1608089203,OB,OB,No-pair,fees,Caceis booked the fees for SD 11-12-2020. Integrata yet to book,1608089203,1608089203,4551456423,-590882299,2021-07-29
5919,,251_455748445_CACEIS,1136275213,OB,OB,No-pair,fx wire,Caceis booked the fx wire for SD 02-18-2020. Integrata yet to book,1136275213,1136275213,4551456423,-590882299,2021-07-29
5920,,144_455822501_CACEIS,1235308182,OB,OB,No-pair,wire transfer,Caceis booked the wire transfer for SD 04-14-2020. Integrata yet to book,1235308182,1235308182,4551456423,-590882299,2021-07-29
5921,,52_4551210754_CACEIS,1748958339,OB,OB,No-pair,monthend interest,Caceis booked the monthend interest for SD 02-01-2021. Integrata yet to book,1748958339,1748958339,4551456423,-590882299,2021-07-29
5922,,211_455669415_CACEIS,1020661953,OB,OB,No-pair,fx wire,Caceis booked the fx wire for SD 12-16-2019. Integrata yet to book,1020661953,1020661953,4551456423,-590882299,2021-07-29
5923,,794_4551232906_CACEIS,1780157058,OB,OB,No-pair,fx wire,Caceis booked the fx wire for SD 02-16-2021. Integrata yet to book,1780157058,1780157058,4551456423,-590882299,2021-07-29
5924,,201_4551248485_CACEIS,1800039358,OB,OB,No-pair,proceeds sell,Caceis booked the Miscellaneous for SD 02-26-2021. Integrata yet to book,1800039358,1800039358,4551456423,-590882299,2021-07-29
5925,,1514_455643841_CACEIS,975324586,OB,OB,No-pair,wire transfer,Caceis booked the wire transfer for SD 11-18-2019. Integrata yet to book,975324586,975324586,4551456423,-590882299,2021-07-29
5926,,19_455469998_CACEIS,680605569,OB,OB,No-pair,wire transfer,Caceis booked the wire transfer for SD 07-10-2019. Integrata yet to book,680605569,680605569,4551456423,-590882299,2021-07-29
5927,,138_455663909_CACEIS,1011570612,OB,OB,No-pair,fees,Caceis booked the fees for SD 12-11-2019. Integrata yet to book,1011570612,1011570612,4551456423,-590882299,2021-07-29
5928,,84_368123_CACEIS,532374147,OB,OB,No-pair,fx wire,Caceis booked the fx wire for SD 04-15-2019. Integrata yet to book,532374147,532374147,4551456423,-590882299,2021-07-29
5929,,9_455457456_CACEIS,662167953,OB,OB,No-pair,fx wire,Caceis booked the fx wire for SD 06-28-2019. Integrata yet to book,662167953,662167953,4551456423,-590882299,2021-07-29
5930,,35_4551388882_CACEIS,1989667632,OB,OB,No-pair,wire transfer,Caceis booked the wire transfer for SD 06-10-2021. Integrata yet to book,1989667632,1989667632,4551456423,-590882299,2021-07-29
5931,,137_455862625_CACEIS,1287003000,OB,OB,No-pair,fx wire,Caceis booked the fx wire for SD 05-15-2020. Integrata yet to book,1287003000,1287003000,4551456423,-590882299,2021-07-29
5932,,345_455822501_CACEIS,1235308207,OB,OB,No-pair,fx wire,Caceis booked the fx wire for SD 04-15-2020. Integrata yet to book,1235308207,1235308207,4551456423,-590882299,2021-07-29
5933,5_4551073975_Integrata,,1566704347,OB,OB,No-pair,proceeds sell,Integrata booked the proceeds sell for SD 10-08-2020.Caceis yet to book.,1566704347,1566704347,4551456423,-590882299,2021-07-29
5934,,57_455762980_CACEIS,1156897733,OB,OB,No-pair,monthend interest,Caceis booked the monthend interest for SD 03-01-2020. Integrata yet to book,1156897733,1156897733,4551456423,-590882299,2021-07-29
5935,6_4551218474_Integrata,,1759361010,OB,OB,No-pair,proceeds sell,Integrata booked the proceeds sell for SD 01-20-2021.Caceis yet to book.,1759361010,1759361010,4551456423,-590882299,2021-07-29
5936,3_4551123972_Integrata,,1632880230,OB,OB,No-pair,wire transfer,Integrata booked the subscription for SD 11-26-2020.Caceis yet to book.,1632880230,1632880230,4551456423,-590882299,2021-07-29
5937,,45_4551334292_CACEIS,1911737214,OB,OB,No-pair,monthend interest,Caceis booked the monthend interest for SD 05-01-2021. Integrata yet to book,1911737214,1911737214,4551456423,-590882299,2021-07-29
5938,,21_4551105378_CACEIS,1608089186,OB,OB,No-pair,wire transfer,Caceis booked the wire transfer for SD 11-12-2020. Integrata yet to book,1608089186,1608089186,4551456423,-590882299,2021-07-29
5939,6_4551417911_Integrata,,2027240610,OB,OB,No-pair,proceeds sell,Integrata booked the Net Sub/Red for SD 07-01-2021.Caceis yet to book.,2027240610,2027240610,4551456423,-590882299,2021-07-29
5940,3_344898_Integrata,,496360326,OB,OB,No-pair,wire transfer,Integrata booked the wire transfer for SD 03-26-2019.Caceis yet to book.,496360326,496360326,4551456423,-590882299,2021-07-29
5941,9_455761196_Integrata,,1154270078,OB,OB,No-pair,wire transfer,Integrata booked the Net Sub/Red for SD 02-27-2020.Caceis yet to book.,1154270078,1154270078,4551456423,-590882299,2021-07-29
5942,,28_4551003590_CACEIS,1473425986,OB,OB,No-pair,monthend interest,Caceis booked the monthend interest for SD 09-01-2020. Integrata yet to book,1473425986,1473425986,4551456423,-590882299,2021-07-29
5943,,11_455734639_CACEIS,1118103068,OB,OB,No-pair,wire transfer,Caceis booked the wire transfer for SD 02-05-2020. Integrata yet to book,1118103068,1118103068,4551456423,-590882299,2021-07-29
5944,,8_455808758_CACEIS,1217520416,OB,OB,No-pair,fx wire,Caceis booked the fx wire for SD 04-03-2020. Integrata yet to book,1217520416,1217520416,4551456423,-590882299,2021-07-29
5945,,57_4551343376_CACEIS,1925737838,OB,OB,No-pair,fx wire,Caceis booked the fx wire for SD 05-07-2021. Integrata yet to book,1925737838,1925737838,4551456423,-590882299,2021-07-29
5946,,418_455985296_CACEIS,1449582176,OB,OB,No-pair,fx wire,Caceis booked the fx wire for SD 08-17-2020. Integrata yet to book,1449582176,1449582176,4551456423,-590882299,2021-07-29
5947,,344_455590588_CACEIS,883858729,OB,OB,No-pair,fx wire,Caceis booked the fx wire for SD 10-15-2019. Integrata yet to book,883858729,883858729,4551456423,-590882299,2021-07-29
5948,,35_455658450_CACEIS,1002374622,OB,OB,No-pair,fx wire,Caceis booked the fx wire for SD 12-06-2019. Integrata yet to book,1002374622,1002374622,4551456423,-590882299,2021-07-29
5949,,29_4551058652_CACEIS,1546340378,OB,OB,No-pair,fx wire,Caceis booked the fx wire for SD 10-09-2020. Integrata yet to book,1546340378,1546340378,4551456423,-590882299,2021-07-29
5950,,27_4551201062_CACEIS,1734566009,OB,OB,No-pair,wire transfer,Caceis booked the wire transfer for SD 01-22-2021. Integrata yet to book,1734566009,1734566009,4551456423,-590882299,2021-07-29
5951,,2_455871083_CACEIS,1298154298,OB,OB,No-pair,fx wire,Caceis booked the fx wire for SD 05-22-2020. Integrata yet to book,1298154298,1298154298,4551456423,-590882299,2021-07-29
5952,,465_455985296_CACEIS,1449582186,OB,OB,No-pair,fx wire,Caceis booked the fx wire for SD 08-17-2020. Integrata yet to book,1449582186,1449582186,4551456423,-590882299,2021-07-29
5953,,54_455753887_CACEIS,1143364799,OB,OB,No-pair,fx wire,Caceis booked the fx wire for SD 02-21-2020. Integrata yet to book,1143364799,1143364799,4551456423,-590882299,2021-07-29
5954,,176_455822501_CACEIS,1235307961,OB,OB,No-pair,fx wire,Caceis booked the fx wire for SD 04-15-2020. Integrata yet to book,1235307961,1235307961,4551456423,-590882299,2021-07-29
5955,,130_4551184426_CACEIS,1712749727,OB,OB,No-pair,wire transfer,Caceis booked the wire transfer for SD 01-11-2021. Integrata yet to book,1712749727,1712749727,4551456423,-590882299,2021-07-29
5956,,12_455416215_CACEIS,599999234,OB,OB,No-pair,fx wire,Caceis booked the fx wire for SD 05-24-2019. Integrata yet to book,599999234,599999234,4551456423,-590882299,2021-07-29
5957,,59_455772338_CACEIS,1169827528,OB,OB,No-pair,fx wire,Caceis booked the fx wire for SD 03-06-2020. Integrata yet to book,1169827528,1169827528,4551456423,-590882299,2021-07-29
5958,,110_4551354754_CACEIS,1942399626,OB,OB,No-pair,fx wire,Caceis booked the fx wire for SD 05-17-2021. Integrata yet to book,1942399626,1942399626,4551456423,-590882299,2021-07-29
5959,,149_455777858_CACEIS,1177395935,OB,OB,No-pair,fees,Caceis booked the fees for SD 03-11-2020. Integrata yet to book,1177395935,1177395935,4551456423,-590882299,2021-07-29
5960,,422_455783582_CACEIS,1185159715,OB,OB,No-pair,fx wire,Caceis booked the fx wire for SD 03-16-2020. Integrata yet to book,1185159715,1185159715,4551456423,-590882299,2021-07-29
5961,,28_4551248485_CACEIS,1800039481,OB,OB,No-pair,monthend interest,Caceis booked the monthend interest for SD 03-01-2021. Integrata yet to book,1800039481,1800039481,4551456423,-590882299,2021-07-29
5962,,12_455469998_CACEIS,680605621,OB,OB,No-pair,wire transfer,Caceis booked the wire transfer for SD 07-10-2019. Integrata yet to book,680605621,680605621,4551456423,-590882299,2021-07-29
5963,,344_455940640_CACEIS,1391596277,OB,OB,No-pair,fx wire,Caceis booked the fx wire for SD 07-15-2020. Integrata yet to book,1391596277,1391596277,4551456423,-590882299,2021-07-29
5964,,205_455590588_CACEIS,883858463,OB,OB,No-pair,fx wire,Caceis booked the fx wire for SD 10-15-2019. Integrata yet to book,883858463,883858463,4551456423,-590882299,2021-07-29
5965,,1_4551105378_CACEIS,1608089154,OB,OB,No-pair,wire transfer,Caceis booked the wire transfer for SD 11-12-2020. Integrata yet to book,1608089154,1608089154,4551456423,-590882299,2021-07-29
5966,,65_455742022_CACEIS,1127725786,OB,OB,No-pair,fees,Caceis booked the fees for SD 02-12-2020. Integrata yet to book,1127725786,1127725786,4551456423,-590882299,2021-07-29
5967,,10_455610697_CACEIS,917943274,OB,OB,No-pair,wire transfer,Caceis booked the wire transfer for SD 10-18-2019. Integrata yet to book,917943274,917943274,4551456423,-590882299,2021-07-29
5968,,4_455515517_CACEIS,758065171,OB,OB,No-pair,proceeds sell,Caceis booked the Miscellaneous for SD 08-16-2019. Integrata yet to book,758065171,758065171,4551456423,-590882299,2021-07-29
5969,,150_455777858_CACEIS,1177395605,OB,OB,No-pair,fees,Caceis booked the fees for SD 03-11-2020. Integrata yet to book,1177395605,1177395605,4551456423,-590882299,2021-07-29
5970,,250_455748445_CACEIS,1136275385,OB,OB,No-pair,fx wire,Caceis booked the fx wire for SD 02-18-2020. Integrata yet to book,1136275385,1136275385,4551456423,-590882299,2021-07-29
5971,,700_4551232906_CACEIS,1780157070,OB,OB,No-pair,fx wire,Caceis booked the fx wire for SD 02-16-2021. Integrata yet to book,1780157070,1780157070,4551456423,-590882299,2021-07-29
5972,,19_455898221_CACEIS,1334730811,OB,OB,No-pair,fees,Caceis booked the fees for SD 06-12-2020. Integrata yet to book,1334730811,1334730811,4551456423,-590882299,2021-07-29
5973,,5_455788772_CACEIS,1191824878,OB,OB,No-pair,wire transfer,Caceis booked the wire transfer for SD 03-19-2020. Integrata yet to book,1191824878,1191824878,4551456423,-590882299,2021-07-29
5974,,66_4551145900_CACEIS,1662179004,OB,OB,No-pair,fx wire,Caceis booked the fx wire for SD 12-11-2020. Integrata yet to book,1662179004,1662179004,4551456423,-590882299,2021-07-29
5975,5_455685901_Integrata,,1047557767,OB,OB,No-pair,wire transfer,Integrata booked the Net Sub/Red for SD 12-26-2019.Caceis yet to book.,1047557767,1047557767,4551456423,-590882299,2021-07-29
5976,,36_4551246640_CACEIS,1797846202,OB,OB,No-pair,monthend interest,Caceis booked the monthend interest for SD 02-26-2021. Integrata yet to book,1797846202,1797846202,4551456423,-590882299,2021-07-29
5977,17_4551256295_Integrata,,1810321885,OB,OB,No-pair,proceeds sell,Integrata booked the proceeds sell for SD 03-04-2021.Caceis yet to book.,1810321885,1810321885,4551456423,-590882299,2021-07-29
5978,,165_4551144082_CACEIS,1659707076,OB,OB,No-pair,fees,Caceis booked the fees for SD 12-10-2020. Integrata yet to book,1659707076,1659707076,4551456423,-590882299,2021-07-29
5979,,12_4551044906_CACEIS,1528403641,OB,OB,No-pair,monthend interest,Caceis booked the monthend interest for SD 10-01-2020. Integrata yet to book,1528403641,1528403641,4551456423,-590882299,2021-07-29
5980,,81_4551388882_CACEIS,1989667581,OB,OB,No-pair,fees,Caceis booked the fees for SD 06-10-2021. Integrata yet to book,1989667581,1989667581,4551456423,-590882299,2021-07-29
5981,,35_455762980_CACEIS,1156897782,OB,OB,No-pair,monthend interest,Caceis booked the monthend interest for SD 03-01-2020. Integrata yet to book,1156897782,1156897782,4551456423,-590882299,2021-07-29
5982,,46_306589_CACEIS,433998203,OB,OB,No-pair,fx wire,Caceis booked the fx wire for SD 02-15-2019. Integrata yet to book,433998203,433998203,4551456423,-590882299,2021-07-29
5983,,292_455706635_CACEIS,1081907659,OB,OB,No-pair,fx wire,Caceis booked the fx wire for SD 01-15-2020. Integrata yet to book,1081907659,1081907659,4551456423,-590882299,2021-07-29
5984,,420_4551023983_CACEIS,1500214195,OB,OB,No-pair,fx wire,Caceis booked the fx wire for SD 09-15-2020. Integrata yet to book,1500214195,1500214195,4551456423,-590882299,2021-07-29
5985,,21_4551068550_CACEIS,1559437439,OB,OB,No-pair,fx wire,Caceis booked the fx wire for SD 10-16-2020. Integrata yet to book,1559437439,1559437439,4551456423,-590882299,2021-07-29
5986,,11_455879764_CACEIS,1309543720,OB,OB,No-pair,monthend interest,Caceis booked the monthend interest for SD 06-01-2020. Integrata yet to book,1309543720,1309543720,4551456423,-590882299,2021-07-29
5987,,833_455822501_CACEIS,1235308834,OB,OB,No-pair,fx wire,Caceis booked the fx wire for SD 04-15-2020. Integrata yet to book,1235308834,1235308834,4551456423,-590882299,2021-07-29
5988,,14_4551281272_CACEIS,1842371425,OB,OB,No-pair,proceeds sell,Caceis booked the Miscellaneous for SD 03-22-2021. Integrata yet to book,1842371425,1842371425,4551456423,-590882299,2021-07-29
5989,,160_455934920_CACEIS,1383926699,OB,OB,No-pair,wire transfer,Caceis booked the wire transfer for SD 07-10-2020. Integrata yet to book,1383926699,1383926699,4551456423,-590882299,2021-07-29
5990,,65_455762980_CACEIS,1156897822,OB,OB,No-pair,monthend interest,Caceis booked the monthend interest for SD 03-01-2020. Integrata yet to book,1156897822,1156897822,4551456423,-590882299,2021-07-29
5991,,190_4551066313_CACEIS,1556876411,OB,OB,No-pair,fx wire,Caceis booked the fx wire for SD 10-15-2020. Integrata yet to book,1556876411,1556876411,4551456423,-590882299,2021-07-29
5992,,283_4551109218_CACEIS,1613286797,OB,OB,No-pair,fx wire,Caceis booked the fx wire for SD 11-16-2020. Integrata yet to book,1613286797,1613286797,4551456423,-590882299,2021-07-29
5993,,15_4551105378_CACEIS,1608089169,OB,OB,No-pair,wire transfer,Caceis booked the wire transfer for SD 11-12-2020. Integrata yet to book,1608089169,1608089169,4551456423,-590882299,2021-07-29
5994,,31_4551048988_CACEIS,1533696936,OB,OB,No-pair,wire transfer,Caceis booked the wire transfer for SD 10-02-2020. Integrata yet to book,1533696936,1533696936,4551456423,-590882299,2021-07-29
5995,,2_4551444588_CACEIS,2059445492,OB,OB,No-pair,fees,Caceis booked the fees for SD 07-21-2021. Integrata yet to book,2059445492,2059445492,4551456423,-590882299,2021-07-29
5996,,25_455835232_CACEIS,1251293845,OB,OB,No-pair,wire transfer,Caceis booked the wire transfer for SD 04-24-2020. Integrata yet to book,1251293845,1251293845,4551456423,-590882299,2021-07-29
5997,,66_4551269721_CACEIS,1827473895,OB,OB,No-pair,fx wire,Caceis booked the fx wire for SD 03-15-2021. Integrata yet to book,1827473895,1827473895,4551456423,-590882299,2021-07-29
5998,,1_306626_CACEIS,434144674,OB,OB,No-pair,proceeds sell,Caceis booked the Miscellaneous for SD 02-18-2019. Integrata yet to book,434144674,434144674,4551456423,-590882299,2021-07-29
5999,,34_455820754_CACEIS,1233177723,OB,OB,No-pair,fx wire,Caceis booked the fx wire for SD 04-14-2020. Integrata yet to book,1233177723,1233177723,4551456423,-590882299,2021-07-29
6000,,169_4551191593_CACEIS,1722905077,OB,OB,No-pair,fx wire,Caceis booked the fx wire for SD 01-15-2021. Integrata yet to book,1722905077,1722905077,4551456423,-590882299,2021-07-29
6001,,9_455797794_CACEIS,1203323426,OB,OB,No-pair,wire transfer,Caceis booked the wire transfer for SD 03-26-2020. Integrata yet to book,1203323426,1203323426,4551456423,-590882299,2021-07-29
6002,,10_4551258322_CACEIS,1812652674,OB,OB,No-pair,wire transfer,Caceis booked the wire transfer for SD 03-05-2021. Integrata yet to book,1812652674,1812652674,4551456423,-590882299,2021-07-29
6003,,11_4551057246_CACEIS,1544059583,OB,OB,No-pair,wire transfer,Caceis booked the wire transfer for SD 10-02-2020. Integrata yet to book,1544059583,1544059583,4551456423,-590882299,2021-07-29
6004,,283_4551394628_CACEIS,1997244787,OB,OB,No-pair,fx wire,Caceis booked the fx wire for SD 06-15-2021. Integrata yet to book,1997244787,1997244787,4551456423,-590882299,2021-07-29
6005,29_455614192_Integrata,,925287770,OB,OB,No-pair,proceeds sell,Integrata booked the proceeds sell for SD 11-01-2019.Caceis yet to book.,925287770,925287770,4551456423,-590882299,2021-07-29
6006,179_455391323_Integrata,,566547716,OB,OB,No-pair,dividend,Integrata booked the dividend for SD 03-29-2019.Caceis yet to book.,566547716,566547716,4551456423,-590882299,2021-07-29
6007,,147_455777858_CACEIS,1177395785,OB,OB,No-pair,fees,Caceis booked the fees for SD 03-11-2020. Integrata yet to book,1177395785,1177395785,4551456423,-590882299,2021-07-29
6008,,6_455796038_CACEIS,1200627635,OB,OB,No-pair,wire transfer,Caceis booked the wire transfer for SD 03-25-2020. Integrata yet to book,1200627635,1200627635,4551456423,-590882299,2021-07-29
6009,11_455782293_Integrata,,1183562946,OB,OB,No-pair,proceeds sell,Integrata booked the proceeds sell for SD 03-13-2020.Caceis yet to book.,1183562946,1183562946,4551456423,-590882299,2021-07-29
6010,,216_455783582_CACEIS,1185159368,OB,OB,No-pair,fx wire,Caceis booked the fx wire for SD 03-16-2020. Integrata yet to book,1185159368,1185159368,4551456423,-590882299,2021-07-29
6011,,21_455898221_CACEIS,1334730838,OB,OB,No-pair,fees,Caceis booked the fees for SD 06-12-2020. Integrata yet to book,1334730838,1334730838,4551456423,-590882299,2021-07-29
6012,11_455812360_Integrata,,1222709476,OB,OB,No-pair,proceeds sell,Integrata booked the proceeds sell for SD 04-07-2020.Caceis yet to book.,1222709476,1222709476,4551456423,-590882299,2021-07-29
6013,,5_455767183_CACEIS,1162470265,OB,OB,No-pair,wire transfer,Caceis booked the wire transfer for SD 03-03-2020. Integrata yet to book,1162470265,1162470265,4551456423,-590882299,2021-07-29
6014,,180_455934920_CACEIS,1383926823,OB,OB,No-pair,wire transfer,Caceis booked the wire transfer for SD 07-10-2020. Integrata yet to book,1383926823,1383926823,4551456423,-590882299,2021-07-29
6015,,23_4551402499_CACEIS,2006719925,OB,OB,No-pair,proceeds sell,Caceis booked the proceeds sell for SD 06-21-2021. Integrata yet to book,2006719925,2006719925,4551456423,-590882299,2021-07-29
6016,,677_4551232906_CACEIS,1780157145,OB,OB,No-pair,fx wire,Caceis booked the fx wire for SD 02-16-2021. Integrata yet to book,1780157145,1780157145,4551456423,-590882299,2021-07-29
6017,,190_455934920_CACEIS,1383926808,OB,OB,No-pair,wire transfer,Caceis booked the wire transfer for SD 07-10-2020. Integrata yet to book,1383926808,1383926808,4551456423,-590882299,2021-07-29
6018,,63_455586694_CACEIS,876699116,OB,OB,No-pair,proceeds sell,Caceis booked the Miscellaneous for SD 10-11-2019. Integrata yet to book,876699116,876699116,4551456423,-590882299,2021-07-29
6019,,203_455706635_CACEIS,1081907358,OB,OB,No-pair,fx wire,Caceis booked the fx wire for SD 01-15-2020. Integrata yet to book,1081907358,1081907358,4551456423,-590882299,2021-07-29
6020,,158_455777858_CACEIS,1177395703,OB,OB,No-pair,fees,Caceis booked the fees for SD 03-11-2020. Integrata yet to book,1177395703,1177395703,4551456423,-590882299,2021-07-29
6021,,33_349816_CACEIS,505077796,OB,OB,No-pair,monthend interest,Caceis booked the monthend interest for SD 04-01-2019. Integrata yet to book,505077796,505077796,4551456423,-590882299,2021-07-29
6022,,10_455663909_CACEIS,1011570604,OB,OB,No-pair,wire transfer,Caceis booked the wire transfer for SD 12-11-2019. Integrata yet to book,1011570604,1011570604,4551456423,-590882299,2021-07-29
6023,,248_4551313388_CACEIS,1883527819,OB,OB,No-pair,fx wire,Caceis booked the fx wire for SD 04-15-2021. Integrata yet to book,1883527819,1883527819,4551456423,-590882299,2021-07-29
6024,,437_455822501_CACEIS,1235307769,OB,OB,No-pair,fees,Caceis booked the fees for SD 04-14-2020. Integrata yet to book,1235307769,1235307769,4551456423,-590882299,2021-07-29
6025,,69_4551066313_CACEIS,1556876292,OB,OB,No-pair,fx wire,Caceis booked the fx wire for SD 10-15-2020. Integrata yet to book,1556876292,1556876292,4551456423,-590882299,2021-07-29
6026,,531_455822501_CACEIS,1235307870,OB,OB,No-pair,fees,Caceis booked the fees for SD 04-14-2020. Integrata yet to book,1235307870,1235307870,4551456423,-590882299,2021-07-29
6027,,155_455822501_CACEIS,1235308216,OB,OB,No-pair,wire transfer,Caceis booked the wire transfer for SD 04-14-2020. Integrata yet to book,1235308216,1235308216,4551456423,-590882299,2021-07-29
6028,,58_4551292839_CACEIS,1857221942,OB,OB,No-pair,wire transfer,Caceis booked the wire transfer for SD 03-10-2021. Integrata yet to book,1857221942,1857221942,4551456423,-590882299,2021-07-29
6029,,105_4551109218_CACEIS,1613286674,OB,OB,No-pair,fx wire,Caceis booked the fx wire for SD 11-16-2020. Integrata yet to book,1613286674,1613286674,4551456423,-590882299,2021-07-29
6030,,196_455862625_CACEIS,1287003278,OB,OB,No-pair,fx wire,Caceis booked the fx wire for SD 05-15-2020. Integrata yet to book,1287003278,1287003278,4551456423,-590882299,2021-07-29
6031,,1_455742022_CACEIS,1127725627,OB,OB,No-pair,fees,Caceis booked the fees for SD 02-12-2020. Integrata yet to book,1127725627,1127725627,4551456423,-590882299,2021-07-29
6032,,7_455849872_CACEIS,1270411938,OB,OB,No-pair,wire transfer,Caceis booked the wire transfer for SD 03-20-2020. Integrata yet to book,1270411938,1270411938,4551456423,-590882299,2021-07-29
6033,,47_4551109218_CACEIS,1613286643,OB,OB,No-pair,fx wire,Caceis booked the fx wire for SD 11-16-2020. Integrata yet to book,1613286643,1613286643,4551456423,-590882299,2021-07-29
6034,,716_4551232906_CACEIS,1780157052,OB,OB,No-pair,fx wire,Caceis booked the fx wire for SD 02-16-2021. Integrata yet to book,1780157052,1780157052,4551456423,-590882299,2021-07-29
6035,,337_455590588_CACEIS,883858580,OB,OB,No-pair,fx wire,Caceis booked the fx wire for SD 10-15-2019. Integrata yet to book,883858580,883858580,4551456423,-590882299,2021-07-29
6036,,85_4551388882_CACEIS,1989667629,OB,OB,No-pair,wire transfer,Caceis booked the wire transfer for SD 06-10-2021. Integrata yet to book,1989667629,1989667629,4551456423,-590882299,2021-07-29
6037,,4_257865_CACEIS,352549401,OB,OB,No-pair,fx wire,Caceis booked the fx wire for SD 01-04-2019. Integrata yet to book,352549401,352549401,4551456423,-590882299,2021-07-29
6038,,68_455783582_CACEIS,1185159179,OB,OB,No-pair,fx wire,Caceis booked the fx wire for SD 03-16-2020. Integrata yet to book,1185159179,1185159179,4551456423,-590882299,2021-07-29
6039,,47_4551127906_CACEIS,1637981936,OB,OB,No-pair,wire transfer,Caceis booked the wire transfer for SD 11-30-2020. Integrata yet to book,1637981936,1637981936,4551456423,-590882299,2021-07-29
6040,,695_455643841_CACEIS,975323767,OB,OB,No-pair,monthend interest,Caceis booked the monthend interest for SD 10-31-2019. Integrata yet to book,975323767,975323767,4551456423,-590882299,2021-07-29
6041,,49_4551097416_CACEIS,1597270294,OB,OB,No-pair,wire transfer,Caceis booked the wire transfer for SD 11-06-2020. Integrata yet to book,1597270294,1597270294,4551456423,-590882299,2021-07-29
6042,,36_333062_CACEIS,479846764,OB,OB,No-pair,fx wire,Caceis booked the fx wire for SD 03-15-2019. Integrata yet to book,479846764,479846764,4551456423,-590882299,2021-07-29
6043,,440_4551149959_CACEIS,1667623323,OB,OB,No-pair,fx wire,Caceis booked the fx wire for SD 12-15-2020. Integrata yet to book,1667623323,1667623323,4551456423,-590882299,2021-07-29
6044,,1_337937_CACEIS,486708621,OB,OB,No-pair,wire transfer,Caceis booked the wire transfer for SD 03-20-2019. Integrata yet to book,486708621,486708621,4551456423,-590882299,2021-07-29
6045,,72_4551354754_CACEIS,1942399606,OB,OB,No-pair,fx wire,Caceis booked the fx wire for SD 05-17-2021. Integrata yet to book,1942399606,1942399606,4551456423,-590882299,2021-07-29
6046,,47_4551388882_CACEIS,1989667630,OB,OB,No-pair,wire transfer,Caceis booked the wire transfer for SD 06-10-2021. Integrata yet to book,1989667630,1989667630,4551456423,-590882299,2021-07-29
6047,,16_455676391_CACEIS,1031864584,OB,OB,No-pair,proceeds sell,Caceis booked the proceeds sell for SD 12-20-2019. Integrata yet to book,1031864584,1031864584,4551456423,-590882299,2021-07-29
6048,,1_4551222350_CACEIS,1765090273,OB,OB,No-pair,wire transfer,Caceis booked the wire transfer for SD 02-08-2021. Integrata yet to book,1765090273,1765090273,4551456423,-590882299,2021-07-29
6049,,107_4551018409_CACEIS,1492757204,OB,OB,No-pair,fees,Caceis booked the fees for SD 09-10-2020. Integrata yet to book,1492757204,1492757204,4551456423,-590882299,2021-07-29
6050,,49_455676391_CACEIS,1031864561,OB,OB,No-pair,wire transfer,Caceis booked the wire transfer for SD 12-20-2019. Integrata yet to book,1031864561,1031864561,4551456423,-590882299,2021-07-29
6051,,185_455934920_CACEIS,1383926725,OB,OB,No-pair,wire transfer,Caceis booked the wire transfer for SD 07-10-2020. Integrata yet to book,1383926725,1383926725,4551456423,-590882299,2021-07-29
6052,,70_455879764_CACEIS,1309543804,OB,OB,No-pair,monthend interest,Caceis booked the monthend interest for SD 06-01-2020. Integrata yet to book,1309543804,1309543804,4551456423,-590882299,2021-07-29
6053,,26_455835232_CACEIS,1251293765,OB,OB,No-pair,fx wire,Caceis booked the fx wire for SD 04-24-2020. Integrata yet to book,1251293765,1251293765,4551456423,-590882299,2021-07-29
6054,,79_4551220415_CACEIS,1761956070,OB,OB,No-pair,fx wire,Caceis booked the fx wire for SD 02-05-2021. Integrata yet to book,1761956070,1761956070,4551456423,-590882299,2021-07-29
6055,,55_4551287241_CACEIS,1850449310,OB,OB,No-pair,fx wire,Caceis booked the fx wire for SD 03-26-2021. Integrata yet to book,1850449310,1850449310,4551456423,-590882299,2021-07-29
6056,,28_4551001817_CACEIS,1470676031,OB,OB,No-pair,fx wire,Caceis booked the fx wire for SD 08-28-2020. Integrata yet to book,1470676031,1470676031,4551456423,-590882299,2021-07-29
6057,,32_455803095_CACEIS,1210223540,OB,OB,No-pair,monthend interest,Caceis booked the monthend interest for SD 04-01-2020. Integrata yet to book,1210223540,1210223540,4551456423,-590882299,2021-07-29
6058,,31_455920273_CACEIS,1364559776,OB,OB,No-pair,monthend interest,Caceis booked the monthend interest for SD 07-01-2020. Integrata yet to book,1364559776,1364559776,4551456423,-590882299,2021-07-29
6059,,142_455777858_CACEIS,1177395773,OB,OB,No-pair,fees,Caceis booked the fees for SD 03-11-2020. Integrata yet to book,1177395773,1177395773,4551456423,-590882299,2021-07-29
6060,,7_455663909_CACEIS,1011570587,OB,OB,No-pair,wire transfer,Caceis booked the wire transfer for SD 12-11-2019. Integrata yet to book,1011570587,1011570587,4551456423,-590882299,2021-07-29
6061,,41_4551066313_CACEIS,1556876381,OB,OB,No-pair,fx wire,Caceis booked the fx wire for SD 10-15-2020. Integrata yet to book,1556876381,1556876381,4551456423,-590882299,2021-07-29
6062,,51_455676391_CACEIS,1031864590,OB,OB,No-pair,wire transfer,Caceis booked the wire transfer for SD 12-20-2019. Integrata yet to book,1031864590,1031864590,4551456423,-590882299,2021-07-29
6063,,274_4551436806_CACEIS,2049885923,OB,OB,No-pair,fx wire,Caceis booked the fx wire for SD 07-15-2021. Integrata yet to book,2049885923,2049885923,4551456423,-590882299,2021-07-29
6064,,7_455887206_CACEIS,1320167956,OB,OB,No-pair,wire transfer,Caceis booked the wire transfer for SD 06-04-2020. Integrata yet to book,1320167956,1320167956,4551456423,-590882299,2021-07-29
6065,,17_455610697_CACEIS,917943281,OB,OB,No-pair,fx wire,Caceis booked the fx wire for SD 10-18-2019. Integrata yet to book,917943281,917943281,4551456423,-590882299,2021-07-29
6066,,243_4551210754_CACEIS,1748958257,OB,OB,No-pair,wire transfer,Caceis booked the wire transfer for SD 01-29-2021. Integrata yet to book,1748958257,1748958257,4551456423,-590882299,2021-07-29
6067,,13_4551068550_CACEIS,1559437437,OB,OB,No-pair,proceeds sell,Caceis booked the proceeds sell for SD 10-16-2020. Integrata yet to book,1559437437,1559437437,4551456423,-590882299,2021-07-29
6068,,752_4551232906_CACEIS,1780157179,OB,OB,No-pair,fx wire,Caceis booked the fx wire for SD 02-16-2021. Integrata yet to book,1780157179,1780157179,4551456423,-590882299,2021-07-29
6069,,146_455822501_CACEIS,1235308205,OB,OB,No-pair,wire transfer,Caceis booked the wire transfer for SD 04-14-2020. Integrata yet to book,1235308205,1235308205,4551456423,-590882299,2021-07-29
6070,,647_4551232906_CACEIS,1780157057,OB,OB,No-pair,fx wire,Caceis booked the fx wire for SD 02-16-2021. Integrata yet to book,1780157057,1780157057,4551456423,-590882299,2021-07-29
6071,,219_455706635_CACEIS,1081907414,OB,OB,No-pair,fx wire,Caceis booked the fx wire for SD 01-15-2020. Integrata yet to book,1081907414,1081907414,4551456423,-590882299,2021-07-29
6072,,154_4551248485_CACEIS,1800039460,OB,OB,No-pair,fx wire,Caceis booked the fx wire for SD 02-26-2021. Integrata yet to book,1800039460,1800039460,4551456423,-590882299,2021-07-29
6073,,27_4551171343_CACEIS,1696929194,OB,OB,No-pair,monthend interest,Caceis booked the monthend interest for SD 01-01-2021. Integrata yet to book,1696929194,1696929194,4551456423,-590882299,2021-07-29
6074,,9_4551242873_CACEIS,1793109148,OB,OB,No-pair,proceeds sell,Caceis booked the proceeds sell for SD 02-23-2021. Integrata yet to book,1793109148,1793109148,4551456423,-590882299,2021-07-29
6075,,100_455742022_CACEIS,1127725784,OB,OB,No-pair,proceeds sell,Caceis booked the Miscellaneous for SD 02-12-2020. Integrata yet to book,1127725784,1127725784,4551456423,-590882299,2021-07-29
6076,,116_455777858_CACEIS,1177395705,OB,OB,No-pair,fees,Caceis booked the fees for SD 03-11-2020. Integrata yet to book,1177395705,1177395705,4551456423,-590882299,2021-07-29
6077,,268_4551354754_CACEIS,1942399730,OB,OB,No-pair,fx wire,Caceis booked the fx wire for SD 05-17-2021. Integrata yet to book,1942399730,1942399730,4551456423,-590882299,2021-07-29
6078,,104_455862625_CACEIS,1287003154,OB,OB,No-pair,fx wire,Caceis booked the fx wire for SD 05-15-2020. Integrata yet to book,1287003154,1287003154,4551456423,-590882299,2021-07-29
6079,,2_455990300_CACEIS,1455760315,OB,OB,No-pair,wire transfer,Caceis booked the wire transfer for SD 08-20-2020. Integrata yet to book,1455760315,1455760315,4551456423,-590882299,2021-07-29
6080,,33_4551305829_CACEIS,1874141006,OB,OB,No-pair,proceeds sell,Caceis booked the Miscellaneous for SD 04-09-2021. Integrata yet to book,1874141006,1874141006,4551456423,-590882299,2021-07-29
6081,,48_306589_CACEIS,433998209,OB,OB,No-pair,fx wire,Caceis booked the fx wire for SD 02-15-2019. Integrata yet to book,433998209,433998209,4551456423,-590882299,2021-07-29
6082,,20_455718167_CACEIS,1096511733,OB,OB,No-pair,fx wire,Caceis booked the fx wire for SD 01-24-2020. Integrata yet to book,1096511733,1096511733,4551456423,-590882299,2021-07-29
6083,,431_455985296_CACEIS,1449582125,OB,OB,No-pair,fx wire,Caceis booked the fx wire for SD 08-17-2020. Integrata yet to book,1449582125,1449582125,4551456423,-590882299,2021-07-29
6084,,21_307472_CACEIS,436148263,OB,OB,No-pair,wire transfer,Caceis booked the wire transfer for SD 02-13-2019. Integrata yet to book,436148263,436148263,4551456423,-590882299,2021-07-29
6085,,418_455822501_CACEIS,1235308286,OB,OB,No-pair,fx wire,Caceis booked the fx wire for SD 04-15-2020. Integrata yet to book,1235308286,1235308286,4551456423,-590882299,2021-07-29
6086,,21_455649350_CACEIS,985331659,OB,OB,No-pair,monthend interest,Caceis booked the monthend interest for SD 12-01-2019. Integrata yet to book,985331659,985331659,4551456423,-590882299,2021-07-29
6087,,102_4551144082_CACEIS,1659707085,OB,OB,No-pair,proceeds sell,Caceis booked the Miscellaneous for SD 12-10-2020. Integrata yet to book,1659707085,1659707085,4551456423,-590882299,2021-07-29
6088,,35_455927788_CACEIS,1374347992,OB,OB,No-pair,fx wire,Caceis booked the fx wire for SD 07-06-2020. Integrata yet to book,1374347992,1374347992,4551456423,-590882299,2021-07-29
6089,,90_455862625_CACEIS,1287003136,OB,OB,No-pair,fx wire,Caceis booked the fx wire for SD 05-15-2020. Integrata yet to book,1287003136,1287003136,4551456423,-590882299,2021-07-29
6090,,442_455985296_CACEIS,1449582113,OB,OB,No-pair,fx wire,Caceis booked the fx wire for SD 08-17-2020. Integrata yet to book,1449582113,1449582113,4551456423,-590882299,2021-07-29
6091,,11_455920273_CACEIS,1364559739,OB,OB,No-pair,monthend interest,Caceis booked the monthend interest for SD 07-01-2020. Integrata yet to book,1364559739,1364559739,4551456423,-590882299,2021-07-29
6092,,4_4551292839_CACEIS,1857221915,OB,OB,No-pair,monthend interest,Caceis booked the monthend interest for SD 04-01-2021. Integrata yet to book,1857221915,1857221915,4551456423,-590882299,2021-07-29
6093,,55_455862625_CACEIS,1287002790,OB,OB,No-pair,fx wire,Caceis booked the fx wire for SD 05-15-2020. Integrata yet to book,1287002790,1287002790,4551456423,-590882299,2021-07-29
6094,,671_4551232906_CACEIS,1780157080,OB,OB,No-pair,fx wire,Caceis booked the fx wire for SD 02-16-2021. Integrata yet to book,1780157080,1780157080,4551456423,-590882299,2021-07-29
6095,,220_4551269721_CACEIS,1827473990,OB,OB,No-pair,fx wire,Caceis booked the fx wire for SD 03-15-2021. Integrata yet to book,1827473990,1827473990,4551456423,-590882299,2021-07-29
6096,,48_368123_CACEIS,532374046,OB,OB,No-pair,fx wire,Caceis booked the fx wire for SD 04-15-2019. Integrata yet to book,532374046,532374046,4551456423,-590882299,2021-07-29
6097,,331_455900053_CACEIS,1336713621,OB,OB,No-pair,fx wire,Caceis booked the fx wire for SD 06-15-2020. Integrata yet to book,1336713621,1336713621,4551456423,-590882299,2021-07-29
6098,,115_4551109218_CACEIS,1613286794,OB,OB,No-pair,fx wire,Caceis booked the fx wire for SD 11-16-2020. Integrata yet to book,1613286794,1613286794,4551456423,-590882299,2021-07-29
6099,,117_4551239617_CACEIS,1789074877,OB,OB,No-pair,wire transfer,Caceis booked the wire transfer for SD 02-19-2021. Integrata yet to book,1789074877,1789074877,4551456423,-590882299,2021-07-29
6100,,487_455985296_CACEIS,1449582138,OB,OB,No-pair,fx wire,Caceis booked the fx wire for SD 08-17-2020. Integrata yet to book,1449582138,1449582138,4551456423,-590882299,2021-07-29
6101,,63_4551394628_CACEIS,1997244646,OB,OB,No-pair,fx wire,Caceis booked the fx wire for SD 06-15-2021. Integrata yet to book,1997244646,1997244646,4551456423,-590882299,2021-07-29
6102,,457_4551109218_CACEIS,1613286867,OB,OB,No-pair,fx wire,Caceis booked the fx wire for SD 11-16-2020. Integrata yet to book,1613286867,1613286867,4551456423,-590882299,2021-07-29
6103,,671_455643841_CACEIS,975323743,OB,OB,No-pair,wire transfer,Caceis booked the wire transfer for SD 11-18-2019. Integrata yet to book,975323743,975323743,4551456423,-590882299,2021-07-29
6104,,465_455862625_CACEIS,1287003789,OB,OB,No-pair,fx wire,Caceis booked the fx wire for SD 05-15-2020. Integrata yet to book,1287003789,1287003789,4551456423,-590882299,2021-07-29
6105,,135_4551109218_CACEIS,1613286701,OB,OB,No-pair,fx wire,Caceis booked the fx wire for SD 11-16-2020. Integrata yet to book,1613286701,1613286701,4551456423,-590882299,2021-07-29
6106,,1_455454118_CACEIS,656467186,OB,OB,No-pair,wire transfer,Caceis booked the wire transfer for SD 06-26-2019. Integrata yet to book,656467186,656467186,4551456423,-590882299,2021-07-29
6107,,160_455777858_CACEIS,1177395752,OB,OB,No-pair,fees,Caceis booked the fees for SD 03-11-2020. Integrata yet to book,1177395752,1177395752,4551456423,-590882299,2021-07-29
6108,,140_455762980_CACEIS,1156897864,OB,OB,No-pair,fx wire,Caceis booked the fx wire for SD 02-28-2020. Integrata yet to book,1156897864,1156897864,4551456423,-590882299,2021-07-29
6109,,112_4551394628_CACEIS,1997244560,OB,OB,No-pair,fx wire,Caceis booked the fx wire for SD 06-15-2021. Integrata yet to book,1997244560,1997244560,4551456423,-590882299,2021-07-29
6110,,440_455985296_CACEIS,1449582089,OB,OB,No-pair,fx wire,Caceis booked the fx wire for SD 08-17-2020. Integrata yet to book,1449582089,1449582089,4551456423,-590882299,2021-07-29
6111,,24_4551127906_CACEIS,1637981929,OB,OB,No-pair,monthend interest,Caceis booked the monthend interest for SD 12-01-2020. Integrata yet to book,1637981929,1637981929,4551456423,-590882299,2021-07-29
6112,,433_455985296_CACEIS,1449582204,OB,OB,No-pair,fx wire,Caceis booked the fx wire for SD 08-17-2020. Integrata yet to book,1449582204,1449582204,4551456423,-590882299,2021-07-29
6113,,32_455658450_CACEIS,1002374605,OB,OB,No-pair,fx wire,Caceis booked the fx wire for SD 12-06-2019. Integrata yet to book,1002374605,1002374605,4551456423,-590882299,2021-07-29
6114,,406_4551109218_CACEIS,1613286909,OB,OB,No-pair,fx wire,Caceis booked the fx wire for SD 11-16-2020. Integrata yet to book,1613286909,1613286909,4551456423,-590882299,2021-07-29
6115,,12_306589_CACEIS,433998178,OB,OB,No-pair,fx wire,Caceis booked the fx wire for SD 02-15-2019. Integrata yet to book,433998178,433998178,4551456423,-590882299,2021-07-29
6116,,6_455835232_CACEIS,1251293783,OB,OB,No-pair,fx wire,Caceis booked the fx wire for SD 04-24-2020. Integrata yet to book,1251293783,1251293783,4551456423,-590882299,2021-07-29
6117,,179_455940640_CACEIS,1391596034,OB,OB,No-pair,fx wire,Caceis booked the fx wire for SD 07-15-2020. Integrata yet to book,1391596034,1391596034,4551456423,-590882299,2021-07-29
6118,,51_455706635_CACEIS,1081907403,OB,OB,No-pair,fx wire,Caceis booked the fx wire for SD 01-15-2020. Integrata yet to book,1081907403,1081907403,4551456423,-590882299,2021-07-29
6119,,6_4551379030_CACEIS,1976618409,OB,OB,No-pair,wire transfer,Caceis booked the wire transfer for SD 06-03-2021. Integrata yet to book,1976618409,1976618409,4551456423,-590882299,2021-07-29
6120,,189_455934920_CACEIS,1383926782,OB,OB,No-pair,wire transfer,Caceis booked the wire transfer for SD 07-10-2020. Integrata yet to book,1383926782,1383926782,4551456423,-590882299,2021-07-29
6121,,48_4551388882_CACEIS,1989667598,OB,OB,No-pair,fees,Caceis booked the fees for SD 06-10-2021. Integrata yet to book,1989667598,1989667598,4551456423,-590882299,2021-07-29
6122,,113_306589_CACEIS,433998225,OB,OB,No-pair,wire transfer,Caceis booked the wire transfer for SD 02-15-2019. Integrata yet to book,433998225,433998225,4551456423,-590882299,2021-07-29
6123,,71_4551388882_CACEIS,1989667569,OB,OB,No-pair,fees,Caceis booked the fees for SD 06-10-2021. Integrata yet to book,1989667569,1989667569,4551456423,-590882299,2021-07-29
6124,17_455639505_Integrata,,967749759,OB,OB,No-pair,wire transfer,Integrata booked the Net Sub/Red for SD 11-21-2019.Caceis yet to book.,967749759,967749759,4551456423,-590882299,2021-07-29
6125,,37_455820754_CACEIS,1233177748,OB,OB,No-pair,fx wire,Caceis booked the fx wire for SD 04-14-2020. Integrata yet to book,1233177748,1233177748,4551456423,-590882299,2021-07-29
6126,,445_455783582_CACEIS,1185159753,OB,OB,No-pair,fx wire,Caceis booked the fx wire for SD 03-16-2020. Integrata yet to book,1185159753,1185159753,4551456423,-590882299,2021-07-29
6127,,51_4551343376_CACEIS,1925737822,OB,OB,No-pair,fx wire,Caceis booked the fx wire for SD 05-07-2021. Integrata yet to book,1925737822,1925737822,4551456423,-590882299,2021-07-29
6128,,11_455714596_CACEIS,1091890328,OB,OB,No-pair,wire transfer,Caceis booked the wire transfer for SD 01-22-2020. Integrata yet to book,1091890328,1091890328,4551456423,-590882299,2021-07-29
6129,,89_4551388882_CACEIS,1989667618,OB,OB,No-pair,fees,Caceis booked the fees for SD 06-10-2021. Integrata yet to book,1989667618,1989667618,4551456423,-590882299,2021-07-29
6130,,165_455777858_CACEIS,1177395817,OB,OB,No-pair,fees,Caceis booked the fees for SD 03-11-2020. Integrata yet to book,1177395817,1177395817,4551456423,-590882299,2021-07-29
6131,,3_455909302_CACEIS,1349421682,OB,OB,No-pair,proceeds sell,Caceis booked the proceeds sell for SD 06-22-2020. Integrata yet to book,1349421682,1349421682,4551456423,-590882299,2021-07-29
6132,,85_4551066313_CACEIS,1556876408,OB,OB,No-pair,fx wire,Caceis booked the fx wire for SD 10-15-2020. Integrata yet to book,1556876408,1556876408,4551456423,-590882299,2021-07-29
6133,,299_4551149959_CACEIS,1667623084,OB,OB,No-pair,fx wire,Caceis booked the fx wire for SD 12-15-2020. Integrata yet to book,1667623084,1667623084,4551456423,-590882299,2021-07-29
6134,,179_4551023983_CACEIS,1500213841,OB,OB,No-pair,fx wire,Caceis booked the fx wire for SD 09-15-2020. Integrata yet to book,1500213841,1500213841,4551456423,-590882299,2021-07-29
6135,,471_455900053_CACEIS,1336713909,OB,OB,No-pair,fx wire,Caceis booked the fx wire for SD 06-15-2020. Integrata yet to book,1336713909,1336713909,4551456423,-590882299,2021-07-29
6136,,118_4551060531_CACEIS,1548950753,OB,OB,No-pair,wire transfer,Caceis booked the wire transfer for SD 10-12-2020. Integrata yet to book,1548950753,1548950753,4551456423,-590882299,2021-07-29
6137,,251_4551313388_CACEIS,1883527878,OB,OB,No-pair,fx wire,Caceis booked the fx wire for SD 04-15-2021. Integrata yet to book,1883527878,1883527878,4551456423,-590882299,2021-07-29
6138,,22_4551029716_CACEIS,1508201952,OB,OB,No-pair,fx wire,Caceis booked the fx wire for SD 09-18-2020. Integrata yet to book,1508201952,1508201952,4551456423,-590882299,2021-07-29
6139,,10_4551003590_CACEIS,1473425970,OB,OB,No-pair,monthend interest,Caceis booked the monthend interest for SD 09-01-2020. Integrata yet to book,1473425970,1473425970,4551456423,-590882299,2021-07-29
6140,,30_4551136088_CACEIS,1649475131,OB,OB,No-pair,fx wire,Caceis booked the fx wire for SD 12-04-2020. Integrata yet to book,1649475131,1649475131,4551456423,-590882299,2021-07-29
6141,,101_4551388882_CACEIS,1989667627,OB,OB,No-pair,fees,Caceis booked the fees for SD 06-10-2021. Integrata yet to book,1989667627,1989667627,4551456423,-590882299,2021-07-29
6142,,275_4551191593_CACEIS,1722905248,OB,OB,No-pair,fx wire,Caceis booked the fx wire for SD 01-15-2021. Integrata yet to book,1722905248,1722905248,4551456423,-590882299,2021-07-29
6143,,6_309411_CACEIS,439623656,OB,OB,No-pair,wire transfer,Caceis booked the wire transfer for SD 02-22-2019. Integrata yet to book,439623656,439623656,4551456423,-590882299,2021-07-29
6144,,88_455898221_CACEIS,1334730800,OB,OB,No-pair,fees,Caceis booked the fees for SD 06-12-2020. Integrata yet to book,1334730800,1334730800,4551456423,-590882299,2021-07-29
6145,,53_455898221_CACEIS,1334730847,OB,OB,No-pair,fees,Caceis booked the fees for SD 06-12-2020. Integrata yet to book,1334730847,1334730847,4551456423,-590882299,2021-07-29
6146,,5_455559249_CACEIS,832862021,OB,OB,No-pair,wire transfer,Caceis booked the wire transfer for SD 09-20-2019. Integrata yet to book,832862021,832862021,4551456423,-590882299,2021-07-29
6147,,105_4551388882_CACEIS,1989667571,OB,OB,No-pair,fees,Caceis booked the fees for SD 06-10-2021. Integrata yet to book,1989667571,1989667571,4551456423,-590882299,2021-07-29
6148,,151_4551144082_CACEIS,1659707089,OB,OB,No-pair,wire transfer,Caceis booked the wire transfer for SD 12-10-2020. Integrata yet to book,1659707089,1659707089,4551456423,-590882299,2021-07-29
6149,,61_4551388882_CACEIS,1989667613,OB,OB,No-pair,fees,Caceis booked the fees for SD 06-10-2021. Integrata yet to book,1989667613,1989667613,4551456423,-590882299,2021-07-29
6150,,311_455669415_CACEIS,1020661797,OB,OB,No-pair,fx wire,Caceis booked the fx wire for SD 12-16-2019. Integrata yet to book,1020661797,1020661797,4551456423,-590882299,2021-07-29
6151,,191_4551023983_CACEIS,1500214003,OB,OB,No-pair,fx wire,Caceis booked the fx wire for SD 09-15-2020. Integrata yet to book,1500214003,1500214003,4551456423,-590882299,2021-07-29
6152,,3_455835232_CACEIS,1251293776,OB,OB,No-pair,fx wire,Caceis booked the fx wire for SD 04-24-2020. Integrata yet to book,1251293776,1251293776,4551456423,-590882299,2021-07-29
6153,,213_4551023983_CACEIS,1500214017,OB,OB,No-pair,fx wire,Caceis booked the fx wire for SD 09-15-2020. Integrata yet to book,1500214017,1500214017,4551456423,-590882299,2021-07-29
6154,,7_455667500_CACEIS,1017540702,OB,OB,No-pair,fx wire,Caceis booked the fx wire for SD 12-13-2019. Integrata yet to book,1017540702,1017540702,4551456423,-590882299,2021-07-29
6155,,21_455656628_CACEIS,999121817,OB,OB,No-pair,wire transfer,Caceis booked the wire transfer for SD 09-25-2019. Integrata yet to book,999121817,999121817,4551456423,-590882299,2021-07-29
6156,,63_455835232_CACEIS,1251293820,OB,OB,No-pair,fx wire,Caceis booked the fx wire for SD 04-24-2020. Integrata yet to book,1251293820,1251293820,4551456423,-590882299,2021-07-29
6157,,452_455822501_CACEIS,1235308271,OB,OB,No-pair,fx wire,Caceis booked the fx wire for SD 04-15-2020. Integrata yet to book,1235308271,1235308271,4551456423,-590882299,2021-07-29
6158,,42_455820754_CACEIS,1233177753,OB,OB,No-pair,fx wire,Caceis booked the fx wire for SD 04-14-2020. Integrata yet to book,1233177753,1233177753,4551456423,-590882299,2021-07-29
6159,,17_4551229444_CACEIS,1775243205,OB,OB,No-pair,fx wire,Caceis booked the fx wire for SD 02-12-2021. Integrata yet to book,1775243205,1775243205,4551456423,-590882299,2021-07-29
6160,,57_455900053_CACEIS,1336713513,OB,OB,No-pair,fx wire,Caceis booked the fx wire for SD 06-15-2020. Integrata yet to book,1336713513,1336713513,4551456423,-590882299,2021-07-29
6161,,92_4551149959_CACEIS,1667622884,OB,OB,No-pair,fx wire,Caceis booked the fx wire for SD 12-15-2020. Integrata yet to book,1667622884,1667622884,4551456423,-590882299,2021-07-29
6162,,546_4551149959_CACEIS,1667623253,OB,OB,No-pair,fx wire,Caceis booked the fx wire for SD 12-15-2020. Integrata yet to book,1667623253,1667623253,4551456423,-590882299,2021-07-29
6163,,1_292800_CACEIS,410735570,OB,OB,No-pair,proceeds sell,Caceis booked the Miscellaneous for SD 02-07-2019. Integrata yet to book,410735570,410735570,4551456423,-590882299,2021-07-29
6164,,53_455835232_CACEIS,1251293836,OB,OB,No-pair,fx wire,Caceis booked the fx wire for SD 04-24-2020. Integrata yet to book,1251293836,1251293836,4551456423,-590882299,2021-07-29
6165,,1_455997894_CACEIS,1465639290,OB,OB,No-pair,wire transfer,Caceis booked the wire transfer for SD 08-26-2020. Integrata yet to book,1465639290,1465639290,4551456423,-590882299,2021-07-29
6166,,24_4551003590_CACEIS,1473425960,OB,OB,No-pair,monthend interest,Caceis booked the monthend interest for SD 09-01-2020. Integrata yet to book,1473425960,1473425960,4551456423,-590882299,2021-07-29
6167,,19_455953995_CACEIS,1409848244,OB,OB,No-pair,fx wire,Caceis booked the fx wire for SD 07-24-2020. Integrata yet to book,1409848244,1409848244,4551456423,-590882299,2021-07-29
6168,,6_4551388882_CACEIS,1989667555,OB,OB,No-pair,wire transfer,Caceis booked the wire transfer for SD 06-10-2021. Integrata yet to book,1989667555,1989667555,4551456423,-590882299,2021-07-29
6169,,118_455777858_CACEIS,1177395711,OB,OB,No-pair,fees,Caceis booked the fees for SD 03-11-2020. Integrata yet to book,1177395711,1177395711,4551456423,-590882299,2021-07-29
6170,,9_4551003590_CACEIS,1473425966,OB,OB,No-pair,monthend interest,Caceis booked the monthend interest for SD 09-01-2020. Integrata yet to book,1473425966,1473425966,4551456423,-590882299,2021-07-29
6171,,348_455822501_CACEIS,1235308158,OB,OB,No-pair,fx wire,Caceis booked the fx wire for SD 04-15-2020. Integrata yet to book,1235308158,1235308158,4551456423,-590882299,2021-07-29
6172,,290_4551149959_CACEIS,1667623183,OB,OB,No-pair,fx wire,Caceis booked the fx wire for SD 12-15-2020. Integrata yet to book,1667623183,1667623183,4551456423,-590882299,2021-07-29
6173,,19_455753887_CACEIS,1143364796,OB,OB,No-pair,fx wire,Caceis booked the fx wire for SD 02-21-2020. Integrata yet to book,1143364796,1143364796,4551456423,-590882299,2021-07-29
6174,,370_455940640_CACEIS,1391596248,OB,OB,No-pair,fx wire,Caceis booked the fx wire for SD 07-15-2020. Integrata yet to book,1391596248,1391596248,4551456423,-590882299,2021-07-29
6175,,39_455404958_CACEIS,585162330,OB,OB,No-pair,fx wire,Caceis booked the fx wire for SD 05-15-2019. Integrata yet to book,585162330,585162330,4551456423,-590882299,2021-07-29
6176,,15_455842390_CACEIS,1260634981,OB,OB,No-pair,monthend interest,Caceis booked the monthend interest for SD 05-01-2020. Integrata yet to book,1260634981,1260634981,4551456423,-590882299,2021-07-29
6177,,66_4551388882_CACEIS,1989667635,OB,OB,No-pair,fees,Caceis booked the fees for SD 06-10-2021. Integrata yet to book,1989667635,1989667635,4551456423,-590882299,2021-07-29
6178,16_455647366_Integrata,,982003173,OB,OB,No-pair,wire transfer,Integrata booked the subscription for SD 11-28-2019.Caceis yet to book.,982003173,982003173,4551456423,-590882299,2021-07-29
6179,4_4551105378_Integrata,,1608089151,OB,OB,No-pair,wire transfer,Integrata booked the subscription for SD 11-12-2020.Caceis yet to book.,1608089151,1608089151,4551456423,-590882299,2021-07-29
6180,6_455480096_Integrata,,697847473,OB,OB,No-pair,wire transfer,Integrata booked the Net Sub/Red for SD 07-18-2019.Caceis yet to book.,697847473,697847473,4551456423,-590882299,2021-07-29
6181,,3_455671061_CACEIS,1023554984,OB,OB,No-pair,wire transfer,Caceis booked the wire transfer for SD 12-12-2019. Integrata yet to book,1023554984,1023554984,4551456423,-590882299,2021-07-29
6182,,17_4551404423_CACEIS,2009057965,OB,OB,No-pair,wire transfer,Caceis booked the wire transfer for SD 06-22-2021. Integrata yet to book,2009057965,2009057965,4551456423,-590882299,2021-07-29
6183,16_4551237030_Integrata,,1785359565,OB,OB,No-pair,redemption,Integrata booked the redemption for SD 02-18-2021.Caceis yet to book.,1785359565,1785359565,4551456423,-590882299,2021-07-29
6184,,284_4551191593_CACEIS,1722905227,OB,OB,No-pair,fx wire,Caceis booked the fx wire for SD 01-15-2021. Integrata yet to book,1722905227,1722905227,4551456423,-590882299,2021-07-29
6185,,146_455978912_CACEIS,1441832195,OB,OB,No-pair,fees,Caceis booked the fees for SD 08-12-2020. Integrata yet to book,1441832195,1441832195,4551456423,-590882299,2021-07-29
6186,,540_4551109218_CACEIS,1613287175,OB,OB,No-pair,fx wire,Caceis booked the fx wire for SD 11-16-2020. Integrata yet to book,1613287175,1613287175,4551456423,-590882299,2021-07-29
6187,,38_4551039598_CACEIS,1521245960,OB,OB,No-pair,fx wire,Caceis booked the fx wire for SD 09-25-2020. Integrata yet to book,1521245960,1521245960,4551456423,-590882299,2021-07-29
6188,,159_455777858_CACEIS,1177395724,OB,OB,No-pair,fees,Caceis booked the fees for SD 03-11-2020. Integrata yet to book,1177395724,1177395724,4551456423,-590882299,2021-07-29
6189,,73_455476582_CACEIS,691188649,OB,OB,No-pair,fx wire,Caceis booked the fx wire for SD 07-16-2019. Integrata yet to book,691188649,691188649,4551456423,-590882299,2021-07-29
6190,,81_4551023983_CACEIS,1500214172,OB,OB,No-pair,fx wire,Caceis booked the fx wire for SD 09-15-2020. Integrata yet to book,1500214172,1500214172,4551456423,-590882299,2021-07-29
6191,,56_4551343376_CACEIS,1925737843,OB,OB,No-pair,fx wire,Caceis booked the fx wire for SD 05-07-2021. Integrata yet to book,1925737843,1925737843,4551456423,-590882299,2021-07-29
6192,,71_4551436806_CACEIS,2049885744,OB,OB,No-pair,fx wire,Caceis booked the fx wire for SD 07-15-2021. Integrata yet to book,2049885744,2049885744,4551456423,-590882299,2021-07-29
6193,,1_4551374975_CACEIS,1971733173,OB,OB,No-pair,wire transfer,Caceis booked the wire transfer for SD 06-01-2021. Integrata yet to book,1971733173,1971733173,4551456423,-590882299,2021-07-29
6194,,28_4551201062_CACEIS,1734566014,OB,OB,No-pair,wire transfer,Caceis booked the wire transfer for SD 01-22-2021. Integrata yet to book,1734566014,1734566014,4551456423,-590882299,2021-07-29
6195,,1_262190_CACEIS,359044739,OB,OB,No-pair,wire transfer,Caceis booked the Miscellaneous for SD 01-10-2019. Integrata yet to book,359044739,359044739,4551456423,-590882299,2021-07-29
6196,,127_4551144082_CACEIS,1659707094,OB,OB,No-pair,wire transfer,Caceis booked the wire transfer for SD 12-10-2020. Integrata yet to book,1659707094,1659707094,4551456423,-590882299,2021-07-29
6197,,94_4551239617_CACEIS,1789074771,OB,OB,No-pair,fx wire,Caceis booked the fx wire for SD 02-19-2021. Integrata yet to book,1789074771,1789074771,4551456423,-590882299,2021-07-29
6198,,58_4551127906_CACEIS,1637981966,OB,OB,No-pair,monthend interest,Caceis booked the monthend interest for SD 12-01-2020. Integrata yet to book,1637981966,1637981966,4551456423,-590882299,2021-07-29
6199,,111_455900053_CACEIS,1336713436,OB,OB,No-pair,fx wire,Caceis booked the fx wire for SD 06-15-2020. Integrata yet to book,1336713436,1336713436,4551456423,-590882299,2021-07-29
6200,,381_455940640_CACEIS,1391596370,OB,OB,No-pair,fx wire,Caceis booked the fx wire for SD 07-15-2020. Integrata yet to book,1391596370,1391596370,4551456423,-590882299,2021-07-29
6201,,417_4551066313_CACEIS,1556876597,OB,OB,No-pair,fx wire,Caceis booked the fx wire for SD 10-15-2020. Integrata yet to book,1556876597,1556876597,4551456423,-590882299,2021-07-29
6202,,120_4551149959_CACEIS,1667622859,OB,OB,No-pair,fx wire,Caceis booked the fx wire for SD 12-15-2020. Integrata yet to book,1667622859,1667622859,4551456423,-590882299,2021-07-29
6203,,826_455822501_CACEIS,1235308702,OB,OB,No-pair,fx wire,Caceis booked the fx wire for SD 04-15-2020. Integrata yet to book,1235308702,1235308702,4551456423,-590882299,2021-07-29
6204,,34_4551448516_CACEIS,2064090604,OB,OB,No-pair,fx wire,Caceis booked the fx wire for SD 07-23-2021. Integrata yet to book,2064090604,2064090604,4551456423,-590882299,2021-07-29
6205,,25_455940640_CACEIS,1391595989,OB,OB,No-pair,fx wire,Caceis booked the fx wire for SD 07-15-2020. Integrata yet to book,1391595989,1391595989,4551456423,-590882299,2021-07-29
6206,,46_267975_CACEIS,368747201,OB,OB,No-pair,fx wire,Caceis booked the fx wire for SD 01-15-2019. Integrata yet to book,368747201,368747201,4551456423,-590882299,2021-07-29
6207,,18_455973142_CACEIS,1434650132,OB,OB,No-pair,fx wire,Caceis booked the fx wire for SD 08-07-2020. Integrata yet to book,1434650132,1434650132,4551456423,-590882299,2021-07-29
6208,,154_455934920_CACEIS,1383926833,OB,OB,No-pair,fx wire,Caceis booked the fx wire for SD 07-10-2020. Integrata yet to book,1383926833,1383926833,4551456423,-590882299,2021-07-29
6209,,304_4551191593_CACEIS,1722905226,OB,OB,No-pair,fx wire,Caceis booked the fx wire for SD 01-15-2021. Integrata yet to book,1722905226,1722905226,4551456423,-590882299,2021-07-29
6210,,68_368123_CACEIS,532374073,OB,OB,No-pair,fx wire,Caceis booked the fx wire for SD 04-15-2019. Integrata yet to book,532374073,532374073,4551456423,-590882299,2021-07-29
6211,,80_4551149959_CACEIS,1667622875,OB,OB,No-pair,fx wire,Caceis booked the fx wire for SD 12-15-2020. Integrata yet to book,1667622875,1667622875,4551456423,-590882299,2021-07-29
6212,,43_4551066313_CACEIS,1556876421,OB,OB,No-pair,fx wire,Caceis booked the fx wire for SD 10-15-2020. Integrata yet to book,1556876421,1556876421,4551456423,-590882299,2021-07-29
6213,,6_4551372778_CACEIS,1969041945,OB,OB,No-pair,fx wire,Caceis booked the fx wire for SD 05-28-2021. Integrata yet to book,1969041945,1969041945,4551456423,-590882299,2021-07-29
6214,,52_4551044906_CACEIS,1528403609,OB,OB,No-pair,wire transfer,Caceis booked the wire transfer for SD 09-30-2020. Integrata yet to book,1528403609,1528403609,4551456423,-590882299,2021-07-29
6215,,155_455777858_CACEIS,1177395925,OB,OB,No-pair,fees,Caceis booked the fees for SD 03-11-2020. Integrata yet to book,1177395925,1177395925,4551456423,-590882299,2021-07-29
6216,,74_368123_CACEIS,532374097,OB,OB,No-pair,fx wire,Caceis booked the fx wire for SD 04-15-2019. Integrata yet to book,532374097,532374097,4551456423,-590882299,2021-07-29
6217,,61_4551354754_CACEIS,1942399629,OB,OB,No-pair,fx wire,Caceis booked the fx wire for SD 05-17-2021. Integrata yet to book,1942399629,1942399629,4551456423,-590882299,2021-07-29
6218,,84_4551149959_CACEIS,1667622976,OB,OB,No-pair,fx wire,Caceis booked the fx wire for SD 12-15-2020. Integrata yet to book,1667622976,1667622976,4551456423,-590882299,2021-07-29
6219,,303_455669415_CACEIS,1020662014,OB,OB,No-pair,fx wire,Caceis booked the fx wire for SD 12-16-2019. Integrata yet to book,1020662014,1020662014,4551456423,-590882299,2021-07-29
6220,,23_455991947_CACEIS,1458094086,OB,OB,No-pair,fx wire,Caceis booked the fx wire for SD 08-21-2020. Integrata yet to book,1458094086,1458094086,4551456423,-590882299,2021-07-29
6221,,126_455978912_CACEIS,1441832119,OB,OB,No-pair,fees,Caceis booked the fees for SD 08-12-2020. Integrata yet to book,1441832119,1441832119,4551456423,-590882299,2021-07-29
6222,,198_455985296_CACEIS,1449581971,OB,OB,No-pair,fx wire,Caceis booked the fx wire for SD 08-17-2020. Integrata yet to book,1449581971,1449581971,4551456423,-590882299,2021-07-29
6223,,108_4551149959_CACEIS,1667622844,OB,OB,No-pair,fx wire,Caceis booked the fx wire for SD 12-15-2020. Integrata yet to book,1667622844,1667622844,4551456423,-590882299,2021-07-29
6224,,52_455772338_CACEIS,1169827524,OB,OB,No-pair,fx wire,Caceis booked the fx wire for SD 03-06-2020. Integrata yet to book,1169827524,1169827524,4551456423,-590882299,2021-07-29
6225,,411_4551191593_CACEIS,1722905491,OB,OB,No-pair,fx wire,Caceis booked the fx wire for SD 01-15-2021. Integrata yet to book,1722905491,1722905491,4551456423,-590882299,2021-07-29
6226,,160_4551191593_CACEIS,1722905126,OB,OB,No-pair,fx wire,Caceis booked the fx wire for SD 01-15-2021. Integrata yet to book,1722905126,1722905126,4551456423,-590882299,2021-07-29
6227,,947_455822501_CACEIS,1235308074,OB,OB,No-pair,fx wire,Caceis booked the fx wire for SD 04-15-2020. Integrata yet to book,1235308074,1235308074,4551456423,-590882299,2021-07-29
6228,,4_4551402499_CACEIS,2006719918,OB,OB,No-pair,wire transfer,Caceis booked the wire transfer for SD 06-17-2021. Integrata yet to book,2006719918,2006719918,4551456423,-590882299,2021-07-29
6229,,148_4551144082_CACEIS,1659707022,OB,OB,No-pair,wire transfer,Caceis booked the wire transfer for SD 12-10-2020. Integrata yet to book,1659707022,1659707022,4551456423,-590882299,2021-07-29
6230,,129_455777858_CACEIS,1177395745,OB,OB,No-pair,fees,Caceis booked the fees for SD 03-11-2020. Integrata yet to book,1177395745,1177395745,4551456423,-590882299,2021-07-29
6231,,127_455748445_CACEIS,1136275093,OB,OB,No-pair,fx wire,Caceis booked the fx wire for SD 02-18-2020. Integrata yet to book,1136275093,1136275093,4551456423,-590882299,2021-07-29
6232,,233_4551354754_CACEIS,1942399669,OB,OB,No-pair,fx wire,Caceis booked the fx wire for SD 05-17-2021. Integrata yet to book,1942399669,1942399669,4551456423,-590882299,2021-07-29
6233,,65_455985296_CACEIS,1449581851,OB,OB,No-pair,fx wire,Caceis booked the fx wire for SD 08-17-2020. Integrata yet to book,1449581851,1449581851,4551456423,-590882299,2021-07-29
6234,,1_272793_CACEIS,378946338,OB,OB,No-pair,proceeds sell,Caceis booked the Miscellaneous for SD 01-22-2019. Integrata yet to book,378946338,378946338,4551456423,-590882299,2021-07-29
6235,,67_455907521_CACEIS,1347197374,OB,OB,No-pair,fx wire,Caceis booked the fx wire for SD 06-19-2020. Integrata yet to book,1347197374,1347197374,4551456423,-590882299,2021-07-29
6236,,284_4551149959_CACEIS,1667623096,OB,OB,No-pair,fx wire,Caceis booked the fx wire for SD 12-15-2020. Integrata yet to book,1667623096,1667623096,4551456423,-590882299,2021-07-29
6237,,382_455985296_CACEIS,1449582084,OB,OB,No-pair,fx wire,Caceis booked the fx wire for SD 08-17-2020. Integrata yet to book,1449582084,1449582084,4551456423,-590882299,2021-07-29
6238,,58_455783582_CACEIS,1185159295,OB,OB,No-pair,fx wire,Caceis booked the fx wire for SD 03-16-2020. Integrata yet to book,1185159295,1185159295,4551456423,-590882299,2021-07-29
6239,,5_455782293_CACEIS,1183562973,OB,OB,No-pair,fx wire,Caceis booked the fx wire for SD 03-13-2020. Integrata yet to book,1183562973,1183562973,4551456423,-590882299,2021-07-29
6240,,26_455585083_CACEIS,874262524,OB,OB,No-pair,wire transfer,Caceis booked the wire transfer for SD 10-10-2019. Integrata yet to book,874262524,874262524,4551456423,-590882299,2021-07-29
6241,,136_455748445_CACEIS,1136275121,OB,OB,No-pair,fx wire,Caceis booked the fx wire for SD 02-18-2020. Integrata yet to book,1136275121,1136275121,4551456423,-590882299,2021-07-29
6242,,81_306589_CACEIS,433998252,OB,OB,No-pair,fx wire,Caceis booked the fx wire for SD 02-15-2019. Integrata yet to book,433998252,433998252,4551456423,-590882299,2021-07-29
6243,,301_455706635_CACEIS,1081907611,OB,OB,No-pair,fx wire,Caceis booked the fx wire for SD 01-15-2020. Integrata yet to book,1081907611,1081907611,4551456423,-590882299,2021-07-29
6244,,14_4551309694_CACEIS,1879044560,OB,OB,No-pair,fees,Caceis booked the fees for SD 04-12-2021. Integrata yet to book,1879044560,1879044560,4551456423,-590882299,2021-07-29
6245,,43_455676391_CACEIS,1031864570,OB,OB,No-pair,fx wire,Caceis booked the fx wire for SD 12-20-2019. Integrata yet to book,1031864570,1031864570,4551456423,-590882299,2021-07-29
6246,,4_455967430_CACEIS,1426645173,OB,OB,No-pair,wire transfer,Caceis booked the wire transfer for SD 08-04-2020. Integrata yet to book,1426645173,1426645173,4551456423,-590882299,2021-07-29
6247,,5_324834_CACEIS,466999388,OB,OB,No-pair,wire transfer,Caceis booked the wire transfer for SD 03-08-2019. Integrata yet to book,466999388,466999388,4551456423,-590882299,2021-07-29
6248,,7_307472_CACEIS,436148249,OB,OB,No-pair,wire transfer,Caceis booked the wire transfer for SD 02-13-2019. Integrata yet to book,436148249,436148249,4551456423,-590882299,2021-07-29
6249,,109_4551239617_CACEIS,1789074805,OB,OB,No-pair,fx wire,Caceis booked the fx wire for SD 02-19-2021. Integrata yet to book,1789074805,1789074805,4551456423,-590882299,2021-07-29
6250,,2_455878037_CACEIS,1307184508,OB,OB,No-pair,wire transfer,Caceis booked the wire transfer for SD 05-28-2020. Integrata yet to book,1307184508,1307184508,4551456423,-590882299,2021-07-29
6251,,296_455706635_CACEIS,1081907496,OB,OB,No-pair,fx wire,Caceis booked the fx wire for SD 01-15-2020. Integrata yet to book,1081907496,1081907496,4551456423,-590882299,2021-07-29
6252,,415_4551191593_CACEIS,1722905470,OB,OB,No-pair,fx wire,Caceis booked the fx wire for SD 01-15-2021. Integrata yet to book,1722905470,1722905470,4551456423,-590882299,2021-07-29
6253,,207_4551232906_CACEIS,1780156388,OB,OB,No-pair,fx wire,Caceis booked the fx wire for SD 02-16-2021. Integrata yet to book,1780156388,1780156388,4551456423,-590882299,2021-07-29
6254,,4_455393220_CACEIS,569239738,OB,OB,No-pair,wire transfer,Caceis booked the wire transfer for SD 05-06-2019. Integrata yet to book,569239738,569239738,4551456423,-590882299,2021-07-29
6255,,134_4551191593_CACEIS,1722905050,OB,OB,No-pair,fx wire,Caceis booked the fx wire for SD 01-15-2021. Integrata yet to book,1722905050,1722905050,4551456423,-590882299,2021-07-29
6256,,365_455822501_CACEIS,1235308199,OB,OB,No-pair,fx wire,Caceis booked the fx wire for SD 04-15-2020. Integrata yet to book,1235308199,1235308199,4551456423,-590882299,2021-07-29
6257,,37_455658450_CACEIS,1002374642,OB,OB,No-pair,fx wire,Caceis booked the fx wire for SD 12-06-2019. Integrata yet to book,1002374642,1002374642,4551456423,-590882299,2021-07-29
6258,,946_455643841_CACEIS,975324018,OB,OB,No-pair,wire transfer,Caceis booked the wire transfer for SD 11-01-2019. Integrata yet to book,975324018,975324018,4551456423,-590882299,2021-07-29
6259,,425_4551066313_CACEIS,1556876612,OB,OB,No-pair,fx wire,Caceis booked the fx wire for SD 10-15-2020. Integrata yet to book,1556876612,1556876612,4551456423,-590882299,2021-07-29
6260,,126_4551109218_CACEIS,1613286812,OB,OB,No-pair,fx wire,Caceis booked the fx wire for SD 11-16-2020. Integrata yet to book,1613286812,1613286812,4551456423,-590882299,2021-07-29
6261,,146_4551144082_CACEIS,1659707016,OB,OB,No-pair,wire transfer,Caceis booked the wire transfer for SD 12-10-2020. Integrata yet to book,1659707016,1659707016,4551456423,-590882299,2021-07-29
6262,,146_455777858_CACEIS,1177395766,OB,OB,No-pair,fees,Caceis booked the fees for SD 03-11-2020. Integrata yet to book,1177395766,1177395766,4551456423,-590882299,2021-07-29
6263,,15_307472_CACEIS,436148257,OB,OB,No-pair,fx wire,Caceis booked the fx wire for SD 02-13-2019. Integrata yet to book,436148257,436148257,4551456423,-590882299,2021-07-29
6264,,13_4551216613_CACEIS,1756801989,OB,OB,No-pair,wire transfer,Caceis booked the wire transfer for SD 02-01-2021. Integrata yet to book,1756801989,1756801989,4551456423,-590882299,2021-07-29
6265,,467_4551109218_CACEIS,1613286997,OB,OB,No-pair,fx wire,Caceis booked the fx wire for SD 11-16-2020. Integrata yet to book,1613286997,1613286997,4551456423,-590882299,2021-07-29
6266,,17_4551180537_CACEIS,1707592401,OB,OB,No-pair,fees,Caceis booked the fees for SD 01-06-2021. Integrata yet to book,1707592401,1707592401,4551456423,-590882299,2021-07-29
6267,,8_455782293_CACEIS,1183562979,OB,OB,No-pair,fx wire,Caceis booked the fx wire for SD 03-13-2020. Integrata yet to book,1183562979,1183562979,4551456423,-590882299,2021-07-29
6268,,3_455577664_CACEIS,861360905,OB,OB,No-pair,fx wire,Caceis booked the fx wire for SD 10-04-2019. Integrata yet to book,861360905,861360905,4551456423,-590882299,2021-07-29
6269,,71_455442954_CACEIS,637183763,OB,OB,No-pair,fx wire,Caceis booked the fx wire for SD 06-17-2019. Integrata yet to book,637183763,637183763,4551456423,-590882299,2021-07-29
6270,,178_455669415_CACEIS,1020661999,OB,OB,No-pair,fx wire,Caceis booked the fx wire for SD 12-16-2019. Integrata yet to book,1020661999,1020661999,4551456423,-590882299,2021-07-29
6271,,1_455391323_CACEIS,566547753,OB,OB,No-pair,fees,Caceis booked the fees for SD 05-02-2019. Integrata yet to book,566547753,566547753,4551456423,-590882299,2021-07-29
6272,,67_455605017_CACEIS,907407224,OB,OB,No-pair,fx wire,Caceis booked the fx wire for SD 10-25-2019. Integrata yet to book,907407224,907407224,4551456423,-590882299,2021-07-29
6273,,136_455978912_CACEIS,1441832206,OB,OB,No-pair,fees,Caceis booked the fees for SD 08-12-2020. Integrata yet to book,1441832206,1441832206,4551456423,-590882299,2021-07-29
6274,,2_455851677_CACEIS,1272856269,OB,OB,No-pair,proceeds sell,Caceis booked the proceeds sell for SD 05-07-2020. Integrata yet to book,1272856269,1272856269,4551456423,-590882299,2021-07-29
6275,,81_4551394628_CACEIS,1997244658,OB,OB,No-pair,fx wire,Caceis booked the fx wire for SD 06-15-2021. Integrata yet to book,1997244658,1997244658,4551456423,-590882299,2021-07-29
6276,,18_4551362459_CACEIS,1953424890,OB,OB,No-pair,proceeds sell,Caceis booked the Miscellaneous for SD 05-21-2021. Integrata yet to book,1953424890,1953424890,4551456423,-590882299,2021-07-29
6277,,14_4551127906_CACEIS,1637981928,OB,OB,No-pair,monthend interest,Caceis booked the monthend interest for SD 12-01-2020. Integrata yet to book,1637981928,1637981928,4551456423,-590882299,2021-07-29
6278,,50_4551011052_CACEIS,1483359815,OB,OB,No-pair,fx wire,Caceis booked the fx wire for SD 09-04-2020. Integrata yet to book,1483359815,1483359815,4551456423,-590882299,2021-07-29
6279,,55_455953995_CACEIS,1409848185,OB,OB,No-pair,fx wire,Caceis booked the fx wire for SD 07-24-2020. Integrata yet to book,1409848185,1409848185,4551456423,-590882299,2021-07-29
6280,,7_4551309694_CACEIS,1879044556,OB,OB,No-pair,fees,Caceis booked the fees for SD 04-12-2021. Integrata yet to book,1879044556,1879044556,4551456423,-590882299,2021-07-29
6281,,101_4551105378_CACEIS,1608089211,OB,OB,No-pair,wire transfer,Caceis booked the wire transfer for SD 11-12-2020. Integrata yet to book,1608089211,1608089211,4551456423,-590882299,2021-07-29
6282,,504_4551066313_CACEIS,1556876742,OB,OB,No-pair,fx wire,Caceis booked the fx wire for SD 10-15-2020. Integrata yet to book,1556876742,1556876742,4551456423,-590882299,2021-07-29
6283,,435_4551191593_CACEIS,1722905480,OB,OB,No-pair,fx wire,Caceis booked the fx wire for SD 01-15-2021. Integrata yet to book,1722905480,1722905480,4551456423,-590882299,2021-07-29
6284,,75_4551149959_CACEIS,1667622958,OB,OB,No-pair,fx wire,Caceis booked the fx wire for SD 12-15-2020. Integrata yet to book,1667622958,1667622958,4551456423,-590882299,2021-07-29
6285,,2_455788772_CACEIS,1191824876,OB,OB,No-pair,proceeds sell,Caceis booked the Miscellaneous for SD 03-19-2020. Integrata yet to book,1191824876,1191824876,4551456423,-590882299,2021-07-29
6286,,396_455783582_CACEIS,1185159588,OB,OB,No-pair,fx wire,Caceis booked the fx wire for SD 03-16-2020. Integrata yet to book,1185159588,1185159588,4551456423,-590882299,2021-07-29
6287,,140_4551191593_CACEIS,1722905023,OB,OB,No-pair,fx wire,Caceis booked the fx wire for SD 01-15-2021. Integrata yet to book,1722905023,1722905023,4551456423,-590882299,2021-07-29
6288,,60_4551264332_CACEIS,1819946050,OB,OB,No-pair,wire transfer,Caceis booked the wire transfer for SD 04-15-2020. Integrata yet to book,1819946050,1819946050,4551456423,-590882299,2021-07-29
6289,,162_455978912_CACEIS,1441832139,OB,OB,No-pair,fees,Caceis booked the fees for SD 08-12-2020. Integrata yet to book,1441832139,1441832139,4551456423,-590882299,2021-07-29
6290,,55_455516633_CACEIS,760048463,OB,OB,No-pair,fx wire,Caceis booked the fx wire for SD 08-16-2019. Integrata yet to book,760048463,760048463,4551456423,-590882299,2021-07-29
6291,,368_455940640_CACEIS,1391596313,OB,OB,No-pair,fx wire,Caceis booked the fx wire for SD 07-15-2020. Integrata yet to book,1391596313,1391596313,4551456423,-590882299,2021-07-29
6292,,338_455940640_CACEIS,1391596129,OB,OB,No-pair,fx wire,Caceis booked the fx wire for SD 07-15-2020. Integrata yet to book,1391596129,1391596129,4551456423,-590882299,2021-07-29
6293,,93_455753887_CACEIS,1143364795,OB,OB,No-pair,fx wire,Caceis booked the fx wire for SD 02-21-2020. Integrata yet to book,1143364795,1143364795,4551456423,-590882299,2021-07-29
6294,,34_368123_CACEIS,532373998,OB,OB,No-pair,fx wire,Caceis booked the fx wire for SD 04-15-2019. Integrata yet to book,532373998,532373998,4551456423,-590882299,2021-07-29
6295,,519_455900053_CACEIS,1336713917,OB,OB,No-pair,fx wire,Caceis booked the fx wire for SD 06-15-2020. Integrata yet to book,1336713917,1336713917,4551456423,-590882299,2021-07-29
6296,,361_455900053_CACEIS,1336713875,OB,OB,No-pair,fx wire,Caceis booked the fx wire for SD 06-15-2020. Integrata yet to book,1336713875,1336713875,4551456423,-590882299,2021-07-29
6297,,1_455871083_CACEIS,1298154294,OB,OB,No-pair,fx wire,Caceis booked the fx wire for SD 05-22-2020. Integrata yet to book,1298154294,1298154294,4551456423,-590882299,2021-07-29
6298,,142_4551144082_CACEIS,1659707007,OB,OB,No-pair,wire transfer,Caceis booked the wire transfer for SD 12-10-2020. Integrata yet to book,1659707007,1659707007,4551456423,-590882299,2021-07-29
6299,,59_455953995_CACEIS,1409848178,OB,OB,No-pair,fx wire,Caceis booked the fx wire for SD 07-24-2020. Integrata yet to book,1409848178,1409848178,4551456423,-590882299,2021-07-29
6300,,7_4551026197_CACEIS,1503283510,OB,OB,No-pair,proceeds sell,Caceis booked the Miscellaneous for SD 09-16-2020. Integrata yet to book,1503283510,1503283510,4551456423,-590882299,2021-07-29
6301,,16_4551145900_CACEIS,1662179038,OB,OB,No-pair,fx wire,Caceis booked the fx wire for SD 12-11-2020. Integrata yet to book,1662179038,1662179038,4551456423,-590882299,2021-07-29
6302,,936_455643841_CACEIS,975324008,OB,OB,No-pair,wire transfer,Caceis booked the wire transfer for SD 11-01-2019. Integrata yet to book,975324008,975324008,4551456423,-590882299,2021-07-29
6303,,415_455822501_CACEIS,1235308330,OB,OB,No-pair,fx wire,Caceis booked the fx wire for SD 04-15-2020. Integrata yet to book,1235308330,1235308330,4551456423,-590882299,2021-07-29
6304,,342_4551232906_CACEIS,1780156662,OB,OB,No-pair,fx wire,Caceis booked the fx wire for SD 02-16-2021. Integrata yet to book,1780156662,1780156662,4551456423,-590882299,2021-07-29
6305,,203_4551248485_CACEIS,1800039541,OB,OB,No-pair,fx wire,Caceis booked the fx wire for SD 02-26-2021. Integrata yet to book,1800039541,1800039541,4551456423,-590882299,2021-07-29
6306,,421_4551232906_CACEIS,1780156681,OB,OB,No-pair,fx wire,Caceis booked the fx wire for SD 02-16-2021. Integrata yet to book,1780156681,1780156681,4551456423,-590882299,2021-07-29
6307,,474_455822501_CACEIS,1235308227,OB,OB,No-pair,fx wire,Caceis booked the fx wire for SD 04-15-2020. Integrata yet to book,1235308227,1235308227,4551456423,-590882299,2021-07-29
6308,,87_455862625_CACEIS,1287002966,OB,OB,No-pair,fx wire,Caceis booked the fx wire for SD 05-15-2020. Integrata yet to book,1287002966,1287002966,4551456423,-590882299,2021-07-29
6309,,301_455900053_CACEIS,1336713765,OB,OB,No-pair,fx wire,Caceis booked the fx wire for SD 06-15-2020. Integrata yet to book,1336713765,1336713765,4551456423,-590882299,2021-07-29
6310,,480_4551109218_CACEIS,1613287073,OB,OB,No-pair,fx wire,Caceis booked the fx wire for SD 11-16-2020. Integrata yet to book,1613287073,1613287073,4551456423,-590882299,2021-07-29
6311,,6_4551014647_CACEIS,1487748726,OB,OB,No-pair,wire transfer,Caceis booked the wire transfer for SD 09-08-2020. Integrata yet to book,1487748726,1487748726,4551456423,-590882299,2021-07-29
6312,,174_455822501_CACEIS,1235308044,OB,OB,No-pair,fx wire,Caceis booked the fx wire for SD 04-15-2020. Integrata yet to book,1235308044,1235308044,4551456423,-590882299,2021-07-29
6313,,75_306589_CACEIS,433998234,OB,OB,No-pair,fx wire,Caceis booked the fx wire for SD 02-15-2019. Integrata yet to book,433998234,433998234,4551456423,-590882299,2021-07-29
6314,,40_4551324555_CACEIS,1898109399,OB,OB,No-pair,fx wire,Caceis booked the fx wire for SD 04-23-2021. Integrata yet to book,1898109399,1898109399,4551456423,-590882299,2021-07-29
6315,,192_455669415_CACEIS,1020662012,OB,OB,No-pair,fx wire,Caceis booked the fx wire for SD 12-16-2019. Integrata yet to book,1020662012,1020662012,4551456423,-590882299,2021-07-29
6316,,26_4551448516_CACEIS,2064090605,OB,OB,No-pair,wire transfer,Caceis booked the wire transfer for SD 07-23-2021. Integrata yet to book,2064090605,2064090605,4551456423,-590882299,2021-07-29
6317,,9_455495487_CACEIS,723390002,OB,OB,No-pair,monthend interest,Caceis booked the monthend interest for SD 08-01-2019. Integrata yet to book,723390002,723390002,4551456423,-590882299,2021-07-29
6318,,4_4551058652_CACEIS,1546340311,OB,OB,No-pair,proceeds sell,Caceis booked the Miscellaneous for SD 10-12-2020. Integrata yet to book,1546340311,1546340311,4551456423,-590882299,2021-07-29
6319,,62_455963450_CACEIS,1421777795,OB,OB,No-pair,monthend interest,Caceis booked the monthend interest for SD 08-01-2020. Integrata yet to book,1421777795,1421777795,4551456423,-590882299,2021-07-29
6320,,13_4551093457_CACEIS,1592135565,OB,OB,No-pair,wire transfer,Caceis booked the wire transfer for SD 11-04-2020. Integrata yet to book,1592135565,1592135565,4551456423,-590882299,2021-07-29
6321,,82_455643841_CACEIS,975323154,OB,OB,No-pair,wire transfer,Caceis booked the wire transfer for SD 11-01-2019. Integrata yet to book,975323154,975323154,4551456423,-590882299,2021-07-29
6322,,17_4551122535_CACEIS,1631194832,OB,OB,No-pair,proceeds sell,Caceis booked the proceeds sell for SD 11-25-2020. Integrata yet to book,1631194832,1631194832,4551456423,-590882299,2021-07-29
6323,,456_4551109218_CACEIS,1613286972,OB,OB,No-pair,fx wire,Caceis booked the fx wire for SD 11-16-2020. Integrata yet to book,1613286972,1613286972,4551456423,-590882299,2021-07-29
6324,,82_455898221_CACEIS,1334730786,OB,OB,No-pair,fees,Caceis booked the fees for SD 06-12-2020. Integrata yet to book,1334730786,1334730786,4551456423,-590882299,2021-07-29
6325,,234_4551066313_CACEIS,1556876479,OB,OB,No-pair,fx wire,Caceis booked the fx wire for SD 10-15-2020. Integrata yet to book,1556876479,1556876479,4551456423,-590882299,2021-07-29
6326,,693_455862625_CACEIS,1287004917,OB,OB,No-pair,fx wire,Caceis booked the fx wire for SD 05-15-2020. Integrata yet to book,1287004917,1287004917,4551456423,-590882299,2021-07-29
6327,,4_4551161435_CACEIS,1682905790,OB,OB,No-pair,wire transfer,Caceis booked the wire transfer for SD 12-23-2020. Integrata yet to book,1682905790,1682905790,4551456423,-590882299,2021-07-29
6328,,163_4551144082_CACEIS,1659707131,OB,OB,No-pair,wire transfer,Caceis booked the wire transfer for SD 12-10-2020. Integrata yet to book,1659707131,1659707131,4551456423,-590882299,2021-07-29
6329,,450_4551109218_CACEIS,1613286949,OB,OB,No-pair,fx wire,Caceis booked the fx wire for SD 11-16-2020. Integrata yet to book,1613286949,1613286949,4551456423,-590882299,2021-07-29
6330,,143_4551018409_CACEIS,1492757182,OB,OB,No-pair,fees,Caceis booked the fees for SD 09-10-2020. Integrata yet to book,1492757182,1492757182,4551456423,-590882299,2021-07-29
6331,,92_455748445_CACEIS,1136275132,OB,OB,No-pair,wire transfer,Caceis booked the wire transfer for SD 02-18-2020. Integrata yet to book,1136275132,1136275132,4551456423,-590882299,2021-07-29
6332,,552_4551149959_CACEIS,1667623231,OB,OB,No-pair,fx wire,Caceis booked the fx wire for SD 12-15-2020. Integrata yet to book,1667623231,1667623231,4551456423,-590882299,2021-07-29
6333,,460_4551149959_CACEIS,1667623218,OB,OB,No-pair,fx wire,Caceis booked the fx wire for SD 12-15-2020. Integrata yet to book,1667623218,1667623218,4551456423,-590882299,2021-07-29
6334,,110_4551087502_CACEIS,1584326621,OB,OB,No-pair,monthend interest,Caceis booked the monthend interest for SD 11-01-2020. Integrata yet to book,1584326621,1584326621,4551456423,-590882299,2021-07-29
6335,,21_455726980_CACEIS,1107942638,OB,OB,No-pair,fx wire,Caceis booked the fx wire for SD 01-31-2020. Integrata yet to book,1107942638,1107942638,4551456423,-590882299,2021-07-29
6336,,423_455940640_CACEIS,1391596353,OB,OB,No-pair,fx wire,Caceis booked the fx wire for SD 07-15-2020. Integrata yet to book,1391596353,1391596353,4551456423,-590882299,2021-07-29
6337,,879_455822501_CACEIS,1235307767,OB,OB,No-pair,fx wire,Caceis booked the fx wire for SD 04-15-2020. Integrata yet to book,1235307767,1235307767,4551456423,-590882299,2021-07-29
6338,,159_455978912_CACEIS,1441832109,OB,OB,No-pair,fees,Caceis booked the fees for SD 08-12-2020. Integrata yet to book,1441832109,1441832109,4551456423,-590882299,2021-07-29
6339,,23_4551305829_CACEIS,1874141015,OB,OB,No-pair,fx wire,Caceis booked the fx wire for SD 04-09-2021. Integrata yet to book,1874141015,1874141015,4551456423,-590882299,2021-07-29
6340,,159_4551018409_CACEIS,1492757128,OB,OB,No-pair,fees,Caceis booked the fees for SD 09-10-2020. Integrata yet to book,1492757128,1492757128,4551456423,-590882299,2021-07-29
6341,,411_4551066313_CACEIS,1556876712,OB,OB,No-pair,fx wire,Caceis booked the fx wire for SD 10-15-2020. Integrata yet to book,1556876712,1556876712,4551456423,-590882299,2021-07-29
6342,,277_4551191593_CACEIS,1722905294,OB,OB,No-pair,fx wire,Caceis booked the fx wire for SD 01-15-2021. Integrata yet to book,1722905294,1722905294,4551456423,-590882299,2021-07-29
6343,,67_4551023983_CACEIS,1500213799,OB,OB,No-pair,fx wire,Caceis booked the fx wire for SD 09-15-2020. Integrata yet to book,1500213799,1500213799,4551456423,-590882299,2021-07-29
6344,,172_455862625_CACEIS,1287002764,OB,OB,No-pair,fx wire,Caceis booked the fx wire for SD 05-15-2020. Integrata yet to book,1287002764,1287002764,4551456423,-590882299,2021-07-29
6345,,229_455985296_CACEIS,1449582071,OB,OB,No-pair,fx wire,Caceis booked the fx wire for SD 08-17-2020. Integrata yet to book,1449582071,1449582071,4551456423,-590882299,2021-07-29
6346,,74_4551039598_CACEIS,1521245891,OB,OB,No-pair,wire transfer,Caceis booked the wire transfer for SD 09-25-2020. Integrata yet to book,1521245891,1521245891,4551456423,-590882299,2021-07-29
6347,,355_4551232906_CACEIS,1780156786,OB,OB,No-pair,fx wire,Caceis booked the fx wire for SD 02-16-2021. Integrata yet to book,1780156786,1780156786,4551456423,-590882299,2021-07-29
6348,,166_455862625_CACEIS,1287003121,OB,OB,No-pair,fx wire,Caceis booked the fx wire for SD 05-15-2020. Integrata yet to book,1287003121,1287003121,4551456423,-590882299,2021-07-29
6349,,27_455889377_CACEIS,1323110249,OB,OB,No-pair,fx wire,Caceis booked the fx wire for SD 06-05-2020. Integrata yet to book,1323110249,1323110249,4551456423,-590882299,2021-07-29
6350,,364_455643841_CACEIS,975323436,OB,OB,No-pair,fx wire,Caceis booked the fx wire for SD 11-15-2019. Integrata yet to book,975323436,975323436,4551456423,-590882299,2021-07-29
6351,,24_455667500_CACEIS,1017540691,OB,OB,No-pair,proceeds sell,Caceis booked the Miscellaneous for SD 12-13-2019. Integrata yet to book,1017540691,1017540691,4551456423,-590882299,2021-07-29
6352,,79_455879764_CACEIS,1309543724,OB,OB,No-pair,wire transfer,Caceis booked the wire transfer for SD 05-29-2020. Integrata yet to book,1309543724,1309543724,4551456423,-590882299,2021-07-29
6353,,60_455590588_CACEIS,883858427,OB,OB,No-pair,fx wire,Caceis booked the fx wire for SD 10-15-2019. Integrata yet to book,883858427,883858427,4551456423,-590882299,2021-07-29
6354,,2_455914788_CACEIS,1356802598,OB,OB,No-pair,proceeds sell,Caceis booked the proceeds sell for SD 06-25-2020. Integrata yet to book,1356802598,1356802598,4551456423,-590882299,2021-07-29
6355,,26_455953995_CACEIS,1409848176,OB,OB,No-pair,fx wire,Caceis booked the fx wire for SD 07-24-2020. Integrata yet to book,1409848176,1409848176,4551456423,-590882299,2021-07-29
6356,,85_455879764_CACEIS,1309543745,OB,OB,No-pair,wire transfer,Caceis booked the wire transfer for SD 05-29-2020. Integrata yet to book,1309543745,1309543745,4551456423,-590882299,2021-07-29
6357,,414_455748445_CACEIS,1136275407,OB,OB,No-pair,fx wire,Caceis booked the fx wire for SD 02-18-2020. Integrata yet to book,1136275407,1136275407,4551456423,-590882299,2021-07-29
6358,,107_455822501_CACEIS,1235307922,OB,OB,No-pair,fx wire,Caceis booked the fx wire for SD 04-15-2020. Integrata yet to book,1235307922,1235307922,4551456423,-590882299,2021-07-29
6359,,969_455822501_CACEIS,1235308668,OB,OB,No-pair,fx wire,Caceis booked the fx wire for SD 04-15-2020. Integrata yet to book,1235308668,1235308668,4551456423,-590882299,2021-07-29
6360,,8_4551115163_CACEIS,1620888345,OB,OB,No-pair,wire transfer,Caceis booked the wire transfer for SD 10-26-2020. Integrata yet to book,1620888345,1620888345,4551456423,-590882299,2021-07-29
6361,,82_4551430779_CACEIS,2043021952,OB,OB,No-pair,fees,Caceis booked the fees for SD 07-12-2021. Integrata yet to book,2043021952,2043021952,4551456423,-590882299,2021-07-29
6362,,57_4551109218_CACEIS,1613286678,OB,OB,No-pair,fx wire,Caceis booked the fx wire for SD 11-16-2020. Integrata yet to book,1613286678,1613286678,4551456423,-590882299,2021-07-29
6363,,8_455742022_CACEIS,1127725682,OB,OB,No-pair,fees,Caceis booked the fees for SD 02-12-2020. Integrata yet to book,1127725682,1127725682,4551456423,-590882299,2021-07-29
6364,,510_455900053_CACEIS,1336713964,OB,OB,No-pair,fx wire,Caceis booked the fx wire for SD 06-15-2020. Integrata yet to book,1336713964,1336713964,4551456423,-590882299,2021-07-29
6365,,390_455985296_CACEIS,1449582248,OB,OB,No-pair,fx wire,Caceis booked the fx wire for SD 08-17-2020. Integrata yet to book,1449582248,1449582248,4551456423,-590882299,2021-07-29
6366,,4_455980848_CACEIS,1444104457,OB,OB,No-pair,wire transfer,Caceis booked the wire transfer for SD 08-13-2020. Integrata yet to book,1444104457,1444104457,4551456423,-590882299,2021-07-29
6367,,3_455965443_CACEIS,1424260193,OB,OB,No-pair,wire transfer,Caceis booked the wire transfer for SD 08-03-2020. Integrata yet to book,1424260193,1424260193,4551456423,-590882299,2021-07-29
6368,,394_4551232906_CACEIS,1780156741,OB,OB,No-pair,fx wire,Caceis booked the fx wire for SD 02-16-2021. Integrata yet to book,1780156741,1780156741,4551456423,-590882299,2021-07-29
6369,,238_4551248485_CACEIS,1800039573,OB,OB,No-pair,fx wire,Caceis booked the fx wire for SD 02-26-2021. Integrata yet to book,1800039573,1800039573,4551456423,-590882299,2021-07-29
6370,,122_455643841_CACEIS,975323194,OB,OB,No-pair,dividend,Caceis booked the dividend for SD 11-04-2019. Integrata yet to book,975323194,975323194,4551456423,-590882299,2021-07-29
6371,,101_4551248485_CACEIS,1800039420,OB,OB,No-pair,fx wire,Caceis booked the fx wire for SD 02-26-2021. Integrata yet to book,1800039420,1800039420,4551456423,-590882299,2021-07-29
6372,,1367_455643841_CACEIS,975324439,OB,OB,No-pair,fx wire,Caceis booked the fx wire for SD 11-15-2019. Integrata yet to book,975324439,975324439,4551456423,-590882299,2021-07-29
6373,,390_455822501_CACEIS,1235307710,OB,OB,No-pair,fees,Caceis booked the fees for SD 04-14-2020. Integrata yet to book,1235307710,1235307710,4551456423,-590882299,2021-07-29
6374,,72_455748445_CACEIS,1136275092,OB,OB,No-pair,fx wire,Caceis booked the fx wire for SD 02-18-2020. Integrata yet to book,1136275092,1136275092,4551456423,-590882299,2021-07-29
6375,,748_455862625_CACEIS,1287005235,OB,OB,No-pair,fx wire,Caceis booked the fx wire for SD 05-15-2020. Integrata yet to book,1287005235,1287005235,4551456423,-590882299,2021-07-29
6376,,94_4551109218_CACEIS,1613286693,OB,OB,No-pair,fx wire,Caceis booked the fx wire for SD 11-16-2020. Integrata yet to book,1613286693,1613286693,4551456423,-590882299,2021-07-29
6377,,41_455554115_CACEIS,824385040,OB,OB,No-pair,fx wire,Caceis booked the fx wire for SD 09-17-2019. Integrata yet to book,824385040,824385040,4551456423,-590882299,2021-07-29
6378,,4_4551309694_CACEIS,1879044558,OB,OB,No-pair,fees,Caceis booked the fees for SD 04-12-2021. Integrata yet to book,1879044558,1879044558,4551456423,-590882299,2021-07-29
6379,,423_455985296_CACEIS,1449582260,OB,OB,No-pair,fx wire,Caceis booked the fx wire for SD 08-17-2020. Integrata yet to book,1449582260,1449582260,4551456423,-590882299,2021-07-29
6380,,7_306589_CACEIS,433998164,OB,OB,No-pair,fx wire,Caceis booked the fx wire for SD 02-15-2019. Integrata yet to book,433998164,433998164,4551456423,-590882299,2021-07-29
6381,,2_4551037369_CACEIS,1518452132,OB,OB,No-pair,proceeds sell,Caceis booked the proceeds sell for SD 09-24-2020. Integrata yet to book,1518452132,1518452132,4551456423,-590882299,2021-07-29
6382,,133_4551184426_CACEIS,1712749833,OB,OB,No-pair,wire transfer,Caceis booked the wire transfer for SD 01-11-2021. Integrata yet to book,1712749833,1712749833,4551456423,-590882299,2021-07-29
6383,,47_455940640_CACEIS,1391595919,OB,OB,No-pair,fx wire,Caceis booked the fx wire for SD 07-15-2020. Integrata yet to book,1391595919,1391595919,4551456423,-590882299,2021-07-29
6384,,147_4551105378_CACEIS,1608089269,OB,OB,No-pair,wire transfer,Caceis booked the wire transfer for SD 11-12-2020. Integrata yet to book,1608089269,1608089269,4551456423,-590882299,2021-07-29
6385,,145_4551248485_CACEIS,1800039418,OB,OB,No-pair,fx wire,Caceis booked the fx wire for SD 02-26-2021. Integrata yet to book,1800039418,1800039418,4551456423,-590882299,2021-07-29
6386,,118_4551248485_CACEIS,1800039430,OB,OB,No-pair,fx wire,Caceis booked the fx wire for SD 02-26-2021. Integrata yet to book,1800039430,1800039430,4551456423,-590882299,2021-07-29
6387,,61_455476582_CACEIS,691190887,OB,OB,No-pair,fx wire,Caceis booked the fx wire for SD 07-16-2019. Integrata yet to book,691190887,691190887,4551456423,-590882299,2021-07-29
6388,,135_455862625_CACEIS,1287002758,OB,OB,No-pair,fx wire,Caceis booked the fx wire for SD 05-15-2020. Integrata yet to book,1287002758,1287002758,4551456423,-590882299,2021-07-29
6389,,84_455879764_CACEIS,1309543738,OB,OB,No-pair,wire transfer,Caceis booked the wire transfer for SD 05-29-2020. Integrata yet to book,1309543738,1309543738,4551456423,-590882299,2021-07-29
6390,,92_4551394628_CACEIS,1997244629,OB,OB,No-pair,fx wire,Caceis booked the fx wire for SD 06-15-2021. Integrata yet to book,1997244629,1997244629,4551456423,-590882299,2021-07-29
6391,,50_455706635_CACEIS,1081907398,OB,OB,No-pair,fx wire,Caceis booked the fx wire for SD 01-15-2020. Integrata yet to book,1081907398,1081907398,4551456423,-590882299,2021-07-29
6392,,67_4551313388_CACEIS,1883527674,OB,OB,No-pair,fx wire,Caceis booked the fx wire for SD 04-15-2021. Integrata yet to book,1883527674,1883527674,4551456423,-590882299,2021-07-29
6393,,250_455783582_CACEIS,1185159379,OB,OB,No-pair,fx wire,Caceis booked the fx wire for SD 03-16-2020. Integrata yet to book,1185159379,1185159379,4551456423,-590882299,2021-07-29
6394,,59_4551394628_CACEIS,1997244570,OB,OB,No-pair,fx wire,Caceis booked the fx wire for SD 06-15-2021. Integrata yet to book,1997244570,1997244570,4551456423,-590882299,2021-07-29
6395,,92_455985296_CACEIS,1449581882,OB,OB,No-pair,proceeds sell,Caceis booked the Miscellaneous for SD 08-14-2020. Integrata yet to book,1449581882,1449581882,4551456423,-590882299,2021-07-29
6396,,104_4551239617_CACEIS,1789074852,OB,OB,No-pair,wire transfer,Caceis booked the wire transfer for SD 02-19-2021. Integrata yet to book,1789074852,1789074852,4551456423,-590882299,2021-07-29
6397,,1_4551001817_CACEIS,1470676012,OB,OB,No-pair,wire transfer,Caceis booked the wire transfer for SD 08-28-2020. Integrata yet to book,1470676012,1470676012,4551456423,-590882299,2021-07-29
6398,,7_4551127906_CACEIS,1637981912,OB,OB,No-pair,monthend interest,Caceis booked the monthend interest for SD 12-01-2020. Integrata yet to book,1637981912,1637981912,4551456423,-590882299,2021-07-29
6399,,75_455808758_CACEIS,1217520410,OB,OB,No-pair,fx wire,Caceis booked the fx wire for SD 04-03-2020. Integrata yet to book,1217520410,1217520410,4551456423,-590882299,2021-07-29
6400,,379_455748445_CACEIS,1136275397,OB,OB,No-pair,fx wire,Caceis booked the fx wire for SD 02-18-2020. Integrata yet to book,1136275397,1136275397,4551456423,-590882299,2021-07-29
6401,,110_4551394628_CACEIS,1997244690,OB,OB,No-pair,fx wire,Caceis booked the fx wire for SD 06-15-2021. Integrata yet to book,1997244690,1997244690,4551456423,-590882299,2021-07-29
6402,,39_4551381021_CACEIS,1979694240,OB,OB,No-pair,wire transfer,Caceis booked the wire transfer for SD 06-02-2021. Integrata yet to book,1979694240,1979694240,4551456423,-590882299,2021-07-29
6403,,106_4551394628_CACEIS,1997244683,OB,OB,No-pair,fx wire,Caceis booked the fx wire for SD 06-15-2021. Integrata yet to book,1997244683,1997244683,4551456423,-590882299,2021-07-29
6404,,62_455718167_CACEIS,1096511902,OB,OB,No-pair,fx wire,Caceis booked the fx wire for SD 01-24-2020. Integrata yet to book,1096511902,1096511902,4551456423,-590882299,2021-07-29
6405,,119_4551105378_CACEIS,1608089198,OB,OB,No-pair,wire transfer,Caceis booked the wire transfer for SD 11-12-2020. Integrata yet to book,1608089198,1608089198,4551456423,-590882299,2021-07-29
6406,,13_4551005548_CACEIS,1476092824,OB,OB,No-pair,wire transfer,Caceis booked the wire transfer for SD 09-01-2020. Integrata yet to book,1476092824,1476092824,4551456423,-590882299,2021-07-29
6407,,755_455862625_CACEIS,1287005247,OB,OB,No-pair,fx wire,Caceis booked the fx wire for SD 05-15-2020. Integrata yet to book,1287005247,1287005247,4551456423,-590882299,2021-07-29
6408,,412_4551191593_CACEIS,1722905535,OB,OB,No-pair,fx wire,Caceis booked the fx wire for SD 01-15-2021. Integrata yet to book,1722905535,1722905535,4551456423,-590882299,2021-07-29
6409,,134_455585083_CACEIS,874262456,OB,OB,No-pair,fees,Caceis booked the fees for SD 10-10-2019. Integrata yet to book,874262456,874262456,4551456423,-590882299,2021-07-29
6410,,10_455803095_CACEIS,1210223522,OB,OB,No-pair,monthend interest,Caceis booked the monthend interest for SD 04-01-2020. Integrata yet to book,1210223522,1210223522,4551456423,-590882299,2021-07-29
6411,,20_4551260237_CACEIS,1815145587,OB,OB,No-pair,wire transfer,Caceis booked the wire transfer for SD 03-08-2021. Integrata yet to book,1815145587,1815145587,4551456423,-590882299,2021-07-29
6412,,45_4551226296_CACEIS,1770440245,OB,OB,No-pair,wire transfer,Caceis booked the wire transfer for SD 02-09-2021. Integrata yet to book,1770440245,1770440245,4551456423,-590882299,2021-07-29
6413,,402_4551066313_CACEIS,1556876787,OB,OB,No-pair,fx wire,Caceis booked the fx wire for SD 10-15-2020. Integrata yet to book,1556876787,1556876787,4551456423,-590882299,2021-07-29
6414,,9_4551171343_CACEIS,1696929188,OB,OB,No-pair,monthend interest,Caceis booked the monthend interest for SD 01-01-2021. Integrata yet to book,1696929188,1696929188,4551456423,-590882299,2021-07-29
6415,,147_455822501_CACEIS,1235308082,OB,OB,No-pair,wire transfer,Caceis booked the wire transfer for SD 04-14-2020. Integrata yet to book,1235308082,1235308082,4551456423,-590882299,2021-07-29
6416,22_4551350998_Integrata,,1937029704,OB,OB,No-pair,proceeds sell,Integrata booked the Net Sub/Red for SD 05-13-2021.Caceis yet to book.,1937029704,1937029704,4551456423,-590882299,2021-07-29
6417,,1_455534370_CACEIS,790128993,OB,OB,No-pair,wire transfer,Caceis booked the wire transfer for SD 08-30-2019. Integrata yet to book,790128993,790128993,4551456423,-590882299,2021-07-29
6418,,98_455585083_CACEIS,874262473,OB,OB,No-pair,fees,Caceis booked the fees for SD 10-10-2019. Integrata yet to book,874262473,874262473,4551456423,-590882299,2021-07-29
6419,,1_455934920_CACEIS,1383926632,OB,OB,No-pair,wire transfer,Caceis booked the wire transfer for SD 07-10-2020. Integrata yet to book,1383926632,1383926632,4551456423,-590882299,2021-07-29
6420,,43_455476582_CACEIS,691189783,OB,OB,No-pair,fx wire,Caceis booked the fx wire for SD 07-16-2019. Integrata yet to book,691189783,691189783,4551456423,-590882299,2021-07-29
6421,,62_455790609_CACEIS,1194036420,OB,OB,No-pair,fx wire,Caceis booked the fx wire for SD 03-20-2020. Integrata yet to book,1194036420,1194036420,4551456423,-590882299,2021-07-29
6422,,6_455903805_CACEIS,1341692745,OB,OB,No-pair,proceeds sell,Caceis booked the Miscellaneous for SD 06-17-2020. Integrata yet to book,1341692745,1341692745,4551456423,-590882299,2021-07-29
6423,,454_455822501_CACEIS,1235308328,OB,OB,No-pair,fx wire,Caceis booked the fx wire for SD 04-15-2020. Integrata yet to book,1235308328,1235308328,4551456423,-590882299,2021-07-29
6424,,5_4551256295_CACEIS,1810321903,OB,OB,No-pair,proceeds sell,Caceis booked the Miscellaneous for SD 03-04-2021. Integrata yet to book,1810321903,1810321903,4551456423,-590882299,2021-07-29
6425,,43_333062_CACEIS,479846742,OB,OB,No-pair,fx wire,Caceis booked the fx wire for SD 03-15-2019. Integrata yet to book,479846742,479846742,4551456423,-590882299,2021-07-29
6426,,72_4551023983_CACEIS,1500213862,OB,OB,No-pair,fx wire,Caceis booked the fx wire for SD 09-15-2020. Integrata yet to book,1500213862,1500213862,4551456423,-590882299,2021-07-29
6427,,13_455469998_CACEIS,680605508,OB,OB,No-pair,wire transfer,Caceis booked the wire transfer for SD 07-10-2019. Integrata yet to book,680605508,680605508,4551456423,-590882299,2021-07-29
6428,,45_4551171343_CACEIS,1696929202,OB,OB,No-pair,monthend interest,Caceis booked the monthend interest for SD 01-01-2021. Integrata yet to book,1696929202,1696929202,4551456423,-590882299,2021-07-29
6429,,2_455785049_CACEIS,1187309059,OB,OB,No-pair,wire transfer,Caceis booked the wire transfer for SD 03-17-2020. Integrata yet to book,1187309059,1187309059,4551456423,-590882299,2021-07-29
6430,,928_455822501_CACEIS,1235308768,OB,OB,No-pair,fx wire,Caceis booked the fx wire for SD 04-15-2020. Integrata yet to book,1235308768,1235308768,4551456423,-590882299,2021-07-29
6431,,14_4551356653_CACEIS,1945281531,OB,OB,No-pair,fees,Caceis booked the fees for SD 05-17-2021. Integrata yet to book,1945281531,1945281531,4551456423,-590882299,2021-07-29
6432,,201_4551210754_CACEIS,1748958361,OB,OB,No-pair,fx wire,Caceis booked the fx wire for SD 01-29-2021. Integrata yet to book,1748958361,1748958361,4551456423,-590882299,2021-07-29
6433,,131_455585083_CACEIS,874262449,OB,OB,No-pair,fees,Caceis booked the fees for SD 10-10-2019. Integrata yet to book,874262449,874262449,4551456423,-590882299,2021-07-29
6434,,1396_455643841_CACEIS,975324468,OB,OB,No-pair,fx wire,Caceis booked the fx wire for SD 11-15-2019. Integrata yet to book,975324468,975324468,4551456423,-590882299,2021-07-29
6435,,139_4551060531_CACEIS,1548950747,OB,OB,No-pair,wire transfer,Caceis booked the wire transfer for SD 10-12-2020. Integrata yet to book,1548950747,1548950747,4551456423,-590882299,2021-07-29
6436,,100_4551229444_CACEIS,1775243173,OB,OB,No-pair,fx wire,Caceis booked the fx wire for SD 02-12-2021. Integrata yet to book,1775243173,1775243173,4551456423,-590882299,2021-07-29
6437,,51_455762980_CACEIS,1156897849,OB,OB,No-pair,monthend interest,Caceis booked the monthend interest for SD 03-01-2020. Integrata yet to book,1156897849,1156897849,4551456423,-590882299,2021-07-29
6438,,49_455900053_CACEIS,1336713354,OB,OB,No-pair,fx wire,Caceis booked the fx wire for SD 06-15-2020. Integrata yet to book,1336713354,1336713354,4551456423,-590882299,2021-07-29
6439,,1_4551235027_CACEIS,1782782876,OB,OB,No-pair,proceeds sell,Caceis booked the Miscellaneous for SD 02-17-2021. Integrata yet to book,1782782876,1782782876,4551456423,-590882299,2021-07-29
6440,,338_4551023983_CACEIS,1500214149,OB,OB,No-pair,fx wire,Caceis booked the fx wire for SD 09-15-2020. Integrata yet to book,1500214149,1500214149,4551456423,-590882299,2021-07-29
6441,,179_455706635_CACEIS,1081907566,OB,OB,No-pair,fx wire,Caceis booked the fx wire for SD 01-15-2020. Integrata yet to book,1081907566,1081907566,4551456423,-590882299,2021-07-29
6442,,157_455822501_CACEIS,1235308072,OB,OB,No-pair,wire transfer,Caceis booked the wire transfer for SD 04-14-2020. Integrata yet to book,1235308072,1235308072,4551456423,-590882299,2021-07-29
6443,,158_4551232906_CACEIS,1780156647,OB,OB,No-pair,fx wire,Caceis booked the fx wire for SD 02-16-2021. Integrata yet to book,1780156647,1780156647,4551456423,-590882299,2021-07-29
6444,,15_455533322_CACEIS,787871336,OB,OB,No-pair,wire transfer,Caceis booked the wire transfer for SD 08-30-2019. Integrata yet to book,787871336,787871336,4551456423,-590882299,2021-07-29
6445,,74_455736646_CACEIS,1120326857,OB,OB,No-pair,fx wire,Caceis booked the fx wire for SD 02-07-2020. Integrata yet to book,1120326857,1120326857,4551456423,-590882299,2021-07-29
6446,,505_455862625_CACEIS,1287003725,OB,OB,No-pair,fx wire,Caceis booked the fx wire for SD 05-15-2020. Integrata yet to book,1287003725,1287003725,4551456423,-590882299,2021-07-29
6447,,59_455476582_CACEIS,691190359,OB,OB,No-pair,fx wire,Caceis booked the fx wire for SD 07-16-2019. Integrata yet to book,691190359,691190359,4551456423,-590882299,2021-07-29
6448,,263_4551436806_CACEIS,2049885961,OB,OB,No-pair,fx wire,Caceis booked the fx wire for SD 07-15-2021. Integrata yet to book,2049885961,2049885961,4551456423,-590882299,2021-07-29
6449,,384_455822501_CACEIS,1235308362,OB,OB,No-pair,fx wire,Caceis booked the fx wire for SD 04-15-2020. Integrata yet to book,1235308362,1235308362,4551456423,-590882299,2021-07-29
6450,,140_455822501_CACEIS,1235308093,OB,OB,No-pair,wire transfer,Caceis booked the wire transfer for SD 04-14-2020. Integrata yet to book,1235308093,1235308093,4551456423,-590882299,2021-07-29
6451,,322_4551149959_CACEIS,1667623148,OB,OB,No-pair,fx wire,Caceis booked the fx wire for SD 12-15-2020. Integrata yet to book,1667623148,1667623148,4551456423,-590882299,2021-07-29
6452,,6_4551454471_CACEIS,2072012688,OB,OB,No-pair,wire transfer,Caceis booked the wire transfer for SD 07-28-2021. Integrata yet to book,2072012688,2072012688,4551456423,-590882299,2021-07-29
6453,,102_306589_CACEIS,433998272,OB,OB,No-pair,fx wire,Caceis booked the fx wire for SD 02-15-2019. Integrata yet to book,433998272,433998272,4551456423,-590882299,2021-07-29
6454,,85_4551430779_CACEIS,2043021939,OB,OB,No-pair,fees,Caceis booked the fees for SD 07-12-2021. Integrata yet to book,2043021939,2043021939,4551456423,-590882299,2021-07-29
6455,,136_4551232906_CACEIS,1780156526,OB,OB,No-pair,fx wire,Caceis booked the fx wire for SD 02-16-2021. Integrata yet to book,1780156526,1780156526,4551456423,-590882299,2021-07-29
6456,,2_455879764_CACEIS,1309543686,OB,OB,No-pair,monthend interest,Caceis booked the monthend interest for SD 06-01-2020. Integrata yet to book,1309543686,1309543686,4551456423,-590882299,2021-07-29
6457,,776_4551232906_CACEIS,1780157162,OB,OB,No-pair,fx wire,Caceis booked the fx wire for SD 02-16-2021. Integrata yet to book,1780157162,1780157162,4551456423,-590882299,2021-07-29
6458,,125_4551436806_CACEIS,2049885818,OB,OB,No-pair,fx wire,Caceis booked the fx wire for SD 07-15-2021. Integrata yet to book,2049885818,2049885818,4551456423,-590882299,2021-07-29
6459,,130_455862625_CACEIS,1287002957,OB,OB,No-pair,fx wire,Caceis booked the fx wire for SD 05-15-2020. Integrata yet to book,1287002957,1287002957,4551456423,-590882299,2021-07-29
6460,,129_4551149959_CACEIS,1667622943,OB,OB,No-pair,fx wire,Caceis booked the fx wire for SD 12-15-2020. Integrata yet to book,1667622943,1667622943,4551456423,-590882299,2021-07-29
6461,,169_455706635_CACEIS,1081907538,OB,OB,No-pair,fx wire,Caceis booked the fx wire for SD 01-15-2020. Integrata yet to book,1081907538,1081907538,4551456423,-590882299,2021-07-29
6462,,244_4551248485_CACEIS,1800039544,OB,OB,No-pair,fx wire,Caceis booked the fx wire for SD 02-26-2021. Integrata yet to book,1800039544,1800039544,4551456423,-590882299,2021-07-29
6463,,453_455643841_CACEIS,975323525,OB,OB,No-pair,fx wire,Caceis booked the fx wire for SD 11-15-2019. Integrata yet to book,975323525,975323525,4551456423,-590882299,2021-07-29
6464,,16_4551220415_CACEIS,1761956059,OB,OB,No-pair,wire transfer,Caceis booked the wire transfer for SD 02-05-2021. Integrata yet to book,1761956059,1761956059,4551456423,-590882299,2021-07-29
6465,,1_455892672_CACEIS,1327457325,OB,OB,No-pair,wire transfer,Caceis booked the wire transfer for SD 06-09-2020. Integrata yet to book,1327457325,1327457325,4551456423,-590882299,2021-07-29
6466,,19_4551406212_CACEIS,2011417159,OB,OB,No-pair,proceeds sell,Caceis booked the proceeds sell for SD 06-23-2021. Integrata yet to book,2011417159,2011417159,4551456423,-590882299,2021-07-29
6467,,147_455978912_CACEIS,1441832215,OB,OB,No-pair,fees,Caceis booked the fees for SD 08-12-2020. Integrata yet to book,1441832215,1441832215,4551456423,-590882299,2021-07-29
6468,,61_455822501_CACEIS,1235307945,OB,OB,No-pair,fx wire,Caceis booked the fx wire for SD 04-15-2020. Integrata yet to book,1235307945,1235307945,4551456423,-590882299,2021-07-29
6469,,74_4551394628_CACEIS,1997244640,OB,OB,No-pair,fx wire,Caceis booked the fx wire for SD 06-15-2021. Integrata yet to book,1997244640,1997244640,4551456423,-590882299,2021-07-29
6470,,422_455862625_CACEIS,1287003716,OB,OB,No-pair,fx wire,Caceis booked the fx wire for SD 05-15-2020. Integrata yet to book,1287003716,1287003716,4551456423,-590882299,2021-07-29
6471,,166_455940640_CACEIS,1391596069,OB,OB,No-pair,fx wire,Caceis booked the fx wire for SD 07-15-2020. Integrata yet to book,1391596069,1391596069,4551456423,-590882299,2021-07-29
6472,,1_4551454471_CACEIS,2072012685,OB,OB,No-pair,wire transfer,Caceis booked the wire transfer for SD 07-28-2021. Integrata yet to book,2072012685,2072012685,4551456423,-590882299,2021-07-29
6473,,20_455592347_CACEIS,886651874,OB,OB,No-pair,wire transfer,Caceis booked the wire transfer for SD 10-16-2019. Integrata yet to book,886651874,886651874,4551456423,-590882299,2021-07-29
6474,,57_4551334292_CACEIS,1911737208,OB,OB,No-pair,monthend interest,Caceis booked the monthend interest for SD 05-01-2021. Integrata yet to book,1911737208,1911737208,4551456423,-590882299,2021-07-29
6475,,3_4551184426_CACEIS,1712749671,OB,OB,No-pair,wire transfer,Caceis booked the wire transfer for SD 01-11-2021. Integrata yet to book,1712749671,1712749671,4551456423,-590882299,2021-07-29
6476,,35_455669415_CACEIS,1020661886,OB,OB,No-pair,fx wire,Caceis booked the fx wire for SD 12-16-2019. Integrata yet to book,1020661886,1020661886,4551456423,-590882299,2021-07-29
6477,,431_4551149959_CACEIS,1667623243,OB,OB,No-pair,fx wire,Caceis booked the fx wire for SD 12-15-2020. Integrata yet to book,1667623243,1667623243,4551456423,-590882299,2021-07-29
6478,,101_455585083_CACEIS,874262507,OB,OB,No-pair,fees,Caceis booked the fees for SD 10-10-2019. Integrata yet to book,874262507,874262507,4551456423,-590882299,2021-07-29
6479,,56_4551136088_CACEIS,1649475132,OB,OB,No-pair,fx wire,Caceis booked the fx wire for SD 12-04-2020. Integrata yet to book,1649475132,1649475132,4551456423,-590882299,2021-07-29
6480,,9_455469998_CACEIS,680605602,OB,OB,No-pair,fees,Caceis booked the fees for SD 07-10-2019. Integrata yet to book,680605602,680605602,4551456423,-590882299,2021-07-29
6481,,136_455585083_CACEIS,874262479,OB,OB,No-pair,fees,Caceis booked the fees for SD 10-10-2019. Integrata yet to book,874262479,874262479,4551456423,-590882299,2021-07-29
6482,,88_4551109218_CACEIS,1613286648,OB,OB,No-pair,fx wire,Caceis booked the fx wire for SD 11-16-2020. Integrata yet to book,1613286648,1613286648,4551456423,-590882299,2021-07-29
6483,,3_4551131887_CACEIS,1643730713,OB,OB,No-pair,wire transfer,Caceis booked the wire transfer for SD 12-02-2020. Integrata yet to book,1643730713,1643730713,4551456423,-590882299,2021-07-29
6484,,125_4551184426_CACEIS,1712749674,OB,OB,No-pair,wire transfer,Caceis booked the wire transfer for SD 01-11-2021. Integrata yet to book,1712749674,1712749674,4551456423,-590882299,2021-07-29
6485,,10_307472_CACEIS,436148252,OB,OB,No-pair,fx wire,Caceis booked the fx wire for SD 02-13-2019. Integrata yet to book,436148252,436148252,4551456423,-590882299,2021-07-29
6486,,2_455909302_CACEIS,1349421679,OB,OB,No-pair,proceeds sell,Caceis booked the proceeds sell for SD 06-22-2020. Integrata yet to book,1349421679,1349421679,4551456423,-590882299,2021-07-29
6487,,960_455643841_CACEIS,975324032,OB,OB,No-pair,fx wire,Caceis booked the fx wire for SD 11-08-2019. Integrata yet to book,975324032,975324032,4551456423,-590882299,2021-07-29
6488,,41_455476582_CACEIS,691189252,OB,OB,No-pair,fx wire,Caceis booked the fx wire for SD 07-16-2019. Integrata yet to book,691189252,691189252,4551456423,-590882299,2021-07-29
6489,,9_455501001_CACEIS,732848923,OB,OB,No-pair,wire transfer,Caceis booked the wire transfer for SD 08-05-2019. Integrata yet to book,732848923,732848923,4551456423,-590882299,2021-07-29
6490,,1_4551176595_CACEIS,1702419448,OB,OB,No-pair,wire transfer,Caceis booked the wire transfer for SD 01-05-2021. Integrata yet to book,1702419448,1702419448,4551456423,-590882299,2021-07-29
6491,,6_455469998_CACEIS,680605590,OB,OB,No-pair,fees,Caceis booked the fees for SD 07-10-2019. Integrata yet to book,680605590,680605590,4551456423,-590882299,2021-07-29
6492,,40_455590588_CACEIS,883858369,OB,OB,No-pair,fx wire,Caceis booked the fx wire for SD 10-15-2019. Integrata yet to book,883858369,883858369,4551456423,-590882299,2021-07-29
6493,,1_455806818_CACEIS,1215188698,OB,OB,No-pair,wire transfer,Caceis booked the wire transfer for SD 04-02-2020. Integrata yet to book,1215188698,1215188698,4551456423,-590882299,2021-07-29
6494,,110_4551239617_CACEIS,1789074759,OB,OB,No-pair,fx wire,Caceis booked the fx wire for SD 02-19-2021. Integrata yet to book,1789074759,1789074759,4551456423,-590882299,2021-07-29
6495,,12_4551201062_CACEIS,1734565954,OB,OB,No-pair,fx wire,Caceis booked the fx wire for SD 01-22-2021. Integrata yet to book,1734565954,1734565954,4551456423,-590882299,2021-07-29
6496,,16_455449139_CACEIS,646003553,OB,OB,No-pair,fx wire,Caceis booked the fx wire for SD 06-21-2019. Integrata yet to book,646003553,646003553,4551456423,-590882299,2021-07-29
6497,,1_4551005548_CACEIS,1476092816,OB,OB,No-pair,wire transfer,Caceis booked the wire transfer for SD 09-01-2020. Integrata yet to book,1476092816,1476092816,4551456423,-590882299,2021-07-29
6498,,135_4551436806_CACEIS,2049885836,OB,OB,No-pair,fx wire,Caceis booked the fx wire for SD 07-15-2021. Integrata yet to book,2049885836,2049885836,4551456423,-590882299,2021-07-29
6499,,493_4551149959_CACEIS,1667623268,OB,OB,No-pair,fx wire,Caceis booked the fx wire for SD 12-15-2020. Integrata yet to book,1667623268,1667623268,4551456423,-590882299,2021-07-29
6500,,425_455985296_CACEIS,1449582201,OB,OB,No-pair,fx wire,Caceis booked the fx wire for SD 08-17-2020. Integrata yet to book,1449582201,1449582201,4551456423,-590882299,2021-07-29
6501,,309_455643841_CACEIS,975323381,OB,OB,No-pair,fx wire,Caceis booked the fx wire for SD 11-15-2019. Integrata yet to book,975323381,975323381,4551456423,-590882299,2021-07-29
6502,,14_455750273_CACEIS,1138650226,OB,OB,No-pair,dividend,Caceis booked the dividend for SD 09-30-2019. Integrata yet to book,1138650226,1138650226,4551456423,-590882299,2021-07-29
6503,,27_455585083_CACEIS,874262484,OB,OB,No-pair,fees,Caceis booked the fees for SD 10-10-2019. Integrata yet to book,874262484,874262484,4551456423,-590882299,2021-07-29
6504,,12_4551239617_CACEIS,1789074756,OB,OB,No-pair,fx wire,Caceis booked the fx wire for SD 02-19-2021. Integrata yet to book,1789074756,1789074756,4551456423,-590882299,2021-07-29
6505,,12_4551168254_CACEIS,1691686490,OB,OB,No-pair,wire transfer,Caceis booked the wire transfer for SD 12-29-2020. Integrata yet to book,1691686490,1691686490,4551456423,-590882299,2021-07-29
6506,,9_4551184426_CACEIS,1712749725,OB,OB,No-pair,fees,Caceis booked the fees for SD 01-11-2021. Integrata yet to book,1712749725,1712749725,4551456423,-590882299,2021-07-29
6507,,22_455753887_CACEIS,1143364780,OB,OB,No-pair,fx wire,Caceis booked the fx wire for SD 02-21-2020. Integrata yet to book,1143364780,1143364780,4551456423,-590882299,2021-07-29
6508,,1359_455643841_CACEIS,975324431,OB,OB,No-pair,fx wire,Caceis booked the fx wire for SD 11-15-2019. Integrata yet to book,975324431,975324431,4551456423,-590882299,2021-07-29
6509,,1_455495487_CACEIS,723389968,OB,OB,No-pair,monthend interest,Caceis booked the monthend interest for SD 08-01-2019. Integrata yet to book,723389968,723389968,4551456423,-590882299,2021-07-29
6510,,10_455801281_CACEIS,1207671569,OB,OB,No-pair,wire transfer,Caceis booked the wire transfer for SD 03-30-2020. Integrata yet to book,1207671569,1207671569,4551456423,-590882299,2021-07-29
6511,,31_267975_CACEIS,368747278,OB,OB,No-pair,fx wire,Caceis booked the fx wire for SD 01-15-2019. Integrata yet to book,368747278,368747278,4551456423,-590882299,2021-07-29
6512,,143_455862625_CACEIS,1287003188,OB,OB,No-pair,fx wire,Caceis booked the fx wire for SD 05-15-2020. Integrata yet to book,1287003188,1287003188,4551456423,-590882299,2021-07-29
6513,,43_4551125930_CACEIS,1635426508,OB,OB,No-pair,fx wire,Caceis booked the fx wire for SD 11-27-2020. Integrata yet to book,1635426508,1635426508,4551456423,-590882299,2021-07-29
6514,,64_455442954_CACEIS,637183836,OB,OB,No-pair,fx wire,Caceis booked the fx wire for SD 06-17-2019. Integrata yet to book,637183836,637183836,4551456423,-590882299,2021-07-29
6515,,12_455942533_CACEIS,1393935330,OB,OB,No-pair,dividend,Caceis booked the dividend for SD 07-15-2020. Integrata yet to book,1393935330,1393935330,4551456423,-590882299,2021-07-29
6516,,62_455799620_CACEIS,1205700411,OB,OB,No-pair,fx wire,Caceis booked the fx wire for SD 03-27-2020. Integrata yet to book,1205700411,1205700411,4551456423,-590882299,2021-07-29
6517,,843_455643841_CACEIS,975323915,OB,OB,No-pair,wire transfer,Caceis booked the wire transfer for SD 11-07-2019. Integrata yet to book,975323915,975323915,4551456423,-590882299,2021-07-29
6518,,519_4551109218_CACEIS,1613287071,OB,OB,No-pair,fx wire,Caceis booked the fx wire for SD 11-16-2020. Integrata yet to book,1613287071,1613287071,4551456423,-590882299,2021-07-29
6519,,98_455783582_CACEIS,1185159301,OB,OB,No-pair,fx wire,Caceis booked the fx wire for SD 03-16-2020. Integrata yet to book,1185159301,1185159301,4551456423,-590882299,2021-07-29
6520,,520_4551149959_CACEIS,1667623296,OB,OB,No-pair,fx wire,Caceis booked the fx wire for SD 12-15-2020. Integrata yet to book,1667623296,1667623296,4551456423,-590882299,2021-07-29
6521,,132_455822501_CACEIS,1235308127,OB,OB,No-pair,fx wire,Caceis booked the fx wire for SD 04-15-2020. Integrata yet to book,1235308127,1235308127,4551456423,-590882299,2021-07-29
6522,,12_455658450_CACEIS,1002374658,OB,OB,No-pair,fx wire,Caceis booked the fx wire for SD 12-06-2019. Integrata yet to book,1002374658,1002374658,4551456423,-590882299,2021-07-29
6523,,101_306589_CACEIS,433998266,OB,OB,No-pair,fx wire,Caceis booked the fx wire for SD 02-15-2019. Integrata yet to book,433998266,433998266,4551456423,-590882299,2021-07-29
6524,,27_455457456_CACEIS,662167972,OB,OB,No-pair,monthend interest,Caceis booked the monthend interest for SD 07-01-2019. Integrata yet to book,662167972,662167972,4551456423,-590882299,2021-07-29
6525,,27_4551044906_CACEIS,1528403592,OB,OB,No-pair,monthend interest,Caceis booked the monthend interest for SD 10-01-2020. Integrata yet to book,1528403592,1528403592,4551456423,-590882299,2021-07-29
6526,,8_455550632_CACEIS,818475537,OB,OB,No-pair,fx wire,Caceis booked the fx wire for SD 09-13-2019. Integrata yet to book,818475537,818475537,4551456423,-590882299,2021-07-29
6527,,119_455649350_CACEIS,985331687,OB,OB,No-pair,monthend interest,Caceis booked the monthend interest for SD 12-01-2019. Integrata yet to book,985331687,985331687,4551456423,-590882299,2021-07-29
6528,,8_455861455_CACEIS,1285500781,OB,OB,No-pair,wire transfer,Caceis booked the wire transfer for SD 05-13-2020. Integrata yet to book,1285500781,1285500781,4551456423,-590882299,2021-07-29
6529,,64_4551117124_CACEIS,1623224483,OB,OB,No-pair,fx wire,Caceis booked the fx wire for SD 11-20-2020. Integrata yet to book,1623224483,1623224483,4551456423,-590882299,2021-07-29
6530,,64_4551388882_CACEIS,1989667582,OB,OB,No-pair,wire transfer,Caceis booked the wire transfer for SD 06-10-2021. Integrata yet to book,1989667582,1989667582,4551456423,-590882299,2021-07-29
6531,,216_455590588_CACEIS,883858511,OB,OB,No-pair,fx wire,Caceis booked the fx wire for SD 10-15-2019. Integrata yet to book,883858511,883858511,4551456423,-590882299,2021-07-29
6532,,210_455669415_CACEIS,1020661925,OB,OB,No-pair,fx wire,Caceis booked the fx wire for SD 12-16-2019. Integrata yet to book,1020661925,1020661925,4551456423,-590882299,2021-07-29
6533,,789_455643841_CACEIS,975323861,OB,OB,No-pair,fx wire,Caceis booked the fx wire for SD 11-01-2019. Integrata yet to book,975323861,975323861,4551456423,-590882299,2021-07-29
6534,,141_4551313388_CACEIS,1883527854,OB,OB,No-pair,fx wire,Caceis booked the fx wire for SD 04-15-2021. Integrata yet to book,1883527854,1883527854,4551456423,-590882299,2021-07-29
6535,,53_4551436806_CACEIS,2049885747,OB,OB,No-pair,fx wire,Caceis booked the fx wire for SD 07-15-2021. Integrata yet to book,2049885747,2049885747,4551456423,-590882299,2021-07-29
6536,,18_4551195338_CACEIS,1727684719,OB,OB,No-pair,wire transfer,Caceis booked the wire transfer for SD 01-19-2021. Integrata yet to book,1727684719,1727684719,4551456423,-590882299,2021-07-29
6537,,63_4551117124_CACEIS,1623224479,OB,OB,No-pair,fx wire,Caceis booked the fx wire for SD 11-20-2020. Integrata yet to book,1623224479,1623224479,4551456423,-590882299,2021-07-29
6538,,71_4551313388_CACEIS,1883527649,OB,OB,No-pair,fx wire,Caceis booked the fx wire for SD 04-15-2021. Integrata yet to book,1883527649,1883527649,4551456423,-590882299,2021-07-29
6539,,44_4551438780_CACEIS,2052260389,OB,OB,No-pair,wire transfer,Caceis booked the wire transfer for SD 07-16-2021. Integrata yet to book,2052260389,2052260389,4551456423,-590882299,2021-07-29
6540,,126_4551018409_CACEIS,1492757262,OB,OB,No-pair,fees,Caceis booked the fees for SD 09-10-2020. Integrata yet to book,1492757262,1492757262,4551456423,-590882299,2021-07-29
6541,,15_455750273_CACEIS,1138650209,OB,OB,No-pair,dividend,Caceis booked the dividend for SD 09-30-2019. Integrata yet to book,1138650209,1138650209,4551456423,-590882299,2021-07-29
6542,,474_4551149959_CACEIS,1667623285,OB,OB,No-pair,fx wire,Caceis booked the fx wire for SD 12-15-2020. Integrata yet to book,1667623285,1667623285,4551456423,-590882299,2021-07-29
6543,,8_4551007519_CACEIS,1478390976,OB,OB,No-pair,wire transfer,Caceis booked the wire transfer for SD 08-28-2020. Integrata yet to book,1478390976,1478390976,4551456423,-590882299,2021-07-29
6544,,104_455978912_CACEIS,1441832260,OB,OB,No-pair,fees,Caceis booked the fees for SD 08-12-2020. Integrata yet to book,1441832260,1441832260,4551456423,-590882299,2021-07-29
6545,,7_4551339728_CACEIS,1920020598,OB,OB,No-pair,wire transfer,Caceis booked the wire transfer for SD 04-13-2021. Integrata yet to book,1920020598,1920020598,4551456423,-590882299,2021-07-29
6546,,17_455826113_CACEIS,1239393752,OB,OB,No-pair,fees,Caceis booked the fees for SD 04-16-2020. Integrata yet to book,1239393752,1239393752,4551456423,-590882299,2021-07-29
6547,,67_455726980_CACEIS,1107942669,OB,OB,No-pair,monthend interest,Caceis booked the monthend interest for SD 02-01-2020. Integrata yet to book,1107942669,1107942669,4551456423,-590882299,2021-07-29
6548,,25_455583364_CACEIS,870636865,OB,OB,No-pair,proceeds sell,Caceis booked the proceeds sell for SD 10-09-2019. Integrata yet to book,870636865,870636865,4551456423,-590882299,2021-07-29
6549,,90_455879764_CACEIS,1309543786,OB,OB,No-pair,wire transfer,Caceis booked the wire transfer for SD 05-29-2020. Integrata yet to book,1309543786,1309543786,4551456423,-590882299,2021-07-29
6550,,21_455432903_CACEIS,623045709,OB,OB,No-pair,dividend,Caceis booked the dividend for SD 05-30-2019. Integrata yet to book,623045709,623045709,4551456423,-590882299,2021-07-29
6551,,23_307472_CACEIS,436148265,OB,OB,No-pair,wire transfer,Caceis booked the wire transfer for SD 02-13-2019. Integrata yet to book,436148265,436148265,4551456423,-590882299,2021-07-29
6552,,485_4551066313_CACEIS,1556876731,OB,OB,No-pair,fx wire,Caceis booked the fx wire for SD 10-15-2020. Integrata yet to book,1556876731,1556876731,4551456423,-590882299,2021-07-29
6553,,37_455808758_CACEIS,1217520401,OB,OB,No-pair,fx wire,Caceis booked the fx wire for SD 04-03-2020. Integrata yet to book,1217520401,1217520401,4551456423,-590882299,2021-07-29
6554,,149_455898221_CACEIS,1334730808,OB,OB,No-pair,fx wire,Caceis booked the fx wire for SD 06-12-2020. Integrata yet to book,1334730808,1334730808,4551456423,-590882299,2021-07-29
6555,,57_455790609_CACEIS,1194036435,OB,OB,No-pair,fx wire,Caceis booked the fx wire for SD 03-20-2020. Integrata yet to book,1194036435,1194036435,4551456423,-590882299,2021-07-29
6556,,9_307472_CACEIS,436148251,OB,OB,No-pair,fx wire,Caceis booked the fx wire for SD 02-13-2019. Integrata yet to book,436148251,436148251,4551456423,-590882299,2021-07-29
6557,,63_4551436806_CACEIS,2049885753,OB,OB,No-pair,fx wire,Caceis booked the fx wire for SD 07-15-2021. Integrata yet to book,2049885753,2049885753,4551456423,-590882299,2021-07-29
6558,,6_455923571_CACEIS,1369374358,OB,OB,No-pair,wire transfer,Caceis booked the wire transfer for SD 06-11-2020. Integrata yet to book,1369374358,1369374358,4551456423,-590882299,2021-07-29
6559,,9_4551415924_CACEIS,2024089324,OB,OB,No-pair,monthend interest,Caceis booked the monthend interest for SD 07-01-2021. Integrata yet to book,2024089324,2024089324,4551456423,-590882299,2021-07-29
6560,,17_4551281272_CACEIS,1842371426,OB,OB,No-pair,proceeds sell,Caceis booked the Miscellaneous for SD 03-22-2021. Integrata yet to book,1842371426,1842371426,4551456423,-590882299,2021-07-29
6561,,9_4551352893_CACEIS,1939816942,OB,OB,No-pair,dividend,Caceis booked the dividend for SD 05-12-2021. Integrata yet to book,1939816942,1939816942,4551456423,-590882299,2021-07-29
6562,,467_4551149959_CACEIS,1667623254,OB,OB,No-pair,fx wire,Caceis booked the fx wire for SD 12-15-2020. Integrata yet to book,1667623254,1667623254,4551456423,-590882299,2021-07-29
6563,,12_455568470_CACEIS,846652458,OB,OB,No-pair,fx wire,Caceis booked the fx wire for SD 09-27-2019. Integrata yet to book,846652458,846652458,4551456423,-590882299,2021-07-29
6564,,64_455790609_CACEIS,1194036440,OB,OB,No-pair,fx wire,Caceis booked the fx wire for SD 03-20-2020. Integrata yet to book,1194036440,1194036440,4551456423,-590882299,2021-07-29
6565,,6_455849872_CACEIS,1270411936,OB,OB,No-pair,wire transfer,Caceis booked the wire transfer for SD 03-20-2020. Integrata yet to book,1270411936,1270411936,4551456423,-590882299,2021-07-29
6566,,972_455643841_CACEIS,975324044,OB,OB,No-pair,wire transfer,Caceis booked the wire transfer for SD 11-13-2019. Integrata yet to book,975324044,975324044,4551456423,-590882299,2021-07-29
6567,,2_4551134044_CACEIS,1646944675,OB,OB,No-pair,wire transfer,Caceis booked the wire transfer for SD 12-01-2020. Integrata yet to book,1646944675,1646944675,4551456423,-590882299,2021-07-29
6568,,22_455803095_CACEIS,1210223500,OB,OB,No-pair,monthend interest,Caceis booked the monthend interest for SD 04-01-2020. Integrata yet to book,1210223500,1210223500,4551456423,-590882299,2021-07-29
6569,,8_4551372778_CACEIS,1969041949,OB,OB,No-pair,fx wire,Caceis booked the fx wire for SD 05-28-2021. Integrata yet to book,1969041949,1969041949,4551456423,-590882299,2021-07-29
6570,,516_455643841_CACEIS,975323588,OB,OB,No-pair,wire transfer,Caceis booked the wire transfer for SD 11-18-2019. Integrata yet to book,975323588,975323588,4551456423,-590882299,2021-07-29
6571,,2_455585083_CACEIS,874262392,OB,OB,No-pair,fees,Caceis booked the fees for SD 10-10-2019. Integrata yet to book,874262392,874262392,4551456423,-590882299,2021-07-29
6572,,31_4551210754_CACEIS,1748958267,OB,OB,No-pair,wire transfer,Caceis booked the wire transfer for SD 01-29-2021. Integrata yet to book,1748958267,1748958267,4551456423,-590882299,2021-07-29
6573,,16_455663909_CACEIS,1011570627,OB,OB,No-pair,wire transfer,Caceis booked the wire transfer for SD 12-11-2019. Integrata yet to book,1011570627,1011570627,4551456423,-590882299,2021-07-29
6574,,156_455934920_CACEIS,1383926839,OB,OB,No-pair,fees,Caceis booked the fees for SD 07-10-2020. Integrata yet to book,1383926839,1383926839,4551456423,-590882299,2021-07-29
6575,,10_455378188_CACEIS,548739492,OB,OB,No-pair,fx wire,Caceis booked the fx wire for SD 04-23-2019. Integrata yet to book,548739492,548739492,4551456423,-590882299,2021-07-29
6576,,134_4551060531_CACEIS,1548950620,OB,OB,No-pair,wire transfer,Caceis booked the wire transfer for SD 10-12-2020. Integrata yet to book,1548950620,1548950620,4551456423,-590882299,2021-07-29
6577,,72_455978912_CACEIS,1441832221,OB,OB,No-pair,fees,Caceis booked the fees for SD 08-12-2020. Integrata yet to book,1441832221,1441832221,4551456423,-590882299,2021-07-29
6578,,121_4551060531_CACEIS,1548950623,OB,OB,No-pair,wire transfer,Caceis booked the wire transfer for SD 10-12-2020. Integrata yet to book,1548950623,1548950623,4551456423,-590882299,2021-07-29
6579,,49_4551136088_CACEIS,1649475122,OB,OB,No-pair,fx wire,Caceis booked the fx wire for SD 12-04-2020. Integrata yet to book,1649475122,1649475122,4551456423,-590882299,2021-07-29
6580,,3_4551127906_CACEIS,1637981908,OB,OB,No-pair,wire transfer,Caceis booked the wire transfer for SD 11-30-2020. Integrata yet to book,1637981908,1637981908,4551456423,-590882299,2021-07-29
6581,,127_455688261_CACEIS,1053516719,OB,OB,No-pair,monthend interest,Caceis booked the monthend interest for SD 01-01-2020. Integrata yet to book,1053516719,1053516719,4551456423,-590882299,2021-07-29
6582,,7_4551093457_CACEIS,1592135402,OB,OB,No-pair,wire transfer,Caceis booked the wire transfer for SD 10-15-2020. Integrata yet to book,1592135402,1592135402,4551456423,-590882299,2021-07-29
6583,,7_455732788_CACEIS,1115688816,OB,OB,No-pair,wire transfer,Caceis booked the wire transfer for SD 02-05-2020. Integrata yet to book,1115688816,1115688816,4551456423,-590882299,2021-07-29
6584,,32_4551349054_CACEIS,1933657842,OB,OB,No-pair,fees,Caceis booked the fees for SD 05-12-2021. Integrata yet to book,1933657842,1933657842,4551456423,-590882299,2021-07-29
6585,,35_4551299798_CACEIS,1866915126,OB,OB,No-pair,wire transfer,Caceis booked the wire transfer for SD 04-06-2021. Integrata yet to book,1866915126,1866915126,4551456423,-590882299,2021-07-29
6586,,193_4551023983_CACEIS,1500213927,OB,OB,No-pair,fx wire,Caceis booked the fx wire for SD 09-15-2020. Integrata yet to book,1500213927,1500213927,4551456423,-590882299,2021-07-29
6587,,351_455862625_CACEIS,1287003856,OB,OB,No-pair,fx wire,Caceis booked the fx wire for SD 05-15-2020. Integrata yet to book,1287003856,1287003856,4551456423,-590882299,2021-07-29
6588,,101_4551354754_CACEIS,1942399493,OB,OB,No-pair,fx wire,Caceis booked the fx wire for SD 05-17-2021. Integrata yet to book,1942399493,1942399493,4551456423,-590882299,2021-07-29
6589,,9_4551087502_CACEIS,1584326604,OB,OB,No-pair,fx wire,Caceis booked the fx wire for SD 10-30-2020. Integrata yet to book,1584326604,1584326604,4551456423,-590882299,2021-07-29
6590,,454_4551109218_CACEIS,1613287160,OB,OB,No-pair,fx wire,Caceis booked the fx wire for SD 11-16-2020. Integrata yet to book,1613287160,1613287160,4551456423,-590882299,2021-07-29
6591,,541_455900053_CACEIS,1336714049,OB,OB,No-pair,fx wire,Caceis booked the fx wire for SD 06-15-2020. Integrata yet to book,1336714049,1336714049,4551456423,-590882299,2021-07-29
6592,,16_349816_CACEIS,505077795,OB,OB,No-pair,monthend interest,Caceis booked the monthend interest for SD 04-01-2019. Integrata yet to book,505077795,505077795,4551456423,-590882299,2021-07-29
6593,,80_368123_CACEIS,532374123,OB,OB,No-pair,fx wire,Caceis booked the fx wire for SD 04-15-2019. Integrata yet to book,532374123,532374123,4551456423,-590882299,2021-07-29
6594,,79_455898221_CACEIS,1334730772,OB,OB,No-pair,fees,Caceis booked the fees for SD 06-12-2020. Integrata yet to book,1334730772,1334730772,4551456423,-590882299,2021-07-29
6595,,8_455658450_CACEIS,1002374634,OB,OB,No-pair,fx wire,Caceis booked the fx wire for SD 12-06-2019. Integrata yet to book,1002374634,1002374634,4551456423,-590882299,2021-07-29
6596,,4_341093_CACEIS,490673972,OB,OB,No-pair,wire transfer,Caceis booked the wire transfer for SD 03-22-2019. Integrata yet to book,490673972,490673972,4551456423,-590882299,2021-07-29
6597,,181_455985296_CACEIS,1449581855,OB,OB,No-pair,fx wire,Caceis booked the fx wire for SD 08-17-2020. Integrata yet to book,1449581855,1449581855,4551456423,-590882299,2021-07-29
6598,,9_4551048988_CACEIS,1533696935,OB,OB,No-pair,fx wire,Caceis booked the fx wire for SD 10-02-2020. Integrata yet to book,1533696935,1533696935,4551456423,-590882299,2021-07-29
6599,,109_455879764_CACEIS,1309543800,OB,OB,No-pair,monthend interest,Caceis booked the monthend interest for SD 06-01-2020. Integrata yet to book,1309543800,1309543800,4551456423,-590882299,2021-07-29
6600,,2_4551216613_CACEIS,1756801986,OB,OB,No-pair,wire transfer,Caceis booked the wire transfer for SD 01-28-2021. Integrata yet to book,1756801986,1756801986,4551456423,-590882299,2021-07-29
6601,,182_455934920_CACEIS,1383926838,OB,OB,No-pair,fees,Caceis booked the fees for SD 07-10-2020. Integrata yet to book,1383926838,1383926838,4551456423,-590882299,2021-07-29
6602,,958_455643841_CACEIS,975324030,OB,OB,No-pair,wire transfer,Caceis booked the wire transfer for SD 11-13-2019. Integrata yet to book,975324030,975324030,4551456423,-590882299,2021-07-29
6603,,38_4551411869_CACEIS,2018959530,OB,OB,No-pair,fx wire,Caceis booked the fx wire for SD 06-28-2021. Integrata yet to book,2018959530,2018959530,4551456423,-590882299,2021-07-29
6604,,1361_455643841_CACEIS,975324433,OB,OB,No-pair,fx wire,Caceis booked the fx wire for SD 11-15-2019. Integrata yet to book,975324433,975324433,4551456423,-590882299,2021-07-29
6605,,47_455676391_CACEIS,1031864557,OB,OB,No-pair,wire transfer,Caceis booked the wire transfer for SD 12-20-2019. Integrata yet to book,1031864557,1031864557,4551456423,-590882299,2021-07-29
6606,,317_455900053_CACEIS,1336713762,OB,OB,No-pair,fx wire,Caceis booked the fx wire for SD 06-15-2020. Integrata yet to book,1336713762,1336713762,4551456423,-590882299,2021-07-29
6607,,135_455879764_CACEIS,1309543756,OB,OB,No-pair,monthend interest,Caceis booked the monthend interest for SD 06-01-2020. Integrata yet to book,1309543756,1309543756,4551456423,-590882299,2021-07-29
6608,,72_368123_CACEIS,532374092,OB,OB,No-pair,fx wire,Caceis booked the fx wire for SD 04-15-2019. Integrata yet to book,532374092,532374092,4551456423,-590882299,2021-07-29
6609,,201_455940640_CACEIS,1391596120,OB,OB,No-pair,fx wire,Caceis booked the fx wire for SD 07-15-2020. Integrata yet to book,1391596120,1391596120,4551456423,-590882299,2021-07-29
6610,,50_4551244633_CACEIS,1795375909,OB,OB,No-pair,monthend interest,Caceis booked the monthend interest for SD 02-25-2021. Integrata yet to book,1795375909,1795375909,4551456423,-590882299,2021-07-29
6611,,83_455726980_CACEIS,1107942566,OB,OB,No-pair,monthend interest,Caceis booked the monthend interest for SD 02-01-2020. Integrata yet to book,1107942566,1107942566,4551456423,-590882299,2021-07-29
6612,,267_4551149959_CACEIS,1667623106,OB,OB,No-pair,fx wire,Caceis booked the fx wire for SD 12-15-2020. Integrata yet to book,1667623106,1667623106,4551456423,-590882299,2021-07-29
6613,,2_455961594_CACEIS,1419470971,OB,OB,No-pair,wire transfer,Caceis booked the wire transfer for SD 07-30-2020. Integrata yet to book,1419470971,1419470971,4551456423,-590882299,2021-07-29
6614,,97_455978912_CACEIS,1441832193,OB,OB,No-pair,fees,Caceis booked the fees for SD 08-12-2020. Integrata yet to book,1441832193,1441832193,4551456423,-590882299,2021-07-29
6615,,45_4551254304_CACEIS,1807385742,OB,OB,No-pair,wire transfer,Caceis booked the wire transfer for SD 03-02-2021. Integrata yet to book,1807385742,1807385742,4551456423,-590882299,2021-07-29
6616,,8_4551289089_CACEIS,1852875968,OB,OB,No-pair,wire transfer,Caceis booked the wire transfer for SD 03-29-2021. Integrata yet to book,1852875968,1852875968,4551456423,-590882299,2021-07-29
6617,,15_4551341492_CACEIS,1922960764,OB,OB,No-pair,wire transfer,Caceis booked the wire transfer for SD 05-06-2021. Integrata yet to book,1922960764,1922960764,4551456423,-590882299,2021-07-29
6618,,54_455978912_CACEIS,1441832140,OB,OB,No-pair,fees,Caceis booked the fees for SD 08-12-2020. Integrata yet to book,1441832140,1441832140,4551456423,-590882299,2021-07-29
6619,,988_455643841_CACEIS,975324060,OB,OB,No-pair,wire transfer,Caceis booked the wire transfer for SD 11-13-2019. Integrata yet to book,975324060,975324060,4551456423,-590882299,2021-07-29
6620,,49_368123_CACEIS,532374049,OB,OB,No-pair,fx wire,Caceis booked the fx wire for SD 04-15-2019. Integrata yet to book,532374049,532374049,4551456423,-590882299,2021-07-29
6621,,164_455934920_CACEIS,1383926841,OB,OB,No-pair,fees,Caceis booked the fees for SD 07-10-2020. Integrata yet to book,1383926841,1383926841,4551456423,-590882299,2021-07-29
6622,,162_455934920_CACEIS,1383926840,OB,OB,No-pair,fees,Caceis booked the fees for SD 07-10-2020. Integrata yet to book,1383926840,1383926840,4551456423,-590882299,2021-07-29
6623,,15_455585083_CACEIS,874262461,OB,OB,No-pair,fees,Caceis booked the fees for SD 10-10-2019. Integrata yet to book,874262461,874262461,4551456423,-590882299,2021-07-29
6624,,102_4551087502_CACEIS,1584326671,OB,OB,No-pair,monthend interest,Caceis booked the monthend interest for SD 11-01-2020. Integrata yet to book,1584326671,1584326671,4551456423,-590882299,2021-07-29
6625,,1374_455643841_CACEIS,975324446,OB,OB,No-pair,fx wire,Caceis booked the fx wire for SD 11-15-2019. Integrata yet to book,975324446,975324446,4551456423,-590882299,2021-07-29
6626,,708_455862625_CACEIS,1287005026,OB,OB,No-pair,fx wire,Caceis booked the fx wire for SD 05-15-2020. Integrata yet to book,1287005026,1287005026,4551456423,-590882299,2021-07-29
6627,,94_455978912_CACEIS,1441832203,OB,OB,No-pair,fees,Caceis booked the fees for SD 08-12-2020. Integrata yet to book,1441832203,1441832203,4551456423,-590882299,2021-07-29
6628,,173_455706635_CACEIS,1081907603,OB,OB,No-pair,fx wire,Caceis booked the fx wire for SD 01-15-2020. Integrata yet to book,1081907603,1081907603,4551456423,-590882299,2021-07-29
6629,,6_4551087502_CACEIS,1584326585,OB,OB,No-pair,wire transfer,Caceis booked the wire transfer for SD 10-30-2020. Integrata yet to book,1584326585,1584326585,4551456423,-590882299,2021-07-29
6630,,96_455978912_CACEIS,1441832184,OB,OB,No-pair,fees,Caceis booked the fees for SD 08-12-2020. Integrata yet to book,1441832184,1441832184,4551456423,-590882299,2021-07-29
6631,,3_455663909_CACEIS,1011570724,OB,OB,No-pair,wire transfer,Caceis booked the wire transfer for SD 12-11-2019. Integrata yet to book,1011570724,1011570724,4551456423,-590882299,2021-07-29
6632,,169_4551232906_CACEIS,1780156487,OB,OB,No-pair,fx wire,Caceis booked the fx wire for SD 02-16-2021. Integrata yet to book,1780156487,1780156487,4551456423,-590882299,2021-07-29
6633,,79_4551149959_CACEIS,1667622841,OB,OB,No-pair,fx wire,Caceis booked the fx wire for SD 12-15-2020. Integrata yet to book,1667622841,1667622841,4551456423,-590882299,2021-07-29
6634,,16_4551042956_CACEIS,1525553091,OB,OB,No-pair,wire transfer,Caceis booked the wire transfer for SD 09-17-2020. Integrata yet to book,1525553091,1525553091,4551456423,-590882299,2021-07-29
6635,,28_267975_CACEIS,368747270,OB,OB,No-pair,fx wire,Caceis booked the fx wire for SD 01-15-2019. Integrata yet to book,368747270,368747270,4551456423,-590882299,2021-07-29
6636,,42_455676391_CACEIS,1031864553,OB,OB,No-pair,wire transfer,Caceis booked the wire transfer for SD 12-20-2019. Integrata yet to book,1031864553,1031864553,4551456423,-590882299,2021-07-29
6637,,1_350866_CACEIS,507199042,OB,OB,No-pair,proceeds sell,Caceis booked the proceeds sell for SD 04-01-2019. Integrata yet to book,507199042,507199042,4551456423,-590882299,2021-07-29
6638,,105_455978912_CACEIS,1441832265,OB,OB,No-pair,fees,Caceis booked the fees for SD 08-12-2020. Integrata yet to book,1441832265,1441832265,4551456423,-590882299,2021-07-29
6639,,291_455643841_CACEIS,975323363,OB,OB,No-pair,fx wire,Caceis booked the fx wire for SD 11-15-2019. Integrata yet to book,975323363,975323363,4551456423,-590882299,2021-07-29
6640,,919_455822501_CACEIS,1235308617,OB,OB,No-pair,wire transfer,Caceis booked the wire transfer for SD 04-14-2020. Integrata yet to book,1235308617,1235308617,4551456423,-590882299,2021-07-29
6641,,69_4551436806_CACEIS,2049885843,OB,OB,No-pair,fx wire,Caceis booked the fx wire for SD 07-15-2021. Integrata yet to book,2049885843,2049885843,4551456423,-590882299,2021-07-29
6642,,23_4551254304_CACEIS,1807385758,OB,OB,No-pair,wire transfer,Caceis booked the wire transfer for SD 03-02-2021. Integrata yet to book,1807385758,1807385758,4551456423,-590882299,2021-07-29
6643,,21_4551159662_CACEIS,1680411069,OB,OB,No-pair,wire transfer,Caceis booked the wire transfer for SD 12-22-2020. Integrata yet to book,1680411069,1680411069,4551456423,-590882299,2021-07-29
6644,,758_455822501_CACEIS,1235308631,OB,OB,No-pair,wire transfer,Caceis booked the wire transfer for SD 04-14-2020. Integrata yet to book,1235308631,1235308631,4551456423,-590882299,2021-07-29
6645,,12_349816_CACEIS,505077780,OB,OB,No-pair,wire transfer,Caceis booked the wire transfer for SD 03-29-2019. Integrata yet to book,505077780,505077780,4551456423,-590882299,2021-07-29
6646,,706_4551232906_CACEIS,1780156934,OB,OB,No-pair,fx wire,Caceis booked the fx wire for SD 02-16-2021. Integrata yet to book,1780156934,1780156934,4551456423,-590882299,2021-07-29
6647,,439_4551149959_CACEIS,1667623292,OB,OB,No-pair,fx wire,Caceis booked the fx wire for SD 12-15-2020. Integrata yet to book,1667623292,1667623292,4551456423,-590882299,2021-07-29
6648,,9_4551125930_CACEIS,1635426499,OB,OB,No-pair,fx wire,Caceis booked the fx wire for SD 11-27-2020. Integrata yet to book,1635426499,1635426499,4551456423,-590882299,2021-07-29
6649,,30_4551018409_CACEIS,1492757264,OB,OB,No-pair,fees,Caceis booked the fees for SD 09-10-2020. Integrata yet to book,1492757264,1492757264,4551456423,-590882299,2021-07-29
6650,,752_455822501_CACEIS,1235308562,OB,OB,No-pair,wire transfer,Caceis booked the wire transfer for SD 04-14-2020. Integrata yet to book,1235308562,1235308562,4551456423,-590882299,2021-07-29
6651,,162_4551232906_CACEIS,1780156482,OB,OB,No-pair,fx wire,Caceis booked the fx wire for SD 02-16-2021. Integrata yet to book,1780156482,1780156482,4551456423,-590882299,2021-07-29
6652,,379_455862625_CACEIS,1287003697,OB,OB,No-pair,fx wire,Caceis booked the fx wire for SD 05-15-2020. Integrata yet to book,1287003697,1287003697,4551456423,-590882299,2021-07-29
6653,,41_4551097416_CACEIS,1597270288,OB,OB,No-pair,wire transfer,Caceis booked the wire transfer for SD 11-06-2020. Integrata yet to book,1597270288,1597270288,4551456423,-590882299,2021-07-29
6654,,453_455862625_CACEIS,1287003910,OB,OB,No-pair,fx wire,Caceis booked the fx wire for SD 05-15-2020. Integrata yet to book,1287003910,1287003910,4551456423,-590882299,2021-07-29
6655,,399_455862625_CACEIS,1287003606,OB,OB,No-pair,fx wire,Caceis booked the fx wire for SD 05-15-2020. Integrata yet to book,1287003606,1287003606,4551456423,-590882299,2021-07-29
6656,,306_4551191593_CACEIS,1722905297,OB,OB,No-pair,fx wire,Caceis booked the fx wire for SD 01-15-2021. Integrata yet to book,1722905297,1722905297,4551456423,-590882299,2021-07-29
6657,,1078_455643841_CACEIS,975324150,OB,OB,No-pair,wire transfer,Caceis booked the wire transfer for SD 11-13-2019. Integrata yet to book,975324150,975324150,4551456423,-590882299,2021-07-29
6658,,428_4551191593_CACEIS,1722905442,OB,OB,No-pair,fx wire,Caceis booked the fx wire for SD 01-15-2021. Integrata yet to book,1722905442,1722905442,4551456423,-590882299,2021-07-29
6659,,8_455393220_CACEIS,569239742,OB,OB,No-pair,fx wire,Caceis booked the fx wire for SD 05-06-2019. Integrata yet to book,569239742,569239742,4551456423,-590882299,2021-07-29
6660,,33_455927788_CACEIS,1374347953,OB,OB,No-pair,fx wire,Caceis booked the fx wire for SD 07-06-2020. Integrata yet to book,1374347953,1374347953,4551456423,-590882299,2021-07-29
6661,,451_4551191593_CACEIS,1722905465,OB,OB,No-pair,fx wire,Caceis booked the fx wire for SD 01-15-2021. Integrata yet to book,1722905465,1722905465,4551456423,-590882299,2021-07-29
6662,,1014_455643841_CACEIS,975324086,OB,OB,No-pair,wire transfer,Caceis booked the wire transfer for SD 11-13-2019. Integrata yet to book,975324086,975324086,4551456423,-590882299,2021-07-29
6663,,461_455862625_CACEIS,1287003646,OB,OB,No-pair,fx wire,Caceis booked the fx wire for SD 05-15-2020. Integrata yet to book,1287003646,1287003646,4551456423,-590882299,2021-07-29
6664,,553_4551149959_CACEIS,1667623328,OB,OB,No-pair,fx wire,Caceis booked the fx wire for SD 12-15-2020. Integrata yet to book,1667623328,1667623328,4551456423,-590882299,2021-07-29
6665,,476_455643841_CACEIS,975323548,OB,OB,No-pair,fx wire,Caceis booked the fx wire for SD 11-15-2019. Integrata yet to book,975323548,975323548,4551456423,-590882299,2021-07-29
6666,,753_455822501_CACEIS,1235308572,OB,OB,No-pair,wire transfer,Caceis booked the wire transfer for SD 04-14-2020. Integrata yet to book,1235308572,1235308572,4551456423,-590882299,2021-07-29
6667,,90_368123_CACEIS,532374154,OB,OB,No-pair,fx wire,Caceis booked the fx wire for SD 04-15-2019. Integrata yet to book,532374154,532374154,4551456423,-590882299,2021-07-29
6668,,596_4551232906_CACEIS,1780156912,OB,OB,No-pair,fx wire,Caceis booked the fx wire for SD 02-16-2021. Integrata yet to book,1780156912,1780156912,4551456423,-590882299,2021-07-29
6669,,22_455755745_CACEIS,1145540682,OB,OB,No-pair,wire transfer,Caceis booked the wire transfer for SD 02-24-2020. Integrata yet to book,1145540682,1145540682,4551456423,-590882299,2021-07-29
6670,,70_455940640_CACEIS,1391596056,OB,OB,No-pair,fx wire,Caceis booked the fx wire for SD 07-15-2020. Integrata yet to book,1391596056,1391596056,4551456423,-590882299,2021-07-29
6671,,308_4551191593_CACEIS,1722905310,OB,OB,No-pair,fx wire,Caceis booked the fx wire for SD 01-15-2021. Integrata yet to book,1722905310,1722905310,4551456423,-590882299,2021-07-29
6672,,790_4551232906_CACEIS,1780157143,OB,OB,No-pair,fx wire,Caceis booked the fx wire for SD 02-16-2021. Integrata yet to book,1780157143,1780157143,4551456423,-590882299,2021-07-29
6673,,484_4551191593_CACEIS,1722905412,OB,OB,No-pair,fx wire,Caceis booked the fx wire for SD 01-15-2021. Integrata yet to book,1722905412,1722905412,4551456423,-590882299,2021-07-29
6674,,976_455643841_CACEIS,975324048,OB,OB,No-pair,wire transfer,Caceis booked the wire transfer for SD 11-13-2019. Integrata yet to book,975324048,975324048,4551456423,-590882299,2021-07-29
6675,,11_349816_CACEIS,505077777,OB,OB,No-pair,wire transfer,Caceis booked the wire transfer for SD 03-29-2019. Integrata yet to book,505077777,505077777,4551456423,-590882299,2021-07-29
6676,,231_4551436806_CACEIS,2049885906,OB,OB,No-pair,fx wire,Caceis booked the fx wire for SD 07-15-2021. Integrata yet to book,2049885906,2049885906,4551456423,-590882299,2021-07-29
6677,,1067_455643841_CACEIS,975324139,OB,OB,No-pair,wire transfer,Caceis booked the wire transfer for SD 11-13-2019. Integrata yet to book,975324139,975324139,4551456423,-590882299,2021-07-29
6678,,102_455900053_CACEIS,1336713248,OB,OB,No-pair,fx wire,Caceis booked the fx wire for SD 06-15-2020. Integrata yet to book,1336713248,1336713248,4551456423,-590882299,2021-07-29
6679,,271_455748445_CACEIS,1136275260,OB,OB,No-pair,fx wire,Caceis booked the fx wire for SD 02-18-2020. Integrata yet to book,1136275260,1136275260,4551456423,-590882299,2021-07-29
6680,,783_455862625_CACEIS,1287005281,OB,OB,No-pair,fx wire,Caceis booked the fx wire for SD 05-15-2020. Integrata yet to book,1287005281,1287005281,4551456423,-590882299,2021-07-29
6681,,198_455783582_CACEIS,1185159348,OB,OB,No-pair,fx wire,Caceis booked the fx wire for SD 03-16-2020. Integrata yet to book,1185159348,1185159348,4551456423,-590882299,2021-07-29
6682,,710_4551232906_CACEIS,1780157045,OB,OB,No-pair,fx wire,Caceis booked the fx wire for SD 02-16-2021. Integrata yet to book,1780157045,1780157045,4551456423,-590882299,2021-07-29
6683,,470_4551149959_CACEIS,1667623304,OB,OB,No-pair,fx wire,Caceis booked the fx wire for SD 12-15-2020. Integrata yet to book,1667623304,1667623304,4551456423,-590882299,2021-07-29
6684,,403_455822501_CACEIS,1235308393,OB,OB,No-pair,fx wire,Caceis booked the fx wire for SD 04-15-2020. Integrata yet to book,1235308393,1235308393,4551456423,-590882299,2021-07-29
6685,,6_4551169948_CACEIS,1694497055,OB,OB,No-pair,wire transfer,Caceis booked the wire transfer for SD 12-30-2020. Integrata yet to book,1694497055,1694497055,4551456423,-590882299,2021-07-29
6686,,44_455669415_CACEIS,1020661903,OB,OB,No-pair,fx wire,Caceis booked the fx wire for SD 12-16-2019. Integrata yet to book,1020661903,1020661903,4551456423,-590882299,2021-07-29
6687,,12_278910_CACEIS,390854438,OB,OB,No-pair,fx wire,Caceis booked the fx wire for SD 01-25-2019. Integrata yet to book,390854438,390854438,4551456423,-590882299,2021-07-29
6688,,56_4551430779_CACEIS,2043021976,OB,OB,No-pair,fees,Caceis booked the fees for SD 07-12-2021. Integrata yet to book,2043021976,2043021976,4551456423,-590882299,2021-07-29
6689,,95_4551436806_CACEIS,2049885855,OB,OB,No-pair,fx wire,Caceis booked the fx wire for SD 07-15-2021. Integrata yet to book,2049885855,2049885855,4551456423,-590882299,2021-07-29
6690,,223_455985296_CACEIS,1449581946,OB,OB,No-pair,fx wire,Caceis booked the fx wire for SD 08-17-2020. Integrata yet to book,1449581946,1449581946,4551456423,-590882299,2021-07-29
6691,,48_455777858_CACEIS,1177395782,OB,OB,No-pair,wire transfer,Caceis booked the wire transfer for SD 03-11-2020. Integrata yet to book,1177395782,1177395782,4551456423,-590882299,2021-07-29
6692,,85_4551109218_CACEIS,1613286696,OB,OB,No-pair,fx wire,Caceis booked the fx wire for SD 11-16-2020. Integrata yet to book,1613286696,1613286696,4551456423,-590882299,2021-07-29
6693,,13_4551136088_CACEIS,1649475180,OB,OB,No-pair,proceeds sell,Caceis booked the proceeds sell for SD 12-04-2020. Integrata yet to book,1649475180,1649475180,4551456423,-590882299,2021-07-29
6694,,540_4551149959_CACEIS,1667623207,OB,OB,No-pair,fx wire,Caceis booked the fx wire for SD 12-15-2020. Integrata yet to book,1667623207,1667623207,4551456423,-590882299,2021-07-29
6695,,39_455669415_CACEIS,1020661916,OB,OB,No-pair,fx wire,Caceis booked the fx wire for SD 12-16-2019. Integrata yet to book,1020661916,1020661916,4551456423,-590882299,2021-07-29
6696,,96_4551388882_CACEIS,1989667641,OB,OB,No-pair,fees,Caceis booked the fees for SD 06-10-2021. Integrata yet to book,1989667641,1989667641,4551456423,-590882299,2021-07-29
6697,,149_4551105378_CACEIS,1608089278,OB,OB,No-pair,wire transfer,Caceis booked the wire transfer for SD 11-12-2020. Integrata yet to book,1608089278,1608089278,4551456423,-590882299,2021-07-29
6698,,1056_455643841_CACEIS,975324128,OB,OB,No-pair,fees,Caceis booked the fees for SD 11-13-2019. Integrata yet to book,975324128,975324128,4551456423,-590882299,2021-07-29
6699,,252_4551313388_CACEIS,1883527887,OB,OB,No-pair,fx wire,Caceis booked the fx wire for SD 04-15-2021. Integrata yet to book,1883527887,1883527887,4551456423,-590882299,2021-07-29
6700,,10_333062_CACEIS,479846737,OB,OB,No-pair,fx wire,Caceis booked the fx wire for SD 03-15-2019. Integrata yet to book,479846737,479846737,4551456423,-590882299,2021-07-29
6701,,102_368123_CACEIS,532374155,OB,OB,No-pair,fx wire,Caceis booked the fx wire for SD 04-15-2019. Integrata yet to book,532374155,532374155,4551456423,-590882299,2021-07-29
6702,,101_4551313388_CACEIS,1883527737,OB,OB,No-pair,fx wire,Caceis booked the fx wire for SD 04-15-2021. Integrata yet to book,1883527737,1883527737,4551456423,-590882299,2021-07-29
6703,,79_455404958_CACEIS,585162383,OB,OB,No-pair,fx wire,Caceis booked the fx wire for SD 05-15-2019. Integrata yet to book,585162383,585162383,4551456423,-590882299,2021-07-29
6704,,3_455874345_CACEIS,1302176807,OB,OB,No-pair,wire transfer,Caceis booked the wire transfer for SD 05-26-2020. Integrata yet to book,1302176807,1302176807,4551456423,-590882299,2021-07-29
6705,,191_4551269721_CACEIS,1827474010,OB,OB,No-pair,fx wire,Caceis booked the fx wire for SD 03-15-2021. Integrata yet to book,1827474010,1827474010,4551456423,-590882299,2021-07-29
6706,,40_4551239617_CACEIS,1789074779,OB,OB,No-pair,fx wire,Caceis booked the fx wire for SD 02-19-2021. Integrata yet to book,1789074779,1789074779,4551456423,-590882299,2021-07-29
6707,,46_4551127906_CACEIS,1637981946,OB,OB,No-pair,monthend interest,Caceis booked the monthend interest for SD 12-01-2020. Integrata yet to book,1637981946,1637981946,4551456423,-590882299,2021-07-29
6708,,189_4551066313_CACEIS,1556876349,OB,OB,No-pair,fx wire,Caceis booked the fx wire for SD 10-15-2020. Integrata yet to book,1556876349,1556876349,4551456423,-590882299,2021-07-29
6709,,406_4551023983_CACEIS,1500214146,OB,OB,No-pair,fx wire,Caceis booked the fx wire for SD 09-15-2020. Integrata yet to book,1500214146,1500214146,4551456423,-590882299,2021-07-29
6710,,200_4551023983_CACEIS,1500214025,OB,OB,No-pair,fx wire,Caceis booked the fx wire for SD 09-15-2020. Integrata yet to book,1500214025,1500214025,4551456423,-590882299,2021-07-29
6711,,4_4551014647_CACEIS,1487748725,OB,OB,No-pair,wire transfer,Caceis booked the wire transfer for SD 09-08-2020. Integrata yet to book,1487748725,1487748725,4551456423,-590882299,2021-07-29
6712,,60_455516633_CACEIS,760048547,OB,OB,No-pair,fx wire,Caceis booked the fx wire for SD 08-16-2019. Integrata yet to book,760048547,760048547,4551456423,-590882299,2021-07-29
6713,,76_455900053_CACEIS,1336713335,OB,OB,No-pair,fx wire,Caceis booked the fx wire for SD 06-15-2020. Integrata yet to book,1336713335,1336713335,4551456423,-590882299,2021-07-29
6714,,243_455748445_CACEIS,1136275285,OB,OB,No-pair,fx wire,Caceis booked the fx wire for SD 02-18-2020. Integrata yet to book,1136275285,1136275285,4551456423,-590882299,2021-07-29
6715,,135_4551191593_CACEIS,1722905102,OB,OB,No-pair,fx wire,Caceis booked the fx wire for SD 01-15-2021. Integrata yet to book,1722905102,1722905102,4551456423,-590882299,2021-07-29
6716,,95_455753887_CACEIS,1143364852,OB,OB,No-pair,wire transfer,Caceis booked the wire transfer for SD 02-21-2020. Integrata yet to book,1143364852,1143364852,4551456423,-590882299,2021-07-29
6717,,14_4551142111_CACEIS,1657251528,OB,OB,No-pair,fees,Caceis booked the fees for SD 12-08-2020. Integrata yet to book,1657251528,1657251528,4551456423,-590882299,2021-07-29
6718,,48_4551097416_CACEIS,1597270282,OB,OB,No-pair,fx wire,Caceis booked the fx wire for SD 11-06-2020. Integrata yet to book,1597270282,1597270282,4551456423,-590882299,2021-07-29
6719,,135_4551105378_CACEIS,1608089208,OB,OB,No-pair,wire transfer,Caceis booked the wire transfer for SD 11-12-2020. Integrata yet to book,1608089208,1608089208,4551456423,-590882299,2021-07-29
6720,,983_455643841_CACEIS,975324055,OB,OB,No-pair,fees,Caceis booked the fees for SD 11-13-2019. Integrata yet to book,975324055,975324055,4551456423,-590882299,2021-07-29
6721,,1_455692818_CACEIS,1061966275,OB,OB,No-pair,wire transfer,Caceis booked the wire transfer for SD 01-03-2020. Integrata yet to book,1061966275,1061966275,4551456423,-590882299,2021-07-29
6722,,82_455808758_CACEIS,1217520423,OB,OB,No-pair,fx wire,Caceis booked the fx wire for SD 04-03-2020. Integrata yet to book,1217520423,1217520423,4551456423,-590882299,2021-07-29
6723,,50_455803095_CACEIS,1210223545,OB,OB,No-pair,monthend interest,Caceis booked the monthend interest for SD 04-01-2020. Integrata yet to book,1210223545,1210223545,4551456423,-590882299,2021-07-29
6724,,516_4551109218_CACEIS,1613287113,OB,OB,No-pair,fx wire,Caceis booked the fx wire for SD 11-16-2020. Integrata yet to book,1613287113,1613287113,4551456423,-590882299,2021-07-29
6725,,51_4551292839_CACEIS,1857221953,OB,OB,No-pair,wire transfer,Caceis booked the wire transfer for SD 03-31-2021. Integrata yet to book,1857221953,1857221953,4551456423,-590882299,2021-07-29
6726,,1_455905558_CACEIS,1344088058,OB,OB,No-pair,wire transfer,Caceis booked the wire transfer for SD 06-18-2020. Integrata yet to book,1344088058,1344088058,4551456423,-590882299,2021-07-29
6727,,439_455940640_CACEIS,1391596197,OB,OB,No-pair,fx wire,Caceis booked the fx wire for SD 07-15-2020. Integrata yet to book,1391596197,1391596197,4551456423,-590882299,2021-07-29
6728,,1018_455643841_CACEIS,975324090,OB,OB,No-pair,fees,Caceis booked the fees for SD 11-13-2019. Integrata yet to book,975324090,975324090,4551456423,-590882299,2021-07-29
6729,,617_4551232906_CACEIS,1780157017,OB,OB,No-pair,fx wire,Caceis booked the fx wire for SD 02-16-2021. Integrata yet to book,1780157017,1780157017,4551456423,-590882299,2021-07-29
6730,,11_455785049_CACEIS,1187309061,OB,OB,No-pair,wire transfer,Caceis booked the wire transfer for SD 03-17-2020. Integrata yet to book,1187309061,1187309061,4551456423,-590882299,2021-07-29
6731,,464_4551109218_CACEIS,1613287120,OB,OB,No-pair,fx wire,Caceis booked the fx wire for SD 11-16-2020. Integrata yet to book,1613287120,1613287120,4551456423,-590882299,2021-07-29
6732,,495_455900053_CACEIS,1336713998,OB,OB,No-pair,fx wire,Caceis booked the fx wire for SD 06-15-2020. Integrata yet to book,1336713998,1336713998,4551456423,-590882299,2021-07-29
6733,,79_455808758_CACEIS,1217520417,OB,OB,No-pair,fx wire,Caceis booked the fx wire for SD 04-03-2020. Integrata yet to book,1217520417,1217520417,4551456423,-590882299,2021-07-29
6734,,14_4551166054_CACEIS,1689088094,OB,OB,No-pair,fx wire,Caceis booked the fx wire for SD 12-28-2020. Integrata yet to book,1689088094,1689088094,4551456423,-590882299,2021-07-29
6735,,60_4551313388_CACEIS,1883527719,OB,OB,No-pair,fx wire,Caceis booked the fx wire for SD 04-15-2021. Integrata yet to book,1883527719,1883527719,4551456423,-590882299,2021-07-29
6736,,83_4551109218_CACEIS,1613286651,OB,OB,No-pair,fx wire,Caceis booked the fx wire for SD 11-16-2020. Integrata yet to book,1613286651,1613286651,4551456423,-590882299,2021-07-29
6737,,332_455643841_CACEIS,975323404,OB,OB,No-pair,fx wire,Caceis booked the fx wire for SD 11-15-2019. Integrata yet to book,975323404,975323404,4551456423,-590882299,2021-07-29
6738,,17_4551142111_CACEIS,1657251529,OB,OB,No-pair,fees,Caceis booked the fees for SD 12-08-2020. Integrata yet to book,1657251529,1657251529,4551456423,-590882299,2021-07-29
6739,,437_4551191593_CACEIS,1722905542,OB,OB,No-pair,fx wire,Caceis booked the fx wire for SD 01-15-2021. Integrata yet to book,1722905542,1722905542,4551456423,-590882299,2021-07-29
6740,,18_455909302_CACEIS,1349421699,OB,OB,No-pair,wire transfer,Caceis booked the wire transfer for SD 06-22-2020. Integrata yet to book,1349421699,1349421699,4551456423,-590882299,2021-07-29
6741,,30_4551044906_CACEIS,1528403638,OB,OB,No-pair,wire transfer,Caceis booked the wire transfer for SD 09-21-2020. Integrata yet to book,1528403638,1528403638,4551456423,-590882299,2021-07-29
6742,,110_306589_CACEIS,433998271,OB,OB,No-pair,fx wire,Caceis booked the fx wire for SD 02-15-2019. Integrata yet to book,433998271,433998271,4551456423,-590882299,2021-07-29
6743,,119_455900053_CACEIS,1336713120,OB,OB,No-pair,fx wire,Caceis booked the fx wire for SD 06-15-2020. Integrata yet to book,1336713120,1336713120,4551456423,-590882299,2021-07-29
6744,,108_455822501_CACEIS,1235307893,OB,OB,No-pair,fx wire,Caceis booked the fx wire for SD 04-15-2020. Integrata yet to book,1235307893,1235307893,4551456423,-590882299,2021-07-29
6745,,90_455782293_CACEIS,1183562980,OB,OB,No-pair,fx wire,Caceis booked the fx wire for SD 03-13-2020. Integrata yet to book,1183562980,1183562980,4551456423,-590882299,2021-07-29
6746,,2_455907521_CACEIS,1347197130,OB,OB,No-pair,wire transfer,Caceis booked the wire transfer for SD 06-05-2020. Integrata yet to book,1347197130,1347197130,4551456423,-590882299,2021-07-29
6747,,123_4551105378_CACEIS,1608089257,OB,OB,No-pair,wire transfer,Caceis booked the wire transfer for SD 11-12-2020. Integrata yet to book,1608089257,1608089257,4551456423,-590882299,2021-07-29
6748,,114_4551087502_CACEIS,1584326669,OB,OB,No-pair,monthend interest,Caceis booked the monthend interest for SD 11-01-2020. Integrata yet to book,1584326669,1584326669,4551456423,-590882299,2021-07-29
6749,,167_455726980_CACEIS,1107942629,OB,OB,No-pair,monthend interest,Caceis booked the monthend interest for SD 02-01-2020. Integrata yet to book,1107942629,1107942629,4551456423,-590882299,2021-07-29
6750,,455_4551191593_CACEIS,1722905407,OB,OB,No-pair,fx wire,Caceis booked the fx wire for SD 01-15-2021. Integrata yet to book,1722905407,1722905407,4551456423,-590882299,2021-07-29
6751,,4_4551138140_CACEIS,1652102178,OB,OB,No-pair,wire transfer,Caceis booked the wire transfer for SD 12-04-2020. Integrata yet to book,1652102178,1652102178,4551456423,-590882299,2021-07-29
6752,,3_455883482_CACEIS,1315193349,OB,OB,No-pair,wire transfer,Caceis booked the wire transfer for SD 06-02-2020. Integrata yet to book,1315193349,1315193349,4551456423,-590882299,2021-07-29
6753,,184_455985296_CACEIS,1449581931,OB,OB,No-pair,fx wire,Caceis booked the fx wire for SD 08-17-2020. Integrata yet to book,1449581931,1449581931,4551456423,-590882299,2021-07-29
6754,,523_455900053_CACEIS,1336714039,OB,OB,No-pair,fx wire,Caceis booked the fx wire for SD 06-15-2020. Integrata yet to book,1336714039,1336714039,4551456423,-590882299,2021-07-29
6755,,254_4551149959_CACEIS,1667623050,OB,OB,No-pair,fx wire,Caceis booked the fx wire for SD 12-15-2020. Integrata yet to book,1667623050,1667623050,4551456423,-590882299,2021-07-29
6756,,729_455643841_CACEIS,975323801,OB,OB,No-pair,monthend interest,Caceis booked the monthend interest for SD 10-31-2019. Integrata yet to book,975323801,975323801,4551456423,-590882299,2021-07-29
6757,,36_455853613_CACEIS,1275438478,OB,OB,No-pair,wire transfer,Caceis booked the wire transfer for SD 03-20-2020. Integrata yet to book,1275438478,1275438478,4551456423,-590882299,2021-07-29
6758,,15_4551438780_CACEIS,2052260395,OB,OB,No-pair,wire transfer,Caceis booked the wire transfer for SD 07-16-2021. Integrata yet to book,2052260395,2052260395,4551456423,-590882299,2021-07-29
6759,,1086_455643841_CACEIS,975324158,OB,OB,No-pair,fees,Caceis booked the fees for SD 11-13-2019. Integrata yet to book,975324158,975324158,4551456423,-590882299,2021-07-29
6760,,3_455543663_CACEIS,805149905,OB,OB,No-pair,fees,Caceis booked the fees for SD 09-06-2019. Integrata yet to book,805149905,805149905,4551456423,-590882299,2021-07-29
6761,,45_4551324555_CACEIS,1898109375,OB,OB,No-pair,fx wire,Caceis booked the fx wire for SD 04-23-2021. Integrata yet to book,1898109375,1898109375,4551456423,-590882299,2021-07-29
6762,,770_455822501_CACEIS,1235308779,OB,OB,No-pair,fx wire,Caceis booked the fx wire for SD 04-15-2020. Integrata yet to book,1235308779,1235308779,4551456423,-590882299,2021-07-29
6763,,101_455590588_CACEIS,883858359,OB,OB,No-pair,fx wire,Caceis booked the fx wire for SD 10-15-2019. Integrata yet to book,883858359,883858359,4551456423,-590882299,2021-07-29
6764,,830_455822501_CACEIS,1235308753,OB,OB,No-pair,fx wire,Caceis booked the fx wire for SD 04-15-2020. Integrata yet to book,1235308753,1235308753,4551456423,-590882299,2021-07-29
6765,,156_4551144082_CACEIS,1659707010,OB,OB,No-pair,wire transfer,Caceis booked the wire transfer for SD 12-10-2020. Integrata yet to book,1659707010,1659707010,4551456423,-590882299,2021-07-29
6766,,463_455822501_CACEIS,1235308287,OB,OB,No-pair,fx wire,Caceis booked the fx wire for SD 04-15-2020. Integrata yet to book,1235308287,1235308287,4551456423,-590882299,2021-07-29
6767,,1016_455643841_CACEIS,975324088,OB,OB,No-pair,fees,Caceis booked the fees for SD 11-13-2019. Integrata yet to book,975324088,975324088,4551456423,-590882299,2021-07-29
6768,,71_4551220415_CACEIS,1761955893,OB,OB,No-pair,wire transfer,Caceis booked the wire transfer for SD 02-04-2021. Integrata yet to book,1761955893,1761955893,4551456423,-590882299,2021-07-29
6769,,47_4551394628_CACEIS,1997244548,OB,OB,No-pair,fx wire,Caceis booked the fx wire for SD 06-15-2021. Integrata yet to book,1997244548,1997244548,4551456423,-590882299,2021-07-29
6770,,1_455824379_CACEIS,1237534479,OB,OB,No-pair,fees,Caceis booked the fees for SD 04-14-2020. Integrata yet to book,1237534479,1237534479,4551456423,-590882299,2021-07-29
6771,,349_455862625_CACEIS,1287003714,OB,OB,No-pair,fx wire,Caceis booked the fx wire for SD 05-15-2020. Integrata yet to book,1287003714,1287003714,4551456423,-590882299,2021-07-29
6772,,217_455643841_CACEIS,975323289,OB,OB,No-pair,wire transfer,Caceis booked the wire transfer for SD 11-12-2019. Integrata yet to book,975323289,975323289,4551456423,-590882299,2021-07-29
6773,,212_455669415_CACEIS,1020661985,OB,OB,No-pair,fx wire,Caceis booked the fx wire for SD 12-16-2019. Integrata yet to book,1020661985,1020661985,4551456423,-590882299,2021-07-29
6774,,106_455748445_CACEIS,1136275070,OB,OB,No-pair,fx wire,Caceis booked the fx wire for SD 02-18-2020. Integrata yet to book,1136275070,1136275070,4551456423,-590882299,2021-07-29
6775,,2_342776_CACEIS,493154687,OB,OB,No-pair,wire transfer,Caceis booked the wire transfer for SD 03-25-2019. Integrata yet to book,493154687,493154687,4551456423,-590882299,2021-07-29
6776,,27_455991947_CACEIS,1458088746,OB,OB,No-pair,fx wire,Caceis booked the fx wire for SD 08-21-2020. Integrata yet to book,1458088746,1458088746,4551456423,-590882299,2021-07-29
6777,,55_4551269721_CACEIS,1827473920,OB,OB,No-pair,fx wire,Caceis booked the fx wire for SD 03-15-2021. Integrata yet to book,1827473920,1827473920,4551456423,-590882299,2021-07-29
6778,,10_267975_CACEIS,368747206,OB,OB,No-pair,fx wire,Caceis booked the fx wire for SD 01-15-2019. Integrata yet to book,368747206,368747206,4551456423,-590882299,2021-07-29
6779,,74_455799620_CACEIS,1205700363,OB,OB,No-pair,fx wire,Caceis booked the fx wire for SD 03-27-2020. Integrata yet to book,1205700363,1205700363,4551456423,-590882299,2021-07-29
6780,,544_455783582_CACEIS,1185159783,OB,OB,No-pair,fx wire,Caceis booked the fx wire for SD 03-16-2020. Integrata yet to book,1185159783,1185159783,4551456423,-590882299,2021-07-29
6781,,3_455473263_CACEIS,686152173,OB,OB,No-pair,wire transfer,Caceis booked the wire transfer for SD 07-12-2019. Integrata yet to book,686152173,686152173,4551456423,-590882299,2021-07-29
6782,,291_455706635_CACEIS,1081907619,OB,OB,No-pair,fx wire,Caceis booked the fx wire for SD 01-15-2020. Integrata yet to book,1081907619,1081907619,4551456423,-590882299,2021-07-29
6783,,3_455824379_CACEIS,1237534483,OB,OB,No-pair,fees,Caceis booked the fees for SD 04-14-2020. Integrata yet to book,1237534483,1237534483,4551456423,-590882299,2021-07-29
6784,,56_455669415_CACEIS,1020661825,OB,OB,No-pair,fx wire,Caceis booked the fx wire for SD 12-16-2019. Integrata yet to book,1020661825,1020661825,4551456423,-590882299,2021-07-29
6785,,54_4551244633_CACEIS,1795375919,OB,OB,No-pair,monthend interest,Caceis booked the monthend interest for SD 02-25-2021. Integrata yet to book,1795375919,1795375919,4551456423,-590882299,2021-07-29
6786,,132_4551144082_CACEIS,1659707130,OB,OB,No-pair,wire transfer,Caceis booked the wire transfer for SD 12-10-2020. Integrata yet to book,1659707130,1659707130,4551456423,-590882299,2021-07-29
6787,,43_455590588_CACEIS,883858379,OB,OB,No-pair,fx wire,Caceis booked the fx wire for SD 10-15-2019. Integrata yet to book,883858379,883858379,4551456423,-590882299,2021-07-29
6788,,198_455862625_CACEIS,1287003166,OB,OB,No-pair,fx wire,Caceis booked the fx wire for SD 05-15-2020. Integrata yet to book,1287003166,1287003166,4551456423,-590882299,2021-07-29
6789,,90_4551354754_CACEIS,1942399548,OB,OB,No-pair,fx wire,Caceis booked the fx wire for SD 05-17-2021. Integrata yet to book,1942399548,1942399548,4551456423,-590882299,2021-07-29
6790,,333_455643841_CACEIS,975323405,OB,OB,No-pair,fx wire,Caceis booked the fx wire for SD 11-15-2019. Integrata yet to book,975323405,975323405,4551456423,-590882299,2021-07-29
6791,,43_455693832_CACEIS,1063035225,OB,OB,No-pair,fx wire,Caceis booked the fx wire for SD 01-06-2020. Integrata yet to book,1063035225,1063035225,4551456423,-590882299,2021-07-29
6792,,444_455748445_CACEIS,1136275399,OB,OB,No-pair,fx wire,Caceis booked the fx wire for SD 02-18-2020. Integrata yet to book,1136275399,1136275399,4551456423,-590882299,2021-07-29
6793,,68_4551299798_CACEIS,1866915155,OB,OB,No-pair,fx wire,Caceis booked the fx wire for SD 04-06-2021. Integrata yet to book,1866915155,1866915155,4551456423,-590882299,2021-07-29
6794,,135_455585083_CACEIS,874262471,OB,OB,No-pair,fees,Caceis booked the fees for SD 10-10-2019. Integrata yet to book,874262471,874262471,4551456423,-590882299,2021-07-29
6795,,108_4551087502_CACEIS,1584326602,OB,OB,No-pair,monthend interest,Caceis booked the monthend interest for SD 11-01-2020. Integrata yet to book,1584326602,1584326602,4551456423,-590882299,2021-07-29
6796,,442_4551023983_CACEIS,1500214154,OB,OB,No-pair,fx wire,Caceis booked the fx wire for SD 09-15-2020. Integrata yet to book,1500214154,1500214154,4551456423,-590882299,2021-07-29
6797,,39_455667500_CACEIS,1017540743,OB,OB,No-pair,fees,Caceis booked the fees for SD 12-12-2019. Integrata yet to book,1017540743,1017540743,4551456423,-590882299,2021-07-29
6798,,200_4551066313_CACEIS,1556876570,OB,OB,No-pair,fx wire,Caceis booked the fx wire for SD 10-15-2020. Integrata yet to book,1556876570,1556876570,4551456423,-590882299,2021-07-29
6799,,350_4551023983_CACEIS,1500214141,OB,OB,No-pair,fx wire,Caceis booked the fx wire for SD 09-15-2020. Integrata yet to book,1500214141,1500214141,4551456423,-590882299,2021-07-29
6800,,98_4551269721_CACEIS,1827473861,OB,OB,No-pair,fx wire,Caceis booked the fx wire for SD 03-15-2021. Integrata yet to book,1827473861,1827473861,4551456423,-590882299,2021-07-29
6801,,173_4551248485_CACEIS,1800039468,OB,OB,No-pair,fx wire,Caceis booked the fx wire for SD 02-26-2021. Integrata yet to book,1800039468,1800039468,4551456423,-590882299,2021-07-29
6802,,658_4551232906_CACEIS,1780157062,OB,OB,No-pair,fx wire,Caceis booked the fx wire for SD 02-16-2021. Integrata yet to book,1780157062,1780157062,4551456423,-590882299,2021-07-29
6803,,156_455978912_CACEIS,1441832253,OB,OB,No-pair,fees,Caceis booked the fees for SD 08-12-2020. Integrata yet to book,1441832253,1441832253,4551456423,-590882299,2021-07-29
6804,,13_4551001817_CACEIS,1470676032,OB,OB,No-pair,fx wire,Caceis booked the fx wire for SD 08-28-2020. Integrata yet to book,1470676032,1470676032,4551456423,-590882299,2021-07-29
6805,,517_455862625_CACEIS,1287004706,OB,OB,No-pair,fx wire,Caceis booked the fx wire for SD 05-15-2020. Integrata yet to book,1287004706,1287004706,4551456423,-590882299,2021-07-29
6806,,424_455940640_CACEIS,1391596361,OB,OB,No-pair,fx wire,Caceis booked the fx wire for SD 07-15-2020. Integrata yet to book,1391596361,1391596361,4551456423,-590882299,2021-07-29
6807,,220_4551066313_CACEIS,1556876605,OB,OB,No-pair,fx wire,Caceis booked the fx wire for SD 10-15-2020. Integrata yet to book,1556876605,1556876605,4551456423,-590882299,2021-07-29
6808,,57_4551299798_CACEIS,1866915114,OB,OB,No-pair,fx wire,Caceis booked the fx wire for SD 04-06-2021. Integrata yet to book,1866915114,1866915114,4551456423,-590882299,2021-07-29
6809,,48_333062_CACEIS,479846788,OB,OB,No-pair,fx wire,Caceis booked the fx wire for SD 03-15-2019. Integrata yet to book,479846788,479846788,4551456423,-590882299,2021-07-29
6810,,472_4551149959_CACEIS,1667623276,OB,OB,No-pair,fx wire,Caceis booked the fx wire for SD 12-15-2020. Integrata yet to book,1667623276,1667623276,4551456423,-590882299,2021-07-29
6811,,80_455762980_CACEIS,1156897798,OB,OB,No-pair,fx wire,Caceis booked the fx wire for SD 02-28-2020. Integrata yet to book,1156897798,1156897798,4551456423,-590882299,2021-07-29
6812,,75_4551039598_CACEIS,1521245938,OB,OB,No-pair,fx wire,Caceis booked the fx wire for SD 09-25-2020. Integrata yet to book,1521245938,1521245938,4551456423,-590882299,2021-07-29
6813,,291_4551354754_CACEIS,1942399714,OB,OB,No-pair,wire transfer,Caceis booked the wire transfer for SD 05-17-2021. Integrata yet to book,1942399714,1942399714,4551456423,-590882299,2021-07-29
6814,,19_4551011052_CACEIS,1483359826,OB,OB,No-pair,fx wire,Caceis booked the fx wire for SD 09-04-2020. Integrata yet to book,1483359826,1483359826,4551456423,-590882299,2021-07-29
6815,,75_455978912_CACEIS,1441832142,OB,OB,No-pair,fees,Caceis booked the fees for SD 08-12-2020. Integrata yet to book,1441832142,1441832142,4551456423,-590882299,2021-07-29
6816,,31_4551117124_CACEIS,1623224485,OB,OB,No-pair,wire transfer,Caceis booked the wire transfer for SD 11-20-2020. Integrata yet to book,1623224485,1623224485,4551456423,-590882299,2021-07-29
6817,,101_4551269721_CACEIS,1827473870,OB,OB,No-pair,fx wire,Caceis booked the fx wire for SD 03-15-2021. Integrata yet to book,1827473870,1827473870,4551456423,-590882299,2021-07-29
6818,,169_4551144082_CACEIS,1659707069,OB,OB,No-pair,wire transfer,Caceis booked the wire transfer for SD 12-10-2020. Integrata yet to book,1659707069,1659707069,4551456423,-590882299,2021-07-29
6819,,1_455481679_CACEIS,700117257,OB,OB,No-pair,fx wire,Caceis booked the fx wire for SD 07-19-2019. Integrata yet to book,700117257,700117257,4551456423,-590882299,2021-07-29
6820,,5_4551001817_CACEIS,1470676018,OB,OB,No-pair,wire transfer,Caceis booked the wire transfer for SD 08-27-2020. Integrata yet to book,1470676018,1470676018,4551456423,-590882299,2021-07-29
6821,,715_455862625_CACEIS,1287004995,OB,OB,No-pair,fx wire,Caceis booked the fx wire for SD 05-15-2020. Integrata yet to book,1287004995,1287004995,4551456423,-590882299,2021-07-29
6822,,390_455643841_CACEIS,975323462,OB,OB,No-pair,fx wire,Caceis booked the fx wire for SD 11-15-2019. Integrata yet to book,975323462,975323462,4551456423,-590882299,2021-07-29
6823,,420_455862625_CACEIS,1287003587,OB,OB,No-pair,fx wire,Caceis booked the fx wire for SD 05-15-2020. Integrata yet to book,1287003587,1287003587,4551456423,-590882299,2021-07-29
6824,,149_455978912_CACEIS,1441832236,OB,OB,No-pair,fees,Caceis booked the fees for SD 08-12-2020. Integrata yet to book,1441832236,1441832236,4551456423,-590882299,2021-07-29
6825,,9_455742022_CACEIS,1127725630,OB,OB,No-pair,wire transfer,Caceis booked the wire transfer for SD 02-12-2020. Integrata yet to book,1127725630,1127725630,4551456423,-590882299,2021-07-29
6826,,359_4551232906_CACEIS,1780156663,OB,OB,No-pair,fx wire,Caceis booked the fx wire for SD 02-16-2021. Integrata yet to book,1780156663,1780156663,4551456423,-590882299,2021-07-29
6827,,93_455693832_CACEIS,1063035278,OB,OB,No-pair,fees,Caceis booked the fees for SD 01-06-2020. Integrata yet to book,1063035278,1063035278,4551456423,-590882299,2021-07-29
6828,,490_4551149959_CACEIS,1667623307,OB,OB,No-pair,fx wire,Caceis booked the fx wire for SD 12-15-2020. Integrata yet to book,1667623307,1667623307,4551456423,-590882299,2021-07-29
6829,,463_4551149959_CACEIS,1667623263,OB,OB,No-pair,fx wire,Caceis booked the fx wire for SD 12-15-2020. Integrata yet to book,1667623263,1667623263,4551456423,-590882299,2021-07-29
6830,,105_4551248485_CACEIS,1800039560,OB,OB,No-pair,fx wire,Caceis booked the fx wire for SD 02-26-2021. Integrata yet to book,1800039560,1800039560,4551456423,-590882299,2021-07-29
6831,,20_455610697_CACEIS,917943284,OB,OB,No-pair,fx wire,Caceis booked the fx wire for SD 10-18-2019. Integrata yet to book,917943284,917943284,4551456423,-590882299,2021-07-29
6832,,20_4551107328_CACEIS,1610764971,OB,OB,No-pair,wire transfer,Caceis booked the wire transfer for SD 11-13-2020. Integrata yet to book,1610764971,1610764971,4551456423,-590882299,2021-07-29
6833,,75_455799620_CACEIS,1205700372,OB,OB,No-pair,fx wire,Caceis booked the fx wire for SD 03-27-2020. Integrata yet to book,1205700372,1205700372,4551456423,-590882299,2021-07-29
6834,,885_455822501_CACEIS,1235308718,OB,OB,No-pair,fx wire,Caceis booked the fx wire for SD 04-15-2020. Integrata yet to book,1235308718,1235308718,4551456423,-590882299,2021-07-29
6835,,119_4551109218_CACEIS,1613286675,OB,OB,No-pair,fx wire,Caceis booked the fx wire for SD 11-16-2020. Integrata yet to book,1613286675,1613286675,4551456423,-590882299,2021-07-29
6836,,241_4551436806_CACEIS,2049886029,OB,OB,No-pair,fx wire,Caceis booked the fx wire for SD 07-15-2021. Integrata yet to book,2049886029,2049886029,4551456423,-590882299,2021-07-29
6837,,162_4551144082_CACEIS,1659707114,OB,OB,No-pair,wire transfer,Caceis booked the wire transfer for SD 12-10-2020. Integrata yet to book,1659707114,1659707114,4551456423,-590882299,2021-07-29
6838,,17_455742022_CACEIS,1127725638,OB,OB,No-pair,wire transfer,Caceis booked the wire transfer for SD 02-12-2020. Integrata yet to book,1127725638,1127725638,4551456423,-590882299,2021-07-29
6839,,50_267975_CACEIS,368747262,OB,OB,No-pair,fx wire,Caceis booked the fx wire for SD 01-15-2019. Integrata yet to book,368747262,368747262,4551456423,-590882299,2021-07-29
6840,,729_455862625_CACEIS,1287004958,OB,OB,No-pair,fx wire,Caceis booked the fx wire for SD 05-15-2020. Integrata yet to book,1287004958,1287004958,4551456423,-590882299,2021-07-29
6841,,497_455900053_CACEIS,1336713988,OB,OB,No-pair,fx wire,Caceis booked the fx wire for SD 06-15-2020. Integrata yet to book,1336713988,1336713988,4551456423,-590882299,2021-07-29
6842,,89_455748445_CACEIS,1136275097,OB,OB,No-pair,fx wire,Caceis booked the fx wire for SD 02-18-2020. Integrata yet to book,1136275097,1136275097,4551456423,-590882299,2021-07-29
6843,,2_455759405_CACEIS,1151884755,OB,OB,No-pair,wire transfer,Caceis booked the wire transfer for SD 02-24-2020. Integrata yet to book,1151884755,1151884755,4551456423,-590882299,2021-07-29
6844,,60_455896330_CACEIS,1332271858,OB,OB,No-pair,fees,Caceis booked the fees for SD 06-10-2020. Integrata yet to book,1332271858,1332271858,4551456423,-590882299,2021-07-29
6845,,158_455978912_CACEIS,1441832101,OB,OB,No-pair,fees,Caceis booked the fees for SD 08-12-2020. Integrata yet to book,1441832101,1441832101,4551456423,-590882299,2021-07-29
6846,,709_455643841_CACEIS,975323781,OB,OB,No-pair,monthend interest,Caceis booked the monthend interest for SD 10-31-2019. Integrata yet to book,975323781,975323781,4551456423,-590882299,2021-07-29
6847,,3_455761196_CACEIS,1154270073,OB,OB,No-pair,wire transfer,Caceis booked the wire transfer for SD 02-26-2020. Integrata yet to book,1154270073,1154270073,4551456423,-590882299,2021-07-29
6848,,1322_455643841_CACEIS,975324394,OB,OB,No-pair,fx wire,Caceis booked the fx wire for SD 11-15-2019. Integrata yet to book,975324394,975324394,4551456423,-590882299,2021-07-29
6849,,22_455896330_CACEIS,1332271856,OB,OB,No-pair,fees,Caceis booked the fees for SD 06-10-2020. Integrata yet to book,1332271856,1332271856,4551456423,-590882299,2021-07-29
6850,,532_455900053_CACEIS,1336713982,OB,OB,No-pair,fx wire,Caceis booked the fx wire for SD 06-15-2020. Integrata yet to book,1336713982,1336713982,4551456423,-590882299,2021-07-29
6851,,42_455688261_CACEIS,1053516727,OB,OB,No-pair,monthend interest,Caceis booked the monthend interest for SD 01-01-2020. Integrata yet to book,1053516727,1053516727,4551456423,-590882299,2021-07-29
6852,,1_4551212605_CACEIS,1751569310,OB,OB,No-pair,wire transfer,Caceis booked the wire transfer for SD 02-01-2021. Integrata yet to book,1751569310,1751569310,4551456423,-590882299,2021-07-29
6853,,1526_455643841_CACEIS,975324598,OB,OB,No-pair,fx wire,Caceis booked the fx wire for SD 11-18-2019. Integrata yet to book,975324598,975324598,4551456423,-590882299,2021-07-29
6854,,19_4551373621_CACEIS,1970229500,OB,OB,No-pair,monthend interest,Caceis booked the monthend interest for SD 06-01-2021. Integrata yet to book,1970229500,1970229500,4551456423,-590882299,2021-07-29
6855,,10_455570278_CACEIS,849574823,OB,OB,No-pair,monthend interest,Caceis booked the monthend interest for SD 10-01-2019. Integrata yet to book,849574823,849574823,4551456423,-590882299,2021-07-29
6856,,24_4551277470_CACEIS,1837468625,OB,OB,No-pair,fx wire,Caceis booked the fx wire for SD 03-19-2021. Integrata yet to book,1837468625,1837468625,4551456423,-590882299,2021-07-29
6857,,80_4551097416_CACEIS,1597270301,OB,OB,No-pair,fx wire,Caceis booked the fx wire for SD 11-06-2020. Integrata yet to book,1597270301,1597270301,4551456423,-590882299,2021-07-29
6858,,21_455896330_CACEIS,1332271855,OB,OB,No-pair,fees,Caceis booked the fees for SD 06-10-2020. Integrata yet to book,1332271855,1332271855,4551456423,-590882299,2021-07-29
6859,,8_455559249_CACEIS,832862068,OB,OB,No-pair,proceeds sell,Caceis booked the proceeds sell for SD 09-19-2019. Integrata yet to book,832862068,832862068,4551456423,-590882299,2021-07-29
6860,,48_455742022_CACEIS,1127725680,OB,OB,No-pair,wire transfer,Caceis booked the wire transfer for SD 02-12-2020. Integrata yet to book,1127725680,1127725680,4551456423,-590882299,2021-07-29
6861,,18_455541826_CACEIS,801870151,OB,OB,No-pair,fx wire,Caceis booked the fx wire for SD 09-06-2019. Integrata yet to book,801870151,801870151,4551456423,-590882299,2021-07-29
6862,,48_455667500_CACEIS,1017540705,OB,OB,No-pair,fees,Caceis booked the fees for SD 12-12-2019. Integrata yet to book,1017540705,1017540705,4551456423,-590882299,2021-07-29
6863,,213_4551149959_CACEIS,1667623037,OB,OB,No-pair,wire transfer,Caceis booked the wire transfer for SD 12-15-2020. Integrata yet to book,1667623037,1667623037,4551456423,-590882299,2021-07-29
6864,,512_455643841_CACEIS,975323584,OB,OB,No-pair,fx wire,Caceis booked the fx wire for SD 11-15-2019. Integrata yet to book,975323584,975323584,4551456423,-590882299,2021-07-29
6865,,388_4551023983_CACEIS,1500214188,OB,OB,No-pair,fx wire,Caceis booked the fx wire for SD 09-15-2020. Integrata yet to book,1500214188,1500214188,4551456423,-590882299,2021-07-29
6866,,254_4551109218_CACEIS,1613286750,OB,OB,No-pair,fx wire,Caceis booked the fx wire for SD 11-16-2020. Integrata yet to book,1613286750,1613286750,4551456423,-590882299,2021-07-29
6867,,392_455643841_CACEIS,975323464,OB,OB,No-pair,fx wire,Caceis booked the fx wire for SD 11-15-2019. Integrata yet to book,975323464,975323464,4551456423,-590882299,2021-07-29
6868,,141_4551144082_CACEIS,1659707139,OB,OB,No-pair,wire transfer,Caceis booked the wire transfer for SD 12-10-2020. Integrata yet to book,1659707139,1659707139,4551456423,-590882299,2021-07-29
6869,,83_4551149959_CACEIS,1667622903,OB,OB,No-pair,fx wire,Caceis booked the fx wire for SD 12-15-2020. Integrata yet to book,1667622903,1667622903,4551456423,-590882299,2021-07-29
6870,,90_4551097416_CACEIS,1597270307,OB,OB,No-pair,fx wire,Caceis booked the fx wire for SD 11-06-2020. Integrata yet to book,1597270307,1597270307,4551456423,-590882299,2021-07-29
6871,,218_455985296_CACEIS,1449582022,OB,OB,No-pair,fx wire,Caceis booked the fx wire for SD 08-17-2020. Integrata yet to book,1449582022,1449582022,4551456423,-590882299,2021-07-29
6872,,20_455803095_CACEIS,1210223487,OB,OB,No-pair,monthend interest,Caceis booked the monthend interest for SD 04-01-2020. Integrata yet to book,1210223487,1210223487,4551456423,-590882299,2021-07-29
6873,,372_455900053_CACEIS,1336714006,OB,OB,No-pair,fx wire,Caceis booked the fx wire for SD 06-15-2020. Integrata yet to book,1336714006,1336714006,4551456423,-590882299,2021-07-29
6874,,116_455978912_CACEIS,1441832244,OB,OB,No-pair,fees,Caceis booked the fees for SD 08-12-2020. Integrata yet to book,1441832244,1441832244,4551456423,-590882299,2021-07-29
6875,,1_455697538_CACEIS,1069441611,OB,OB,No-pair,wire transfer,Caceis booked the wire transfer for SD 01-08-2020. Integrata yet to book,1069441611,1069441611,4551456423,-590882299,2021-07-29
6876,,305_4551313388_CACEIS,1883527909,OB,OB,No-pair,fx wire,Caceis booked the fx wire for SD 04-15-2021. Integrata yet to book,1883527909,1883527909,4551456423,-590882299,2021-07-29
6877,,449_4551023983_CACEIS,1500214201,OB,OB,No-pair,fx wire,Caceis booked the fx wire for SD 09-15-2020. Integrata yet to book,1500214201,1500214201,4551456423,-590882299,2021-07-29
6878,,16_4551311496_CACEIS,1881179932,OB,OB,No-pair,fees,Caceis booked the fees for SD 04-14-2021. Integrata yet to book,1881179932,1881179932,4551456423,-590882299,2021-07-29
6879,,203_4551232906_CACEIS,1780156699,OB,OB,No-pair,fx wire,Caceis booked the fx wire for SD 02-16-2021. Integrata yet to book,1780156699,1780156699,4551456423,-590882299,2021-07-29
6880,,31_455669415_CACEIS,1020661757,OB,OB,No-pair,fx wire,Caceis booked the fx wire for SD 12-16-2019. Integrata yet to book,1020661757,1020661757,4551456423,-590882299,2021-07-29
6881,,88_455693832_CACEIS,1063035238,OB,OB,No-pair,fees,Caceis booked the fees for SD 01-06-2020. Integrata yet to book,1063035238,1063035238,4551456423,-590882299,2021-07-29
6882,,7_455658450_CACEIS,1002374631,OB,OB,No-pair,fx wire,Caceis booked the fx wire for SD 12-06-2019. Integrata yet to book,1002374631,1002374631,4551456423,-590882299,2021-07-29
6883,,1309_455643841_CACEIS,975324381,OB,OB,No-pair,fx wire,Caceis booked the fx wire for SD 11-15-2019. Integrata yet to book,975324381,975324381,4551456423,-590882299,2021-07-29
6884,,56_455590588_CACEIS,883858472,OB,OB,No-pair,fx wire,Caceis booked the fx wire for SD 10-15-2019. Integrata yet to book,883858472,883858472,4551456423,-590882299,2021-07-29
6885,,502_4551066313_CACEIS,1556876718,OB,OB,No-pair,fx wire,Caceis booked the fx wire for SD 10-15-2020. Integrata yet to book,1556876718,1556876718,4551456423,-590882299,2021-07-29
6886,,85_455978912_CACEIS,1441832126,OB,OB,No-pair,fees,Caceis booked the fees for SD 08-12-2020. Integrata yet to book,1441832126,1441832126,4551456423,-590882299,2021-07-29
6887,,77_4551232906_CACEIS,1780156406,OB,OB,No-pair,fx wire,Caceis booked the fx wire for SD 02-16-2021. Integrata yet to book,1780156406,1780156406,4551456423,-590882299,2021-07-29
6888,,90_4551109218_CACEIS,1613286690,OB,OB,No-pair,fx wire,Caceis booked the fx wire for SD 11-16-2020. Integrata yet to book,1613286690,1613286690,4551456423,-590882299,2021-07-29
6889,,277_4551436806_CACEIS,2049885986,OB,OB,No-pair,fx wire,Caceis booked the fx wire for SD 07-15-2021. Integrata yet to book,2049885986,2049885986,4551456423,-590882299,2021-07-29
6890,,154_4551144082_CACEIS,1659707141,OB,OB,No-pair,wire transfer,Caceis booked the wire transfer for SD 12-10-2020. Integrata yet to book,1659707141,1659707141,4551456423,-590882299,2021-07-29
6891,,8_4551097416_CACEIS,1597270303,OB,OB,No-pair,fx wire,Caceis booked the fx wire for SD 11-06-2020. Integrata yet to book,1597270303,1597270303,4551456423,-590882299,2021-07-29
6892,,1200_455643841_CACEIS,975324272,OB,OB,No-pair,fx wire,Caceis booked the fx wire for SD 11-15-2019. Integrata yet to book,975324272,975324272,4551456423,-590882299,2021-07-29
6893,,22_324834_CACEIS,466999394,OB,OB,No-pair,fees,Caceis booked the fees for SD 03-07-2019. Integrata yet to book,466999394,466999394,4551456423,-590882299,2021-07-29
6894,,302_455900053_CACEIS,1336713836,OB,OB,No-pair,fx wire,Caceis booked the fx wire for SD 06-15-2020. Integrata yet to book,1336713836,1336713836,4551456423,-590882299,2021-07-29
6895,,309_4551313388_CACEIS,1883527919,OB,OB,No-pair,fx wire,Caceis booked the fx wire for SD 04-15-2021. Integrata yet to book,1883527919,1883527919,4551456423,-590882299,2021-07-29
6896,,174_455934920_CACEIS,1383926737,OB,OB,No-pair,wire transfer,Caceis booked the wire transfer for SD 07-10-2020. Integrata yet to book,1383926737,1383926737,4551456423,-590882299,2021-07-29
6897,,82_455978912_CACEIS,1441832241,OB,OB,No-pair,fees,Caceis booked the fees for SD 08-12-2020. Integrata yet to book,1441832241,1441832241,4551456423,-590882299,2021-07-29
6898,,42_4551256295_CACEIS,1810321917,OB,OB,No-pair,wire transfer,Caceis booked the wire transfer for SD 03-03-2021. Integrata yet to book,1810321917,1810321917,4551456423,-590882299,2021-07-29
6899,,41_4551311496_CACEIS,1881179939,OB,OB,No-pair,fees,Caceis booked the fees for SD 04-14-2021. Integrata yet to book,1881179939,1881179939,4551456423,-590882299,2021-07-29
6900,,82_455726980_CACEIS,1107942522,OB,OB,No-pair,wire transfer,Caceis booked the wire transfer for SD 01-31-2020. Integrata yet to book,1107942522,1107942522,4551456423,-590882299,2021-07-29
6901,,89_455978912_CACEIS,1441832231,OB,OB,No-pair,fees,Caceis booked the fees for SD 08-12-2020. Integrata yet to book,1441832231,1441832231,4551456423,-590882299,2021-07-29
6902,,55_455693832_CACEIS,1063035126,OB,OB,No-pair,fees,Caceis booked the fees for SD 01-06-2020. Integrata yet to book,1063035126,1063035126,4551456423,-590882299,2021-07-29
6903,,11_4551097416_CACEIS,1597270309,OB,OB,No-pair,fx wire,Caceis booked the fx wire for SD 11-06-2020. Integrata yet to book,1597270309,1597270309,4551456423,-590882299,2021-07-29
6904,,435_455748445_CACEIS,1136275453,OB,OB,No-pair,fx wire,Caceis booked the fx wire for SD 02-18-2020. Integrata yet to book,1136275453,1136275453,4551456423,-590882299,2021-07-29
6905,,717_455862625_CACEIS,1287004997,OB,OB,No-pair,fx wire,Caceis booked the fx wire for SD 05-15-2020. Integrata yet to book,1287004997,1287004997,4551456423,-590882299,2021-07-29
6906,,1314_455643841_CACEIS,975324386,OB,OB,No-pair,fx wire,Caceis booked the fx wire for SD 11-15-2019. Integrata yet to book,975324386,975324386,4551456423,-590882299,2021-07-29
6907,,143_455978912_CACEIS,1441832161,OB,OB,No-pair,fees,Caceis booked the fees for SD 08-12-2020. Integrata yet to book,1441832161,1441832161,4551456423,-590882299,2021-07-29
6908,,420_455985296_CACEIS,1449582172,OB,OB,No-pair,fx wire,Caceis booked the fx wire for SD 08-17-2020. Integrata yet to book,1449582172,1449582172,4551456423,-590882299,2021-07-29
6909,,21_4551142111_CACEIS,1657251530,OB,OB,No-pair,fees,Caceis booked the fees for SD 12-08-2020. Integrata yet to book,1657251530,1657251530,4551456423,-590882299,2021-07-29
6910,,55_4551334292_CACEIS,1911737192,OB,OB,No-pair,wire transfer,Caceis booked the wire transfer for SD 04-30-2021. Integrata yet to book,1911737192,1911737192,4551456423,-590882299,2021-07-29
6911,,75_4551232906_CACEIS,1780156405,OB,OB,No-pair,fx wire,Caceis booked the fx wire for SD 02-16-2021. Integrata yet to book,1780156405,1780156405,4551456423,-590882299,2021-07-29
6912,,79_455669415_CACEIS,1020661896,OB,OB,No-pair,fx wire,Caceis booked the fx wire for SD 12-16-2019. Integrata yet to book,1020661896,1020661896,4551456423,-590882299,2021-07-29
6913,,371_4551066313_CACEIS,1556876633,OB,OB,No-pair,fx wire,Caceis booked the fx wire for SD 10-15-2020. Integrata yet to book,1556876633,1556876633,4551456423,-590882299,2021-07-29
6914,,129_455762980_CACEIS,1156897713,OB,OB,No-pair,fx wire,Caceis booked the fx wire for SD 02-28-2020. Integrata yet to book,1156897713,1156897713,4551456423,-590882299,2021-07-29
6915,,151_455649350_CACEIS,985331622,OB,OB,No-pair,monthend interest,Caceis booked the monthend interest for SD 12-01-2019. Integrata yet to book,985331622,985331622,4551456423,-590882299,2021-07-29
6916,,38_4551060531_CACEIS,1548950626,OB,OB,No-pair,wire transfer,Caceis booked the wire transfer for SD 10-02-2020. Integrata yet to book,1548950626,1548950626,4551456423,-590882299,2021-07-29
6917,,308_455900053_CACEIS,1336713828,OB,OB,No-pair,fx wire,Caceis booked the fx wire for SD 06-15-2020. Integrata yet to book,1336713828,1336713828,4551456423,-590882299,2021-07-29
6918,,15_4551201062_CACEIS,1734565968,OB,OB,No-pair,fx wire,Caceis booked the fx wire for SD 01-22-2021. Integrata yet to book,1734565968,1734565968,4551456423,-590882299,2021-07-29
6919,,38_455516633_CACEIS,760048510,OB,OB,No-pair,fx wire,Caceis booked the fx wire for SD 08-16-2019. Integrata yet to book,760048510,760048510,4551456423,-590882299,2021-07-29
6920,,11_4551174457_CACEIS,1699762751,OB,OB,No-pair,fx wire,Caceis booked the fx wire for SD 01-04-2021. Integrata yet to book,1699762751,1699762751,4551456423,-590882299,2021-07-29
6921,,8_455772338_CACEIS,1169827513,OB,OB,No-pair,fx wire,Caceis booked the fx wire for SD 03-06-2020. Integrata yet to book,1169827513,1169827513,4551456423,-590882299,2021-07-29
6922,,437_4551023983_CACEIS,1500214178,OB,OB,No-pair,fx wire,Caceis booked the fx wire for SD 09-15-2020. Integrata yet to book,1500214178,1500214178,4551456423,-590882299,2021-07-29
6923,,2_4551417911_CACEIS,2027240611,OB,OB,No-pair,wire transfer,Caceis booked the wire transfer for SD 07-01-2021. Integrata yet to book,2027240611,2027240611,4551456423,-590882299,2021-07-29
6924,,25_455803095_CACEIS,1210223517,OB,OB,No-pair,monthend interest,Caceis booked the monthend interest for SD 04-01-2020. Integrata yet to book,1210223517,1210223517,4551456423,-590882299,2021-07-29
6925,,97_455963450_CACEIS,1421777864,OB,OB,No-pair,monthend interest,Caceis booked the monthend interest for SD 08-01-2020. Integrata yet to book,1421777864,1421777864,4551456423,-590882299,2021-07-29
6926,,476_455862625_CACEIS,1287003879,OB,OB,No-pair,fx wire,Caceis booked the fx wire for SD 05-15-2020. Integrata yet to book,1287003879,1287003879,4551456423,-590882299,2021-07-29
6927,,104_306589_CACEIS,433998254,OB,OB,No-pair,fx wire,Caceis booked the fx wire for SD 02-15-2019. Integrata yet to book,433998254,433998254,4551456423,-590882299,2021-07-29
6928,,1379_455643841_CACEIS,975324451,OB,OB,No-pair,fx wire,Caceis booked the fx wire for SD 11-15-2019. Integrata yet to book,975324451,975324451,4551456423,-590882299,2021-07-29
6929,,30_4551023983_CACEIS,1500213949,OB,OB,No-pair,fx wire,Caceis booked the fx wire for SD 09-15-2020. Integrata yet to book,1500213949,1500213949,4551456423,-590882299,2021-07-29
6930,,58_455742022_CACEIS,1127725688,OB,OB,No-pair,wire transfer,Caceis booked the wire transfer for SD 02-12-2020. Integrata yet to book,1127725688,1127725688,4551456423,-590882299,2021-07-29
6931,,57_455516633_CACEIS,760048562,OB,OB,No-pair,fx wire,Caceis booked the fx wire for SD 08-16-2019. Integrata yet to book,760048562,760048562,4551456423,-590882299,2021-07-29
6932,,447_4551191593_CACEIS,1722905508,OB,OB,No-pair,fx wire,Caceis booked the fx wire for SD 01-15-2021. Integrata yet to book,1722905508,1722905508,4551456423,-590882299,2021-07-29
6933,,72_4551232906_CACEIS,1780156500,OB,OB,No-pair,fx wire,Caceis booked the fx wire for SD 02-16-2021. Integrata yet to book,1780156500,1780156500,4551456423,-590882299,2021-07-29
6934,,37_267975_CACEIS,368747322,OB,OB,No-pair,fx wire,Caceis booked the fx wire for SD 01-15-2019. Integrata yet to book,368747322,368747322,4551456423,-590882299,2021-07-29
6935,,72_455742022_CACEIS,1127725709,OB,OB,No-pair,wire transfer,Caceis booked the wire transfer for SD 02-12-2020. Integrata yet to book,1127725709,1127725709,4551456423,-590882299,2021-07-29
6936,,26_455738681_CACEIS,1123054900,OB,OB,No-pair,corporate action,Caceis booked the corporate action for SD 02-07-2020. Integrata yet to book,1123054900,1123054900,4551456423,-590882299,2021-07-29
6937,,509_4551109218_CACEIS,1613287046,OB,OB,No-pair,fx wire,Caceis booked the fx wire for SD 11-16-2020. Integrata yet to book,1613287046,1613287046,4551456423,-590882299,2021-07-29
6938,,136_4551436806_CACEIS,2049885908,OB,OB,No-pair,fx wire,Caceis booked the fx wire for SD 07-15-2021. Integrata yet to book,2049885908,2049885908,4551456423,-590882299,2021-07-29
6939,,300_455590588_CACEIS,883858663,OB,OB,No-pair,fx wire,Caceis booked the fx wire for SD 10-15-2019. Integrata yet to book,883858663,883858663,4551456423,-590882299,2021-07-29
6940,,196_455985296_CACEIS,1449581923,OB,OB,No-pair,fx wire,Caceis booked the fx wire for SD 08-17-2020. Integrata yet to book,1449581923,1449581923,4551456423,-590882299,2021-07-29
6941,,13_284950_CACEIS,399852112,OB,OB,No-pair,dividend,Caceis booked the dividend for SD 01-17-2019. Integrata yet to book,399852112,399852112,4551456423,-590882299,2021-07-29
6942,,65_455978912_CACEIS,1441832207,OB,OB,No-pair,fees,Caceis booked the fees for SD 08-12-2020. Integrata yet to book,1441832207,1441832207,4551456423,-590882299,2021-07-29
6943,,134_455862625_CACEIS,1287002686,OB,OB,No-pair,fx wire,Caceis booked the fx wire for SD 05-15-2020. Integrata yet to book,1287002686,1287002686,4551456423,-590882299,2021-07-29
6944,,346_455862625_CACEIS,1287003694,OB,OB,No-pair,fx wire,Caceis booked the fx wire for SD 05-15-2020. Integrata yet to book,1287003694,1287003694,4551456423,-590882299,2021-07-29
6945,,10_455772338_CACEIS,1169827517,OB,OB,No-pair,fx wire,Caceis booked the fx wire for SD 03-06-2020. Integrata yet to book,1169827517,1169827517,4551456423,-590882299,2021-07-29
6946,,358_455590588_CACEIS,883858512,OB,OB,No-pair,fx wire,Caceis booked the fx wire for SD 10-15-2019. Integrata yet to book,883858512,883858512,4551456423,-590882299,2021-07-29
6947,,32_4551066313_CACEIS,1556876240,OB,OB,No-pair,fx wire,Caceis booked the fx wire for SD 10-15-2020. Integrata yet to book,1556876240,1556876240,4551456423,-590882299,2021-07-29
6948,,526_4551109218_CACEIS,1613287053,OB,OB,No-pair,fx wire,Caceis booked the fx wire for SD 11-16-2020. Integrata yet to book,1613287053,1613287053,4551456423,-590882299,2021-07-29
6949,,72_333062_CACEIS,479846802,OB,OB,No-pair,fx wire,Caceis booked the fx wire for SD 03-15-2019. Integrata yet to book,479846802,479846802,4551456423,-590882299,2021-07-29
6950,,137_455762980_CACEIS,1156897727,OB,OB,No-pair,fx wire,Caceis booked the fx wire for SD 02-28-2020. Integrata yet to book,1156897727,1156897727,4551456423,-590882299,2021-07-29
6951,,83_306589_CACEIS,433998251,OB,OB,No-pair,fx wire,Caceis booked the fx wire for SD 02-15-2019. Integrata yet to book,433998251,433998251,4551456423,-590882299,2021-07-29
6952,,106_455978912_CACEIS,1441832100,OB,OB,No-pair,fees,Caceis booked the fees for SD 08-12-2020. Integrata yet to book,1441832100,1441832100,4551456423,-590882299,2021-07-29
6953,,97_455649350_CACEIS,985331630,OB,OB,No-pair,fx wire,Caceis booked the fx wire for SD 11-29-2019. Integrata yet to book,985331630,985331630,4551456423,-590882299,2021-07-29
6954,,201_455934920_CACEIS,1383926661,OB,OB,No-pair,wire transfer,Caceis booked the wire transfer for SD 07-10-2020. Integrata yet to book,1383926661,1383926661,4551456423,-590882299,2021-07-29
6955,,78_455643841_CACEIS,975323150,OB,OB,No-pair,fx wire,Caceis booked the fx wire for SD 11-01-2019. Integrata yet to book,975323150,975323150,4551456423,-590882299,2021-07-29
6956,,202_455985296_CACEIS,1449581933,OB,OB,No-pair,fx wire,Caceis booked the fx wire for SD 08-17-2020. Integrata yet to book,1449581933,1449581933,4551456423,-590882299,2021-07-29
6957,,31_455963450_CACEIS,1421777855,OB,OB,No-pair,monthend interest,Caceis booked the monthend interest for SD 08-01-2020. Integrata yet to book,1421777855,1421777855,4551456423,-590882299,2021-07-29
6958,,176_455762980_CACEIS,1156897796,OB,OB,No-pair,monthend interest,Caceis booked the monthend interest for SD 03-01-2020. Integrata yet to book,1156897796,1156897796,4551456423,-590882299,2021-07-29
6959,,928_455643841_CACEIS,975324000,OB,OB,No-pair,fx wire,Caceis booked the fx wire for SD 11-08-2019. Integrata yet to book,975324000,975324000,4551456423,-590882299,2021-07-29
6960,,303_455590588_CACEIS,883858675,OB,OB,No-pair,fx wire,Caceis booked the fx wire for SD 10-15-2019. Integrata yet to book,883858675,883858675,4551456423,-590882299,2021-07-29
6961,,123_4551149959_CACEIS,1667622842,OB,OB,No-pair,fx wire,Caceis booked the fx wire for SD 12-15-2020. Integrata yet to book,1667622842,1667622842,4551456423,-590882299,2021-07-29
6962,,8_455844329_CACEIS,1263214820,OB,OB,No-pair,fx wire,Caceis booked the fx wire for SD 05-01-2020. Integrata yet to book,1263214820,1263214820,4551456423,-590882299,2021-07-29
6963,,892_455822501_CACEIS,1235308607,OB,OB,No-pair,wire transfer,Caceis booked the wire transfer for SD 04-14-2020. Integrata yet to book,1235308607,1235308607,4551456423,-590882299,2021-07-29
6964,,245_455985296_CACEIS,1449581927,OB,OB,No-pair,fx wire,Caceis booked the fx wire for SD 08-17-2020. Integrata yet to book,1449581927,1449581927,4551456423,-590882299,2021-07-29
6965,,116_4551191593_CACEIS,1722905141,OB,OB,No-pair,fx wire,Caceis booked the fx wire for SD 01-15-2021. Integrata yet to book,1722905141,1722905141,4551456423,-590882299,2021-07-29
6966,,8_455801281_CACEIS,1207671567,OB,OB,No-pair,wire transfer,Caceis booked the wire transfer for SD 03-30-2020. Integrata yet to book,1207671567,1207671567,4551456423,-590882299,2021-07-29
6967,,748_455643841_CACEIS,975323820,OB,OB,No-pair,monthend interest,Caceis booked the monthend interest for SD 10-31-2019. Integrata yet to book,975323820,975323820,4551456423,-590882299,2021-07-29
6968,,2_455736646_CACEIS,1120326820,OB,OB,No-pair,fx wire,Caceis booked the fx wire for SD 02-07-2020. Integrata yet to book,1120326820,1120326820,4551456423,-590882299,2021-07-29
6969,,224_4551269721_CACEIS,1827474040,OB,OB,No-pair,fx wire,Caceis booked the fx wire for SD 03-15-2021. Integrata yet to book,1827474040,1827474040,4551456423,-590882299,2021-07-29
6970,,166_455934920_CACEIS,1383926636,OB,OB,No-pair,wire transfer,Caceis booked the wire transfer for SD 07-10-2020. Integrata yet to book,1383926636,1383926636,4551456423,-590882299,2021-07-29
6971,,35_455916649_CACEIS,1359361399,OB,OB,No-pair,fx wire,Caceis booked the fx wire for SD 06-26-2020. Integrata yet to book,1359361399,1359361399,4551456423,-590882299,2021-07-29
6972,,34_4551411869_CACEIS,2018959490,OB,OB,No-pair,wire transfer,Caceis booked the wire transfer for SD 06-28-2021. Integrata yet to book,2018959490,2018959490,4551456423,-590882299,2021-07-29
6973,,987_455643841_CACEIS,975324059,OB,OB,No-pair,wire transfer,Caceis booked the wire transfer for SD 11-13-2019. Integrata yet to book,975324059,975324059,4551456423,-590882299,2021-07-29
6974,,69_4551191593_CACEIS,1722905143,OB,OB,No-pair,fx wire,Caceis booked the fx wire for SD 01-15-2021. Integrata yet to book,1722905143,1722905143,4551456423,-590882299,2021-07-29
6975,,32_4551003590_CACEIS,1473425994,OB,OB,No-pair,wire transfer,Caceis booked the wire transfer for SD 08-31-2020. Integrata yet to book,1473425994,1473425994,4551456423,-590882299,2021-07-29
6976,,4_4551448516_CACEIS,2064090589,OB,OB,No-pair,fx wire,Caceis booked the fx wire for SD 07-23-2021. Integrata yet to book,2064090589,2064090589,4551456423,-590882299,2021-07-29
6977,,10_455416215_CACEIS,599999220,OB,OB,No-pair,fx wire,Caceis booked the fx wire for SD 05-24-2019. Integrata yet to book,599999220,599999220,4551456423,-590882299,2021-07-29
6978,,308_455669415_CACEIS,1020662022,OB,OB,No-pair,fx wire,Caceis booked the fx wire for SD 12-16-2019. Integrata yet to book,1020662022,1020662022,4551456423,-590882299,2021-07-29
6979,,120_455762980_CACEIS,1156897721,OB,OB,No-pair,fx wire,Caceis booked the fx wire for SD 02-28-2020. Integrata yet to book,1156897721,1156897721,4551456423,-590882299,2021-07-29
6980,,409_455643841_CACEIS,975323481,OB,OB,No-pair,fx wire,Caceis booked the fx wire for SD 11-15-2019. Integrata yet to book,975323481,975323481,4551456423,-590882299,2021-07-29
6981,,104_4551436806_CACEIS,2049885770,OB,OB,No-pair,fx wire,Caceis booked the fx wire for SD 07-15-2021. Integrata yet to book,2049885770,2049885770,4551456423,-590882299,2021-07-29
6982,,427_455985296_CACEIS,1449582265,OB,OB,No-pair,fx wire,Caceis booked the fx wire for SD 08-17-2020. Integrata yet to book,1449582265,1449582265,4551456423,-590882299,2021-07-29
6983,,31_4551003590_CACEIS,1473425991,OB,OB,No-pair,wire transfer,Caceis booked the wire transfer for SD 08-31-2020. Integrata yet to book,1473425991,1473425991,4551456423,-590882299,2021-07-29
6984,,20_455726980_CACEIS,1107942604,OB,OB,No-pair,fx wire,Caceis booked the fx wire for SD 01-31-2020. Integrata yet to book,1107942604,1107942604,4551456423,-590882299,2021-07-29
6985,,407_455862625_CACEIS,1287003663,OB,OB,No-pair,fx wire,Caceis booked the fx wire for SD 05-15-2020. Integrata yet to book,1287003663,1287003663,4551456423,-590882299,2021-07-29
6986,,5_4551041118_CACEIS,1523324129,OB,OB,No-pair,wire transfer,Caceis booked the wire transfer for SD 09-28-2020. Integrata yet to book,1523324129,1523324129,4551456423,-590882299,2021-07-29
6987,,131_455688261_CACEIS,1053516703,OB,OB,No-pair,monthend interest,Caceis booked the monthend interest for SD 01-01-2020. Integrata yet to book,1053516703,1053516703,4551456423,-590882299,2021-07-29
6988,,3_455736646_CACEIS,1120326823,OB,OB,No-pair,fx wire,Caceis booked the fx wire for SD 02-07-2020. Integrata yet to book,1120326823,1120326823,4551456423,-590882299,2021-07-29
6989,,995_455643841_CACEIS,975324067,OB,OB,No-pair,wire transfer,Caceis booked the wire transfer for SD 11-13-2019. Integrata yet to book,975324067,975324067,4551456423,-590882299,2021-07-29
6990,,195_455669415_CACEIS,1020662011,OB,OB,No-pair,fx wire,Caceis booked the fx wire for SD 12-16-2019. Integrata yet to book,1020662011,1020662011,4551456423,-590882299,2021-07-29
6991,,2_4551341492_CACEIS,1922960760,OB,OB,No-pair,wire transfer,Caceis booked the wire transfer for SD 05-06-2021. Integrata yet to book,1922960760,1922960760,4551456423,-590882299,2021-07-29
6992,,3_4551448516_CACEIS,2064090588,OB,OB,No-pair,fx wire,Caceis booked the fx wire for SD 07-23-2021. Integrata yet to book,2064090588,2064090588,4551456423,-590882299,2021-07-29
6993,,354_4551232906_CACEIS,1780156767,OB,OB,No-pair,fx wire,Caceis booked the fx wire for SD 02-16-2021. Integrata yet to book,1780156767,1780156767,4551456423,-590882299,2021-07-29
6994,,418_455783582_CACEIS,1185159724,OB,OB,No-pair,fx wire,Caceis booked the fx wire for SD 03-16-2020. Integrata yet to book,1185159724,1185159724,4551456423,-590882299,2021-07-29
6995,,100_455822501_CACEIS,1235308001,OB,OB,No-pair,fx wire,Caceis booked the fx wire for SD 04-15-2020. Integrata yet to book,1235308001,1235308001,4551456423,-590882299,2021-07-29
6996,,282_4551191593_CACEIS,1722905338,OB,OB,No-pair,fx wire,Caceis booked the fx wire for SD 01-15-2021. Integrata yet to book,1722905338,1722905338,4551456423,-590882299,2021-07-29
6997,,35_4551334292_CACEIS,1911737187,OB,OB,No-pair,monthend interest,Caceis booked the monthend interest for SD 05-01-2021. Integrata yet to book,1911737187,1911737187,4551456423,-590882299,2021-07-29
6998,,4_455692818_CACEIS,1061966273,OB,OB,No-pair,wire transfer,Caceis booked the wire transfer for SD 01-03-2020. Integrata yet to book,1061966273,1061966273,4551456423,-590882299,2021-07-29
6999,,91_4551313388_CACEIS,1883527809,OB,OB,No-pair,fx wire,Caceis booked the fx wire for SD 04-15-2021. Integrata yet to book,1883527809,1883527809,4551456423,-590882299,2021-07-29
7000,,187_455934920_CACEIS,1383926767,OB,OB,No-pair,wire transfer,Caceis booked the wire transfer for SD 07-10-2020. Integrata yet to book,1383926767,1383926767,4551456423,-590882299,2021-07-29
7001,,1_4551037369_CACEIS,1518452131,OB,OB,No-pair,proceeds sell,Caceis booked the proceeds sell for SD 09-24-2020. Integrata yet to book,1518452131,1518452131,4551456423,-590882299,2021-07-29
7002,,15_4551287241_CACEIS,1850449283,OB,OB,No-pair,fx wire,Caceis booked the fx wire for SD 03-26-2021. Integrata yet to book,1850449283,1850449283,4551456423,-590882299,2021-07-29
7003,,17_455726980_CACEIS,1107942533,OB,OB,No-pair,fx wire,Caceis booked the fx wire for SD 01-31-2020. Integrata yet to book,1107942533,1107942533,4551456423,-590882299,2021-07-29
7004,,92_4551066313_CACEIS,1556876344,OB,OB,No-pair,fx wire,Caceis booked the fx wire for SD 10-15-2020. Integrata yet to book,1556876344,1556876344,4551456423,-590882299,2021-07-29
7005,,48_455978912_CACEIS,1441832167,OB,OB,No-pair,fees,Caceis booked the fees for SD 08-12-2020. Integrata yet to book,1441832167,1441832167,4551456423,-590882299,2021-07-29
7006,,10_4551077732_CACEIS,1571717933,OB,OB,No-pair,wire transfer,Caceis booked the wire transfer for SD 10-23-2020. Integrata yet to book,1571717933,1571717933,4551456423,-590882299,2021-07-29
7007,,430_455985296_CACEIS,1449582064,OB,OB,No-pair,fx wire,Caceis booked the fx wire for SD 08-17-2020. Integrata yet to book,1449582064,1449582064,4551456423,-590882299,2021-07-29
7008,,193_4551248485_CACEIS,1800039426,OB,OB,No-pair,fx wire,Caceis booked the fx wire for SD 02-26-2021. Integrata yet to book,1800039426,1800039426,4551456423,-590882299,2021-07-29
7009,,754_455822501_CACEIS,1235308581,OB,OB,No-pair,wire transfer,Caceis booked the wire transfer for SD 04-14-2020. Integrata yet to book,1235308581,1235308581,4551456423,-590882299,2021-07-29
7010,,66_455940640_CACEIS,1391595970,OB,OB,No-pair,fx wire,Caceis booked the fx wire for SD 07-15-2020. Integrata yet to book,1391595970,1391595970,4551456423,-590882299,2021-07-29
7011,,978_455822501_CACEIS,1235308720,OB,OB,No-pair,fx wire,Caceis booked the fx wire for SD 04-15-2020. Integrata yet to book,1235308720,1235308720,4551456423,-590882299,2021-07-29
7012,,466_455822501_CACEIS,1235308366,OB,OB,No-pair,fx wire,Caceis booked the fx wire for SD 04-15-2020. Integrata yet to book,1235308366,1235308366,4551456423,-590882299,2021-07-29
7013,,9_455794205_CACEIS,1198314309,OB,OB,No-pair,wire transfer,Caceis booked the wire transfer for SD 03-24-2020. Integrata yet to book,1198314309,1198314309,4551456423,-590882299,2021-07-29
7014,,161_455934920_CACEIS,1383926708,OB,OB,No-pair,wire transfer,Caceis booked the wire transfer for SD 07-10-2020. Integrata yet to book,1383926708,1383926708,4551456423,-590882299,2021-07-29
7015,,159_4551394628_CACEIS,1997244768,OB,OB,No-pair,wire transfer,Caceis booked the wire transfer for SD 06-15-2021. Integrata yet to book,1997244768,1997244768,4551456423,-590882299,2021-07-29
7016,,79_4551248485_CACEIS,1800039459,OB,OB,No-pair,wire transfer,Caceis booked the wire transfer for SD 02-26-2021. Integrata yet to book,1800039459,1800039459,4551456423,-590882299,2021-07-29
7017,,231_455940640_CACEIS,1391596175,OB,OB,No-pair,fx wire,Caceis booked the fx wire for SD 07-15-2020. Integrata yet to book,1391596175,1391596175,4551456423,-590882299,2021-07-29
7018,,153_4551144082_CACEIS,1659707124,OB,OB,No-pair,wire transfer,Caceis booked the wire transfer for SD 12-10-2020. Integrata yet to book,1659707124,1659707124,4551456423,-590882299,2021-07-29
7019,,450_4551191593_CACEIS,1722905437,OB,OB,No-pair,fx wire,Caceis booked the fx wire for SD 01-15-2021. Integrata yet to book,1722905437,1722905437,4551456423,-590882299,2021-07-29
7020,,281_4551354754_CACEIS,1942399734,OB,OB,No-pair,fx wire,Caceis booked the fx wire for SD 05-17-2021. Integrata yet to book,1942399734,1942399734,4551456423,-590882299,2021-07-29
7021,,104_455693832_CACEIS,1063035273,OB,OB,No-pair,fx wire,Caceis booked the fx wire for SD 01-06-2020. Integrata yet to book,1063035273,1063035273,4551456423,-590882299,2021-07-29
7022,,199_4551248485_CACEIS,1800039533,OB,OB,No-pair,fx wire,Caceis booked the fx wire for SD 02-26-2021. Integrata yet to book,1800039533,1800039533,4551456423,-590882299,2021-07-29
7023,,27_455693832_CACEIS,1063035290,OB,OB,No-pair,wire transfer,Caceis booked the wire transfer for SD 01-06-2020. Integrata yet to book,1063035290,1063035290,4551456423,-590882299,2021-07-29
7024,,47_455742022_CACEIS,1127725673,OB,OB,No-pair,wire transfer,Caceis booked the wire transfer for SD 02-12-2020. Integrata yet to book,1127725673,1127725673,4551456423,-590882299,2021-07-29
7025,,41_4551023983_CACEIS,1500213851,OB,OB,No-pair,fx wire,Caceis booked the fx wire for SD 09-15-2020. Integrata yet to book,1500213851,1500213851,4551456423,-590882299,2021-07-29
7026,,7_455676391_CACEIS,1031864558,OB,OB,No-pair,fx wire,Caceis booked the fx wire for SD 12-20-2019. Integrata yet to book,1031864558,1031864558,4551456423,-590882299,2021-07-29
7027,,121_4551436806_CACEIS,2049885897,OB,OB,No-pair,fx wire,Caceis booked the fx wire for SD 07-15-2021. Integrata yet to book,2049885897,2049885897,4551456423,-590882299,2021-07-29
7028,,88_455985296_CACEIS,1449581813,OB,OB,No-pair,fx wire,Caceis booked the fx wire for SD 08-17-2020. Integrata yet to book,1449581813,1449581813,4551456423,-590882299,2021-07-29
7029,,200_4551248485_CACEIS,1800039539,OB,OB,No-pair,fx wire,Caceis booked the fx wire for SD 02-26-2021. Integrata yet to book,1800039539,1800039539,4551456423,-590882299,2021-07-29
7030,,407_455985296_CACEIS,1449582041,OB,OB,No-pair,fx wire,Caceis booked the fx wire for SD 08-17-2020. Integrata yet to book,1449582041,1449582041,4551456423,-590882299,2021-07-29
7031,,13_455920273_CACEIS,1364559748,OB,OB,No-pair,monthend interest,Caceis booked the monthend interest for SD 07-01-2020. Integrata yet to book,1364559748,1364559748,4551456423,-590882299,2021-07-29
7032,,55_4551020261_CACEIS,1495478304,OB,OB,No-pair,fx wire,Caceis booked the fx wire for SD 09-11-2020. Integrata yet to book,1495478304,1495478304,4551456423,-590882299,2021-07-29
7033,,46_455799620_CACEIS,1205700383,OB,OB,No-pair,fx wire,Caceis booked the fx wire for SD 03-27-2020. Integrata yet to book,1205700383,1205700383,4551456423,-590882299,2021-07-29
7034,,61_455799620_CACEIS,1205700397,OB,OB,No-pair,wire transfer,Caceis booked the wire transfer for SD 03-27-2020. Integrata yet to book,1205700397,1205700397,4551456423,-590882299,2021-07-29
7035,,403_4551232906_CACEIS,1780156797,OB,OB,No-pair,fx wire,Caceis booked the fx wire for SD 02-16-2021. Integrata yet to book,1780156797,1780156797,4551456423,-590882299,2021-07-29
7036,,508_455783582_CACEIS,1185159607,OB,OB,No-pair,fx wire,Caceis booked the fx wire for SD 03-16-2020. Integrata yet to book,1185159607,1185159607,4551456423,-590882299,2021-07-29
7037,,12_455693832_CACEIS,1063035222,OB,OB,No-pair,wire transfer,Caceis booked the wire transfer for SD 01-06-2020. Integrata yet to book,1063035222,1063035222,4551456423,-590882299,2021-07-29
7038,,7_455963450_CACEIS,1421777728,OB,OB,No-pair,fx wire,Caceis booked the fx wire for SD 07-31-2020. Integrata yet to book,1421777728,1421777728,4551456423,-590882299,2021-07-29
7039,,739_455862625_CACEIS,1287005189,OB,OB,No-pair,fx wire,Caceis booked the fx wire for SD 05-15-2020. Integrata yet to book,1287005189,1287005189,4551456423,-590882299,2021-07-29
7040,,61_455669415_CACEIS,1020661754,OB,OB,No-pair,fx wire,Caceis booked the fx wire for SD 12-16-2019. Integrata yet to book,1020661754,1020661754,4551456423,-590882299,2021-07-29
7041,,467_455822501_CACEIS,1235308392,OB,OB,No-pair,fx wire,Caceis booked the fx wire for SD 04-15-2020. Integrata yet to book,1235308392,1235308392,4551456423,-590882299,2021-07-29
7042,,8_455426409_CACEIS,613605959,OB,OB,No-pair,fx wire,Caceis booked the fx wire for SD 06-03-2019. Integrata yet to book,613605959,613605959,4551456423,-590882299,2021-07-29
7043,,77_368123_CACEIS,532374108,OB,OB,No-pair,fx wire,Caceis booked the fx wire for SD 04-15-2019. Integrata yet to book,532374108,532374108,4551456423,-590882299,2021-07-29
7044,,4_4551134044_CACEIS,1646944681,OB,OB,No-pair,wire transfer,Caceis booked the wire transfer for SD 11-30-2020. Integrata yet to book,1646944681,1646944681,4551456423,-590882299,2021-07-29
7045,,14_455693832_CACEIS,1063035187,OB,OB,No-pair,fees,Caceis booked the fees for SD 01-06-2020. Integrata yet to book,1063035187,1063035187,4551456423,-590882299,2021-07-29
7046,,29_455853613_CACEIS,1275438472,OB,OB,No-pair,wire transfer,Caceis booked the wire transfer for SD 03-20-2020. Integrata yet to book,1275438472,1275438472,4551456423,-590882299,2021-07-29
7047,,713_455643841_CACEIS,975323785,OB,OB,No-pair,monthend interest,Caceis booked the monthend interest for SD 10-31-2019. Integrata yet to book,975323785,975323785,4551456423,-590882299,2021-07-29
7048,,219_4551023983_CACEIS,1500213979,OB,OB,No-pair,fx wire,Caceis booked the fx wire for SD 09-15-2020. Integrata yet to book,1500213979,1500213979,4551456423,-590882299,2021-07-29
7049,,5_4551162554_CACEIS,1685149828,OB,OB,No-pair,wire transfer,Caceis booked the wire transfer for SD 11-16-2020. Integrata yet to book,1685149828,1685149828,4551456423,-590882299,2021-07-29
7050,,855_455822501_CACEIS,1235308760,OB,OB,No-pair,fx wire,Caceis booked the fx wire for SD 04-15-2020. Integrata yet to book,1235308760,1235308760,4551456423,-590882299,2021-07-29
7051,,80_4551127906_CACEIS,1637981939,OB,OB,No-pair,monthend interest,Caceis booked the monthend interest for SD 12-01-2020. Integrata yet to book,1637981939,1637981939,4551456423,-590882299,2021-07-29
7052,,4_455667500_CACEIS,1017540690,OB,OB,No-pair,fx wire,Caceis booked the fx wire for SD 12-13-2019. Integrata yet to book,1017540690,1017540690,4551456423,-590882299,2021-07-29
7053,,4_455585083_CACEIS,874262407,OB,OB,No-pair,fees,Caceis booked the fees for SD 10-10-2019. Integrata yet to book,874262407,874262407,4551456423,-590882299,2021-07-29
7054,,502_455822501_CACEIS,1235308403,OB,OB,No-pair,fx wire,Caceis booked the fx wire for SD 04-15-2020. Integrata yet to book,1235308403,1235308403,4551456423,-590882299,2021-07-29
7055,,46_4551292839_CACEIS,1857221949,OB,OB,No-pair,proceeds sell,Caceis booked the proceeds sell for SD 03-31-2021. Integrata yet to book,1857221949,1857221949,4551456423,-590882299,2021-07-29
7056,,847_455822501_CACEIS,1235308652,OB,OB,No-pair,wire transfer,Caceis booked the wire transfer for SD 04-14-2020. Integrata yet to book,1235308652,1235308652,4551456423,-590882299,2021-07-29
7057,,30_4551264332_CACEIS,1819946117,OB,OB,No-pair,wire transfer,Caceis booked the wire transfer for SD 03-10-2021. Integrata yet to book,1819946117,1819946117,4551456423,-590882299,2021-07-29
7058,,29_455693832_CACEIS,1063035137,OB,OB,No-pair,wire transfer,Caceis booked the wire transfer for SD 01-06-2020. Integrata yet to book,1063035137,1063035137,4551456423,-590882299,2021-07-29
7059,,5_4551140123_CACEIS,1654668700,OB,OB,No-pair,wire transfer,Caceis booked the wire transfer for SD 12-08-2020. Integrata yet to book,1654668700,1654668700,4551456423,-590882299,2021-07-29
7060,,111_455822501_CACEIS,1235307955,OB,OB,No-pair,fx wire,Caceis booked the fx wire for SD 04-15-2020. Integrata yet to book,1235307955,1235307955,4551456423,-590882299,2021-07-29
7061,,91_455985296_CACEIS,1449581820,OB,OB,No-pair,fx wire,Caceis booked the fx wire for SD 08-17-2020. Integrata yet to book,1449581820,1449581820,4551456423,-590882299,2021-07-29
7062,,378_455590588_CACEIS,883858670,OB,OB,No-pair,fx wire,Caceis booked the fx wire for SD 10-15-2019. Integrata yet to book,883858670,883858670,4551456423,-590882299,2021-07-29
7063,,895_455822501_CACEIS,1235308586,OB,OB,No-pair,wire transfer,Caceis booked the wire transfer for SD 04-14-2020. Integrata yet to book,1235308586,1235308586,4551456423,-590882299,2021-07-29
7064,,1_455857124_CACEIS,1279775028,OB,OB,No-pair,wire transfer,Caceis booked the wire transfer for SD 05-12-2020. Integrata yet to book,1279775028,1279775028,4551456423,-590882299,2021-07-29
7065,,514_455783582_CACEIS,1185159739,OB,OB,No-pair,fx wire,Caceis booked the fx wire for SD 03-16-2020. Integrata yet to book,1185159739,1185159739,4551456423,-590882299,2021-07-29
7066,,9_455986572_CACEIS,1451140934,OB,OB,No-pair,proceeds sell,Caceis booked the proceeds sell for SD 08-18-2020. Integrata yet to book,1451140934,1451140934,4551456423,-590882299,2021-07-29
7067,,186_455934920_CACEIS,1383926753,OB,OB,No-pair,wire transfer,Caceis booked the wire transfer for SD 07-10-2020. Integrata yet to book,1383926753,1383926753,4551456423,-590882299,2021-07-29
7068,,475_4551066313_CACEIS,1556876644,OB,OB,No-pair,fx wire,Caceis booked the fx wire for SD 10-15-2020. Integrata yet to book,1556876644,1556876644,4551456423,-590882299,2021-07-29
7069,,13_455585083_CACEIS,874262446,OB,OB,No-pair,fees,Caceis booked the fees for SD 10-10-2019. Integrata yet to book,874262446,874262446,4551456423,-590882299,2021-07-29
7070,,1006_455643841_CACEIS,975324078,OB,OB,No-pair,wire transfer,Caceis booked the wire transfer for SD 11-13-2019. Integrata yet to book,975324078,975324078,4551456423,-590882299,2021-07-29
7071,,15_455909302_CACEIS,1349421697,OB,OB,No-pair,proceeds sell,Caceis booked the proceeds sell for SD 06-22-2020. Integrata yet to book,1349421697,1349421697,4551456423,-590882299,2021-07-29
7072,,9_455889377_CACEIS,1323110256,OB,OB,No-pair,fx wire,Caceis booked the fx wire for SD 06-05-2020. Integrata yet to book,1323110256,1323110256,4551456423,-590882299,2021-07-29
7073,,7_455383061_CACEIS,555496408,OB,OB,No-pair,fx wire,Caceis booked the fx wire for SD 04-26-2019. Integrata yet to book,555496408,555496408,4551456423,-590882299,2021-07-29
7074,,10_4551174457_CACEIS,1699762760,OB,OB,No-pair,wire transfer,Caceis booked the wire transfer for SD 01-04-2021. Integrata yet to book,1699762760,1699762760,4551456423,-590882299,2021-07-29
7075,,8_455692818_CACEIS,1061966284,OB,OB,No-pair,wire transfer,Caceis booked the wire transfer for SD 01-03-2020. Integrata yet to book,1061966284,1061966284,4551456423,-590882299,2021-07-29
7076,,74_4551354754_CACEIS,1942399540,OB,OB,No-pair,fx wire,Caceis booked the fx wire for SD 05-17-2021. Integrata yet to book,1942399540,1942399540,4551456423,-590882299,2021-07-29
7077,,80_455748445_CACEIS,1136275191,OB,OB,No-pair,fx wire,Caceis booked the fx wire for SD 02-18-2020. Integrata yet to book,1136275191,1136275191,4551456423,-590882299,2021-07-29
7078,,178_455822501_CACEIS,1235307967,OB,OB,No-pair,fx wire,Caceis booked the fx wire for SD 04-15-2020. Integrata yet to book,1235307967,1235307967,4551456423,-590882299,2021-07-29
7079,,912_455643841_CACEIS,975323984,OB,OB,No-pair,wire transfer,Caceis booked the wire transfer for SD 11-08-2019. Integrata yet to book,975323984,975323984,4551456423,-590882299,2021-07-29
7080,,33_4551264332_CACEIS,1819946001,OB,OB,No-pair,wire transfer,Caceis booked the wire transfer for SD 03-10-2021. Integrata yet to book,1819946001,1819946001,4551456423,-590882299,2021-07-29
7081,,42_4551411869_CACEIS,2018959447,OB,OB,No-pair,fx wire,Caceis booked the fx wire for SD 06-28-2021. Integrata yet to book,2018959447,2018959447,4551456423,-590882299,2021-07-29
7082,,122_4551239617_CACEIS,1789074804,OB,OB,No-pair,fx wire,Caceis booked the fx wire for SD 02-19-2021. Integrata yet to book,1789074804,1789074804,4551456423,-590882299,2021-07-29
7083,,1_4551252452_CACEIS,1805130267,OB,OB,No-pair,wire transfer,Caceis booked the wire transfer for SD 03-02-2021. Integrata yet to book,1805130267,1805130267,4551456423,-590882299,2021-07-29
7084,,26_455879764_CACEIS,1309543736,OB,OB,No-pair,monthend interest,Caceis booked the monthend interest for SD 06-01-2020. Integrata yet to book,1309543736,1309543736,4551456423,-590882299,2021-07-29
7085,,133_4551149959_CACEIS,1667622936,OB,OB,No-pair,fx wire,Caceis booked the fx wire for SD 12-15-2020. Integrata yet to book,1667622936,1667622936,4551456423,-590882299,2021-07-29
7086,,85_455643841_CACEIS,975323157,OB,OB,No-pair,fx wire,Caceis booked the fx wire for SD 11-01-2019. Integrata yet to book,975323157,975323157,4551456423,-590882299,2021-07-29
7087,,126_455585083_CACEIS,874262478,OB,OB,No-pair,wire transfer,Caceis booked the wire transfer for SD 10-10-2019. Integrata yet to book,874262478,874262478,4551456423,-590882299,2021-07-29
7088,,74_455726980_CACEIS,1107942563,OB,OB,No-pair,wire transfer,Caceis booked the wire transfer for SD 01-27-2020. Integrata yet to book,1107942563,1107942563,4551456423,-590882299,2021-07-29
7089,,83_455940640_CACEIS,1391596068,OB,OB,No-pair,fx wire,Caceis booked the fx wire for SD 07-15-2020. Integrata yet to book,1391596068,1391596068,4551456423,-590882299,2021-07-29
7090,,29_4551042956_CACEIS,1525553106,OB,OB,No-pair,wire transfer,Caceis booked the wire transfer for SD 09-17-2020. Integrata yet to book,1525553106,1525553106,4551456423,-590882299,2021-07-29
7091,,62_362773_CACEIS,523884373,OB,OB,No-pair,fees,Caceis booked the fees for SD 04-10-2019. Integrata yet to book,523884373,523884373,4551456423,-590882299,2021-07-29
7092,,5_455383061_CACEIS,555496407,OB,OB,No-pair,fx wire,Caceis booked the fx wire for SD 04-26-2019. Integrata yet to book,555496407,555496407,4551456423,-590882299,2021-07-29
7093,,27_455853613_CACEIS,1275438464,OB,OB,No-pair,wire transfer,Caceis booked the wire transfer for SD 03-20-2020. Integrata yet to book,1275438464,1275438464,4551456423,-590882299,2021-07-29
7094,,6_455643841_CACEIS,975323078,OB,OB,No-pair,monthend interest,Caceis booked the monthend interest for SD 10-31-2019. Integrata yet to book,975323078,975323078,4551456423,-590882299,2021-07-29
7095,,159_455688261_CACEIS,1053516728,OB,OB,No-pair,monthend interest,Caceis booked the monthend interest for SD 01-01-2020. Integrata yet to book,1053516728,1053516728,4551456423,-590882299,2021-07-29
7096,,362_4551023983_CACEIS,1500214081,OB,OB,No-pair,fx wire,Caceis booked the fx wire for SD 09-15-2020. Integrata yet to book,1500214081,1500214081,4551456423,-590882299,2021-07-29
7097,,4_455473263_CACEIS,686152170,OB,OB,No-pair,fx wire,Caceis booked the fx wire for SD 07-12-2019. Integrata yet to book,686152170,686152170,4551456423,-590882299,2021-07-29
7098,,60_4551044906_CACEIS,1528403600,OB,OB,No-pair,monthend interest,Caceis booked the monthend interest for SD 10-01-2020. Integrata yet to book,1528403600,1528403600,4551456423,-590882299,2021-07-29
7099,,83_455900053_CACEIS,1336713429,OB,OB,No-pair,fx wire,Caceis booked the fx wire for SD 06-15-2020. Integrata yet to book,1336713429,1336713429,4551456423,-590882299,2021-07-29
7100,,4_455761196_CACEIS,1154270074,OB,OB,No-pair,wire transfer,Caceis booked the wire transfer for SD 02-26-2020. Integrata yet to book,1154270074,1154270074,4551456423,-590882299,2021-07-29
7101,,85_368123_CACEIS,532374150,OB,OB,No-pair,fx wire,Caceis booked the fx wire for SD 04-15-2019. Integrata yet to book,532374150,532374150,4551456423,-590882299,2021-07-29
7102,,339_4551023983_CACEIS,1500214023,OB,OB,No-pair,fx wire,Caceis booked the fx wire for SD 09-15-2020. Integrata yet to book,1500214023,1500214023,4551456423,-590882299,2021-07-29
7103,,49_4551394628_CACEIS,1997244596,OB,OB,No-pair,fx wire,Caceis booked the fx wire for SD 06-15-2021. Integrata yet to book,1997244596,1997244596,4551456423,-590882299,2021-07-29
7104,,99_455762980_CACEIS,1156897876,OB,OB,No-pair,proceeds sell,Caceis booked the proceeds sell for SD 02-28-2020. Integrata yet to book,1156897876,1156897876,4551456423,-590882299,2021-07-29
7105,,46_362773_CACEIS,523884369,OB,OB,No-pair,fees,Caceis booked the fees for SD 04-10-2019. Integrata yet to book,523884369,523884369,4551456423,-590882299,2021-07-29
7106,,417_455748445_CACEIS,1136275438,OB,OB,No-pair,wire transfer,Caceis booked the wire transfer for SD 02-18-2020. Integrata yet to book,1136275438,1136275438,4551456423,-590882299,2021-07-29
7107,,178_4551210754_CACEIS,1748958297,OB,OB,No-pair,fx wire,Caceis booked the fx wire for SD 01-29-2021. Integrata yet to book,1748958297,1748958297,4551456423,-590882299,2021-07-29
7108,,37_455533322_CACEIS,787871222,OB,OB,No-pair,monthend interest,Caceis booked the monthend interest for SD 09-01-2019. Integrata yet to book,787871222,787871222,4551456423,-590882299,2021-07-29
7109,,735_4551232906_CACEIS,1780156965,OB,OB,No-pair,fx wire,Caceis booked the fx wire for SD 02-16-2021. Integrata yet to book,1780156965,1780156965,4551456423,-590882299,2021-07-29
7110,,44_4551239617_CACEIS,1789074810,OB,OB,No-pair,fx wire,Caceis booked the fx wire for SD 02-19-2021. Integrata yet to book,1789074810,1789074810,4551456423,-590882299,2021-07-29
7111,,520_4551109218_CACEIS,1613287115,OB,OB,No-pair,fx wire,Caceis booked the fx wire for SD 11-16-2020. Integrata yet to book,1613287115,1613287115,4551456423,-590882299,2021-07-29
7112,,2_455473263_CACEIS,686152168,OB,OB,No-pair,fx wire,Caceis booked the fx wire for SD 07-12-2019. Integrata yet to book,686152168,686152168,4551456423,-590882299,2021-07-29
7113,,534_455900053_CACEIS,1336713911,OB,OB,No-pair,fx wire,Caceis booked the fx wire for SD 06-15-2020. Integrata yet to book,1336713911,1336713911,4551456423,-590882299,2021-07-29
7114,,12_455383061_CACEIS,555496409,OB,OB,No-pair,fx wire,Caceis booked the fx wire for SD 04-26-2019. Integrata yet to book,555496409,555496409,4551456423,-590882299,2021-07-29
7115,,6_455701234_CACEIS,1075203697,OB,OB,No-pair,fx wire,Caceis booked the fx wire for SD 01-10-2020. Integrata yet to book,1075203697,1075203697,4551456423,-590882299,2021-07-29
7116,,68_455736646_CACEIS,1120326848,OB,OB,No-pair,fx wire,Caceis booked the fx wire for SD 02-07-2020. Integrata yet to book,1120326848,1120326848,4551456423,-590882299,2021-07-29
7117,,171_4551191593_CACEIS,1722905138,OB,OB,No-pair,fx wire,Caceis booked the fx wire for SD 01-15-2021. Integrata yet to book,1722905138,1722905138,4551456423,-590882299,2021-07-29
7118,,41_4551394628_CACEIS,1997244587,OB,OB,No-pair,fx wire,Caceis booked the fx wire for SD 06-15-2021. Integrata yet to book,1997244587,1997244587,4551456423,-590882299,2021-07-29
7119,,206_455940640_CACEIS,1391596043,OB,OB,No-pair,fx wire,Caceis booked the fx wire for SD 07-15-2020. Integrata yet to book,1391596043,1391596043,4551456423,-590882299,2021-07-29
7120,,52_455748445_CACEIS,1136275098,OB,OB,No-pair,fx wire,Caceis booked the fx wire for SD 02-18-2020. Integrata yet to book,1136275098,1136275098,4551456423,-590882299,2021-07-29
7121,,438_4551023983_CACEIS,1500214033,OB,OB,No-pair,fx wire,Caceis booked the fx wire for SD 09-15-2020. Integrata yet to book,1500214033,1500214033,4551456423,-590882299,2021-07-29
7122,,3_4551446567_CACEIS,2061724327,OB,OB,No-pair,wire transfer,Caceis booked the wire transfer for SD 06-16-2021. Integrata yet to book,2061724327,2061724327,4551456423,-590882299,2021-07-29
7123,,12_4551419402_CACEIS,2029730703,OB,OB,No-pair,fx wire,Caceis booked the fx wire for SD 07-02-2021. Integrata yet to book,2029730703,2029730703,4551456423,-590882299,2021-07-29
7124,,36_455985296_CACEIS,1449581883,OB,OB,No-pair,fx wire,Caceis booked the fx wire for SD 08-17-2020. Integrata yet to book,1449581883,1449581883,4551456423,-590882299,2021-07-29
7125,,188_4551210754_CACEIS,1748958306,OB,OB,No-pair,fx wire,Caceis booked the fx wire for SD 01-29-2021. Integrata yet to book,1748958306,1748958306,4551456423,-590882299,2021-07-29
7126,,33_455476582_CACEIS,691188425,OB,OB,No-pair,fx wire,Caceis booked the fx wire for SD 07-16-2019. Integrata yet to book,691188425,691188425,4551456423,-590882299,2021-07-29
7127,,498_4551109218_CACEIS,1613287015,OB,OB,No-pair,fx wire,Caceis booked the fx wire for SD 11-16-2020. Integrata yet to book,1613287015,1613287015,4551456423,-590882299,2021-07-29
7128,,41_455762980_CACEIS,1156897745,OB,OB,No-pair,monthend interest,Caceis booked the monthend interest for SD 03-01-2020. Integrata yet to book,1156897745,1156897745,4551456423,-590882299,2021-07-29
7129,,1_455901915_CACEIS,1339298896,OB,OB,No-pair,wire transfer,Caceis booked the wire transfer for SD 06-16-2020. Integrata yet to book,1339298896,1339298896,4551456423,-590882299,2021-07-29
7130,,12_455927788_CACEIS,1374347982,OB,OB,No-pair,fx wire,Caceis booked the fx wire for SD 07-06-2020. Integrata yet to book,1374347982,1374347982,4551456423,-590882299,2021-07-29
7131,,99_455442954_CACEIS,637183922,OB,OB,No-pair,fx wire,Caceis booked the fx wire for SD 06-17-2019. Integrata yet to book,637183922,637183922,4551456423,-590882299,2021-07-29
7132,,22_4551044906_CACEIS,1528403584,OB,OB,No-pair,wire transfer,Caceis booked the wire transfer for SD 09-25-2020. Integrata yet to book,1528403584,1528403584,4551456423,-590882299,2021-07-29
7133,,3_4551042956_CACEIS,1525553078,OB,OB,No-pair,monthend interest,Caceis booked the monthend interest for SD 09-29-2020. Integrata yet to book,1525553078,1525553078,4551456423,-590882299,2021-07-29
7134,,44_455799620_CACEIS,1205700368,OB,OB,No-pair,fx wire,Caceis booked the fx wire for SD 03-27-2020. Integrata yet to book,1205700368,1205700368,4551456423,-590882299,2021-07-29
7135,,99_4551144082_CACEIS,1659707092,OB,OB,No-pair,wire transfer,Caceis booked the wire transfer for SD 12-10-2020. Integrata yet to book,1659707092,1659707092,4551456423,-590882299,2021-07-29
7136,,2_455901915_CACEIS,1339298900,OB,OB,No-pair,wire transfer,Caceis booked the wire transfer for SD 06-16-2020. Integrata yet to book,1339298900,1339298900,4551456423,-590882299,2021-07-29
7137,,114_455748445_CACEIS,1136275125,OB,OB,No-pair,fx wire,Caceis booked the fx wire for SD 02-18-2020. Integrata yet to book,1136275125,1136275125,4551456423,-590882299,2021-07-29
7138,,414_455862625_CACEIS,1287003561,OB,OB,No-pair,fx wire,Caceis booked the fx wire for SD 05-15-2020. Integrata yet to book,1287003561,1287003561,4551456423,-590882299,2021-07-29
7139,,102_455585083_CACEIS,874262518,OB,OB,No-pair,wire transfer,Caceis booked the wire transfer for SD 10-10-2019. Integrata yet to book,874262518,874262518,4551456423,-590882299,2021-07-29
7140,,35_4551023983_CACEIS,1500213919,OB,OB,No-pair,fx wire,Caceis booked the fx wire for SD 09-15-2020. Integrata yet to book,1500213919,1500213919,4551456423,-590882299,2021-07-29
7141,,19_455920273_CACEIS,1364559775,OB,OB,No-pair,monthend interest,Caceis booked the monthend interest for SD 07-01-2020. Integrata yet to book,1364559775,1364559775,4551456423,-590882299,2021-07-29
7142,,9_4551201062_CACEIS,1734565935,OB,OB,No-pair,fx wire,Caceis booked the fx wire for SD 01-22-2021. Integrata yet to book,1734565935,1734565935,4551456423,-590882299,2021-07-29
7143,,486_455862625_CACEIS,1287004188,OB,OB,No-pair,fx wire,Caceis booked the fx wire for SD 05-15-2020. Integrata yet to book,1287004188,1287004188,4551456423,-590882299,2021-07-29
7144,,44_4551068550_CACEIS,1559437471,OB,OB,No-pair,fx wire,Caceis booked the fx wire for SD 10-16-2020. Integrata yet to book,1559437471,1559437471,4551456423,-590882299,2021-07-29
7145,,644_455643841_CACEIS,975323716,OB,OB,No-pair,monthend interest,Caceis booked the monthend interest for SD 10-31-2019. Integrata yet to book,975323716,975323716,4551456423,-590882299,2021-07-29
7146,,5_4551168254_CACEIS,1691686483,OB,OB,No-pair,fx wire,Caceis booked the fx wire for SD 12-29-2020. Integrata yet to book,1691686483,1691686483,4551456423,-590882299,2021-07-29
7147,,102_4551066313_CACEIS,1556876275,OB,OB,No-pair,fx wire,Caceis booked the fx wire for SD 10-15-2020. Integrata yet to book,1556876275,1556876275,4551456423,-590882299,2021-07-29
7148,,366_455940640_CACEIS,1391596239,OB,OB,No-pair,fx wire,Caceis booked the fx wire for SD 07-15-2020. Integrata yet to book,1391596239,1391596239,4551456423,-590882299,2021-07-29
7149,,52_455667500_CACEIS,1017540727,OB,OB,No-pair,fx wire,Caceis booked the fx wire for SD 12-13-2019. Integrata yet to book,1017540727,1017540727,4551456423,-590882299,2021-07-29
7150,,11_455927788_CACEIS,1374347979,OB,OB,No-pair,fx wire,Caceis booked the fx wire for SD 07-06-2020. Integrata yet to book,1374347979,1374347979,4551456423,-590882299,2021-07-29
7151,,156_455783582_CACEIS,1185159246,OB,OB,No-pair,wire transfer,Caceis booked the wire transfer for SD 03-16-2020. Integrata yet to book,1185159246,1185159246,4551456423,-590882299,2021-07-29
7152,,90_4551191593_CACEIS,1722905148,OB,OB,No-pair,fx wire,Caceis booked the fx wire for SD 01-15-2021. Integrata yet to book,1722905148,1722905148,4551456423,-590882299,2021-07-29
7153,,231_4551269721_CACEIS,1827474067,OB,OB,No-pair,fx wire,Caceis booked the fx wire for SD 03-15-2021. Integrata yet to book,1827474067,1827474067,4551456423,-590882299,2021-07-29
7154,,164_455822501_CACEIS,1235308006,OB,OB,No-pair,fx wire,Caceis booked the fx wire for SD 04-15-2020. Integrata yet to book,1235308006,1235308006,4551456423,-590882299,2021-07-29
7155,,56_4551144082_CACEIS,1659707110,OB,OB,No-pair,wire transfer,Caceis booked the wire transfer for SD 12-10-2020. Integrata yet to book,1659707110,1659707110,4551456423,-590882299,2021-07-29
7156,,3_4551237030_CACEIS,1785359339,OB,OB,No-pair,proceeds sell,Caceis booked the proceeds sell for SD 02-17-2021. Integrata yet to book,1785359339,1785359339,4551456423,-590882299,2021-07-29
7157,,354_455940640_CACEIS,1391596254,OB,OB,No-pair,fx wire,Caceis booked the fx wire for SD 07-15-2020. Integrata yet to book,1391596254,1391596254,4551456423,-590882299,2021-07-29
7158,,7_357741_CACEIS,516521702,OB,OB,No-pair,wire transfer,Caceis booked the wire transfer for SD 04-05-2019. Integrata yet to book,516521702,516521702,4551456423,-590882299,2021-07-29
7159,,820_455822501_CACEIS,1235308841,OB,OB,No-pair,fx wire,Caceis booked the fx wire for SD 04-15-2020. Integrata yet to book,1235308841,1235308841,4551456423,-590882299,2021-07-29
7160,,76_4551248485_CACEIS,1800039366,OB,OB,No-pair,fx wire,Caceis booked the fx wire for SD 02-26-2021. Integrata yet to book,1800039366,1800039366,4551456423,-590882299,2021-07-29
7161,,57_455748445_CACEIS,1136275113,OB,OB,No-pair,fx wire,Caceis booked the fx wire for SD 02-18-2020. Integrata yet to book,1136275113,1136275113,4551456423,-590882299,2021-07-29
7162,,7_278910_CACEIS,390854428,OB,OB,No-pair,fx wire,Caceis booked the fx wire for SD 01-25-2019. Integrata yet to book,390854428,390854428,4551456423,-590882299,2021-07-29
7163,,7_4551415924_CACEIS,2024089318,OB,OB,No-pair,monthend interest,Caceis booked the monthend interest for SD 07-01-2021. Integrata yet to book,2024089318,2024089318,4551456423,-590882299,2021-07-29
7164,,472_4551191593_CACEIS,1722905520,OB,OB,No-pair,fx wire,Caceis booked the fx wire for SD 01-15-2021. Integrata yet to book,1722905520,1722905520,4551456423,-590882299,2021-07-29
7165,,1_455515517_CACEIS,758065163,OB,OB,No-pair,fees,Caceis booked the fees for SD 08-14-2019. Integrata yet to book,758065163,758065163,4551456423,-590882299,2021-07-29
7166,,393_455940640_CACEIS,1391596288,OB,OB,No-pair,fx wire,Caceis booked the fx wire for SD 07-15-2020. Integrata yet to book,1391596288,1391596288,4551456423,-590882299,2021-07-29
7167,,13_455610697_CACEIS,916999950,OB,OB,No-pair,wire transfer,Caceis booked the wire transfer for SD 10-30-2019. Integrata yet to book,916999950,916999950,4551456423,-590882299,2021-07-29
7168,,4_455490220_CACEIS,714934073,OB,OB,No-pair,wire transfer,Caceis booked the wire transfer for SD 07-26-2019. Integrata yet to book,714934073,714934073,4551456423,-590882299,2021-07-29
7169,,20_455879764_CACEIS,1309543779,OB,OB,No-pair,monthend interest,Caceis booked the monthend interest for SD 06-01-2020. Integrata yet to book,1309543779,1309543779,4551456423,-590882299,2021-07-29
7170,,509_455900053_CACEIS,1336713993,OB,OB,No-pair,fx wire,Caceis booked the fx wire for SD 06-15-2020. Integrata yet to book,1336713993,1336713993,4551456423,-590882299,2021-07-29
7171,,131_4551264332_CACEIS,1819946043,OB,OB,No-pair,fees,Caceis booked the fees for SD 03-10-2021. Integrata yet to book,1819946043,1819946043,4551456423,-590882299,2021-07-29
7172,,137_4551018409_CACEIS,1492757268,OB,OB,No-pair,wire transfer,Caceis booked the wire transfer for SD 09-10-2020. Integrata yet to book,1492757268,1492757268,4551456423,-590882299,2021-07-29
7173,,51_4551144082_CACEIS,1659707064,OB,OB,No-pair,wire transfer,Caceis booked the wire transfer for SD 12-10-2020. Integrata yet to book,1659707064,1659707064,4551456423,-590882299,2021-07-29
7174,,41_455533322_CACEIS,787871202,OB,OB,No-pair,monthend interest,Caceis booked the monthend interest for SD 09-01-2019. Integrata yet to book,787871202,787871202,4551456423,-590882299,2021-07-29
7175,,205_455783582_CACEIS,1185159336,OB,OB,No-pair,fx wire,Caceis booked the fx wire for SD 03-16-2020. Integrata yet to book,1185159336,1185159336,4551456423,-590882299,2021-07-29
7176,,33_4551343376_CACEIS,1925737864,OB,OB,No-pair,wire transfer,Caceis booked the wire transfer for SD 05-03-2021. Integrata yet to book,1925737864,1925737864,4551456423,-590882299,2021-07-29
7177,,40_455842390_CACEIS,1260634959,OB,OB,No-pair,monthend interest,Caceis booked the monthend interest for SD 05-01-2020. Integrata yet to book,1260634959,1260634959,4551456423,-590882299,2021-07-29
7178,,350_455940640_CACEIS,1391596279,OB,OB,No-pair,fx wire,Caceis booked the fx wire for SD 07-15-2020. Integrata yet to book,1391596279,1391596279,4551456423,-590882299,2021-07-29
7179,,44_455879764_CACEIS,1309543723,OB,OB,No-pair,fx wire,Caceis booked the fx wire for SD 05-29-2020. Integrata yet to book,1309543723,1309543723,4551456423,-590882299,2021-07-29
7180,,452_4551066313_CACEIS,1556876706,OB,OB,No-pair,fx wire,Caceis booked the fx wire for SD 10-15-2020. Integrata yet to book,1556876706,1556876706,4551456423,-590882299,2021-07-29
7181,,130_4551105378_CACEIS,1608089241,OB,OB,No-pair,wire transfer,Caceis booked the wire transfer for SD 11-12-2020. Integrata yet to book,1608089241,1608089241,4551456423,-590882299,2021-07-29
7182,,464_4551066313_CACEIS,1556876635,OB,OB,No-pair,fx wire,Caceis booked the fx wire for SD 10-15-2020. Integrata yet to book,1556876635,1556876635,4551456423,-590882299,2021-07-29
7183,,75_4551248485_CACEIS,1800039518,OB,OB,No-pair,fx wire,Caceis booked the fx wire for SD 02-26-2021. Integrata yet to book,1800039518,1800039518,4551456423,-590882299,2021-07-29
7184,,9_455804770_CACEIS,1212351483,OB,OB,No-pair,fees,Caceis booked the fees for SD 04-01-2020. Integrata yet to book,1212351483,1212351483,4551456423,-590882299,2021-07-29
7185,,6_455725302_CACEIS,1105491798,OB,OB,No-pair,wire transfer,Caceis booked the wire transfer for SD 01-28-2020. Integrata yet to book,1105491798,1105491798,4551456423,-590882299,2021-07-29
7186,,103_4551239617_CACEIS,1789074899,OB,OB,No-pair,fx wire,Caceis booked the fx wire for SD 02-19-2021. Integrata yet to book,1789074899,1789074899,4551456423,-590882299,2021-07-29
7187,,129_455862625_CACEIS,1287002883,OB,OB,No-pair,fx wire,Caceis booked the fx wire for SD 05-15-2020. Integrata yet to book,1287002883,1287002883,4551456423,-590882299,2021-07-29
7188,,415_4551066313_CACEIS,1556876622,OB,OB,No-pair,fx wire,Caceis booked the fx wire for SD 10-15-2020. Integrata yet to book,1556876622,1556876622,4551456423,-590882299,2021-07-29
7189,,93_4551430779_CACEIS,2043021957,OB,OB,No-pair,fees,Caceis booked the fees for SD 07-12-2021. Integrata yet to book,2043021957,2043021957,4551456423,-590882299,2021-07-29
7190,,101_4551394628_CACEIS,1997244612,OB,OB,No-pair,fx wire,Caceis booked the fx wire for SD 06-15-2021. Integrata yet to book,1997244612,1997244612,4551456423,-590882299,2021-07-29
7191,,763_455862625_CACEIS,1287005019,OB,OB,No-pair,fx wire,Caceis booked the fx wire for SD 05-15-2020. Integrata yet to book,1287005019,1287005019,4551456423,-590882299,2021-07-29
7192,,468_4551066313_CACEIS,1556876447,OB,OB,No-pair,fx wire,Caceis booked the fx wire for SD 10-15-2020. Integrata yet to book,1556876447,1556876447,4551456423,-590882299,2021-07-29
7193,,88_455688261_CACEIS,1053516653,OB,OB,No-pair,monthend interest,Caceis booked the monthend interest for SD 01-01-2020. Integrata yet to book,1053516653,1053516653,4551456423,-590882299,2021-07-29
7194,,104_4551144082_CACEIS,1659707045,OB,OB,No-pair,wire transfer,Caceis booked the wire transfer for SD 12-10-2020. Integrata yet to book,1659707045,1659707045,4551456423,-590882299,2021-07-29
7195,,74_4551144082_CACEIS,1659707169,OB,OB,No-pair,wire transfer,Caceis booked the wire transfer for SD 12-10-2020. Integrata yet to book,1659707169,1659707169,4551456423,-590882299,2021-07-29
7196,,55_4551436806_CACEIS,2049885828,OB,OB,No-pair,fx wire,Caceis booked the fx wire for SD 07-15-2021. Integrata yet to book,2049885828,2049885828,4551456423,-590882299,2021-07-29
7197,,105_4551229444_CACEIS,1775243163,OB,OB,No-pair,wire transfer,Caceis booked the wire transfer for SD 02-12-2021. Integrata yet to book,1775243163,1775243163,4551456423,-590882299,2021-07-29
7198,,51_4551220415_CACEIS,1761956101,OB,OB,No-pair,fx wire,Caceis booked the fx wire for SD 02-05-2021. Integrata yet to book,1761956101,1761956101,4551456423,-590882299,2021-07-29
7199,,108_4551018409_CACEIS,1492757143,OB,OB,No-pair,wire transfer,Caceis booked the wire transfer for SD 09-10-2020. Integrata yet to book,1492757143,1492757143,4551456423,-590882299,2021-07-29
7200,,656_455643841_CACEIS,975323728,OB,OB,No-pair,fx wire,Caceis booked the fx wire for SD 11-18-2019. Integrata yet to book,975323728,975323728,4551456423,-590882299,2021-07-29
7201,,1008_455643841_CACEIS,975324080,OB,OB,No-pair,fees,Caceis booked the fees for SD 11-13-2019. Integrata yet to book,975324080,975324080,4551456423,-590882299,2021-07-29
7202,,75_455783582_CACEIS,1185159196,OB,OB,No-pair,fx wire,Caceis booked the fx wire for SD 03-16-2020. Integrata yet to book,1185159196,1185159196,4551456423,-590882299,2021-07-29
7203,,322_4551191593_CACEIS,1722905378,OB,OB,No-pair,fx wire,Caceis booked the fx wire for SD 01-15-2021. Integrata yet to book,1722905378,1722905378,4551456423,-590882299,2021-07-29
7204,,509_455783582_CACEIS,1185159652,OB,OB,No-pair,fx wire,Caceis booked the fx wire for SD 03-16-2020. Integrata yet to book,1185159652,1185159652,4551456423,-590882299,2021-07-29
7205,,6_455495487_CACEIS,723389975,OB,OB,No-pair,monthend interest,Caceis booked the monthend interest for SD 08-01-2019. Integrata yet to book,723389975,723389975,4551456423,-590882299,2021-07-29
7206,,46_4551087502_CACEIS,1584326596,OB,OB,No-pair,monthend interest,Caceis booked the monthend interest for SD 11-01-2020. Integrata yet to book,1584326596,1584326596,4551456423,-590882299,2021-07-29
7207,,113_4551018409_CACEIS,1492757155,OB,OB,No-pair,wire transfer,Caceis booked the wire transfer for SD 09-10-2020. Integrata yet to book,1492757155,1492757155,4551456423,-590882299,2021-07-29
7208,,31_455944496_CACEIS,1396484642,OB,OB,No-pair,fx wire,Caceis booked the fx wire for SD 07-17-2020. Integrata yet to book,1396484642,1396484642,4551456423,-590882299,2021-07-29
7209,,306_455706635_CACEIS,1081907723,OB,OB,No-pair,fx wire,Caceis booked the fx wire for SD 01-15-2020. Integrata yet to book,1081907723,1081907723,4551456423,-590882299,2021-07-29
7210,,529_4551149959_CACEIS,1667623240,OB,OB,No-pair,fx wire,Caceis booked the fx wire for SD 12-15-2020. Integrata yet to book,1667623240,1667623240,4551456423,-590882299,2021-07-29
7211,,114_455822501_CACEIS,1235308067,OB,OB,No-pair,fx wire,Caceis booked the fx wire for SD 04-15-2020. Integrata yet to book,1235308067,1235308067,4551456423,-590882299,2021-07-29
7212,,2_306628_CACEIS,434144766,OB,OB,No-pair,fees,Caceis booked the fees for SD 02-20-2019. Integrata yet to book,434144766,434144766,4551456423,-590882299,2021-07-29
7213,,73_455403345_CACEIS,582954852,OB,OB,No-pair,wire transfer,Caceis booked the wire transfer for SD 05-14-2019. Integrata yet to book,582954852,582954852,4551456423,-590882299,2021-07-29
7214,,230_4551023983_CACEIS,1500214051,OB,OB,No-pair,fx wire,Caceis booked the fx wire for SD 09-15-2020. Integrata yet to book,1500214051,1500214051,4551456423,-590882299,2021-07-29
7215,,21_455991947_CACEIS,1458094075,OB,OB,No-pair,fx wire,Caceis booked the fx wire for SD 08-21-2020. Integrata yet to book,1458094075,1458094075,4551456423,-590882299,2021-07-29
7216,,68_4551144082_CACEIS,1659707093,OB,OB,No-pair,wire transfer,Caceis booked the wire transfer for SD 12-10-2020. Integrata yet to book,1659707093,1659707093,4551456423,-590882299,2021-07-29
7217,,62_455822501_CACEIS,1235307958,OB,OB,No-pair,fx wire,Caceis booked the fx wire for SD 04-15-2020. Integrata yet to book,1235307958,1235307958,4551456423,-590882299,2021-07-29
7218,,107_4551430779_CACEIS,2043021988,OB,OB,No-pair,fees,Caceis booked the fees for SD 07-12-2021. Integrata yet to book,2043021988,2043021988,4551456423,-590882299,2021-07-29
7219,,55_4551109218_CACEIS,1613286725,OB,OB,No-pair,fx wire,Caceis booked the fx wire for SD 11-16-2020. Integrata yet to book,1613286725,1613286725,4551456423,-590882299,2021-07-29
7220,,107_455900053_CACEIS,1336713412,OB,OB,No-pair,fx wire,Caceis booked the fx wire for SD 06-15-2020. Integrata yet to book,1336713412,1336713412,4551456423,-590882299,2021-07-29
7221,,314_455706635_CACEIS,1081907751,OB,OB,No-pair,fx wire,Caceis booked the fx wire for SD 01-15-2020. Integrata yet to book,1081907751,1081907751,4551456423,-590882299,2021-07-29
7222,,157_4551018409_CACEIS,1492757190,OB,OB,No-pair,wire transfer,Caceis booked the wire transfer for SD 09-10-2020. Integrata yet to book,1492757190,1492757190,4551456423,-590882299,2021-07-29
7223,,1053_455643841_CACEIS,975324125,OB,OB,No-pair,fees,Caceis booked the fees for SD 11-13-2019. Integrata yet to book,975324125,975324125,4551456423,-590882299,2021-07-29
7224,,13_286427_CACEIS,402006263,OB,OB,No-pair,wire transfer,Caceis booked the wire transfer for SD 02-01-2019. Integrata yet to book,402006263,402006263,4551456423,-590882299,2021-07-29
7225,,87_4551144082_CACEIS,1659707070,OB,OB,No-pair,wire transfer,Caceis booked the wire transfer for SD 12-10-2020. Integrata yet to book,1659707070,1659707070,4551456423,-590882299,2021-07-29
7226,,134_4551105378_CACEIS,1608089188,OB,OB,No-pair,wire transfer,Caceis booked the wire transfer for SD 11-12-2020. Integrata yet to book,1608089188,1608089188,4551456423,-590882299,2021-07-29
7227,,465_455783582_CACEIS,1185159640,OB,OB,No-pair,fx wire,Caceis booked the fx wire for SD 03-16-2020. Integrata yet to book,1185159640,1185159640,4551456423,-590882299,2021-07-29
7228,,12_286427_CACEIS,402006262,OB,OB,No-pair,wire transfer,Caceis booked the wire transfer for SD 02-01-2019. Integrata yet to book,402006262,402006262,4551456423,-590882299,2021-07-29
7229,,8_4551400940_CACEIS,2004694239,OB,OB,No-pair,fx wire,Caceis booked the fx wire for SD 06-18-2021. Integrata yet to book,2004694239,2004694239,4551456423,-590882299,2021-07-29
7230,,15_455991947_CACEIS,1458094074,OB,OB,No-pair,fx wire,Caceis booked the fx wire for SD 08-21-2020. Integrata yet to book,1458094074,1458094074,4551456423,-590882299,2021-07-29
7231,,23_4551244633_CACEIS,1795375933,OB,OB,No-pair,wire transfer,Caceis booked the wire transfer for SD 02-21-2021. Integrata yet to book,1795375933,1795375933,4551456423,-590882299,2021-07-29
7232,,205_4551248485_CACEIS,1800039391,OB,OB,No-pair,fx wire,Caceis booked the fx wire for SD 02-26-2021. Integrata yet to book,1800039391,1800039391,4551456423,-590882299,2021-07-29
7233,,51_455822501_CACEIS,1235308056,OB,OB,No-pair,fx wire,Caceis booked the fx wire for SD 04-15-2020. Integrata yet to book,1235308056,1235308056,4551456423,-590882299,2021-07-29
7234,,148_4551018409_CACEIS,1492757166,OB,OB,No-pair,wire transfer,Caceis booked the wire transfer for SD 09-10-2020. Integrata yet to book,1492757166,1492757166,4551456423,-590882299,2021-07-29
7235,,221_455706635_CACEIS,1081907417,OB,OB,No-pair,fx wire,Caceis booked the fx wire for SD 01-15-2020. Integrata yet to book,1081907417,1081907417,4551456423,-590882299,2021-07-29
7236,,61_4551430779_CACEIS,2043021984,OB,OB,No-pair,fees,Caceis booked the fees for SD 07-12-2021. Integrata yet to book,2043021984,2043021984,4551456423,-590882299,2021-07-29
7237,,21_4551244633_CACEIS,1795375927,OB,OB,No-pair,wire transfer,Caceis booked the wire transfer for SD 02-21-2021. Integrata yet to book,1795375927,1795375927,4551456423,-590882299,2021-07-29
7238,,77_455900053_CACEIS,1336713362,OB,OB,No-pair,fx wire,Caceis booked the fx wire for SD 06-15-2020. Integrata yet to book,1336713362,1336713362,4551456423,-590882299,2021-07-29
7239,,117_4551018409_CACEIS,1492757189,OB,OB,No-pair,wire transfer,Caceis booked the wire transfer for SD 09-10-2020. Integrata yet to book,1492757189,1492757189,4551456423,-590882299,2021-07-29
7240,,225_455940640_CACEIS,1391596093,OB,OB,No-pair,fx wire,Caceis booked the fx wire for SD 07-15-2020. Integrata yet to book,1391596093,1391596093,4551456423,-590882299,2021-07-29
7241,,40_4551097416_CACEIS,1597270269,OB,OB,No-pair,fx wire,Caceis booked the fx wire for SD 11-06-2020. Integrata yet to book,1597270269,1597270269,4551456423,-590882299,2021-07-29
7242,,47_455973142_CACEIS,1434650116,OB,OB,No-pair,wire transfer,Caceis booked the wire transfer for SD 08-07-2020. Integrata yet to book,1434650116,1434650116,4551456423,-590882299,2021-07-29
7243,,45_455676391_CACEIS,1031864581,OB,OB,No-pair,fx wire,Caceis booked the fx wire for SD 12-20-2019. Integrata yet to book,1031864581,1031864581,4551456423,-590882299,2021-07-29
7244,,60_4551144082_CACEIS,1659707035,OB,OB,No-pair,wire transfer,Caceis booked the wire transfer for SD 12-10-2020. Integrata yet to book,1659707035,1659707035,4551456423,-590882299,2021-07-29
7245,,234_455940640_CACEIS,1391596105,OB,OB,No-pair,fx wire,Caceis booked the fx wire for SD 07-15-2020. Integrata yet to book,1391596105,1391596105,4551456423,-590882299,2021-07-29
7246,,1091_455643841_CACEIS,975324163,OB,OB,No-pair,fees,Caceis booked the fees for SD 11-13-2019. Integrata yet to book,975324163,975324163,4551456423,-590882299,2021-07-29
7247,,54_4551313388_CACEIS,1883527665,OB,OB,No-pair,fx wire,Caceis booked the fx wire for SD 04-15-2021. Integrata yet to book,1883527665,1883527665,4551456423,-590882299,2021-07-29
7248,,4_366528_CACEIS,530188202,OB,OB,No-pair,fx wire,Caceis booked the fx wire for SD 04-12-2019. Integrata yet to book,530188202,530188202,4551456423,-590882299,2021-07-29
7249,,109_4551018409_CACEIS,1492757129,OB,OB,No-pair,wire transfer,Caceis booked the wire transfer for SD 09-10-2020. Integrata yet to book,1492757129,1492757129,4551456423,-590882299,2021-07-29
7250,,59_4551144082_CACEIS,1659707071,OB,OB,No-pair,wire transfer,Caceis booked the wire transfer for SD 12-10-2020. Integrata yet to book,1659707071,1659707071,4551456423,-590882299,2021-07-29
7251,,23_455953995_CACEIS,1409848251,OB,OB,No-pair,fx wire,Caceis booked the fx wire for SD 07-24-2020. Integrata yet to book,1409848251,1409848251,4551456423,-590882299,2021-07-29
7252,,151_4551248485_CACEIS,1800039381,OB,OB,No-pair,fx wire,Caceis booked the fx wire for SD 02-26-2021. Integrata yet to book,1800039381,1800039381,4551456423,-590882299,2021-07-29
7253,,90_4551220415_CACEIS,1761956020,OB,OB,No-pair,fx wire,Caceis booked the fx wire for SD 02-05-2021. Integrata yet to book,1761956020,1761956020,4551456423,-590882299,2021-07-29
7254,,1080_455643841_CACEIS,975324152,OB,OB,No-pair,fees,Caceis booked the fees for SD 11-13-2019. Integrata yet to book,975324152,975324152,4551456423,-590882299,2021-07-29
7255,,5_455736646_CACEIS,1120326831,OB,OB,No-pair,wire transfer,Caceis booked the wire transfer for SD 02-07-2020. Integrata yet to book,1120326831,1120326831,4551456423,-590882299,2021-07-29
7256,,335_4551023983_CACEIS,1500214175,OB,OB,No-pair,fx wire,Caceis booked the fx wire for SD 09-15-2020. Integrata yet to book,1500214175,1500214175,4551456423,-590882299,2021-07-29
7257,,86_4551269721_CACEIS,1827473912,OB,OB,No-pair,fx wire,Caceis booked the fx wire for SD 03-15-2021. Integrata yet to book,1827473912,1827473912,4551456423,-590882299,2021-07-29
7258,,35_455985296_CACEIS,1449581864,OB,OB,No-pair,fx wire,Caceis booked the fx wire for SD 08-17-2020. Integrata yet to book,1449581864,1449581864,4551456423,-590882299,2021-07-29
7259,,106_4551430779_CACEIS,2043021979,OB,OB,No-pair,fees,Caceis booked the fees for SD 07-12-2021. Integrata yet to book,2043021979,2043021979,4551456423,-590882299,2021-07-29
7260,,8_366528_CACEIS,530188203,OB,OB,No-pair,fx wire,Caceis booked the fx wire for SD 04-12-2019. Integrata yet to book,530188203,530188203,4551456423,-590882299,2021-07-29
7261,,167_4551239617_CACEIS,1789074843,OB,OB,No-pair,wire transfer,Caceis booked the wire transfer for SD 02-19-2021. Integrata yet to book,1789074843,1789074843,4551456423,-590882299,2021-07-29
7262,,139_4551018409_CACEIS,1492757138,OB,OB,No-pair,wire transfer,Caceis booked the wire transfer for SD 09-10-2020. Integrata yet to book,1492757138,1492757138,4551456423,-590882299,2021-07-29
7263,,48_455577664_CACEIS,861360911,OB,OB,No-pair,fx wire,Caceis booked the fx wire for SD 10-04-2019. Integrata yet to book,861360911,861360911,4551456423,-590882299,2021-07-29
7264,,89_4551144082_CACEIS,1659707113,OB,OB,No-pair,wire transfer,Caceis booked the wire transfer for SD 12-10-2020. Integrata yet to book,1659707113,1659707113,4551456423,-590882299,2021-07-29
7265,,3_315245_CACEIS,450739024,OB,OB,No-pair,monthend interest,Caceis booked the monthend interest for SD 03-01-2019. Integrata yet to book,450739024,450739024,4551456423,-590882299,2021-07-29
7266,,272_4551354754_CACEIS,1942399718,OB,OB,No-pair,fx wire,Caceis booked the fx wire for SD 05-17-2021. Integrata yet to book,1942399718,1942399718,4551456423,-590882299,2021-07-29
7267,,764_4551232906_CACEIS,1780157138,OB,OB,No-pair,fx wire,Caceis booked the fx wire for SD 02-16-2021. Integrata yet to book,1780157138,1780157138,4551456423,-590882299,2021-07-29
7268,,10_455927788_CACEIS,1374347972,OB,OB,No-pair,fx wire,Caceis booked the fx wire for SD 07-06-2020. Integrata yet to book,1374347972,1374347972,4551456423,-590882299,2021-07-29
7269,,76_4551144082_CACEIS,1659707129,OB,OB,No-pair,wire transfer,Caceis booked the wire transfer for SD 12-10-2020. Integrata yet to book,1659707129,1659707129,4551456423,-590882299,2021-07-29
7270,,1043_455643841_CACEIS,975324115,OB,OB,No-pair,fees,Caceis booked the fees for SD 11-13-2019. Integrata yet to book,975324115,975324115,4551456423,-590882299,2021-07-29
7271,,289_455706635_CACEIS,1081907617,OB,OB,No-pair,fx wire,Caceis booked the fx wire for SD 01-15-2020. Integrata yet to book,1081907617,1081907617,4551456423,-590882299,2021-07-29
7272,,230_4551394628_CACEIS,1997244798,OB,OB,No-pair,fx wire,Caceis booked the fx wire for SD 06-15-2021. Integrata yet to book,1997244798,1997244798,4551456423,-590882299,2021-07-29
7273,,2_359430_CACEIS,519041991,OB,OB,No-pair,fees,Caceis booked the fees for SD 04-08-2019. Integrata yet to book,519041991,519041991,4551456423,-590882299,2021-07-29
7274,,1224_455643841_CACEIS,975324296,OB,OB,No-pair,fx wire,Caceis booked the fx wire for SD 11-15-2019. Integrata yet to book,975324296,975324296,4551456423,-590882299,2021-07-29
7275,,1409_455643841_CACEIS,975324481,OB,OB,No-pair,fx wire,Caceis booked the fx wire for SD 11-15-2019. Integrata yet to book,975324481,975324481,4551456423,-590882299,2021-07-29
7276,,124_455718167_CACEIS,1096511873,OB,OB,No-pair,fx wire,Caceis booked the fx wire for SD 01-24-2020. Integrata yet to book,1096511873,1096511873,4551456423,-590882299,2021-07-29
7277,,410_4551109218_CACEIS,1613287008,OB,OB,No-pair,fx wire,Caceis booked the fx wire for SD 11-16-2020. Integrata yet to book,1613287008,1613287008,4551456423,-590882299,2021-07-29
7278,,135_4551018409_CACEIS,1492757256,OB,OB,No-pair,wire transfer,Caceis booked the wire transfer for SD 09-10-2020. Integrata yet to book,1492757256,1492757256,4551456423,-590882299,2021-07-29
7279,,16_455925203_CACEIS,1371183605,OB,OB,No-pair,fees,Caceis booked the fees for SD 07-02-2020. Integrata yet to book,1371183605,1371183605,4551456423,-590882299,2021-07-29
7280,,217_4551023983_CACEIS,1500213947,OB,OB,No-pair,fx wire,Caceis booked the fx wire for SD 09-15-2020. Integrata yet to book,1500213947,1500213947,4551456423,-590882299,2021-07-29
7281,,150_4551018409_CACEIS,1492757175,OB,OB,No-pair,wire transfer,Caceis booked the wire transfer for SD 09-10-2020. Integrata yet to book,1492757175,1492757175,4551456423,-590882299,2021-07-29
7282,,54_455934920_CACEIS,1383926721,OB,OB,No-pair,fees,Caceis booked the fees for SD 07-10-2020. Integrata yet to book,1383926721,1383926721,4551456423,-590882299,2021-07-29
7283,,1345_455643841_CACEIS,975324417,OB,OB,No-pair,fx wire,Caceis booked the fx wire for SD 11-15-2019. Integrata yet to book,975324417,975324417,4551456423,-590882299,2021-07-29
7284,,178_455940640_CACEIS,1391596015,OB,OB,No-pair,fx wire,Caceis booked the fx wire for SD 07-15-2020. Integrata yet to book,1391596015,1391596015,4551456423,-590882299,2021-07-29
7285,,216_455706635_CACEIS,1081907400,OB,OB,No-pair,fx wire,Caceis booked the fx wire for SD 01-15-2020. Integrata yet to book,1081907400,1081907400,4551456423,-590882299,2021-07-29
7286,,412_455783582_CACEIS,1185159593,OB,OB,No-pair,fx wire,Caceis booked the fx wire for SD 03-16-2020. Integrata yet to book,1185159593,1185159593,4551456423,-590882299,2021-07-29
7287,,1279_455643841_CACEIS,975324351,OB,OB,No-pair,fx wire,Caceis booked the fx wire for SD 11-15-2019. Integrata yet to book,975324351,975324351,4551456423,-590882299,2021-07-29
7288,,16_4551011052_CACEIS,1483359788,OB,OB,No-pair,fx wire,Caceis booked the fx wire for SD 09-04-2020. Integrata yet to book,1483359788,1483359788,4551456423,-590882299,2021-07-29
7289,,7_4551083561_CACEIS,1579309181,OB,OB,No-pair,wire transfer,Caceis booked the wire transfer for SD 10-28-2020. Integrata yet to book,1579309181,1579309181,4551456423,-590882299,2021-07-29
7290,,57_4551144082_CACEIS,1659707053,OB,OB,No-pair,wire transfer,Caceis booked the wire transfer for SD 12-10-2020. Integrata yet to book,1659707053,1659707053,4551456423,-590882299,2021-07-29
7291,,344_455643841_CACEIS,975323416,OB,OB,No-pair,fx wire,Caceis booked the fx wire for SD 11-15-2019. Integrata yet to book,975323416,975323416,4551456423,-590882299,2021-07-29
7292,,34_4551066313_CACEIS,1556876306,OB,OB,No-pair,fx wire,Caceis booked the fx wire for SD 10-15-2020. Integrata yet to book,1556876306,1556876306,4551456423,-590882299,2021-07-29
7293,,54_4551144082_CACEIS,1659707075,OB,OB,No-pair,wire transfer,Caceis booked the wire transfer for SD 12-10-2020. Integrata yet to book,1659707075,1659707075,4551456423,-590882299,2021-07-29
7294,,748_455822501_CACEIS,1235308531,OB,OB,No-pair,fx wire,Caceis booked the fx wire for SD 04-15-2020. Integrata yet to book,1235308531,1235308531,4551456423,-590882299,2021-07-29
7295,,102_4551232906_CACEIS,1780156454,OB,OB,No-pair,fx wire,Caceis booked the fx wire for SD 02-16-2021. Integrata yet to book,1780156454,1780156454,4551456423,-590882299,2021-07-29
7296,,1232_455643841_CACEIS,975324304,OB,OB,No-pair,fx wire,Caceis booked the fx wire for SD 11-15-2019. Integrata yet to book,975324304,975324304,4551456423,-590882299,2021-07-29
7297,,1_4551077732_CACEIS,1571717917,OB,OB,No-pair,fx wire,Caceis booked the fx wire for SD 10-23-2020. Integrata yet to book,1571717917,1571717917,4551456423,-590882299,2021-07-29
7298,,120_4551354754_CACEIS,1942399518,OB,OB,No-pair,fx wire,Caceis booked the fx wire for SD 05-17-2021. Integrata yet to book,1942399518,1942399518,4551456423,-590882299,2021-07-29
7299,,1_4551425013_CACEIS,2035681464,OB,OB,No-pair,wire transfer,Caceis booked the wire transfer for SD 07-07-2021. Integrata yet to book,2035681464,2035681464,4551456423,-590882299,2021-07-29
7300,,39_4551246640_CACEIS,1797846205,OB,OB,No-pair,monthend interest,Caceis booked the monthend interest for SD 02-26-2021. Integrata yet to book,1797846205,1797846205,4551456423,-590882299,2021-07-29
7301,,130_4551018409_CACEIS,1492757242,OB,OB,No-pair,wire transfer,Caceis booked the wire transfer for SD 09-10-2020. Integrata yet to book,1492757242,1492757242,4551456423,-590882299,2021-07-29
7302,,11_4551018409_CACEIS,1492757160,OB,OB,No-pair,fees,Caceis booked the fees for SD 09-10-2020. Integrata yet to book,1492757160,1492757160,4551456423,-590882299,2021-07-29
7303,,408_4551191593_CACEIS,1722905409,OB,OB,No-pair,fx wire,Caceis booked the fx wire for SD 01-15-2021. Integrata yet to book,1722905409,1722905409,4551456423,-590882299,2021-07-29
7304,,128_4551018409_CACEIS,1492757225,OB,OB,No-pair,wire transfer,Caceis booked the wire transfer for SD 09-10-2020. Integrata yet to book,1492757225,1492757225,4551456423,-590882299,2021-07-29
7305,,9_455764911_CACEIS,1159528248,OB,OB,No-pair,fx wire,Caceis booked the fx wire for SD 03-02-2020. Integrata yet to book,1159528248,1159528248,4551456423,-590882299,2021-07-29
7306,,241_4551394628_CACEIS,1997244793,OB,OB,No-pair,fx wire,Caceis booked the fx wire for SD 06-15-2021. Integrata yet to book,1997244793,1997244793,4551456423,-590882299,2021-07-29
7307,,744_455822501_CACEIS,1235308709,OB,OB,No-pair,fx wire,Caceis booked the fx wire for SD 04-15-2020. Integrata yet to book,1235308709,1235308709,4551456423,-590882299,2021-07-29
7308,,132_455900053_CACEIS,1336713493,OB,OB,No-pair,fx wire,Caceis booked the fx wire for SD 06-15-2020. Integrata yet to book,1336713493,1336713493,4551456423,-590882299,2021-07-29
7309,,81_455742022_CACEIS,1127725774,OB,OB,No-pair,wire transfer,Caceis booked the wire transfer for SD 02-12-2020. Integrata yet to book,1127725774,1127725774,4551456423,-590882299,2021-07-29
7310,,1_4551220415_CACEIS,1761955860,OB,OB,No-pair,fx wire,Caceis booked the fx wire for SD 02-05-2021. Integrata yet to book,1761955860,1761955860,4551456423,-590882299,2021-07-29
7311,,78_4551144082_CACEIS,1659707163,OB,OB,No-pair,wire transfer,Caceis booked the wire transfer for SD 12-10-2020. Integrata yet to book,1659707163,1659707163,4551456423,-590882299,2021-07-29
7312,,1_455978912_CACEIS,1441832095,OB,OB,No-pair,fees,Caceis booked the fees for SD 08-12-2020. Integrata yet to book,1441832095,1441832095,4551456423,-590882299,2021-07-29
7313,,59_455940640_CACEIS,1391596060,OB,OB,No-pair,fx wire,Caceis booked the fx wire for SD 07-15-2020. Integrata yet to book,1391596060,1391596060,4551456423,-590882299,2021-07-29
7314,,151_455978912_CACEIS,1441832262,OB,OB,No-pair,fees,Caceis booked the fees for SD 08-12-2020. Integrata yet to book,1441832262,1441832262,4551456423,-590882299,2021-07-29
7315,,77_4551144082_CACEIS,1659707138,OB,OB,No-pair,wire transfer,Caceis booked the wire transfer for SD 12-10-2020. Integrata yet to book,1659707138,1659707138,4551456423,-590882299,2021-07-29
7316,,109_306589_CACEIS,433998259,OB,OB,No-pair,fx wire,Caceis booked the fx wire for SD 02-15-2019. Integrata yet to book,433998259,433998259,4551456423,-590882299,2021-07-29
7317,,87_306589_CACEIS,433998260,OB,OB,No-pair,fx wire,Caceis booked the fx wire for SD 02-15-2019. Integrata yet to book,433998260,433998260,4551456423,-590882299,2021-07-29
7318,,4_455586694_CACEIS,876699109,OB,OB,No-pair,fx wire,Caceis booked the fx wire for SD 10-11-2019. Integrata yet to book,876699109,876699109,4551456423,-590882299,2021-07-29
7319,,1041_455643841_CACEIS,975324113,OB,OB,No-pair,fees,Caceis booked the fees for SD 11-13-2019. Integrata yet to book,975324113,975324113,4551456423,-590882299,2021-07-29
7320,,735_455822501_CACEIS,1235308520,OB,OB,No-pair,fx wire,Caceis booked the fx wire for SD 04-15-2020. Integrata yet to book,1235308520,1235308520,4551456423,-590882299,2021-07-29
7321,,153_4551018409_CACEIS,1492757184,OB,OB,No-pair,wire transfer,Caceis booked the wire transfer for SD 09-10-2020. Integrata yet to book,1492757184,1492757184,4551456423,-590882299,2021-07-29
7322,,460_455862625_CACEIS,1287003909,OB,OB,No-pair,fx wire,Caceis booked the fx wire for SD 05-15-2020. Integrata yet to book,1287003909,1287003909,4551456423,-590882299,2021-07-29
7323,,29_455978912_CACEIS,1441832230,OB,OB,No-pair,fees,Caceis booked the fees for SD 08-12-2020. Integrata yet to book,1441832230,1441832230,4551456423,-590882299,2021-07-29
7324,,129_4551018409_CACEIS,1492757233,OB,OB,No-pair,wire transfer,Caceis booked the wire transfer for SD 09-10-2020. Integrata yet to book,1492757233,1492757233,4551456423,-590882299,2021-07-29
7325,,10_4551199693_CACEIS,1732878170,OB,OB,No-pair,wire transfer,Caceis booked the wire transfer for SD 01-21-2021. Integrata yet to book,1732878170,1732878170,4551456423,-590882299,2021-07-29
7326,,139_455862625_CACEIS,1287003068,OB,OB,No-pair,fx wire,Caceis booked the fx wire for SD 05-15-2020. Integrata yet to book,1287003068,1287003068,4551456423,-590882299,2021-07-29
7327,,19_4551003590_CACEIS,1473426003,OB,OB,No-pair,monthend interest,Caceis booked the monthend interest for SD 09-01-2020. Integrata yet to book,1473426003,1473426003,4551456423,-590882299,2021-07-29
7328,,111_455742022_CACEIS,1127725735,OB,OB,No-pair,wire transfer,Caceis booked the wire transfer for SD 02-12-2020. Integrata yet to book,1127725735,1127725735,4551456423,-590882299,2021-07-29
7329,,419_455940640_CACEIS,1391596298,OB,OB,No-pair,fx wire,Caceis booked the fx wire for SD 07-15-2020. Integrata yet to book,1391596298,1391596298,4551456423,-590882299,2021-07-29
7330,,125_455726980_CACEIS,1107942649,OB,OB,No-pair,fx wire,Caceis booked the fx wire for SD 01-31-2020. Integrata yet to book,1107942649,1107942649,4551456423,-590882299,2021-07-29
7331,,53_4551144082_CACEIS,1659707051,OB,OB,No-pair,wire transfer,Caceis booked the wire transfer for SD 12-10-2020. Integrata yet to book,1659707051,1659707051,4551456423,-590882299,2021-07-29
7332,,137_4551191593_CACEIS,1722905179,OB,OB,No-pair,fx wire,Caceis booked the fx wire for SD 01-15-2021. Integrata yet to book,1722905179,1722905179,4551456423,-590882299,2021-07-29
7333,,730_4551232906_CACEIS,1780157112,OB,OB,No-pair,fx wire,Caceis booked the fx wire for SD 02-16-2021. Integrata yet to book,1780157112,1780157112,4551456423,-590882299,2021-07-29
7334,,106_4551144082_CACEIS,1659707083,OB,OB,No-pair,wire transfer,Caceis booked the wire transfer for SD 12-10-2020. Integrata yet to book,1659707083,1659707083,4551456423,-590882299,2021-07-29
7335,,741_455643841_CACEIS,975323813,OB,OB,No-pair,wire transfer,Caceis booked the wire transfer for SD 11-18-2019. Integrata yet to book,975323813,975323813,4551456423,-590882299,2021-07-29
7336,,50_4551436806_CACEIS,2049885754,OB,OB,No-pair,fx wire,Caceis booked the fx wire for SD 07-15-2021. Integrata yet to book,2049885754,2049885754,4551456423,-590882299,2021-07-29
7337,,973_455822501_CACEIS,1235308731,OB,OB,No-pair,fx wire,Caceis booked the fx wire for SD 04-15-2020. Integrata yet to book,1235308731,1235308731,4551456423,-590882299,2021-07-29
7338,,2_4551018409_CACEIS,1492757132,OB,OB,No-pair,fees,Caceis booked the fees for SD 09-10-2020. Integrata yet to book,1492757132,1492757132,4551456423,-590882299,2021-07-29
7339,,13_4551097416_CACEIS,1597270338,OB,OB,No-pair,fx wire,Caceis booked the fx wire for SD 11-06-2020. Integrata yet to book,1597270338,1597270338,4551456423,-590882299,2021-07-29
7340,,147_4551018409_CACEIS,1492757157,OB,OB,No-pair,wire transfer,Caceis booked the wire transfer for SD 09-10-2020. Integrata yet to book,1492757157,1492757157,4551456423,-590882299,2021-07-29
7341,,785_455822501_CACEIS,1235308542,OB,OB,No-pair,fx wire,Caceis booked the fx wire for SD 04-15-2020. Integrata yet to book,1235308542,1235308542,4551456423,-590882299,2021-07-29
7342,,47_4551020261_CACEIS,1495478298,OB,OB,No-pair,fx wire,Caceis booked the fx wire for SD 09-11-2020. Integrata yet to book,1495478298,1495478298,4551456423,-590882299,2021-07-29
7343,,756_4551232906_CACEIS,1780157114,OB,OB,No-pair,fx wire,Caceis booked the fx wire for SD 02-16-2021. Integrata yet to book,1780157114,1780157114,4551456423,-590882299,2021-07-29
7344,,144_455978912_CACEIS,1441832144,OB,OB,No-pair,fees,Caceis booked the fees for SD 08-12-2020. Integrata yet to book,1441832144,1441832144,4551456423,-590882299,2021-07-29
7345,,52_455808758_CACEIS,1217520425,OB,OB,No-pair,fx wire,Caceis booked the fx wire for SD 04-03-2020. Integrata yet to book,1217520425,1217520425,4551456423,-590882299,2021-07-29
7346,,115_4551018409_CACEIS,1492757167,OB,OB,No-pair,wire transfer,Caceis booked the wire transfer for SD 09-10-2020. Integrata yet to book,1492757167,1492757167,4551456423,-590882299,2021-07-29
7347,,40_455940640_CACEIS,1391595911,OB,OB,No-pair,fx wire,Caceis booked the fx wire for SD 07-15-2020. Integrata yet to book,1391595911,1391595911,4551456423,-590882299,2021-07-29
7348,,4_455610697_CACEIS,917943268,OB,OB,No-pair,fx wire,Caceis booked the fx wire for SD 10-18-2019. Integrata yet to book,917943268,917943268,4551456423,-590882299,2021-07-29
7349,,95_4551144082_CACEIS,1659707057,OB,OB,No-pair,wire transfer,Caceis booked the wire transfer for SD 12-10-2020. Integrata yet to book,1659707057,1659707057,4551456423,-590882299,2021-07-29
7350,,23_4551168254_CACEIS,1691686501,OB,OB,No-pair,fx wire,Caceis booked the fx wire for SD 12-29-2020. Integrata yet to book,1691686501,1691686501,4551456423,-590882299,2021-07-29
7351,,323_4551149959_CACEIS,1667623185,OB,OB,No-pair,fx wire,Caceis booked the fx wire for SD 12-15-2020. Integrata yet to book,1667623185,1667623185,4551456423,-590882299,2021-07-29
7352,,84_4551109218_CACEIS,1613286670,OB,OB,No-pair,fx wire,Caceis booked the fx wire for SD 11-16-2020. Integrata yet to book,1613286670,1613286670,4551456423,-590882299,2021-07-29
7353,,25_4551018409_CACEIS,1492757211,OB,OB,No-pair,fees,Caceis booked the fees for SD 09-10-2020. Integrata yet to book,1492757211,1492757211,4551456423,-590882299,2021-07-29
7354,,697_4551232906_CACEIS,1780157199,OB,OB,No-pair,fx wire,Caceis booked the fx wire for SD 02-16-2021. Integrata yet to book,1780157199,1780157199,4551456423,-590882299,2021-07-29
7355,,60_4551436806_CACEIS,2049885766,OB,OB,No-pair,fx wire,Caceis booked the fx wire for SD 07-15-2021. Integrata yet to book,2049885766,2049885766,4551456423,-590882299,2021-07-29
7356,,63_455742022_CACEIS,1127725712,OB,OB,No-pair,fees,Caceis booked the fees for SD 02-12-2020. Integrata yet to book,1127725712,1127725712,4551456423,-590882299,2021-07-29
7357,,744_455643841_CACEIS,975323816,OB,OB,No-pair,monthend interest,Caceis booked the monthend interest for SD 10-31-2019. Integrata yet to book,975323816,975323816,4551456423,-590882299,2021-07-29
7358,,136_4551018409_CACEIS,1492757263,OB,OB,No-pair,wire transfer,Caceis booked the wire transfer for SD 09-10-2020. Integrata yet to book,1492757263,1492757263,4551456423,-590882299,2021-07-29
7359,,476_4551149959_CACEIS,1667623295,OB,OB,No-pair,fx wire,Caceis booked the fx wire for SD 12-15-2020. Integrata yet to book,1667623295,1667623295,4551456423,-590882299,2021-07-29
7360,,72_4551144082_CACEIS,1659707155,OB,OB,No-pair,wire transfer,Caceis booked the wire transfer for SD 12-10-2020. Integrata yet to book,1659707155,1659707155,4551456423,-590882299,2021-07-29
7361,,90_455934920_CACEIS,1383926703,OB,OB,No-pair,fees,Caceis booked the fees for SD 07-10-2020. Integrata yet to book,1383926703,1383926703,4551456423,-590882299,2021-07-29
7362,,39_455808758_CACEIS,1217520412,OB,OB,No-pair,fx wire,Caceis booked the fx wire for SD 04-03-2020. Integrata yet to book,1217520412,1217520412,4551456423,-590882299,2021-07-29
7363,,55_455940640_CACEIS,1391596072,OB,OB,No-pair,fx wire,Caceis booked the fx wire for SD 07-15-2020. Integrata yet to book,1391596072,1391596072,4551456423,-590882299,2021-07-29
7364,,110_4551018409_CACEIS,1492757142,OB,OB,No-pair,wire transfer,Caceis booked the wire transfer for SD 09-10-2020. Integrata yet to book,1492757142,1492757142,4551456423,-590882299,2021-07-29
7365,,361_455590588_CACEIS,883858525,OB,OB,No-pair,fx wire,Caceis booked the fx wire for SD 10-15-2019. Integrata yet to book,883858525,883858525,4551456423,-590882299,2021-07-29
7366,,92_4551232906_CACEIS,1780156541,OB,OB,No-pair,fx wire,Caceis booked the fx wire for SD 02-16-2021. Integrata yet to book,1780156541,1780156541,4551456423,-590882299,2021-07-29
7367,,116_4551018409_CACEIS,1492757177,OB,OB,No-pair,wire transfer,Caceis booked the wire transfer for SD 09-10-2020. Integrata yet to book,1492757177,1492757177,4551456423,-590882299,2021-07-29
7368,,49_455808758_CACEIS,1217520419,OB,OB,No-pair,fx wire,Caceis booked the fx wire for SD 04-03-2020. Integrata yet to book,1217520419,1217520419,4551456423,-590882299,2021-07-29
7369,,82_455934920_CACEIS,1383926672,OB,OB,No-pair,fees,Caceis booked the fees for SD 07-10-2020. Integrata yet to book,1383926672,1383926672,4551456423,-590882299,2021-07-29
7370,,123_455978912_CACEIS,1441832106,OB,OB,No-pair,fees,Caceis booked the fees for SD 08-12-2020. Integrata yet to book,1441832106,1441832106,4551456423,-590882299,2021-07-29
7371,,64_4551144082_CACEIS,1659707120,OB,OB,No-pair,wire transfer,Caceis booked the wire transfer for SD 12-10-2020. Integrata yet to book,1659707120,1659707120,4551456423,-590882299,2021-07-29
7372,,24_455978912_CACEIS,1441832197,OB,OB,No-pair,fees,Caceis booked the fees for SD 08-12-2020. Integrata yet to book,1441832197,1441832197,4551456423,-590882299,2021-07-29
7373,,441_455643841_CACEIS,975323513,OB,OB,No-pair,fx wire,Caceis booked the fx wire for SD 11-15-2019. Integrata yet to book,975323513,975323513,4551456423,-590882299,2021-07-29
7374,,69_4551144082_CACEIS,1659707102,OB,OB,No-pair,wire transfer,Caceis booked the wire transfer for SD 12-10-2020. Integrata yet to book,1659707102,1659707102,4551456423,-590882299,2021-07-29
7375,,371_455822501_CACEIS,1235308304,OB,OB,No-pair,fx wire,Caceis booked the fx wire for SD 04-15-2020. Integrata yet to book,1235308304,1235308304,4551456423,-590882299,2021-07-29
7376,,92_455742022_CACEIS,1127725725,OB,OB,No-pair,fees,Caceis booked the fees for SD 02-12-2020. Integrata yet to book,1127725725,1127725725,4551456423,-590882299,2021-07-29
7377,,118_455748445_CACEIS,1136275104,OB,OB,No-pair,fx wire,Caceis booked the fx wire for SD 02-18-2020. Integrata yet to book,1136275104,1136275104,4551456423,-590882299,2021-07-29
7378,,410_455822501_CACEIS,1235308258,OB,OB,No-pair,fx wire,Caceis booked the fx wire for SD 04-15-2020. Integrata yet to book,1235308258,1235308258,4551456423,-590882299,2021-07-29
7379,,87_455742022_CACEIS,1127725689,OB,OB,No-pair,wire transfer,Caceis booked the wire transfer for SD 02-12-2020. Integrata yet to book,1127725689,1127725689,4551456423,-590882299,2021-07-29
7380,,82_455742022_CACEIS,1127725628,OB,OB,No-pair,fees,Caceis booked the fees for SD 02-12-2020. Integrata yet to book,1127725628,1127725628,4551456423,-590882299,2021-07-29
7381,,50_4551109218_CACEIS,1613286615,OB,OB,No-pair,fx wire,Caceis booked the fx wire for SD 11-16-2020. Integrata yet to book,1613286615,1613286615,4551456423,-590882299,2021-07-29
7382,,160_4551018409_CACEIS,1492757202,OB,OB,No-pair,wire transfer,Caceis booked the wire transfer for SD 09-10-2020. Integrata yet to book,1492757202,1492757202,4551456423,-590882299,2021-07-29
7383,,17_4551018409_CACEIS,1492757192,OB,OB,No-pair,fees,Caceis booked the fees for SD 09-10-2020. Integrata yet to book,1492757192,1492757192,4551456423,-590882299,2021-07-29
7384,,120_4551018409_CACEIS,1492757207,OB,OB,No-pair,wire transfer,Caceis booked the wire transfer for SD 09-10-2020. Integrata yet to book,1492757207,1492757207,4551456423,-590882299,2021-07-29
7385,,66_455658450_CACEIS,1002374619,OB,OB,No-pair,fx wire,Caceis booked the fx wire for SD 12-06-2019. Integrata yet to book,1002374619,1002374619,4551456423,-590882299,2021-07-29
7386,,93_455742022_CACEIS,1127725743,OB,OB,No-pair,wire transfer,Caceis booked the wire transfer for SD 02-12-2020. Integrata yet to book,1127725743,1127725743,4551456423,-590882299,2021-07-29
7387,,53_455808758_CACEIS,1217520431,OB,OB,No-pair,fx wire,Caceis booked the fx wire for SD 04-03-2020. Integrata yet to book,1217520431,1217520431,4551456423,-590882299,2021-07-29
7388,,83_4551381021_CACEIS,1979694227,OB,OB,No-pair,fx wire,Caceis booked the fx wire for SD 06-04-2021. Integrata yet to book,1979694227,1979694227,4551456423,-590882299,2021-07-29
7389,,10_4551443076_CACEIS,2057295849,OB,OB,No-pair,fees,Caceis booked the fees for SD 07-20-2021. Integrata yet to book,2057295849,2057295849,4551456423,-590882299,2021-07-29
7390,,65_4551144082_CACEIS,1659707147,OB,OB,No-pair,wire transfer,Caceis booked the wire transfer for SD 12-10-2020. Integrata yet to book,1659707147,1659707147,4551456423,-590882299,2021-07-29
7391,,21_455671061_CACEIS,1023554989,OB,OB,No-pair,wire transfer,Caceis booked the wire transfer for SD 12-16-2019. Integrata yet to book,1023554989,1023554989,4551456423,-590882299,2021-07-29
7392,,475_455783582_CACEIS,1185159610,OB,OB,No-pair,fx wire,Caceis booked the fx wire for SD 03-16-2020. Integrata yet to book,1185159610,1185159610,4551456423,-590882299,2021-07-29
7393,,111_4551144082_CACEIS,1659707134,OB,OB,No-pair,wire transfer,Caceis booked the wire transfer for SD 12-10-2020. Integrata yet to book,1659707134,1659707134,4551456423,-590882299,2021-07-29
7394,,61_455742022_CACEIS,1127725737,OB,OB,No-pair,wire transfer,Caceis booked the wire transfer for SD 02-12-2020. Integrata yet to book,1127725737,1127725737,4551456423,-590882299,2021-07-29
7395,,634_4551232906_CACEIS,1780157068,OB,OB,No-pair,fx wire,Caceis booked the fx wire for SD 02-16-2021. Integrata yet to book,1780157068,1780157068,4551456423,-590882299,2021-07-29
7396,,95_455742022_CACEIS,1127725768,OB,OB,No-pair,fees,Caceis booked the fees for SD 02-12-2020. Integrata yet to book,1127725768,1127725768,4551456423,-590882299,2021-07-29
7397,,51_455742022_CACEIS,1127725635,OB,OB,No-pair,fees,Caceis booked the fees for SD 02-12-2020. Integrata yet to book,1127725635,1127725635,4551456423,-590882299,2021-07-29
7398,,7_4551001817_CACEIS,1470676022,OB,OB,No-pair,wire transfer,Caceis booked the wire transfer for SD 08-28-2020. Integrata yet to book,1470676022,1470676022,4551456423,-590882299,2021-07-29
7399,,27_4551018409_CACEIS,1492757230,OB,OB,No-pair,fees,Caceis booked the fees for SD 09-10-2020. Integrata yet to book,1492757230,1492757230,4551456423,-590882299,2021-07-29
7400,,68_455742022_CACEIS,1127725752,OB,OB,No-pair,wire transfer,Caceis booked the wire transfer for SD 02-12-2020. Integrata yet to book,1127725752,1127725752,4551456423,-590882299,2021-07-29
7401,,122_4551018409_CACEIS,1492757216,OB,OB,No-pair,wire transfer,Caceis booked the wire transfer for SD 09-10-2020. Integrata yet to book,1492757216,1492757216,4551456423,-590882299,2021-07-29
7402,,131_4551018409_CACEIS,1492757249,OB,OB,No-pair,wire transfer,Caceis booked the wire transfer for SD 09-10-2020. Integrata yet to book,1492757249,1492757249,4551456423,-590882299,2021-07-29
7403,,348_455862625_CACEIS,1287003688,OB,OB,No-pair,fx wire,Caceis booked the fx wire for SD 05-15-2020. Integrata yet to book,1287003688,1287003688,4551456423,-590882299,2021-07-29
7404,,75_4551144082_CACEIS,1659707175,OB,OB,No-pair,wire transfer,Caceis booked the wire transfer for SD 12-10-2020. Integrata yet to book,1659707175,1659707175,4551456423,-590882299,2021-07-29
7405,,61_4551144082_CACEIS,1659707063,OB,OB,No-pair,wire transfer,Caceis booked the wire transfer for SD 12-10-2020. Integrata yet to book,1659707063,1659707063,4551456423,-590882299,2021-07-29
7406,,67_455658450_CACEIS,1002374612,OB,OB,No-pair,fx wire,Caceis booked the fx wire for SD 12-06-2019. Integrata yet to book,1002374612,1002374612,4551456423,-590882299,2021-07-29
7407,,11_455742022_CACEIS,1127725653,OB,OB,No-pair,wire transfer,Caceis booked the wire transfer for SD 02-12-2020. Integrata yet to book,1127725653,1127725653,4551456423,-590882299,2021-07-29
7408,,17_4551210754_CACEIS,1748958221,OB,OB,No-pair,fx wire,Caceis booked the fx wire for SD 01-29-2021. Integrata yet to book,1748958221,1748958221,4551456423,-590882299,2021-07-29
7409,,204_4551232906_CACEIS,1780156717,OB,OB,No-pair,fx wire,Caceis booked the fx wire for SD 02-16-2021. Integrata yet to book,1780156717,1780156717,4551456423,-590882299,2021-07-29
7410,,49_455742022_CACEIS,1127725678,OB,OB,No-pair,fees,Caceis booked the fees for SD 02-12-2020. Integrata yet to book,1127725678,1127725678,4551456423,-590882299,2021-07-29
7411,,3_4551373621_CACEIS,1970229481,OB,OB,No-pair,monthend interest,Caceis booked the monthend interest for SD 06-01-2021. Integrata yet to book,1970229481,1970229481,4551456423,-590882299,2021-07-29
7412,,49_4551254304_CACEIS,1807385714,OB,OB,No-pair,wire transfer,Caceis booked the wire transfer for SD 03-02-2021. Integrata yet to book,1807385714,1807385714,4551456423,-590882299,2021-07-29
7413,,664_455643841_CACEIS,975323736,OB,OB,No-pair,wire transfer,Caceis booked the wire transfer for SD 11-18-2019. Integrata yet to book,975323736,975323736,4551456423,-590882299,2021-07-29
7414,,399_4551066313_CACEIS,1556876725,OB,OB,No-pair,fx wire,Caceis booked the fx wire for SD 10-15-2020. Integrata yet to book,1556876725,1556876725,4551456423,-590882299,2021-07-29
7415,,140_4551018409_CACEIS,1492757148,OB,OB,No-pair,wire transfer,Caceis booked the wire transfer for SD 09-10-2020. Integrata yet to book,1492757148,1492757148,4551456423,-590882299,2021-07-29
7416,,83_455742022_CACEIS,1127725633,OB,OB,No-pair,fees,Caceis booked the fees for SD 02-12-2020. Integrata yet to book,1127725633,1127725633,4551456423,-590882299,2021-07-29
7417,,96_4551248485_CACEIS,1800039476,OB,OB,No-pair,monthend interest,Caceis booked the monthend interest for SD 03-01-2021. Integrata yet to book,1800039476,1800039476,4551456423,-590882299,2021-07-29
7418,,91_4551144082_CACEIS,1659707178,OB,OB,No-pair,wire transfer,Caceis booked the wire transfer for SD 12-10-2020. Integrata yet to book,1659707178,1659707178,4551456423,-590882299,2021-07-29
7419,,387_455590588_CACEIS,883858703,OB,OB,No-pair,fx wire,Caceis booked the fx wire for SD 10-15-2019. Integrata yet to book,883858703,883858703,4551456423,-590882299,2021-07-29
7420,,119_4551018409_CACEIS,1492757198,OB,OB,No-pair,wire transfer,Caceis booked the wire transfer for SD 09-10-2020. Integrata yet to book,1492757198,1492757198,4551456423,-590882299,2021-07-29
7421,,12_455663909_CACEIS,1011570620,OB,OB,No-pair,wire transfer,Caceis booked the wire transfer for SD 12-11-2019. Integrata yet to book,1011570620,1011570620,4551456423,-590882299,2021-07-29
7422,,49_4551334292_CACEIS,1911737222,OB,OB,No-pair,monthend interest,Caceis booked the monthend interest for SD 05-01-2021. Integrata yet to book,1911737222,1911737222,4551456423,-590882299,2021-07-29
7423,,227_4551269721_CACEIS,1827474053,OB,OB,No-pair,fx wire,Caceis booked the fx wire for SD 03-15-2021. Integrata yet to book,1827474053,1827474053,4551456423,-590882299,2021-07-29
7424,,91_455742022_CACEIS,1127725696,OB,OB,No-pair,fees,Caceis booked the fees for SD 02-12-2020. Integrata yet to book,1127725696,1127725696,4551456423,-590882299,2021-07-29
7425,,192_455940640_CACEIS,1391596146,OB,OB,No-pair,fx wire,Caceis booked the fx wire for SD 07-15-2020. Integrata yet to book,1391596146,1391596146,4551456423,-590882299,2021-07-29
7426,,4_4551195338_CACEIS,1727684709,OB,OB,No-pair,proceeds sell,Caceis booked the proceeds sell for SD 01-15-2021. Integrata yet to book,1727684709,1727684709,4551456423,-590882299,2021-07-29
7427,,82_4551144082_CACEIS,1659707031,OB,OB,No-pair,wire transfer,Caceis booked the wire transfer for SD 12-10-2020. Integrata yet to book,1659707031,1659707031,4551456423,-590882299,2021-07-29
7428,,96_4551149959_CACEIS,1667622926,OB,OB,No-pair,fx wire,Caceis booked the fx wire for SD 12-15-2020. Integrata yet to book,1667622926,1667622926,4551456423,-590882299,2021-07-29
7429,,77_455404958_CACEIS,585162336,OB,OB,No-pair,fx wire,Caceis booked the fx wire for SD 05-15-2019. Integrata yet to book,585162336,585162336,4551456423,-590882299,2021-07-29
7430,,68_4551066313_CACEIS,1556876273,OB,OB,No-pair,fx wire,Caceis booked the fx wire for SD 10-15-2020. Integrata yet to book,1556876273,1556876273,4551456423,-590882299,2021-07-29
7431,,2_4551113260_CACEIS,1618326646,OB,OB,No-pair,wire transfer,Caceis booked the wire transfer for SD 11-13-2020. Integrata yet to book,1618326646,1618326646,4551456423,-590882299,2021-07-29
7432,,193_455940640_CACEIS,1391596032,OB,OB,No-pair,fx wire,Caceis booked the fx wire for SD 07-15-2020. Integrata yet to book,1391596032,1391596032,4551456423,-590882299,2021-07-29
7433,,50_455742022_CACEIS,1127725702,OB,OB,No-pair,fees,Caceis booked the fees for SD 02-12-2020. Integrata yet to book,1127725702,1127725702,4551456423,-590882299,2021-07-29
7434,,107_4551144082_CACEIS,1659707103,OB,OB,No-pair,wire transfer,Caceis booked the wire transfer for SD 12-10-2020. Integrata yet to book,1659707103,1659707103,4551456423,-590882299,2021-07-29
7435,,131_455900053_CACEIS,1336713241,OB,OB,No-pair,fx wire,Caceis booked the fx wire for SD 06-15-2020. Integrata yet to book,1336713241,1336713241,4551456423,-590882299,2021-07-29
7436,,725_4551232906_CACEIS,1780157098,OB,OB,No-pair,fx wire,Caceis booked the fx wire for SD 02-16-2021. Integrata yet to book,1780157098,1780157098,4551456423,-590882299,2021-07-29
7437,,477_4551149959_CACEIS,1667623315,OB,OB,No-pair,fx wire,Caceis booked the fx wire for SD 12-15-2020. Integrata yet to book,1667623315,1667623315,4551456423,-590882299,2021-07-29
7438,,237_455900053_CACEIS,1336713792,OB,OB,No-pair,wire transfer,Caceis booked the wire transfer for SD 05-19-2020. Integrata yet to book,1336713792,1336713792,4551456423,-590882299,2021-07-29
7439,,16_4551018409_CACEIS,1492757179,OB,OB,No-pair,fees,Caceis booked the fees for SD 09-10-2020. Integrata yet to book,1492757179,1492757179,4551456423,-590882299,2021-07-29
7440,,30_455701234_CACEIS,1075203692,OB,OB,No-pair,wire transfer,Caceis booked the wire transfer for SD 01-10-2020. Integrata yet to book,1075203692,1075203692,4551456423,-590882299,2021-07-29
7441,,1_455767183_CACEIS,1162470262,OB,OB,No-pair,wire transfer,Caceis booked the wire transfer for SD 03-03-2020. Integrata yet to book,1162470262,1162470262,4551456423,-590882299,2021-07-29
7442,,60_455658450_CACEIS,1002374641,OB,OB,No-pair,fx wire,Caceis booked the fx wire for SD 12-06-2019. Integrata yet to book,1002374641,1002374641,4551456423,-590882299,2021-07-29
7443,,15_455469998_CACEIS,680605534,OB,OB,No-pair,wire transfer,Caceis booked the wire transfer for SD 07-10-2019. Integrata yet to book,680605534,680605534,4551456423,-590882299,2021-07-29
7444,,20_4551283365_CACEIS,1845308054,OB,OB,No-pair,wire transfer,Caceis booked the wire transfer for SD 03-17-2021. Integrata yet to book,1845308054,1845308054,4551456423,-590882299,2021-07-29
7445,,687_455643841_CACEIS,975323759,OB,OB,No-pair,fx wire,Caceis booked the fx wire for SD 11-18-2019. Integrata yet to book,975323759,975323759,4551456423,-590882299,2021-07-29
7446,,41_455879764_CACEIS,1309543754,OB,OB,No-pair,fx wire,Caceis booked the fx wire for SD 05-29-2020. Integrata yet to book,1309543754,1309543754,4551456423,-590882299,2021-07-29
7447,,407_4551066313_CACEIS,1556876726,OB,OB,No-pair,fx wire,Caceis booked the fx wire for SD 10-15-2020. Integrata yet to book,1556876726,1556876726,4551456423,-590882299,2021-07-29
7448,,1_455386356_CACEIS,560114395,OB,OB,No-pair,monthend interest,Caceis booked the monthend interest for SD 05-01-2019. Integrata yet to book,560114395,560114395,4551456423,-590882299,2021-07-29
7449,,77_455742022_CACEIS,1127725738,OB,OB,No-pair,fees,Caceis booked the fees for SD 02-12-2020. Integrata yet to book,1127725738,1127725738,4551456423,-590882299,2021-07-29
7450,,80_4551388882_CACEIS,1989667576,OB,OB,No-pair,fees,Caceis booked the fees for SD 06-10-2021. Integrata yet to book,1989667576,1989667576,4551456423,-590882299,2021-07-29
7451,,8_4551093457_CACEIS,1592135407,OB,OB,No-pair,proceeds sell,Caceis booked the Miscellaneous for SD 10-16-2020. Integrata yet to book,1592135407,1592135407,4551456423,-590882299,2021-07-29
7452,,37_4551419402_CACEIS,2029730734,OB,OB,No-pair,wire transfer,Caceis booked the wire transfer for SD 07-01-2021. Integrata yet to book,2029730734,2029730734,4551456423,-590882299,2021-07-29
7453,,1_4551410165_CACEIS,2016505831,OB,OB,No-pair,wire transfer,Caceis booked the wire transfer for SD 06-25-2021. Integrata yet to book,2016505831,2016505831,4551456423,-590882299,2021-07-29
7454,,46_455404958_CACEIS,585162372,OB,OB,No-pair,fx wire,Caceis booked the fx wire for SD 05-15-2019. Integrata yet to book,585162372,585162372,4551456423,-590882299,2021-07-29
7455,,103_4551269721_CACEIS,1827473892,OB,OB,No-pair,fx wire,Caceis booked the fx wire for SD 03-15-2021. Integrata yet to book,1827473892,1827473892,4551456423,-590882299,2021-07-29
7456,,45_4551003590_CACEIS,1473425972,OB,OB,No-pair,monthend interest,Caceis booked the monthend interest for SD 09-01-2020. Integrata yet to book,1473425972,1473425972,4551456423,-590882299,2021-07-29
7457,,306_4551313388_CACEIS,1883527940,OB,OB,No-pair,fx wire,Caceis booked the fx wire for SD 04-15-2021. Integrata yet to book,1883527940,1883527940,4551456423,-590882299,2021-07-29
7458,,104_4551430779_CACEIS,2043021969,OB,OB,No-pair,fees,Caceis booked the fees for SD 07-12-2021. Integrata yet to book,2043021969,2043021969,4551456423,-590882299,2021-07-29
7459,,9_455383061_CACEIS,555496412,OB,OB,No-pair,fx wire,Caceis booked the fx wire for SD 04-26-2019. Integrata yet to book,555496412,555496412,4551456423,-590882299,2021-07-29
7460,,51_455688261_CACEIS,1053516737,OB,OB,No-pair,monthend interest,Caceis booked the monthend interest for SD 01-01-2020. Integrata yet to book,1053516737,1053516737,4551456423,-590882299,2021-07-29
7461,,293_4551313388_CACEIS,1883527836,OB,OB,No-pair,fx wire,Caceis booked the fx wire for SD 04-15-2021. Integrata yet to book,1883527836,1883527836,4551456423,-590882299,2021-07-29
7462,,2_4551281272_CACEIS,1842371423,OB,OB,No-pair,proceeds sell,Caceis booked the Miscellaneous for SD 03-22-2021. Integrata yet to book,1842371423,1842371423,4551456423,-590882299,2021-07-29
7463,,214_4551066313_CACEIS,1556876516,OB,OB,No-pair,fx wire,Caceis booked the fx wire for SD 10-15-2020. Integrata yet to book,1556876516,1556876516,4551456423,-590882299,2021-07-29
7464,,125_4551201062_CACEIS,1734566019,OB,OB,No-pair,fx wire,Caceis booked the fx wire for SD 01-22-2021. Integrata yet to book,1734566019,1734566019,4551456423,-590882299,2021-07-29
7465,,105_455742022_CACEIS,1127725781,OB,OB,No-pair,fees,Caceis booked the fees for SD 02-12-2020. Integrata yet to book,1127725781,1127725781,4551456423,-590882299,2021-07-29
7466,,222_455643841_CACEIS,975323294,OB,OB,No-pair,wire transfer,Caceis booked the Miscellaneous for SD 11-13-2019. Integrata yet to book,975323294,975323294,4551456423,-590882299,2021-07-29
7467,,508_455822501_CACEIS,1235308415,OB,OB,No-pair,fx wire,Caceis booked the fx wire for SD 04-15-2020. Integrata yet to book,1235308415,1235308415,4551456423,-590882299,2021-07-29
7468,,1427_455643841_CACEIS,975324499,OB,OB,No-pair,fx wire,Caceis booked the fx wire for SD 11-15-2019. Integrata yet to book,975324499,975324499,4551456423,-590882299,2021-07-29
7469,,114_4551144082_CACEIS,1659707142,OB,OB,No-pair,wire transfer,Caceis booked the wire transfer for SD 12-10-2020. Integrata yet to book,1659707142,1659707142,4551456423,-590882299,2021-07-29
7470,,92_4551388882_CACEIS,1989667599,OB,OB,No-pair,fees,Caceis booked the fees for SD 06-10-2021. Integrata yet to book,1989667599,1989667599,4551456423,-590882299,2021-07-29
7471,,14_455864447_CACEIS,1289293332,OB,OB,No-pair,wire transfer,Caceis booked the wire transfer for SD 03-17-2020. Integrata yet to book,1289293332,1289293332,4551456423,-590882299,2021-07-29
7472,,95_4551388882_CACEIS,1989667622,OB,OB,No-pair,fees,Caceis booked the fees for SD 06-10-2021. Integrata yet to book,1989667622,1989667622,4551456423,-590882299,2021-07-29
7473,,81_4551436806_CACEIS,2049885801,OB,OB,No-pair,fx wire,Caceis booked the fx wire for SD 07-15-2021. Integrata yet to book,2049885801,2049885801,4551456423,-590882299,2021-07-29
7474,,521_455783582_CACEIS,1185159728,OB,OB,No-pair,fx wire,Caceis booked the fx wire for SD 03-16-2020. Integrata yet to book,1185159728,1185159728,4551456423,-590882299,2021-07-29
7475,,86_455742022_CACEIS,1127725652,OB,OB,No-pair,fees,Caceis booked the fees for SD 02-12-2020. Integrata yet to book,1127725652,1127725652,4551456423,-590882299,2021-07-29
7476,,16_4551287241_CACEIS,1850449286,OB,OB,No-pair,fx wire,Caceis booked the fx wire for SD 03-26-2021. Integrata yet to book,1850449286,1850449286,4551456423,-590882299,2021-07-29
7477,,25_455469998_CACEIS,680605583,OB,OB,No-pair,wire transfer,Caceis booked the wire transfer for SD 07-10-2019. Integrata yet to book,680605583,680605583,4551456423,-590882299,2021-07-29
7478,,57_4551087502_CACEIS,1584326595,OB,OB,No-pair,monthend interest,Caceis booked the monthend interest for SD 11-01-2020. Integrata yet to book,1584326595,1584326595,4551456423,-590882299,2021-07-29
7479,,98_4551430779_CACEIS,2043021982,OB,OB,No-pair,fees,Caceis booked the fees for SD 07-12-2021. Integrata yet to book,2043021982,2043021982,4551456423,-590882299,2021-07-29
7480,,860_455822501_CACEIS,1235307724,OB,OB,No-pair,fx wire,Caceis booked the fx wire for SD 04-15-2020. Integrata yet to book,1235307724,1235307724,4551456423,-590882299,2021-07-29
7481,,22_4551305829_CACEIS,1874141002,OB,OB,No-pair,proceeds sell,Caceis booked the Miscellaneous for SD 04-09-2021. Integrata yet to book,1874141002,1874141002,4551456423,-590882299,2021-07-29
7482,,54_455404958_CACEIS,585162379,OB,OB,No-pair,fx wire,Caceis booked the fx wire for SD 05-15-2019. Integrata yet to book,585162379,585162379,4551456423,-590882299,2021-07-29
7483,,404_455985296_CACEIS,1449582237,OB,OB,No-pair,fx wire,Caceis booked the fx wire for SD 08-17-2020. Integrata yet to book,1449582237,1449582237,4551456423,-590882299,2021-07-29
7484,,6_455864447_CACEIS,1289293331,OB,OB,No-pair,wire transfer,Caceis booked the wire transfer for SD 03-17-2020. Integrata yet to book,1289293331,1289293331,4551456423,-590882299,2021-07-29
7485,,139_455748445_CACEIS,1136275156,OB,OB,No-pair,fx wire,Caceis booked the fx wire for SD 02-18-2020. Integrata yet to book,1136275156,1136275156,4551456423,-590882299,2021-07-29
7486,,100_4551144082_CACEIS,1659707121,OB,OB,No-pair,wire transfer,Caceis booked the wire transfer for SD 12-10-2020. Integrata yet to book,1659707121,1659707121,4551456423,-590882299,2021-07-29
7487,,88_4551388882_CACEIS,1989667612,OB,OB,No-pair,fees,Caceis booked the fees for SD 06-10-2021. Integrata yet to book,1989667612,1989667612,4551456423,-590882299,2021-07-29
7488,,90_455742022_CACEIS,1127725647,OB,OB,No-pair,fees,Caceis booked the fees for SD 02-12-2020. Integrata yet to book,1127725647,1127725647,4551456423,-590882299,2021-07-29
7489,,37_455554115_CACEIS,824384969,OB,OB,No-pair,fx wire,Caceis booked the fx wire for SD 09-17-2019. Integrata yet to book,824384969,824384969,4551456423,-590882299,2021-07-29
7490,,501_455862625_CACEIS,1287003719,OB,OB,No-pair,fx wire,Caceis booked the fx wire for SD 05-15-2020. Integrata yet to book,1287003719,1287003719,4551456423,-590882299,2021-07-29
7491,,203_455985296_CACEIS,1449581945,OB,OB,No-pair,fx wire,Caceis booked the fx wire for SD 08-17-2020. Integrata yet to book,1449581945,1449581945,4551456423,-590882299,2021-07-29
7492,,159_4551023983_CACEIS,1500213896,OB,OB,No-pair,fx wire,Caceis booked the fx wire for SD 09-15-2020. Integrata yet to book,1500213896,1500213896,4551456423,-590882299,2021-07-29
7493,,364_455822501_CACEIS,1235308289,OB,OB,No-pair,wire transfer,Caceis booked the wire transfer for SD 04-15-2020. Integrata yet to book,1235308289,1235308289,4551456423,-590882299,2021-07-29
7494,,7_455898221_CACEIS,1334730765,OB,OB,No-pair,wire transfer,Caceis booked the wire transfer for SD 06-12-2020. Integrata yet to book,1334730765,1334730765,4551456423,-590882299,2021-07-29
7495,,60_4551023983_CACEIS,1500213884,OB,OB,No-pair,fx wire,Caceis booked the fx wire for SD 09-15-2020. Integrata yet to book,1500213884,1500213884,4551456423,-590882299,2021-07-29
7496,,78_455742022_CACEIS,1127725756,OB,OB,No-pair,fees,Caceis booked the fees for SD 02-12-2020. Integrata yet to book,1127725756,1127725756,4551456423,-590882299,2021-07-29
7497,,23_4551287241_CACEIS,1850449289,OB,OB,No-pair,fx wire,Caceis booked the fx wire for SD 03-26-2021. Integrata yet to book,1850449289,1850449289,4551456423,-590882299,2021-07-29
7498,,401_455985296_CACEIS,1449582224,OB,OB,No-pair,fx wire,Caceis booked the fx wire for SD 08-17-2020. Integrata yet to book,1449582224,1449582224,4551456423,-590882299,2021-07-29
7499,,6_4551390838_CACEIS,1992497437,OB,OB,No-pair,wire transfer,Caceis booked the wire transfer for SD 06-11-2021. Integrata yet to book,1992497437,1992497437,4551456423,-590882299,2021-07-29
7500,,232_4551354754_CACEIS,1942399628,OB,OB,No-pair,fx wire,Caceis booked the fx wire for SD 05-17-2021. Integrata yet to book,1942399628,1942399628,4551456423,-590882299,2021-07-29
7501,,30_4551256295_CACEIS,1810321907,OB,OB,No-pair,proceeds sell,Caceis booked the Miscellaneous for SD 03-04-2021. Integrata yet to book,1810321907,1810321907,4551456423,-590882299,2021-07-29
7502,,9_455933037_CACEIS,1381439418,OB,OB,No-pair,wire transfer,Caceis booked the wire transfer for SD 07-09-2020. Integrata yet to book,1381439418,1381439418,4551456423,-590882299,2021-07-29
7503,,412_455985296_CACEIS,1449582127,OB,OB,No-pair,fx wire,Caceis booked the fx wire for SD 08-17-2020. Integrata yet to book,1449582127,1449582127,4551456423,-590882299,2021-07-29
7504,,424_455985296_CACEIS,1449582053,OB,OB,No-pair,fx wire,Caceis booked the fx wire for SD 08-17-2020. Integrata yet to book,1449582053,1449582053,4551456423,-590882299,2021-07-29
7505,,5_4551058652_CACEIS,1546340320,OB,OB,No-pair,fx wire,Caceis booked the fx wire for SD 10-09-2020. Integrata yet to book,1546340320,1546340320,4551456423,-590882299,2021-07-29
7506,,36_455820754_CACEIS,1233177759,OB,OB,No-pair,wire transfer,Caceis booked the wire transfer for SD 04-14-2020. Integrata yet to book,1233177759,1233177759,4551456423,-590882299,2021-07-29
7507,,293_455669415_CACEIS,1020662044,OB,OB,No-pair,fx wire,Caceis booked the fx wire for SD 12-16-2019. Integrata yet to book,1020662044,1020662044,4551456423,-590882299,2021-07-29
7508,,87_4551149959_CACEIS,1667622965,OB,OB,No-pair,fx wire,Caceis booked the fx wire for SD 12-15-2020. Integrata yet to book,1667622965,1667622965,4551456423,-590882299,2021-07-29
7509,,87_4551388882_CACEIS,1989667592,OB,OB,No-pair,fees,Caceis booked the fees for SD 06-10-2021. Integrata yet to book,1989667592,1989667592,4551456423,-590882299,2021-07-29
7510,,23_455782293_CACEIS,1183562977,OB,OB,No-pair,wire transfer,Caceis booked the wire transfer for SD 03-12-2020. Integrata yet to book,1183562977,1183562977,4551456423,-590882299,2021-07-29
7511,,590_4551066313_CACEIS,1556876811,OB,OB,No-pair,fees,Caceis booked the fees for SD 10-14-2020. Integrata yet to book,1556876811,1556876811,4551456423,-590882299,2021-07-29
7512,,351_4551023983_CACEIS,1500214193,OB,OB,No-pair,fx wire,Caceis booked the fx wire for SD 09-15-2020. Integrata yet to book,1500214193,1500214193,4551456423,-590882299,2021-07-29
7513,,159_455693832_CACEIS,1063035245,OB,OB,No-pair,wire transfer,Caceis booked the wire transfer for SD 01-06-2020. Integrata yet to book,1063035245,1063035245,4551456423,-590882299,2021-07-29
7514,,338_455900053_CACEIS,1336713764,OB,OB,No-pair,fx wire,Caceis booked the fx wire for SD 06-15-2020. Integrata yet to book,1336713764,1336713764,4551456423,-590882299,2021-07-29
7515,,51_4551430779_CACEIS,2043021973,OB,OB,No-pair,fees,Caceis booked the fees for SD 07-12-2021. Integrata yet to book,2043021973,2043021973,4551456423,-590882299,2021-07-29
7516,,483_4551191593_CACEIS,1722905544,OB,OB,No-pair,fx wire,Caceis booked the fx wire for SD 01-15-2021. Integrata yet to book,1722905544,1722905544,4551456423,-590882299,2021-07-29
7517,,101_455742022_CACEIS,1127725758,OB,OB,No-pair,fees,Caceis booked the fees for SD 02-12-2020. Integrata yet to book,1127725758,1127725758,4551456423,-590882299,2021-07-29
7518,,6_455887206_CACEIS,1320167953,OB,OB,No-pair,proceeds sell,Caceis booked the proceeds sell for SD 06-04-2020. Integrata yet to book,1320167953,1320167953,4551456423,-590882299,2021-07-29
7519,,450_455748445_CACEIS,1136275427,OB,OB,No-pair,fx wire,Caceis booked the fx wire for SD 02-18-2020. Integrata yet to book,1136275427,1136275427,4551456423,-590882299,2021-07-29
7520,,52_455963450_CACEIS,1421777904,OB,OB,No-pair,fx wire,Caceis booked the fx wire for SD 07-31-2020. Integrata yet to book,1421777904,1421777904,4551456423,-590882299,2021-07-29
7521,,74_4551430779_CACEIS,2043021933,OB,OB,No-pair,fees,Caceis booked the fees for SD 07-12-2021. Integrata yet to book,2043021933,2043021933,4551456423,-590882299,2021-07-29
7522,,188_455693832_CACEIS,1063035293,OB,OB,No-pair,wire transfer,Caceis booked the wire transfer for SD 01-06-2020. Integrata yet to book,1063035293,1063035293,4551456423,-590882299,2021-07-29
7523,,410_455940640_CACEIS,1391596319,OB,OB,No-pair,fx wire,Caceis booked the fx wire for SD 07-15-2020. Integrata yet to book,1391596319,1391596319,4551456423,-590882299,2021-07-29
7524,,2_455874345_CACEIS,1302176806,OB,OB,No-pair,fx wire,Caceis booked the fx wire for SD 05-26-2020. Integrata yet to book,1302176806,1302176806,4551456423,-590882299,2021-07-29
7525,,30_455476582_CACEIS,691189650,OB,OB,No-pair,fx wire,Caceis booked the fx wire for SD 07-16-2019. Integrata yet to book,691189650,691189650,4551456423,-590882299,2021-07-29
7526,,41_333062_CACEIS,479846770,OB,OB,No-pair,fx wire,Caceis booked the fx wire for SD 03-15-2019. Integrata yet to book,479846770,479846770,4551456423,-590882299,2021-07-29
7527,,4_455814364_CACEIS,1225169080,OB,OB,No-pair,wire transfer,Caceis booked the wire transfer for SD 04-08-2020. Integrata yet to book,1225169080,1225169080,4551456423,-590882299,2021-07-29
7528,,17_4551244633_CACEIS,1795375915,OB,OB,No-pair,wire transfer,Caceis booked the wire transfer for SD 02-24-2021. Integrata yet to book,1795375915,1795375915,4551456423,-590882299,2021-07-29
7529,,4_455887206_CACEIS,1320167952,OB,OB,No-pair,wire transfer,Caceis booked the wire transfer for SD 06-04-2020. Integrata yet to book,1320167952,1320167952,4551456423,-590882299,2021-07-29
7530,,427_455940640_CACEIS,1391596330,OB,OB,No-pair,fx wire,Caceis booked the fx wire for SD 07-15-2020. Integrata yet to book,1391596330,1391596330,4551456423,-590882299,2021-07-29
7531,,47_455736646_CACEIS,1120326834,OB,OB,No-pair,fx wire,Caceis booked the fx wire for SD 02-07-2020. Integrata yet to book,1120326834,1120326834,4551456423,-590882299,2021-07-29
7532,,1_455883482_CACEIS,1315193347,OB,OB,No-pair,wire transfer,Caceis booked the wire transfer for SD 06-02-2020. Integrata yet to book,1315193347,1315193347,4551456423,-590882299,2021-07-29
7533,,189_455693832_CACEIS,1063035303,OB,OB,No-pair,wire transfer,Caceis booked the wire transfer for SD 01-06-2020. Integrata yet to book,1063035303,1063035303,4551456423,-590882299,2021-07-29
7534,,38_455706635_CACEIS,1081907293,OB,OB,No-pair,fx wire,Caceis booked the fx wire for SD 01-15-2020. Integrata yet to book,1081907293,1081907293,4551456423,-590882299,2021-07-29
7535,,9_455487414_CACEIS,709535359,OB,OB,No-pair,proceeds sell,Caceis booked the proceeds sell for SD 07-24-2019. Integrata yet to book,709535359,709535359,4551456423,-590882299,2021-07-29
7536,,116_4551394628_CACEIS,1997244555,OB,OB,No-pair,fx wire,Caceis booked the fx wire for SD 06-15-2021. Integrata yet to book,1997244555,1997244555,4551456423,-590882299,2021-07-29
7537,,316_4551149959_CACEIS,1667623153,OB,OB,No-pair,fx wire,Caceis booked the fx wire for SD 12-15-2020. Integrata yet to book,1667623153,1667623153,4551456423,-590882299,2021-07-29
7538,,53_455742022_CACEIS,1127725650,OB,OB,No-pair,fees,Caceis booked the fees for SD 02-12-2020. Integrata yet to book,1127725650,1127725650,4551456423,-590882299,2021-07-29
7539,,18_4551244633_CACEIS,1795375918,OB,OB,No-pair,wire transfer,Caceis booked the wire transfer for SD 02-24-2021. Integrata yet to book,1795375918,1795375918,4551456423,-590882299,2021-07-29
7540,,189_4551248485_CACEIS,1800039581,OB,OB,No-pair,fx wire,Caceis booked the fx wire for SD 02-26-2021. Integrata yet to book,1800039581,1800039581,4551456423,-590882299,2021-07-29
7541,,171_455940640_CACEIS,1391595965,OB,OB,No-pair,fx wire,Caceis booked the fx wire for SD 07-15-2020. Integrata yet to book,1391595965,1391595965,4551456423,-590882299,2021-07-29
7542,,284_455669415_CACEIS,1020662090,OB,OB,No-pair,fx wire,Caceis booked the fx wire for SD 12-16-2019. Integrata yet to book,1020662090,1020662090,4551456423,-590882299,2021-07-29
7543,,140_455693832_CACEIS,1063035270,OB,OB,No-pair,wire transfer,Caceis booked the wire transfer for SD 01-06-2020. Integrata yet to book,1063035270,1063035270,4551456423,-590882299,2021-07-29
7544,,30_455842390_CACEIS,1260634977,OB,OB,No-pair,monthend interest,Caceis booked the monthend interest for SD 05-01-2020. Integrata yet to book,1260634977,1260634977,4551456423,-590882299,2021-07-29
7545,,305_455590588_CACEIS,883858400,OB,OB,No-pair,fx wire,Caceis booked the fx wire for SD 10-15-2019. Integrata yet to book,883858400,883858400,4551456423,-590882299,2021-07-29
7546,,12_4551001817_CACEIS,1470676030,OB,OB,No-pair,wire transfer,Caceis booked the wire transfer for SD 08-28-2020. Integrata yet to book,1470676030,1470676030,4551456423,-590882299,2021-07-29
7547,,4_455959742_CACEIS,1417073510,OB,OB,No-pair,wire transfer,Caceis booked the wire transfer for SD 07-29-2020. Integrata yet to book,1417073510,1417073510,4551456423,-590882299,2021-07-29
7548,,86_4551430779_CACEIS,2043021944,OB,OB,No-pair,fees,Caceis booked the fees for SD 07-12-2021. Integrata yet to book,2043021944,2043021944,4551456423,-590882299,2021-07-29
7549,,126_4551313388_CACEIS,1883527724,OB,OB,No-pair,fx wire,Caceis booked the fx wire for SD 04-15-2021. Integrata yet to book,1883527724,1883527724,4551456423,-590882299,2021-07-29
7550,,932_455643841_CACEIS,975324004,OB,OB,No-pair,fx wire,Caceis booked the fx wire for SD 11-01-2019. Integrata yet to book,975324004,975324004,4551456423,-590882299,2021-07-29
7551,,4_455920273_CACEIS,1364559754,OB,OB,No-pair,monthend interest,Caceis booked the monthend interest for SD 07-01-2020. Integrata yet to book,1364559754,1364559754,4551456423,-590882299,2021-07-29
7552,,469_4551109218_CACEIS,1613286926,OB,OB,No-pair,fx wire,Caceis booked the fx wire for SD 11-16-2020. Integrata yet to book,1613286926,1613286926,4551456423,-590882299,2021-07-29
7553,,4_455605017_CACEIS,907407223,OB,OB,No-pair,fx wire,Caceis booked the fx wire for SD 10-25-2019. Integrata yet to book,907407223,907407223,4551456423,-590882299,2021-07-29
7554,,64_455742022_CACEIS,1127725719,OB,OB,No-pair,wire transfer,Caceis booked the wire transfer for SD 02-12-2020. Integrata yet to book,1127725719,1127725719,4551456423,-590882299,2021-07-29
7555,,42_455916649_CACEIS,1359361385,OB,OB,No-pair,fx wire,Caceis booked the fx wire for SD 06-26-2020. Integrata yet to book,1359361385,1359361385,4551456423,-590882299,2021-07-29
7556,,48_4551087502_CACEIS,1584326619,OB,OB,No-pair,wire transfer,Caceis booked the wire transfer for SD 10-30-2020. Integrata yet to book,1584326619,1584326619,4551456423,-590882299,2021-07-29
7557,,94_455742022_CACEIS,1127725749,OB,OB,No-pair,fees,Caceis booked the fees for SD 02-12-2020. Integrata yet to book,1127725749,1127725749,4551456423,-590882299,2021-07-29
7558,,19_4551244633_CACEIS,1795375921,OB,OB,No-pair,wire transfer,Caceis booked the wire transfer for SD 02-24-2021. Integrata yet to book,1795375921,1795375921,4551456423,-590882299,2021-07-29
7559,,5_455605017_CACEIS,907407229,OB,OB,No-pair,fx wire,Caceis booked the fx wire for SD 10-25-2019. Integrata yet to book,907407229,907407229,4551456423,-590882299,2021-07-29
7560,,109_455900053_CACEIS,1336713316,OB,OB,No-pair,fx wire,Caceis booked the fx wire for SD 06-15-2020. Integrata yet to book,1336713316,1336713316,4551456423,-590882299,2021-07-29
7561,,156_455693832_CACEIS,1063035234,OB,OB,No-pair,wire transfer,Caceis booked the wire transfer for SD 01-06-2020. Integrata yet to book,1063035234,1063035234,4551456423,-590882299,2021-07-29
7562,,251_455783582_CACEIS,1185159451,OB,OB,No-pair,fx wire,Caceis booked the fx wire for SD 03-16-2020. Integrata yet to book,1185159451,1185159451,4551456423,-590882299,2021-07-29
7563,,670_455643841_CACEIS,975323742,OB,OB,No-pair,monthend interest,Caceis booked the monthend interest for SD 10-31-2019. Integrata yet to book,975323742,975323742,4551456423,-590882299,2021-07-29
7564,,131_4551191593_CACEIS,1722905087,OB,OB,No-pair,fx wire,Caceis booked the fx wire for SD 01-15-2021. Integrata yet to book,1722905087,1722905087,4551456423,-590882299,2021-07-29
7565,,57_4551020261_CACEIS,1495478249,OB,OB,No-pair,fx wire,Caceis booked the fx wire for SD 09-11-2020. Integrata yet to book,1495478249,1495478249,4551456423,-590882299,2021-07-29
7566,,54_455762980_CACEIS,1156897704,OB,OB,No-pair,wire transfer,Caceis booked the wire transfer for SD 02-28-2020. Integrata yet to book,1156897704,1156897704,4551456423,-590882299,2021-07-29
7567,,21_455874345_CACEIS,1302176808,OB,OB,No-pair,fx wire,Caceis booked the fx wire for SD 05-26-2020. Integrata yet to book,1302176808,1302176808,4551456423,-590882299,2021-07-29
7568,,603_455643841_CACEIS,975323675,OB,OB,No-pair,wire transfer,Caceis booked the wire transfer for SD 11-18-2019. Integrata yet to book,975323675,975323675,4551456423,-590882299,2021-07-29
7569,,203_455669415_CACEIS,1020662046,OB,OB,No-pair,fx wire,Caceis booked the fx wire for SD 12-16-2019. Integrata yet to book,1020662046,1020662046,4551456423,-590882299,2021-07-29
7570,,74_455590588_CACEIS,883858734,OB,OB,No-pair,fx wire,Caceis booked the fx wire for SD 10-15-2019. Integrata yet to book,883858734,883858734,4551456423,-590882299,2021-07-29
7571,,77_455808758_CACEIS,1217520442,OB,OB,No-pair,wire transfer,Caceis booked the wire transfer for SD 04-03-2020. Integrata yet to book,1217520442,1217520442,4551456423,-590882299,2021-07-29
7572,,994_455643841_CACEIS,975324066,OB,OB,No-pair,fees,Caceis booked the fees for SD 11-13-2019. Integrata yet to book,975324066,975324066,4551456423,-590882299,2021-07-29
7573,,85_455742022_CACEIS,1127725644,OB,OB,No-pair,fees,Caceis booked the fees for SD 02-12-2020. Integrata yet to book,1127725644,1127725644,4551456423,-590882299,2021-07-29
7574,,20_455874345_CACEIS,1302176829,OB,OB,No-pair,fx wire,Caceis booked the fx wire for SD 05-26-2020. Integrata yet to book,1302176829,1302176829,4551456423,-590882299,2021-07-29
7575,,20_4551244633_CACEIS,1795375924,OB,OB,No-pair,wire transfer,Caceis booked the wire transfer for SD 02-24-2021. Integrata yet to book,1795375924,1795375924,4551456423,-590882299,2021-07-29
7576,,79_455742022_CACEIS,1127725744,OB,OB,No-pair,wire transfer,Caceis booked the wire transfer for SD 02-12-2020. Integrata yet to book,1127725744,1127725744,4551456423,-590882299,2021-07-29
7577,,148_455900053_CACEIS,1336713526,OB,OB,No-pair,fx wire,Caceis booked the fx wire for SD 06-15-2020. Integrata yet to book,1336713526,1336713526,4551456423,-590882299,2021-07-29
7578,,10_455676391_CACEIS,1031864569,OB,OB,No-pair,wire transfer,Caceis booked the wire transfer for SD 12-20-2019. Integrata yet to book,1031864569,1031864569,4551456423,-590882299,2021-07-29
7579,,669_4551232906_CACEIS,1780157038,OB,OB,No-pair,fx wire,Caceis booked the fx wire for SD 02-16-2021. Integrata yet to book,1780157038,1780157038,4551456423,-590882299,2021-07-29
7580,,132_455693832_CACEIS,1063035211,OB,OB,No-pair,wire transfer,Caceis booked the wire transfer for SD 01-06-2020. Integrata yet to book,1063035211,1063035211,4551456423,-590882299,2021-07-29
7581,,523_455822501_CACEIS,1235308413,OB,OB,No-pair,fx wire,Caceis booked the fx wire for SD 04-15-2020. Integrata yet to book,1235308413,1235308413,4551456423,-590882299,2021-07-29
7582,,55_4551394628_CACEIS,1997244569,OB,OB,No-pair,fx wire,Caceis booked the fx wire for SD 06-15-2021. Integrata yet to book,1997244569,1997244569,4551456423,-590882299,2021-07-29
7583,,79_455590588_CACEIS,883858738,OB,OB,No-pair,fx wire,Caceis booked the fx wire for SD 10-15-2019. Integrata yet to book,883858738,883858738,4551456423,-590882299,2021-07-29
7584,,66_4551436806_CACEIS,2049885888,OB,OB,No-pair,fx wire,Caceis booked the fx wire for SD 07-15-2021. Integrata yet to book,2049885888,2049885888,4551456423,-590882299,2021-07-29
7585,,750_455862625_CACEIS,1287005165,OB,OB,No-pair,fx wire,Caceis booked the fx wire for SD 05-15-2020. Integrata yet to book,1287005165,1287005165,4551456423,-590882299,2021-07-29
7586,,17_455693832_CACEIS,1063035198,OB,OB,No-pair,fees,Caceis booked the fees for SD 01-06-2020. Integrata yet to book,1063035198,1063035198,4551456423,-590882299,2021-07-29
7587,,16_4551155693_CACEIS,1675163300,OB,OB,No-pair,wire transfer,Caceis booked the wire transfer for SD 12-18-2020. Integrata yet to book,1675163300,1675163300,4551456423,-590882299,2021-07-29
7588,,49_4551436806_CACEIS,2049885929,OB,OB,No-pair,fx wire,Caceis booked the fx wire for SD 07-15-2021. Integrata yet to book,2049885929,2049885929,4551456423,-590882299,2021-07-29
7589,,117_4551149959_CACEIS,1667622912,OB,OB,No-pair,fx wire,Caceis booked the fx wire for SD 12-15-2020. Integrata yet to book,1667622912,1667622912,4551456423,-590882299,2021-07-29
7590,,296_455669415_CACEIS,1020662086,OB,OB,No-pair,fx wire,Caceis booked the fx wire for SD 12-16-2019. Integrata yet to book,1020662086,1020662086,4551456423,-590882299,2021-07-29
7591,,63_4551044906_CACEIS,1528403588,OB,OB,No-pair,monthend interest,Caceis booked the monthend interest for SD 10-01-2020. Integrata yet to book,1528403588,1528403588,4551456423,-590882299,2021-07-29
7592,,56_455742022_CACEIS,1127725659,OB,OB,No-pair,fees,Caceis booked the fees for SD 02-12-2020. Integrata yet to book,1127725659,1127725659,4551456423,-590882299,2021-07-29
7593,,46_455590588_CACEIS,883858408,OB,OB,No-pair,fx wire,Caceis booked the fx wire for SD 10-15-2019. Integrata yet to book,883858408,883858408,4551456423,-590882299,2021-07-29
7594,,116_455649350_CACEIS,985331660,OB,OB,No-pair,monthend interest,Caceis booked the monthend interest for SD 12-01-2019. Integrata yet to book,985331660,985331660,4551456423,-590882299,2021-07-29
7595,,91_4551239617_CACEIS,1789074783,OB,OB,No-pair,fx wire,Caceis booked the fx wire for SD 02-19-2021. Integrata yet to book,1789074783,1789074783,4551456423,-590882299,2021-07-29
7596,,60_4551149959_CACEIS,1667622900,OB,OB,No-pair,fx wire,Caceis booked the fx wire for SD 12-15-2020. Integrata yet to book,1667622900,1667622900,4551456423,-590882299,2021-07-29
7597,,697_455862625_CACEIS,1287005058,OB,OB,No-pair,fx wire,Caceis booked the fx wire for SD 05-15-2020. Integrata yet to book,1287005058,1287005058,4551456423,-590882299,2021-07-29
7598,,494_4551109218_CACEIS,1613287104,OB,OB,No-pair,fx wire,Caceis booked the fx wire for SD 11-16-2020. Integrata yet to book,1613287104,1613287104,4551456423,-590882299,2021-07-29
7599,,33_4551210754_CACEIS,1748958205,OB,OB,No-pair,fx wire,Caceis booked the fx wire for SD 01-29-2021. Integrata yet to book,1748958205,1748958205,4551456423,-590882299,2021-07-29
7600,,137_4551436806_CACEIS,2049885739,OB,OB,No-pair,fx wire,Caceis booked the fx wire for SD 07-15-2021. Integrata yet to book,2049885739,2049885739,4551456423,-590882299,2021-07-29
7601,,213_455706635_CACEIS,1081907391,OB,OB,No-pair,fx wire,Caceis booked the fx wire for SD 01-15-2020. Integrata yet to book,1081907391,1081907391,4551456423,-590882299,2021-07-29
7602,,118_455585083_CACEIS,874262438,OB,OB,No-pair,wire transfer,Caceis booked the wire transfer for SD 10-10-2019. Integrata yet to book,874262438,874262438,4551456423,-590882299,2021-07-29
7603,,97_455742022_CACEIS,1127725785,OB,OB,No-pair,fees,Caceis booked the fees for SD 02-12-2020. Integrata yet to book,1127725785,1127725785,4551456423,-590882299,2021-07-29
7604,,497_455862625_CACEIS,1287003894,OB,OB,No-pair,fx wire,Caceis booked the fx wire for SD 05-15-2020. Integrata yet to book,1287003894,1287003894,4551456423,-590882299,2021-07-29
7605,,126_455762980_CACEIS,1156897839,OB,OB,No-pair,fx wire,Caceis booked the fx wire for SD 02-28-2020. Integrata yet to book,1156897839,1156897839,4551456423,-590882299,2021-07-29
7606,,4_4551001817_CACEIS,1470676014,OB,OB,No-pair,wire transfer,Caceis booked the wire transfer for SD 08-27-2020. Integrata yet to book,1470676014,1470676014,4551456423,-590882299,2021-07-29
7607,,32_4551210754_CACEIS,1748958199,OB,OB,No-pair,fx wire,Caceis booked the fx wire for SD 01-29-2021. Integrata yet to book,1748958199,1748958199,4551456423,-590882299,2021-07-29
7608,,9_455416215_CACEIS,599999216,OB,OB,No-pair,fx wire,Caceis booked the fx wire for SD 05-24-2019. Integrata yet to book,599999216,599999216,4551456423,-590882299,2021-07-29
7609,,2_455775994_CACEIS,1174727501,OB,OB,No-pair,fees,Caceis booked the fees for SD 03-09-2020. Integrata yet to book,1174727501,1174727501,4551456423,-590882299,2021-07-29
7610,,92_4551220415_CACEIS,1761956040,OB,OB,No-pair,fx wire,Caceis booked the fx wire for SD 02-05-2021. Integrata yet to book,1761956040,1761956040,4551456423,-590882299,2021-07-29
7611,,8_455889377_CACEIS,1323110253,OB,OB,No-pair,fx wire,Caceis booked the fx wire for SD 06-05-2020. Integrata yet to book,1323110253,1323110253,4551456423,-590882299,2021-07-29
7612,,177_455669415_CACEIS,1020661920,OB,OB,No-pair,fx wire,Caceis booked the fx wire for SD 12-16-2019. Integrata yet to book,1020661920,1020661920,4551456423,-590882299,2021-07-29
7613,,83_4551436806_CACEIS,2049885899,OB,OB,No-pair,fx wire,Caceis booked the fx wire for SD 07-15-2021. Integrata yet to book,2049885899,2049885899,4551456423,-590882299,2021-07-29
7614,,54_4551136088_CACEIS,1649475137,OB,OB,No-pair,fx wire,Caceis booked the fx wire for SD 12-04-2020. Integrata yet to book,1649475137,1649475137,4551456423,-590882299,2021-07-29
7615,,103_455585083_CACEIS,874262520,OB,OB,No-pair,wire transfer,Caceis booked the wire transfer for SD 10-10-2019. Integrata yet to book,874262520,874262520,4551456423,-590882299,2021-07-29
7616,,119_455663909_CACEIS,1011570619,OB,OB,No-pair,fees,Caceis booked the fees for SD 12-11-2019. Integrata yet to book,1011570619,1011570619,4551456423,-590882299,2021-07-29
7617,,36_267975_CACEIS,368747311,OB,OB,No-pair,fx wire,Caceis booked the fx wire for SD 01-15-2019. Integrata yet to book,368747311,368747311,4551456423,-590882299,2021-07-29
7618,,444_4551109218_CACEIS,1613287099,OB,OB,No-pair,fx wire,Caceis booked the fx wire for SD 11-16-2020. Integrata yet to book,1613287099,1613287099,4551456423,-590882299,2021-07-29
7619,,152_455693832_CACEIS,1063035226,OB,OB,No-pair,wire transfer,Caceis booked the wire transfer for SD 01-06-2020. Integrata yet to book,1063035226,1063035226,4551456423,-590882299,2021-07-29
7620,,46_455963450_CACEIS,1421777828,OB,OB,No-pair,fx wire,Caceis booked the fx wire for SD 07-31-2020. Integrata yet to book,1421777828,1421777828,4551456423,-590882299,2021-07-29
7621,,365_4551232906_CACEIS,1780156730,OB,OB,No-pair,fx wire,Caceis booked the fx wire for SD 02-16-2021. Integrata yet to book,1780156730,1780156730,4551456423,-590882299,2021-07-29
7622,,66_4551220415_CACEIS,1761956279,OB,OB,No-pair,fx wire,Caceis booked the fx wire for SD 02-05-2021. Integrata yet to book,1761956279,1761956279,4551456423,-590882299,2021-07-29
7623,,75_455742022_CACEIS,1127725730,OB,OB,No-pair,fees,Caceis booked the fees for SD 02-12-2020. Integrata yet to book,1127725730,1127725730,4551456423,-590882299,2021-07-29
7624,,135_4551313388_CACEIS,1883527693,OB,OB,No-pair,fx wire,Caceis booked the fx wire for SD 04-15-2021. Integrata yet to book,1883527693,1883527693,4551456423,-590882299,2021-07-29
7625,,502_4551109218_CACEIS,1613287075,OB,OB,No-pair,fx wire,Caceis booked the fx wire for SD 11-16-2020. Integrata yet to book,1613287075,1613287075,4551456423,-590882299,2021-07-29
7626,,64_455940640_CACEIS,1391595916,OB,OB,No-pair,fx wire,Caceis booked the fx wire for SD 07-15-2020. Integrata yet to book,1391595916,1391595916,4551456423,-590882299,2021-07-29
7627,,161_4551191593_CACEIS,1722905160,OB,OB,No-pair,fx wire,Caceis booked the fx wire for SD 01-15-2021. Integrata yet to book,1722905160,1722905160,4551456423,-590882299,2021-07-29
7628,,5_455775994_CACEIS,1174727505,OB,OB,No-pair,fees,Caceis booked the fees for SD 03-09-2020. Integrata yet to book,1174727505,1174727505,4551456423,-590882299,2021-07-29
7629,,57_455783582_CACEIS,1185159322,OB,OB,No-pair,fx wire,Caceis booked the fx wire for SD 03-16-2020. Integrata yet to book,1185159322,1185159322,4551456423,-590882299,2021-07-29
7630,,105_455663909_CACEIS,1011570683,OB,OB,No-pair,fees,Caceis booked the fees for SD 12-11-2019. Integrata yet to book,1011570683,1011570683,4551456423,-590882299,2021-07-29
7631,,28_4551023983_CACEIS,1500213853,OB,OB,No-pair,fx wire,Caceis booked the fx wire for SD 09-15-2020. Integrata yet to book,1500213853,1500213853,4551456423,-590882299,2021-07-29
7632,,78_455590588_CACEIS,883858743,OB,OB,No-pair,fx wire,Caceis booked the fx wire for SD 10-15-2019. Integrata yet to book,883858743,883858743,4551456423,-590882299,2021-07-29
7633,,30_4551210754_CACEIS,1748958196,OB,OB,No-pair,fx wire,Caceis booked the fx wire for SD 01-29-2021. Integrata yet to book,1748958196,1748958196,4551456423,-590882299,2021-07-29
7634,,349_4551232906_CACEIS,1780156781,OB,OB,No-pair,fx wire,Caceis booked the fx wire for SD 02-16-2021. Integrata yet to book,1780156781,1780156781,4551456423,-590882299,2021-07-29
7635,,17_4551201062_CACEIS,1734565980,OB,OB,No-pair,fx wire,Caceis booked the fx wire for SD 01-22-2021. Integrata yet to book,1734565980,1734565980,4551456423,-590882299,2021-07-29
7636,,75_4551023983_CACEIS,1500213954,OB,OB,No-pair,fx wire,Caceis booked the fx wire for SD 09-15-2020. Integrata yet to book,1500213954,1500213954,4551456423,-590882299,2021-07-29
7637,,70_4551232906_CACEIS,1780156435,OB,OB,No-pair,fx wire,Caceis booked the fx wire for SD 02-16-2021. Integrata yet to book,1780156435,1780156435,4551456423,-590882299,2021-07-29
7638,,187_455693832_CACEIS,1063035288,OB,OB,No-pair,wire transfer,Caceis booked the wire transfer for SD 01-06-2020. Integrata yet to book,1063035288,1063035288,4551456423,-590882299,2021-07-29
7639,,13_4551153712_CACEIS,1672409234,OB,OB,No-pair,wire transfer,Caceis booked the wire transfer for SD 12-17-2020. Integrata yet to book,1672409234,1672409234,4551456423,-590882299,2021-07-29
7640,,7_4551320866_CACEIS,1893229414,OB,OB,No-pair,wire transfer,Caceis booked the wire transfer for SD 04-21-2021. Integrata yet to book,1893229414,1893229414,4551456423,-590882299,2021-07-29
7641,,117_455663909_CACEIS,1011570663,OB,OB,No-pair,fees,Caceis booked the fees for SD 12-11-2019. Integrata yet to book,1011570663,1011570663,4551456423,-590882299,2021-07-29
7642,,10_455714596_CACEIS,1091890320,OB,OB,No-pair,proceeds sell,Caceis booked the proceeds sell for SD 01-22-2020. Integrata yet to book,1091890320,1091890320,4551456423,-590882299,2021-07-29
7643,,115_4551313388_CACEIS,1883527664,OB,OB,No-pair,fx wire,Caceis booked the fx wire for SD 04-15-2021. Integrata yet to book,1883527664,1883527664,4551456423,-590882299,2021-07-29
7644,,427_4551232906_CACEIS,1780156787,OB,OB,No-pair,fx wire,Caceis booked the fx wire for SD 02-16-2021. Integrata yet to book,1780156787,1780156787,4551456423,-590882299,2021-07-29
7645,,134_455693832_CACEIS,1063035228,OB,OB,No-pair,wire transfer,Caceis booked the wire transfer for SD 01-06-2020. Integrata yet to book,1063035228,1063035228,4551456423,-590882299,2021-07-29
7646,,11_4551334292_CACEIS,1911737216,OB,OB,No-pair,fx wire,Caceis booked the fx wire for SD 04-30-2021. Integrata yet to book,1911737216,1911737216,4551456423,-590882299,2021-07-29
7647,,340_455862625_CACEIS,1287003203,OB,OB,No-pair,fx wire,Caceis booked the fx wire for SD 05-15-2020. Integrata yet to book,1287003203,1287003203,4551456423,-590882299,2021-07-29
7648,,153_4551191593_CACEIS,1722905150,OB,OB,No-pair,fx wire,Caceis booked the fx wire for SD 01-15-2021. Integrata yet to book,1722905150,1722905150,4551456423,-590882299,2021-07-29
7649,,29_4551018409_CACEIS,1492757257,OB,OB,No-pair,fees,Caceis booked the fees for SD 09-10-2020. Integrata yet to book,1492757257,1492757257,4551456423,-590882299,2021-07-29
7650,,65_4551066313_CACEIS,1556876432,OB,OB,No-pair,fx wire,Caceis booked the fx wire for SD 10-15-2020. Integrata yet to book,1556876432,1556876432,4551456423,-590882299,2021-07-29
7651,,1_455645400_CACEIS,977616493,OB,OB,No-pair,wire transfer,Caceis booked the wire transfer for SD 11-26-2019. Integrata yet to book,977616493,977616493,4551456423,-590882299,2021-07-29
7652,,126_455663909_CACEIS,1011570690,OB,OB,No-pair,fees,Caceis booked the fees for SD 12-11-2019. Integrata yet to book,1011570690,1011570690,4551456423,-590882299,2021-07-29
7653,,69_455718167_CACEIS,1096512059,OB,OB,No-pair,wire transfer,Caceis booked the wire transfer for SD 01-24-2020. Integrata yet to book,1096512059,1096512059,4551456423,-590882299,2021-07-29
7654,,185_4551066313_CACEIS,1556876388,OB,OB,No-pair,fx wire,Caceis booked the fx wire for SD 10-15-2020. Integrata yet to book,1556876388,1556876388,4551456423,-590882299,2021-07-29
7655,,122_455762980_CACEIS,1156897825,OB,OB,No-pair,fx wire,Caceis booked the fx wire for SD 02-28-2020. Integrata yet to book,1156897825,1156897825,4551456423,-590882299,2021-07-29
7656,,185_455693832_CACEIS,1063035267,OB,OB,No-pair,wire transfer,Caceis booked the wire transfer for SD 01-06-2020. Integrata yet to book,1063035267,1063035267,4551456423,-590882299,2021-07-29
7657,,395_455748445_CACEIS,1136275224,OB,OB,No-pair,fx wire,Caceis booked the fx wire for SD 02-18-2020. Integrata yet to book,1136275224,1136275224,4551456423,-590882299,2021-07-29
7658,,121_455663909_CACEIS,1011570639,OB,OB,No-pair,fees,Caceis booked the fees for SD 12-11-2019. Integrata yet to book,1011570639,1011570639,4551456423,-590882299,2021-07-29
7659,,19_4551136088_CACEIS,1649475200,OB,OB,No-pair,proceeds sell,Caceis booked the proceeds sell for SD 12-04-2020. Integrata yet to book,1649475200,1649475200,4551456423,-590882299,2021-07-29
7660,,119_4551313388_CACEIS,1883527685,OB,OB,No-pair,fx wire,Caceis booked the fx wire for SD 04-15-2021. Integrata yet to book,1883527685,1883527685,4551456423,-590882299,2021-07-29
7661,,263_4551149959_CACEIS,1667623016,OB,OB,No-pair,fx wire,Caceis booked the fx wire for SD 12-15-2020. Integrata yet to book,1667623016,1667623016,4551456423,-590882299,2021-07-29
7662,,2_306626_CACEIS,434144676,OB,OB,No-pair,proceeds sell,Caceis booked the Miscellaneous for SD 02-19-2019. Integrata yet to book,434144676,434144676,4551456423,-590882299,2021-07-29
7663,,37_455826113_CACEIS,1239393754,OB,OB,No-pair,wire transfer,Caceis booked the wire transfer for SD 04-17-2020. Integrata yet to book,1239393754,1239393754,4551456423,-590882299,2021-07-29
7664,,95_4551149959_CACEIS,1667622847,OB,OB,No-pair,fx wire,Caceis booked the fx wire for SD 12-15-2020. Integrata yet to book,1667622847,1667622847,4551456423,-590882299,2021-07-29
7665,,136_4551191593_CACEIS,1722905139,OB,OB,No-pair,fx wire,Caceis booked the fx wire for SD 01-15-2021. Integrata yet to book,1722905139,1722905139,4551456423,-590882299,2021-07-29
7666,,171_455693832_CACEIS,1063035265,OB,OB,No-pair,wire transfer,Caceis booked the wire transfer for SD 01-06-2020. Integrata yet to book,1063035265,1063035265,4551456423,-590882299,2021-07-29
7667,,11_4551171343_CACEIS,1696929196,OB,OB,No-pair,monthend interest,Caceis booked the monthend interest for SD 01-01-2021. Integrata yet to book,1696929196,1696929196,4551456423,-590882299,2021-07-29
7668,,21_455753887_CACEIS,1143364763,OB,OB,No-pair,fx wire,Caceis booked the fx wire for SD 02-21-2020. Integrata yet to book,1143364763,1143364763,4551456423,-590882299,2021-07-29
7669,,37_455649350_CACEIS,985331626,OB,OB,No-pair,monthend interest,Caceis booked the monthend interest for SD 12-01-2019. Integrata yet to book,985331626,985331626,4551456423,-590882299,2021-07-29
7670,,75_4551388882_CACEIS,1989667560,OB,OB,No-pair,fees,Caceis booked the fees for SD 06-10-2021. Integrata yet to book,1989667560,1989667560,4551456423,-590882299,2021-07-29
7671,,510_4551109218_CACEIS,1613287089,OB,OB,No-pair,fx wire,Caceis booked the fx wire for SD 11-16-2020. Integrata yet to book,1613287089,1613287089,4551456423,-590882299,2021-07-29
7672,,42_455706635_CACEIS,1081907320,OB,OB,No-pair,fx wire,Caceis booked the fx wire for SD 01-15-2020. Integrata yet to book,1081907320,1081907320,4551456423,-590882299,2021-07-29
7673,,99_455742022_CACEIS,1127725739,OB,OB,No-pair,fees,Caceis booked the fees for SD 02-12-2020. Integrata yet to book,1127725739,1127725739,4551456423,-590882299,2021-07-29
7674,,20_455400675_CACEIS,579063138,OB,OB,No-pair,proceeds sell,Caceis booked the proceeds sell for SD 05-10-2019. Integrata yet to book,579063138,579063138,4551456423,-590882299,2021-07-29
7675,,25_455693832_CACEIS,1063035268,OB,OB,No-pair,wire transfer,Caceis booked the wire transfer for SD 01-06-2020. Integrata yet to book,1063035268,1063035268,4551456423,-590882299,2021-07-29
7676,,17_4551292839_CACEIS,1857221931,OB,OB,No-pair,wire transfer,Caceis booked the wire transfer for SD 03-31-2021. Integrata yet to book,1857221931,1857221931,4551456423,-590882299,2021-07-29
7677,,16_455547231_CACEIS,811491698,OB,OB,No-pair,fees,Caceis booked the fees for SD 09-11-2019. Integrata yet to book,811491698,811491698,4551456423,-590882299,2021-07-29
7678,,425_4551232906_CACEIS,1780156829,OB,OB,No-pair,fx wire,Caceis booked the fx wire for SD 02-16-2021. Integrata yet to book,1780156829,1780156829,4551456423,-590882299,2021-07-29
7679,,140_455862625_CACEIS,1287003247,OB,OB,No-pair,fx wire,Caceis booked the fx wire for SD 05-15-2020. Integrata yet to book,1287003247,1287003247,4551456423,-590882299,2021-07-29
7680,,611_4551232906_CACEIS,1780157040,OB,OB,No-pair,fx wire,Caceis booked the fx wire for SD 02-16-2021. Integrata yet to book,1780157040,1780157040,4551456423,-590882299,2021-07-29
7681,,31_455476582_CACEIS,691189654,OB,OB,No-pair,fx wire,Caceis booked the fx wire for SD 07-16-2019. Integrata yet to book,691189654,691189654,4551456423,-590882299,2021-07-29
7682,,12_455449139_CACEIS,646003527,OB,OB,No-pair,fx wire,Caceis booked the fx wire for SD 06-21-2019. Integrata yet to book,646003527,646003527,4551456423,-590882299,2021-07-29
7683,,272_4551149959_CACEIS,1667623071,OB,OB,No-pair,fx wire,Caceis booked the fx wire for SD 12-15-2020. Integrata yet to book,1667623071,1667623071,4551456423,-590882299,2021-07-29
7684,,171_455934920_CACEIS,1383926684,OB,OB,No-pair,wire transfer,Caceis booked the wire transfer for SD 07-10-2020. Integrata yet to book,1383926684,1383926684,4551456423,-590882299,2021-07-29
7685,,39_455916649_CACEIS,1359361406,OB,OB,No-pair,wire transfer,Caceis booked the wire transfer for SD 06-26-2020. Integrata yet to book,1359361406,1359361406,4551456423,-590882299,2021-07-29
7686,,522_4551109218_CACEIS,1613287098,OB,OB,No-pair,fx wire,Caceis booked the fx wire for SD 11-16-2020. Integrata yet to book,1613287098,1613287098,4551456423,-590882299,2021-07-29
7687,,133_455822501_CACEIS,1235308139,OB,OB,No-pair,fx wire,Caceis booked the fx wire for SD 04-15-2020. Integrata yet to book,1235308139,1235308139,4551456423,-590882299,2021-07-29
7688,,96_455742022_CACEIS,1127725776,OB,OB,No-pair,fees,Caceis booked the fees for SD 02-12-2020. Integrata yet to book,1127725776,1127725776,4551456423,-590882299,2021-07-29
7689,,14_455871083_CACEIS,1298154322,OB,OB,No-pair,fx wire,Caceis booked the fx wire for SD 05-22-2020. Integrata yet to book,1298154322,1298154322,4551456423,-590882299,2021-07-29
7690,,89_455742022_CACEIS,1127725637,OB,OB,No-pair,fees,Caceis booked the fees for SD 02-12-2020. Integrata yet to book,1127725637,1127725637,4551456423,-590882299,2021-07-29
7691,,17_4551186410_CACEIS,1715586519,OB,OB,No-pair,wire transfer,Caceis booked the wire transfer for SD 01-12-2021. Integrata yet to book,1715586519,1715586519,4551456423,-590882299,2021-07-29
7692,,18_455547231_CACEIS,811491709,OB,OB,No-pair,fees,Caceis booked the fees for SD 09-11-2019. Integrata yet to book,811491709,811491709,4551456423,-590882299,2021-07-29
7693,,8_455955831_CACEIS,1412132611,OB,OB,No-pair,wire transfer,Caceis booked the wire transfer for SD 07-27-2020. Integrata yet to book,1412132611,1412132611,4551456423,-590882299,2021-07-29
7694,,118_455663909_CACEIS,1011570599,OB,OB,No-pair,fees,Caceis booked the fees for SD 12-11-2019. Integrata yet to book,1011570599,1011570599,4551456423,-590882299,2021-07-29
7695,,3_4551339728_CACEIS,1920020594,OB,OB,No-pair,wire transfer,Caceis booked the wire transfer for SD 05-05-2021. Integrata yet to book,1920020594,1920020594,4551456423,-590882299,2021-07-29
7696,,120_4551201062_CACEIS,1734565956,OB,OB,No-pair,fx wire,Caceis booked the fx wire for SD 01-22-2021. Integrata yet to book,1734565956,1734565956,4551456423,-590882299,2021-07-29
7697,,391_455985296_CACEIS,1449582115,OB,OB,No-pair,fx wire,Caceis booked the fx wire for SD 08-17-2020. Integrata yet to book,1449582115,1449582115,4551456423,-590882299,2021-07-29
7698,,189_455985296_CACEIS,1449581840,OB,OB,No-pair,fx wire,Caceis booked the fx wire for SD 08-17-2020. Integrata yet to book,1449581840,1449581840,4551456423,-590882299,2021-07-29
7699,,270_4551109218_CACEIS,1613286818,OB,OB,No-pair,fx wire,Caceis booked the fx wire for SD 11-16-2020. Integrata yet to book,1613286818,1613286818,4551456423,-590882299,2021-07-29
7700,,642_4551232906_CACEIS,1780157043,OB,OB,No-pair,fx wire,Caceis booked the fx wire for SD 02-16-2021. Integrata yet to book,1780157043,1780157043,4551456423,-590882299,2021-07-29
7701,,74_306589_CACEIS,433998222,OB,OB,No-pair,wire transfer,Caceis booked the wire transfer for SD 02-15-2019. Integrata yet to book,433998222,433998222,4551456423,-590882299,2021-07-29
7702,,3_306628_CACEIS,434144769,OB,OB,No-pair,proceeds sell,Caceis booked the Miscellaneous for SD 02-20-2019. Integrata yet to book,434144769,434144769,4551456423,-590882299,2021-07-29
7703,,1_455444459_CACEIS,639122524,OB,OB,No-pair,proceeds sell,Caceis booked the Miscellaneous for SD 06-18-2019. Integrata yet to book,639122524,639122524,4551456423,-590882299,2021-07-29
7704,,106_455742022_CACEIS,1127725789,OB,OB,No-pair,fees,Caceis booked the fees for SD 02-12-2020. Integrata yet to book,1127725789,1127725789,4551456423,-590882299,2021-07-29
7705,,128_455900053_CACEIS,1336713135,OB,OB,No-pair,fx wire,Caceis booked the fx wire for SD 06-15-2020. Integrata yet to book,1336713135,1336713135,4551456423,-590882299,2021-07-29
7706,,137_455693832_CACEIS,1063035237,OB,OB,No-pair,wire transfer,Caceis booked the wire transfer for SD 01-06-2020. Integrata yet to book,1063035237,1063035237,4551456423,-590882299,2021-07-29
7707,,5_455796038_CACEIS,1200627628,OB,OB,No-pair,wire transfer,Caceis booked the wire transfer for SD 03-25-2020. Integrata yet to book,1200627628,1200627628,4551456423,-590882299,2021-07-29
7708,,4_286427_CACEIS,402006250,OB,OB,No-pair,fx wire,Caceis booked the fx wire for SD 02-01-2019. Integrata yet to book,402006250,402006250,4551456423,-590882299,2021-07-29
7709,,32_455404958_CACEIS,585162346,OB,OB,No-pair,fx wire,Caceis booked the fx wire for SD 05-15-2019. Integrata yet to book,585162346,585162346,4551456423,-590882299,2021-07-29
7710,,9_455955831_CACEIS,1412132615,OB,OB,No-pair,wire transfer,Caceis booked the wire transfer for SD 07-22-2020. Integrata yet to book,1412132615,1412132615,4551456423,-590882299,2021-07-29
7711,,2_309411_CACEIS,439623657,OB,OB,No-pair,wire transfer,Caceis booked the wire transfer for SD 02-22-2019. Integrata yet to book,439623657,439623657,4551456423,-590882299,2021-07-29
7712,,53_455610697_CACEIS,917943317,OB,OB,No-pair,fx wire,Caceis booked the fx wire for SD 10-18-2019. Integrata yet to book,917943317,917943317,4551456423,-590882299,2021-07-29
7713,,105_455516633_CACEIS,760048407,OB,OB,No-pair,wire transfer,Caceis booked the wire transfer for SD 05-24-2019. Integrata yet to book,760048407,760048407,4551456423,-590882299,2021-07-29
7714,,44_455676391_CACEIS,1031864578,OB,OB,No-pair,fx wire,Caceis booked the fx wire for SD 12-20-2019. Integrata yet to book,1031864578,1031864578,4551456423,-590882299,2021-07-29
7715,,55_455762980_CACEIS,1156897716,OB,OB,No-pair,monthend interest,Caceis booked the monthend interest for SD 03-01-2020. Integrata yet to book,1156897716,1156897716,4551456423,-590882299,2021-07-29
7716,,402_455783582_CACEIS,1185159624,OB,OB,No-pair,fx wire,Caceis booked the fx wire for SD 03-16-2020. Integrata yet to book,1185159624,1185159624,4551456423,-590882299,2021-07-29
7717,,343_455940640_CACEIS,1391596214,OB,OB,No-pair,fx wire,Caceis booked the fx wire for SD 07-15-2020. Integrata yet to book,1391596214,1391596214,4551456423,-590882299,2021-07-29
7718,,886_455822501_CACEIS,1235308691,OB,OB,No-pair,fx wire,Caceis booked the fx wire for SD 04-15-2020. Integrata yet to book,1235308691,1235308691,4551456423,-590882299,2021-07-29
7719,,3_455481679_CACEIS,700117260,OB,OB,No-pair,wire transfer,Caceis booked the wire transfer for SD 07-19-2019. Integrata yet to book,700117260,700117260,4551456423,-590882299,2021-07-29
7720,,134_455663909_CACEIS,1011570711,OB,OB,No-pair,fees,Caceis booked the fees for SD 12-11-2019. Integrata yet to book,1011570711,1011570711,4551456423,-590882299,2021-07-29
7721,,181_4551066313_CACEIS,1556876297,OB,OB,No-pair,fx wire,Caceis booked the fx wire for SD 10-15-2020. Integrata yet to book,1556876297,1556876297,4551456423,-590882299,2021-07-29
7722,,37_455669415_CACEIS,1020661935,OB,OB,No-pair,fx wire,Caceis booked the fx wire for SD 12-16-2019. Integrata yet to book,1020661935,1020661935,4551456423,-590882299,2021-07-29
7723,,10_455693832_CACEIS,1063035201,OB,OB,No-pair,wire transfer,Caceis booked the wire transfer for SD 01-06-2020. Integrata yet to book,1063035201,1063035201,4551456423,-590882299,2021-07-29
7724,,149_455693832_CACEIS,1063035217,OB,OB,No-pair,wire transfer,Caceis booked the wire transfer for SD 01-06-2020. Integrata yet to book,1063035217,1063035217,4551456423,-590882299,2021-07-29
7725,,84_4551220415_CACEIS,1761955861,OB,OB,No-pair,fx wire,Caceis booked the fx wire for SD 02-05-2021. Integrata yet to book,1761955861,1761955861,4551456423,-590882299,2021-07-29
7726,,36_4551066313_CACEIS,1556876370,OB,OB,No-pair,fx wire,Caceis booked the fx wire for SD 10-15-2020. Integrata yet to book,1556876370,1556876370,4551456423,-590882299,2021-07-29
7727,,80_455742022_CACEIS,1127725764,OB,OB,No-pair,fees,Caceis booked the fees for SD 02-12-2020. Integrata yet to book,1127725764,1127725764,4551456423,-590882299,2021-07-29
7728,,57_455862625_CACEIS,1287002943,OB,OB,No-pair,fx wire,Caceis booked the fx wire for SD 05-15-2020. Integrata yet to book,1287002943,1287002943,4551456423,-590882299,2021-07-29
7729,,75_4551109218_CACEIS,1613286821,OB,OB,No-pair,fx wire,Caceis booked the fx wire for SD 11-16-2020. Integrata yet to book,1613286821,1613286821,4551456423,-590882299,2021-07-29
7730,,37_455927788_CACEIS,1374347990,OB,OB,No-pair,fx wire,Caceis booked the fx wire for SD 07-06-2020. Integrata yet to book,1374347990,1374347990,4551456423,-590882299,2021-07-29
7731,,505_4551109218_CACEIS,1613287047,OB,OB,No-pair,fx wire,Caceis booked the fx wire for SD 11-16-2020. Integrata yet to book,1613287047,1613287047,4551456423,-590882299,2021-07-29
7732,,386_4551232906_CACEIS,1780156795,OB,OB,No-pair,fx wire,Caceis booked the fx wire for SD 02-16-2021. Integrata yet to book,1780156795,1780156795,4551456423,-590882299,2021-07-29
7733,,8_4551026197_CACEIS,1503283511,OB,OB,No-pair,proceeds sell,Caceis booked the Miscellaneous for SD 09-16-2020. Integrata yet to book,1503283511,1503283511,4551456423,-590882299,2021-07-29
7734,,741_455862625_CACEIS,1287005133,OB,OB,No-pair,fx wire,Caceis booked the fx wire for SD 05-15-2020. Integrata yet to book,1287005133,1287005133,4551456423,-590882299,2021-07-29
7735,,165_455934920_CACEIS,1383926716,OB,OB,No-pair,wire transfer,Caceis booked the wire transfer for SD 07-10-2020. Integrata yet to book,1383926716,1383926716,4551456423,-590882299,2021-07-29
7736,,113_455663909_CACEIS,1011570705,OB,OB,No-pair,fees,Caceis booked the fees for SD 12-11-2019. Integrata yet to book,1011570705,1011570705,4551456423,-590882299,2021-07-29
7737,,241_4551109218_CACEIS,1613286811,OB,OB,No-pair,fx wire,Caceis booked the fx wire for SD 11-16-2020. Integrata yet to book,1613286811,1613286811,4551456423,-590882299,2021-07-29
7738,,376_4551232906_CACEIS,1780156672,OB,OB,No-pair,fx wire,Caceis booked the fx wire for SD 02-16-2021. Integrata yet to book,1780156672,1780156672,4551456423,-590882299,2021-07-29
7739,,940_455822501_CACEIS,1235308705,OB,OB,No-pair,fx wire,Caceis booked the fx wire for SD 04-15-2020. Integrata yet to book,1235308705,1235308705,4551456423,-590882299,2021-07-29
7740,,63_455862625_CACEIS,1287002916,OB,OB,No-pair,fx wire,Caceis booked the fx wire for SD 05-15-2020. Integrata yet to book,1287002916,1287002916,4551456423,-590882299,2021-07-29
7741,,694_455862625_CACEIS,1287005100,OB,OB,No-pair,fx wire,Caceis booked the fx wire for SD 05-15-2020. Integrata yet to book,1287005100,1287005100,4551456423,-590882299,2021-07-29
7742,,139_455693832_CACEIS,1063035260,OB,OB,No-pair,wire transfer,Caceis booked the wire transfer for SD 01-06-2020. Integrata yet to book,1063035260,1063035260,4551456423,-590882299,2021-07-29
7743,,10_455887206_CACEIS,1320167958,OB,OB,No-pair,wire transfer,Caceis booked the wire transfer for SD 06-04-2020. Integrata yet to book,1320167958,1320167958,4551456423,-590882299,2021-07-29
7744,,208_4551023983_CACEIS,1500214073,OB,OB,No-pair,fx wire,Caceis booked the fx wire for SD 09-15-2020. Integrata yet to book,1500214073,1500214073,4551456423,-590882299,2021-07-29
7745,,23_455803095_CACEIS,1210223506,OB,OB,No-pair,monthend interest,Caceis booked the monthend interest for SD 04-01-2020. Integrata yet to book,1210223506,1210223506,4551456423,-590882299,2021-07-29
7746,,30_4551206835_CACEIS,1743521212,OB,OB,No-pair,proceeds sell,Caceis booked the proceeds sell for SD 01-27-2021. Integrata yet to book,1743521212,1743521212,4551456423,-590882299,2021-07-29
7747,,8_4551131887_CACEIS,1643730714,OB,OB,No-pair,wire transfer,Caceis booked the wire transfer for SD 11-30-2020. Integrata yet to book,1643730714,1643730714,4551456423,-590882299,2021-07-29
7748,,60_455742022_CACEIS,1127725746,OB,OB,No-pair,fees,Caceis booked the fees for SD 02-12-2020. Integrata yet to book,1127725746,1127725746,4551456423,-590882299,2021-07-29
7749,,388_455590588_CACEIS,883858709,OB,OB,No-pair,fx wire,Caceis booked the fx wire for SD 10-15-2019. Integrata yet to book,883858709,883858709,4551456423,-590882299,2021-07-29
7750,,445_455643841_CACEIS,975323517,OB,OB,No-pair,fx wire,Caceis booked the fx wire for SD 11-15-2019. Integrata yet to book,975323517,975323517,4551456423,-590882299,2021-07-29
7751,,497_4551149959_CACEIS,1667623351,OB,OB,No-pair,fx wire,Caceis booked the fx wire for SD 12-15-2020. Integrata yet to book,1667623351,1667623351,4551456423,-590882299,2021-07-29
7752,,21_4551117124_CACEIS,1623224423,OB,OB,No-pair,fx wire,Caceis booked the fx wire for SD 11-20-2020. Integrata yet to book,1623224423,1623224423,4551456423,-590882299,2021-07-29
7753,,25_455663909_CACEIS,1011570660,OB,OB,No-pair,wire transfer,Caceis booked the wire transfer for SD 12-11-2019. Integrata yet to book,1011570660,1011570660,4551456423,-590882299,2021-07-29
7754,,5_4551136088_CACEIS,1649475128,OB,OB,No-pair,wire transfer,Caceis booked the wire transfer for SD 12-04-2020. Integrata yet to book,1649475128,1649475128,4551456423,-590882299,2021-07-29
7755,,415_455862625_CACEIS,1287003693,OB,OB,No-pair,fx wire,Caceis booked the fx wire for SD 05-15-2020. Integrata yet to book,1287003693,1287003693,4551456423,-590882299,2021-07-29
7756,,97_455663909_CACEIS,1011570597,OB,OB,No-pair,fees,Caceis booked the fees for SD 12-11-2019. Integrata yet to book,1011570597,1011570597,4551456423,-590882299,2021-07-29
7757,,70_4551388882_CACEIS,1989667652,OB,OB,No-pair,fees,Caceis booked the fees for SD 06-10-2021. Integrata yet to book,1989667652,1989667652,4551456423,-590882299,2021-07-29
7758,,57_455742022_CACEIS,1127725691,OB,OB,No-pair,fees,Caceis booked the fees for SD 02-12-2020. Integrata yet to book,1127725691,1127725691,4551456423,-590882299,2021-07-29
7759,,103_4551354754_CACEIS,1942399578,OB,OB,No-pair,fx wire,Caceis booked the fx wire for SD 05-17-2021. Integrata yet to book,1942399578,1942399578,4551456423,-590882299,2021-07-29
7760,,204_455590588_CACEIS,883858501,OB,OB,No-pair,fx wire,Caceis booked the fx wire for SD 10-15-2019. Integrata yet to book,883858501,883858501,4551456423,-590882299,2021-07-29
7761,,60_4551394628_CACEIS,1997244685,OB,OB,No-pair,fx wire,Caceis booked the fx wire for SD 06-15-2021. Integrata yet to book,1997244685,1997244685,4551456423,-590882299,2021-07-29
7762,,138_455693832_CACEIS,1063035247,OB,OB,No-pair,wire transfer,Caceis booked the wire transfer for SD 01-06-2020. Integrata yet to book,1063035247,1063035247,4551456423,-590882299,2021-07-29
7763,,10_4551201062_CACEIS,1734565941,OB,OB,No-pair,fx wire,Caceis booked the fx wire for SD 01-22-2021. Integrata yet to book,1734565941,1734565941,4551456423,-590882299,2021-07-29
7764,,5_455828048_CACEIS,1241932132,OB,OB,No-pair,proceeds sell,Caceis booked the Miscellaneous for SD 04-17-2020. Integrata yet to book,1241932132,1241932132,4551456423,-590882299,2021-07-29
7765,,176_455706635_CACEIS,1081907683,OB,OB,No-pair,fx wire,Caceis booked the fx wire for SD 01-15-2020. Integrata yet to book,1081907683,1081907683,4551456423,-590882299,2021-07-29
7766,,8_4551142111_CACEIS,1657251524,OB,OB,No-pair,fees,Caceis booked the fees for SD 12-08-2020. Integrata yet to book,1657251524,1657251524,4551456423,-590882299,2021-07-29
7767,,4_4551171343_CACEIS,1696929168,OB,OB,No-pair,monthend interest,Caceis booked the monthend interest for SD 01-01-2021. Integrata yet to book,1696929168,1696929168,4551456423,-590882299,2021-07-29
7768,,10_284950_CACEIS,399852109,OB,OB,No-pair,dividend,Caceis booked the dividend for SD 01-17-2019. Integrata yet to book,399852109,399852109,4551456423,-590882299,2021-07-29
7769,,395_455985296_CACEIS,1449582216,OB,OB,No-pair,fx wire,Caceis booked the fx wire for SD 08-17-2020. Integrata yet to book,1449582216,1449582216,4551456423,-590882299,2021-07-29
7770,,176_455940640_CACEIS,1391596040,OB,OB,No-pair,fx wire,Caceis booked the fx wire for SD 07-15-2020. Integrata yet to book,1391596040,1391596040,4551456423,-590882299,2021-07-29
7771,,36_455826113_CACEIS,1239393751,OB,OB,No-pair,fx wire,Caceis booked the fx wire for SD 04-17-2020. Integrata yet to book,1239393751,1239393751,4551456423,-590882299,2021-07-29
7772,,141_455688261_CACEIS,1053516659,OB,OB,No-pair,monthend interest,Caceis booked the monthend interest for SD 01-01-2020. Integrata yet to book,1053516659,1053516659,4551456423,-590882299,2021-07-29
7773,,85_455649350_CACEIS,985331747,OB,OB,No-pair,fx wire,Caceis booked the fx wire for SD 11-29-2019. Integrata yet to book,985331747,985331747,4551456423,-590882299,2021-07-29
7774,,107_455663909_CACEIS,1011570605,OB,OB,No-pair,fees,Caceis booked the fees for SD 12-11-2019. Integrata yet to book,1011570605,1011570605,4551456423,-590882299,2021-07-29
7775,,78_4551354754_CACEIS,1942399571,OB,OB,No-pair,fx wire,Caceis booked the fx wire for SD 05-17-2021. Integrata yet to book,1942399571,1942399571,4551456423,-590882299,2021-07-29
7776,,31_4551315208_CACEIS,1885912670,OB,OB,No-pair,fx wire,Caceis booked the fx wire for SD 04-16-2021. Integrata yet to book,1885912670,1885912670,4551456423,-590882299,2021-07-29
7777,,16_455693832_CACEIS,1063035243,OB,OB,No-pair,wire transfer,Caceis booked the wire transfer for SD 01-06-2020. Integrata yet to book,1063035243,1063035243,4551456423,-590882299,2021-07-29
7778,,367_455940640_CACEIS,1391596270,OB,OB,No-pair,wire transfer,Caceis booked the wire transfer for SD 07-15-2020. Integrata yet to book,1391596270,1391596270,4551456423,-590882299,2021-07-29
7779,,28_4551117124_CACEIS,1623224433,OB,OB,No-pair,fx wire,Caceis booked the fx wire for SD 11-20-2020. Integrata yet to book,1623224433,1623224433,4551456423,-590882299,2021-07-29
7780,,5_4551237030_CACEIS,1785359362,OB,OB,No-pair,dividend,Caceis booked the dividend for SD 01-06-2021. Integrata yet to book,1785359362,1785359362,4551456423,-590882299,2021-07-29
7781,,370_455862625_CACEIS,1287003787,OB,OB,No-pair,fees,Caceis booked the fees for SD 05-13-2020. Integrata yet to book,1287003787,1287003787,4551456423,-590882299,2021-07-29
7782,,174_306589_CACEIS,433998322,OB,OB,No-pair,proceeds sell,Caceis booked the proceeds sell for SD 02-13-2019. Integrata yet to book,433998322,433998322,4551456423,-590882299,2021-07-29
7783,,183_455590588_CACEIS,883858355,OB,OB,No-pair,fx wire,Caceis booked the fx wire for SD 10-15-2019. Integrata yet to book,883858355,883858355,4551456423,-590882299,2021-07-29
7784,,24_4551011052_CACEIS,1483359881,OB,OB,No-pair,fx wire,Caceis booked the fx wire for SD 09-04-2020. Integrata yet to book,1483359881,1483359881,4551456423,-590882299,2021-07-29
7785,,133_455693832_CACEIS,1063035220,OB,OB,No-pair,wire transfer,Caceis booked the wire transfer for SD 01-06-2020. Integrata yet to book,1063035220,1063035220,4551456423,-590882299,2021-07-29
7786,,939_455643841_CACEIS,975324011,OB,OB,No-pair,fx wire,Caceis booked the fx wire for SD 11-01-2019. Integrata yet to book,975324011,975324011,4551456423,-590882299,2021-07-29
7787,,341_4551232906_CACEIS,1780156736,OB,OB,No-pair,fx wire,Caceis booked the fx wire for SD 02-16-2021. Integrata yet to book,1780156736,1780156736,4551456423,-590882299,2021-07-29
7788,,169_455649350_CACEIS,985331661,OB,OB,No-pair,monthend interest,Caceis booked the monthend interest for SD 12-01-2019. Integrata yet to book,985331661,985331661,4551456423,-590882299,2021-07-29
7789,,10_455750273_CACEIS,1138650228,OB,OB,No-pair,dividend,Caceis booked the dividend for SD 12-31-2019. Integrata yet to book,1138650228,1138650228,4551456423,-590882299,2021-07-29
7790,,54_4551254304_CACEIS,1807385731,OB,OB,No-pair,wire transfer,Caceis booked the wire transfer for SD 03-02-2021. Integrata yet to book,1807385731,1807385731,4551456423,-590882299,2021-07-29
7791,,174_455940640_CACEIS,1391596028,OB,OB,No-pair,fx wire,Caceis booked the fx wire for SD 07-15-2020. Integrata yet to book,1391596028,1391596028,4551456423,-590882299,2021-07-29
7792,,49_455963450_CACEIS,1421777875,OB,OB,No-pair,fx wire,Caceis booked the fx wire for SD 07-31-2020. Integrata yet to book,1421777875,1421777875,4551456423,-590882299,2021-07-29
7793,,28_4551042956_CACEIS,1525553105,OB,OB,No-pair,wire transfer,Caceis booked the wire transfer for SD 09-17-2020. Integrata yet to book,1525553105,1525553105,4551456423,-590882299,2021-07-29
7794,,214_455590588_CACEIS,883858364,OB,OB,No-pair,fx wire,Caceis booked the fx wire for SD 10-15-2019. Integrata yet to book,883858364,883858364,4551456423,-590882299,2021-07-29
7795,,51_455586694_CACEIS,876699125,OB,OB,No-pair,wire transfer,Caceis booked the wire transfer for SD 10-11-2019. Integrata yet to book,876699125,876699125,4551456423,-590882299,2021-07-29
7796,,222_4551269721_CACEIS,1827474008,OB,OB,No-pair,fx wire,Caceis booked the fx wire for SD 03-15-2021. Integrata yet to book,1827474008,1827474008,4551456423,-590882299,2021-07-29
7797,,9_455413320_CACEIS,596094080,OB,OB,No-pair,dividend,Caceis booked the dividend for SD 05-22-2019. Integrata yet to book,596094080,596094080,4551456423,-590882299,2021-07-29
7798,,282_4551394628_CACEIS,1997244688,OB,OB,No-pair,fx wire,Caceis booked the fx wire for SD 06-15-2021. Integrata yet to book,1997244688,1997244688,4551456423,-590882299,2021-07-29
7799,,88_4551058652_CACEIS,1546340367,OB,OB,No-pair,fees,Caceis booked the fees for SD 10-08-2020. Integrata yet to book,1546340367,1546340367,4551456423,-590882299,2021-07-29
7800,,98_455742022_CACEIS,1127725642,OB,OB,No-pair,fees,Caceis booked the fees for SD 02-12-2020. Integrata yet to book,1127725642,1127725642,4551456423,-590882299,2021-07-29
7801,,108_455663909_CACEIS,1011570625,OB,OB,No-pair,fees,Caceis booked the fees for SD 12-11-2019. Integrata yet to book,1011570625,1011570625,4551456423,-590882299,2021-07-29
7802,,29_4551001817_CACEIS,1470676033,OB,OB,No-pair,wire transfer,Caceis booked the wire transfer for SD 08-28-2020. Integrata yet to book,1470676033,1470676033,4551456423,-590882299,2021-07-29
7803,,91_455748445_CACEIS,1136275120,OB,OB,No-pair,fx wire,Caceis booked the fx wire for SD 02-18-2020. Integrata yet to book,1136275120,1136275120,4551456423,-590882299,2021-07-29
7804,,90_455590588_CACEIS,883858374,OB,OB,No-pair,fx wire,Caceis booked the fx wire for SD 10-15-2019. Integrata yet to book,883858374,883858374,4551456423,-590882299,2021-07-29
7805,,137_455879764_CACEIS,1309543750,OB,OB,No-pair,monthend interest,Caceis booked the monthend interest for SD 06-01-2020. Integrata yet to book,1309543750,1309543750,4551456423,-590882299,2021-07-29
7806,,96_455985296_CACEIS,1449581720,OB,OB,No-pair,fx wire,Caceis booked the fx wire for SD 08-17-2020. Integrata yet to book,1449581720,1449581720,4551456423,-590882299,2021-07-29
7807,,422_455748445_CACEIS,1136275472,OB,OB,No-pair,fx wire,Caceis booked the fx wire for SD 02-18-2020. Integrata yet to book,1136275472,1136275472,4551456423,-590882299,2021-07-29
7808,,52_455853613_CACEIS,1275438488,OB,OB,No-pair,wire transfer,Caceis booked the wire transfer for SD 05-08-2020. Integrata yet to book,1275438488,1275438488,4551456423,-590882299,2021-07-29
7809,,341_455590588_CACEIS,883858643,OB,OB,No-pair,fx wire,Caceis booked the fx wire for SD 10-15-2019. Integrata yet to book,883858643,883858643,4551456423,-590882299,2021-07-29
7810,,15_455725302_CACEIS,1105491796,OB,OB,No-pair,corporate action,Caceis booked the corporate action for SD 01-29-2020. Integrata yet to book,1105491796,1105491796,4551456423,-590882299,2021-07-29
7811,,125_455585083_CACEIS,874262467,OB,OB,No-pair,wire transfer,Caceis booked the wire transfer for SD 10-10-2019. Integrata yet to book,874262467,874262467,4551456423,-590882299,2021-07-29
7812,,446_4551066313_CACEIS,1556876733,OB,OB,No-pair,fx wire,Caceis booked the fx wire for SD 10-15-2020. Integrata yet to book,1556876733,1556876733,4551456423,-590882299,2021-07-29
7813,,70_4551313388_CACEIS,1883527786,OB,OB,No-pair,fx wire,Caceis booked the fx wire for SD 04-15-2021. Integrata yet to book,1883527786,1883527786,4551456423,-590882299,2021-07-29
7814,,266_4551149959_CACEIS,1667623059,OB,OB,No-pair,fx wire,Caceis booked the fx wire for SD 12-15-2020. Integrata yet to book,1667623059,1667623059,4551456423,-590882299,2021-07-29
7815,,34_455693832_CACEIS,1063035168,OB,OB,No-pair,wire transfer,Caceis booked the wire transfer for SD 01-06-2020. Integrata yet to book,1063035168,1063035168,4551456423,-590882299,2021-07-29
7816,,78_455554115_CACEIS,824385052,OB,OB,No-pair,fx wire,Caceis booked the fx wire for SD 09-17-2019. Integrata yet to book,824385052,824385052,4551456423,-590882299,2021-07-29
7817,,333_455590588_CACEIS,883858728,OB,OB,No-pair,fx wire,Caceis booked the fx wire for SD 10-15-2019. Integrata yet to book,883858728,883858728,4551456423,-590882299,2021-07-29
7818,,76_455742022_CACEIS,1127725721,OB,OB,No-pair,fees,Caceis booked the fees for SD 02-12-2020. Integrata yet to book,1127725721,1127725721,4551456423,-590882299,2021-07-29
7819,,17_455750273_CACEIS,1138650229,OB,OB,No-pair,dividend,Caceis booked the dividend for SD 12-31-2019. Integrata yet to book,1138650229,1138650229,4551456423,-590882299,2021-07-29
7820,,3_4551142111_CACEIS,1657251523,OB,OB,No-pair,fees,Caceis booked the fees for SD 12-08-2020. Integrata yet to book,1657251523,1657251523,4551456423,-590882299,2021-07-29
7821,,85_455590588_CACEIS,883858380,OB,OB,No-pair,fx wire,Caceis booked the fx wire for SD 10-15-2019. Integrata yet to book,883858380,883858380,4551456423,-590882299,2021-07-29
7822,,4_4551142111_CACEIS,1657251521,OB,OB,No-pair,fees,Caceis booked the fees for SD 12-08-2020. Integrata yet to book,1657251521,1657251521,4551456423,-590882299,2021-07-29
7823,,484_455643841_CACEIS,975323556,OB,OB,No-pair,fx wire,Caceis booked the fx wire for SD 11-15-2019. Integrata yet to book,975323556,975323556,4551456423,-590882299,2021-07-29
7824,,353_455822501_CACEIS,1235308282,OB,OB,No-pair,fx wire,Caceis booked the fx wire for SD 04-15-2020. Integrata yet to book,1235308282,1235308282,4551456423,-590882299,2021-07-29
7825,,110_4551109218_CACEIS,1613286668,OB,OB,No-pair,fx wire,Caceis booked the fx wire for SD 11-16-2020. Integrata yet to book,1613286668,1613286668,4551456423,-590882299,2021-07-29
7826,,97_4551239617_CACEIS,1789074855,OB,OB,No-pair,fx wire,Caceis booked the fx wire for SD 02-19-2021. Integrata yet to book,1789074855,1789074855,4551456423,-590882299,2021-07-29
7827,,64_455900053_CACEIS,1336713124,OB,OB,No-pair,fx wire,Caceis booked the fx wire for SD 06-15-2020. Integrata yet to book,1336713124,1336713124,4551456423,-590882299,2021-07-29
7828,,96_455649350_CACEIS,985331752,OB,OB,No-pair,fx wire,Caceis booked the fx wire for SD 11-29-2019. Integrata yet to book,985331752,985331752,4551456423,-590882299,2021-07-29
7829,,21_455842390_CACEIS,1260634999,OB,OB,No-pair,monthend interest,Caceis booked the monthend interest for SD 05-01-2020. Integrata yet to book,1260634999,1260634999,4551456423,-590882299,2021-07-29
7830,,1_455746424_CACEIS,1134040363,OB,OB,No-pair,dividend,Caceis booked the dividend for SD 02-13-2020. Integrata yet to book,1134040363,1134040363,4551456423,-590882299,2021-07-29
7831,,13_4551062436_CACEIS,1551719871,OB,OB,No-pair,wire transfer,Caceis booked the wire transfer for SD 10-13-2020. Integrata yet to book,1551719871,1551719871,4551456423,-590882299,2021-07-29
7832,,298_4551149959_CACEIS,1667623060,OB,OB,No-pair,fx wire,Caceis booked the fx wire for SD 12-15-2020. Integrata yet to book,1667623060,1667623060,4551456423,-590882299,2021-07-29
7833,,2_4551142111_CACEIS,1657251520,OB,OB,No-pair,fees,Caceis booked the fees for SD 12-08-2020. Integrata yet to book,1657251520,1657251520,4551456423,-590882299,2021-07-29
7834,,100_455585083_CACEIS,874262513,OB,OB,No-pair,wire transfer,Caceis booked the wire transfer for SD 10-10-2019. Integrata yet to book,874262513,874262513,4551456423,-590882299,2021-07-29
7835,,257_4551269721_CACEIS,1827474023,OB,OB,No-pair,fx wire,Caceis booked the fx wire for SD 03-15-2021. Integrata yet to book,1827474023,1827474023,4551456423,-590882299,2021-07-29
7836,,173_455693832_CACEIS,1063035285,OB,OB,No-pair,wire transfer,Caceis booked the wire transfer for SD 01-06-2020. Integrata yet to book,1063035285,1063035285,4551456423,-590882299,2021-07-29
7837,,8_455750273_CACEIS,1138650208,OB,OB,No-pair,dividend,Caceis booked the dividend for SD 12-31-2019. Integrata yet to book,1138650208,1138650208,4551456423,-590882299,2021-07-29
7838,,14_4551220415_CACEIS,1761956248,OB,OB,No-pair,fx wire,Caceis booked the fx wire for SD 02-05-2021. Integrata yet to book,1761956248,1761956248,4551456423,-590882299,2021-07-29
7839,,114_455663909_CACEIS,1011570610,OB,OB,No-pair,fees,Caceis booked the fees for SD 12-11-2019. Integrata yet to book,1011570610,1011570610,4551456423,-590882299,2021-07-29
7840,,48_4551127906_CACEIS,1637981941,OB,OB,No-pair,monthend interest,Caceis booked the monthend interest for SD 12-01-2020. Integrata yet to book,1637981941,1637981941,4551456423,-590882299,2021-07-29
7841,,117_455585083_CACEIS,874262431,OB,OB,No-pair,wire transfer,Caceis booked the wire transfer for SD 10-10-2019. Integrata yet to book,874262431,874262431,4551456423,-590882299,2021-07-29
7842,,8_455846205_CACEIS,1265566750,OB,OB,No-pair,fx wire,Caceis booked the fx wire for SD 05-04-2020. Integrata yet to book,1265566750,1265566750,4551456423,-590882299,2021-07-29
7843,,27_4551068550_CACEIS,1559437460,OB,OB,No-pair,wire transfer,Caceis booked the wire transfer for SD 10-16-2020. Integrata yet to book,1559437460,1559437460,4551456423,-590882299,2021-07-29
7844,,149_455900053_CACEIS,1336713261,OB,OB,No-pair,fx wire,Caceis booked the fx wire for SD 06-15-2020. Integrata yet to book,1336713261,1336713261,4551456423,-590882299,2021-07-29
7845,,341_455669415_CACEIS,1020661966,OB,OB,No-pair,fx wire,Caceis booked the fx wire for SD 12-16-2019. Integrata yet to book,1020661966,1020661966,4551456423,-590882299,2021-07-29
7846,,2_455835232_CACEIS,1251293764,OB,OB,No-pair,wire transfer,Caceis booked the wire transfer for SD 04-24-2020. Integrata yet to book,1251293764,1251293764,4551456423,-590882299,2021-07-29
7847,,318_4551149959_CACEIS,1667623070,OB,OB,No-pair,fx wire,Caceis booked the fx wire for SD 12-15-2020. Integrata yet to book,1667623070,1667623070,4551456423,-590882299,2021-07-29
7848,,2_4551366297_CACEIS,1958861167,OB,OB,No-pair,proceeds sell,Caceis booked the proceeds sell for SD 05-25-2021. Integrata yet to book,1958861167,1958861167,4551456423,-590882299,2021-07-29
7849,,14_455881630_CACEIS,1312494347,OB,OB,No-pair,dividend,Caceis booked the dividend for SD 05-05-2020. Integrata yet to book,1312494347,1312494347,4551456423,-590882299,2021-07-29
7850,,9_4551155693_CACEIS,1675163280,OB,OB,No-pair,fx wire,Caceis booked the fx wire for SD 12-18-2020. Integrata yet to book,1675163280,1675163280,4551456423,-590882299,2021-07-29
7851,,199_455706635_CACEIS,1081907326,OB,OB,No-pair,fx wire,Caceis booked the fx wire for SD 01-15-2020. Integrata yet to book,1081907326,1081907326,4551456423,-590882299,2021-07-29
7852,,229_4551269721_CACEIS,1827474015,OB,OB,No-pair,fx wire,Caceis booked the fx wire for SD 03-15-2021. Integrata yet to book,1827474015,1827474015,4551456423,-590882299,2021-07-29
7853,,94_455663909_CACEIS,1011570689,OB,OB,No-pair,fees,Caceis booked the fees for SD 12-11-2019. Integrata yet to book,1011570689,1011570689,4551456423,-590882299,2021-07-29
7854,,6_4551415924_CACEIS,2024089331,OB,OB,No-pair,monthend interest,Caceis booked the monthend interest for SD 07-01-2021. Integrata yet to book,2024089331,2024089331,4551456423,-590882299,2021-07-29
7855,,3_4551178600_CACEIS,1704947170,OB,OB,No-pair,proceeds sell,Caceis booked the proceeds sell for SD 01-04-2021. Integrata yet to book,1704947170,1704947170,4551456423,-590882299,2021-07-29
7856,,449_455822501_CACEIS,1235308401,OB,OB,No-pair,fx wire,Caceis booked the fx wire for SD 04-15-2020. Integrata yet to book,1235308401,1235308401,4551456423,-590882299,2021-07-29
7857,,51_455853613_CACEIS,1275438485,OB,OB,No-pair,wire transfer,Caceis booked the wire transfer for SD 05-08-2020. Integrata yet to book,1275438485,1275438485,4551456423,-590882299,2021-07-29
7858,,13_455495487_CACEIS,723389982,OB,OB,No-pair,monthend interest,Caceis booked the monthend interest for SD 08-01-2019. Integrata yet to book,723389982,723389982,4551456423,-590882299,2021-07-29
7859,,927_455822501_CACEIS,1235308814,OB,OB,No-pair,fx wire,Caceis booked the fx wire for SD 04-15-2020. Integrata yet to book,1235308814,1235308814,4551456423,-590882299,2021-07-29
7860,,57_4551058652_CACEIS,1546340346,OB,OB,No-pair,fx wire,Caceis booked the fx wire for SD 10-09-2020. Integrata yet to book,1546340346,1546340346,4551456423,-590882299,2021-07-29
7861,,43_4551311496_CACEIS,1881179935,OB,OB,No-pair,wire transfer,Caceis booked the wire transfer for SD 04-14-2021. Integrata yet to book,1881179935,1881179935,4551456423,-590882299,2021-07-29
7862,,31_455849872_CACEIS,1270411930,OB,OB,No-pair,dividend,Caceis booked the dividend for SD 05-05-2020. Integrata yet to book,1270411930,1270411930,4551456423,-590882299,2021-07-29
7863,,4_455994077_CACEIS,1460756852,OB,OB,No-pair,wire transfer,Caceis booked the wire transfer for SD 07-31-2020. Integrata yet to book,1460756852,1460756852,4551456423,-590882299,2021-07-29
7864,,106_455663909_CACEIS,1011570697,OB,OB,No-pair,fees,Caceis booked the fees for SD 12-11-2019. Integrata yet to book,1011570697,1011570697,4551456423,-590882299,2021-07-29
7865,,51_455782293_CACEIS,1183563002,OB,OB,No-pair,wire transfer,Caceis booked the wire transfer for SD 03-13-2020. Integrata yet to book,1183563002,1183563002,4551456423,-590882299,2021-07-29
7866,,36_455403345_CACEIS,582954866,OB,OB,No-pair,wire transfer,Caceis booked the wire transfer for SD 05-14-2019. Integrata yet to book,582954866,582954866,4551456423,-590882299,2021-07-29
7867,,20_455599601_CACEIS,898224386,OB,OB,No-pair,dividend,Caceis booked the dividend for SD 09-30-2019. Integrata yet to book,898224386,898224386,4551456423,-590882299,2021-07-29
7868,,55_455991947_CACEIS,1458085295,OB,OB,No-pair,fx wire,Caceis booked the fx wire for SD 08-21-2020. Integrata yet to book,1458085295,1458085295,4551456423,-590882299,2021-07-29
7869,,52_455706635_CACEIS,1081907406,OB,OB,No-pair,fx wire,Caceis booked the fx wire for SD 01-15-2020. Integrata yet to book,1081907406,1081907406,4551456423,-590882299,2021-07-29
7870,,413_455940640_CACEIS,1391596368,OB,OB,No-pair,fx wire,Caceis booked the fx wire for SD 07-15-2020. Integrata yet to book,1391596368,1391596368,4551456423,-590882299,2021-07-29
7871,,92_4551354754_CACEIS,1942399617,OB,OB,No-pair,fx wire,Caceis booked the fx wire for SD 05-17-2021. Integrata yet to book,1942399617,1942399617,4551456423,-590882299,2021-07-29
7872,,213_455590588_CACEIS,883858500,OB,OB,No-pair,fx wire,Caceis booked the fx wire for SD 10-15-2019. Integrata yet to book,883858500,883858500,4551456423,-590882299,2021-07-29
7873,,755_4551232906_CACEIS,1780157041,OB,OB,No-pair,fx wire,Caceis booked the fx wire for SD 02-16-2021. Integrata yet to book,1780157041,1780157041,4551456423,-590882299,2021-07-29
7874,,93_4551109218_CACEIS,1613286599,OB,OB,No-pair,fx wire,Caceis booked the fx wire for SD 11-16-2020. Integrata yet to book,1613286599,1613286599,4551456423,-590882299,2021-07-29
7875,,17_455403345_CACEIS,582954842,OB,OB,No-pair,wire transfer,Caceis booked the wire transfer for SD 05-14-2019. Integrata yet to book,582954842,582954842,4551456423,-590882299,2021-07-29
7876,,142_455663909_CACEIS,1011570706,OB,OB,No-pair,fees,Caceis booked the fees for SD 12-11-2019. Integrata yet to book,1011570706,1011570706,4551456423,-590882299,2021-07-29
7877,,63_4551058652_CACEIS,1546340350,OB,OB,No-pair,fx wire,Caceis booked the fx wire for SD 10-09-2020. Integrata yet to book,1546340350,1546340350,4551456423,-590882299,2021-07-29
7878,,201_455706635_CACEIS,1081907348,OB,OB,No-pair,fx wire,Caceis booked the fx wire for SD 01-15-2020. Integrata yet to book,1081907348,1081907348,4551456423,-590882299,2021-07-29
7879,,10_4551155693_CACEIS,1675163281,OB,OB,No-pair,fx wire,Caceis booked the fx wire for SD 12-18-2020. Integrata yet to book,1675163281,1675163281,4551456423,-590882299,2021-07-29
7880,,823_455822501_CACEIS,1235308804,OB,OB,No-pair,fx wire,Caceis booked the fx wire for SD 04-15-2020. Integrata yet to book,1235308804,1235308804,4551456423,-590882299,2021-07-29
7881,,434_4551109218_CACEIS,1613286952,OB,OB,No-pair,fx wire,Caceis booked the fx wire for SD 11-16-2020. Integrata yet to book,1613286952,1613286952,4551456423,-590882299,2021-07-29
7882,,10_4551042956_CACEIS,1525553089,OB,OB,No-pair,wire transfer,Caceis booked the wire transfer for SD 09-21-2020. Integrata yet to book,1525553089,1525553089,4551456423,-590882299,2021-07-29
7883,,49_455403345_CACEIS,582954864,OB,OB,No-pair,wire transfer,Caceis booked the wire transfer for SD 05-14-2019. Integrata yet to book,582954864,582954864,4551456423,-590882299,2021-07-29
7884,,54_4551394628_CACEIS,1997244692,OB,OB,No-pair,fx wire,Caceis booked the fx wire for SD 06-15-2021. Integrata yet to book,1997244692,1997244692,4551456423,-590882299,2021-07-29
7885,,92_4551109218_CACEIS,1613286735,OB,OB,No-pair,fx wire,Caceis booked the fx wire for SD 11-16-2020. Integrata yet to book,1613286735,1613286735,4551456423,-590882299,2021-07-29
7886,,836_455643841_CACEIS,975323908,OB,OB,No-pair,fx wire,Caceis booked the fx wire for SD 11-01-2019. Integrata yet to book,975323908,975323908,4551456423,-590882299,2021-07-29
7887,,6_4551138140_CACEIS,1652102179,OB,OB,No-pair,wire transfer,Caceis booked the wire transfer for SD 12-07-2020. Integrata yet to book,1652102179,1652102179,4551456423,-590882299,2021-07-29
7888,,79_4551354754_CACEIS,1942399604,OB,OB,No-pair,fx wire,Caceis booked the fx wire for SD 05-17-2021. Integrata yet to book,1942399604,1942399604,4551456423,-590882299,2021-07-29
7889,,200_455985296_CACEIS,1449582030,OB,OB,No-pair,fx wire,Caceis booked the fx wire for SD 08-17-2020. Integrata yet to book,1449582030,1449582030,4551456423,-590882299,2021-07-29
7890,,6_4551328228_CACEIS,1902869975,OB,OB,No-pair,wire transfer,Caceis booked the wire transfer for SD 04-26-2021. Integrata yet to book,1902869975,1902869975,4551456423,-590882299,2021-07-29
7891,,48_455762980_CACEIS,1156897830,OB,OB,No-pair,monthend interest,Caceis booked the monthend interest for SD 03-01-2020. Integrata yet to book,1156897830,1156897830,4551456423,-590882299,2021-07-29
7892,,110_455822501_CACEIS,1235307944,OB,OB,No-pair,fx wire,Caceis booked the fx wire for SD 04-15-2020. Integrata yet to book,1235307944,1235307944,4551456423,-590882299,2021-07-29
7893,,51_4551068550_CACEIS,1559437462,OB,OB,No-pair,fx wire,Caceis booked the fx wire for SD 10-16-2020. Integrata yet to book,1559437462,1559437462,4551456423,-590882299,2021-07-29
7894,,2_4551003590_CACEIS,1473425951,OB,OB,No-pair,monthend interest,Caceis booked the monthend interest for SD 09-01-2020. Integrata yet to book,1473425951,1473425951,4551456423,-590882299,2021-07-29
7895,,44_455403345_CACEIS,582954885,OB,OB,No-pair,wire transfer,Caceis booked the wire transfer for SD 05-14-2019. Integrata yet to book,582954885,582954885,4551456423,-590882299,2021-07-29
7896,,4_455883482_CACEIS,1315193351,OB,OB,No-pair,wire transfer,Caceis booked the wire transfer for SD 06-02-2020. Integrata yet to book,1315193351,1315193351,4551456423,-590882299,2021-07-29
7897,,71_4551087502_CACEIS,1584326665,OB,OB,No-pair,wire transfer,Caceis booked the wire transfer for SD 10-30-2020. Integrata yet to book,1584326665,1584326665,4551456423,-590882299,2021-07-29
7898,,110_455663909_CACEIS,1011570664,OB,OB,No-pair,fees,Caceis booked the fees for SD 12-11-2019. Integrata yet to book,1011570664,1011570664,4551456423,-590882299,2021-07-29
7899,,426_455643841_CACEIS,975323498,OB,OB,No-pair,fx wire,Caceis booked the fx wire for SD 11-15-2019. Integrata yet to book,975323498,975323498,4551456423,-590882299,2021-07-29
7900,,6_4551205068_CACEIS,1740582731,OB,OB,No-pair,wire transfer,Caceis booked the wire transfer for SD 01-26-2021. Integrata yet to book,1740582731,1740582731,4551456423,-590882299,2021-07-29
7901,,35_4551039598_CACEIS,1521245949,OB,OB,No-pair,fx wire,Caceis booked the fx wire for SD 09-25-2020. Integrata yet to book,1521245949,1521245949,4551456423,-590882299,2021-07-29
7902,,200_455706635_CACEIS,1081907339,OB,OB,No-pair,fx wire,Caceis booked the fx wire for SD 01-15-2020. Integrata yet to book,1081907339,1081907339,4551456423,-590882299,2021-07-29
7903,,13_455753887_CACEIS,1143364836,OB,OB,No-pair,fx wire,Caceis booked the fx wire for SD 02-21-2020. Integrata yet to book,1143364836,1143364836,4551456423,-590882299,2021-07-29
7904,,36_4551334292_CACEIS,1911737191,OB,OB,No-pair,monthend interest,Caceis booked the monthend interest for SD 05-01-2021. Integrata yet to book,1911737191,1911737191,4551456423,-590882299,2021-07-29
7905,,69_4551087502_CACEIS,1584326659,OB,OB,No-pair,wire transfer,Caceis booked the wire transfer for SD 10-30-2020. Integrata yet to book,1584326659,1584326659,4551456423,-590882299,2021-07-29
7906,,14_455762980_CACEIS,1156897767,OB,OB,No-pair,fx wire,Caceis booked the fx wire for SD 02-28-2020. Integrata yet to book,1156897767,1156897767,4551456423,-590882299,2021-07-29
7907,,8_4551205068_CACEIS,1740582732,OB,OB,No-pair,wire transfer,Caceis booked the wire transfer for SD 01-26-2021. Integrata yet to book,1740582732,1740582732,4551456423,-590882299,2021-07-29
7908,,17_455790609_CACEIS,1194036485,OB,OB,No-pair,fx wire,Caceis booked the fx wire for SD 03-20-2020. Integrata yet to book,1194036485,1194036485,4551456423,-590882299,2021-07-29
7909,,110_455934920_CACEIS,1383926718,OB,OB,No-pair,fees,Caceis booked the fees for SD 07-10-2020. Integrata yet to book,1383926718,1383926718,4551456423,-590882299,2021-07-29
7910,,367_455822501_CACEIS,1235308275,OB,OB,No-pair,fx wire,Caceis booked the fx wire for SD 04-15-2020. Integrata yet to book,1235308275,1235308275,4551456423,-590882299,2021-07-29
7911,,15_4551208898_CACEIS,1746080551,OB,OB,No-pair,wire transfer,Caceis booked the wire transfer for SD 01-28-2021. Integrata yet to book,1746080551,1746080551,4551456423,-590882299,2021-07-29
7912,,76_455799620_CACEIS,1205700336,OB,OB,No-pair,fx wire,Caceis booked the fx wire for SD 03-27-2020. Integrata yet to book,1205700336,1205700336,4551456423,-590882299,2021-07-29
7913,,838_455822501_CACEIS,1235308807,OB,OB,No-pair,fx wire,Caceis booked the fx wire for SD 04-15-2020. Integrata yet to book,1235308807,1235308807,4551456423,-590882299,2021-07-29
7914,,122_455663909_CACEIS,1011570649,OB,OB,No-pair,fees,Caceis booked the fees for SD 12-11-2019. Integrata yet to book,1011570649,1011570649,4551456423,-590882299,2021-07-29
7915,,41_4551068550_CACEIS,1559437459,OB,OB,No-pair,fx wire,Caceis booked the fx wire for SD 10-16-2020. Integrata yet to book,1559437459,1559437459,4551456423,-590882299,2021-07-29
7916,,20_4551058652_CACEIS,1546340343,OB,OB,No-pair,fx wire,Caceis booked the fx wire for SD 10-09-2020. Integrata yet to book,1546340343,1546340343,4551456423,-590882299,2021-07-29
7917,,26_307472_CACEIS,436148268,OB,OB,No-pair,wire transfer,Caceis booked the wire transfer for SD 02-13-2019. Integrata yet to book,436148268,436148268,4551456423,-590882299,2021-07-29
7918,,730_455643841_CACEIS,975323802,OB,OB,No-pair,fx wire,Caceis booked the fx wire for SD 11-18-2019. Integrata yet to book,975323802,975323802,4551456423,-590882299,2021-07-29
7919,,44_4551343376_CACEIS,1925737850,OB,OB,No-pair,fx wire,Caceis booked the fx wire for SD 05-07-2021. Integrata yet to book,1925737850,1925737850,4551456423,-590882299,2021-07-29
7920,,3_4551134044_CACEIS,1646944678,OB,OB,No-pair,wire transfer,Caceis booked the wire transfer for SD 12-02-2020. Integrata yet to book,1646944678,1646944678,4551456423,-590882299,2021-07-29
7921,,143_4551210754_CACEIS,1748958317,OB,OB,No-pair,wire transfer,Caceis booked the wire transfer for SD 01-29-2021. Integrata yet to book,1748958317,1748958317,4551456423,-590882299,2021-07-29
7922,,1_455838810_CACEIS,1255736783,OB,OB,No-pair,wire transfer,Caceis booked the wire transfer for SD 04-27-2020. Integrata yet to book,1255736783,1255736783,4551456423,-590882299,2021-07-29
7923,,113_455934920_CACEIS,1383926738,OB,OB,No-pair,fees,Caceis booked the fees for SD 07-10-2020. Integrata yet to book,1383926738,1383926738,4551456423,-590882299,2021-07-29
7924,,247_4551436806_CACEIS,2049885974,OB,OB,No-pair,fx wire,Caceis booked the fx wire for SD 07-15-2021. Integrata yet to book,2049885974,2049885974,4551456423,-590882299,2021-07-29
7925,,50_4551269721_CACEIS,1827473842,OB,OB,No-pair,fx wire,Caceis booked the fx wire for SD 03-15-2021. Integrata yet to book,1827473842,1827473842,4551456423,-590882299,2021-07-29
7926,,18_455907521_CACEIS,1347197373,OB,OB,No-pair,fx wire,Caceis booked the fx wire for SD 06-19-2020. Integrata yet to book,1347197373,1347197373,4551456423,-590882299,2021-07-29
7927,,54_455783582_CACEIS,1185159282,OB,OB,No-pair,fx wire,Caceis booked the fx wire for SD 03-16-2020. Integrata yet to book,1185159282,1185159282,4551456423,-590882299,2021-07-29
7928,,18_4551267661_CACEIS,1824870499,OB,OB,No-pair,wire transfer,Caceis booked the wire transfer for SD 03-12-2021. Integrata yet to book,1824870499,1824870499,4551456423,-590882299,2021-07-29
7929,,19_455790609_CACEIS,1194036414,OB,OB,No-pair,fx wire,Caceis booked the fx wire for SD 03-20-2020. Integrata yet to book,1194036414,1194036414,4551456423,-590882299,2021-07-29
7930,,60_455944496_CACEIS,1396484646,OB,OB,No-pair,fx wire,Caceis booked the fx wire for SD 07-17-2020. Integrata yet to book,1396484646,1396484646,4551456423,-590882299,2021-07-29
7931,,7_455654897_CACEIS,995724057,OB,OB,No-pair,wire transfer,Caceis booked the wire transfer for SD 12-03-2019. Integrata yet to book,995724057,995724057,4551456423,-590882299,2021-07-29
7932,,70_4551381021_CACEIS,1979694295,OB,OB,No-pair,fx wire,Caceis booked the fx wire for SD 06-04-2021. Integrata yet to book,1979694295,1979694295,4551456423,-590882299,2021-07-29
7933,,152_455862625_CACEIS,1287003124,OB,OB,No-pair,fx wire,Caceis booked the fx wire for SD 05-15-2020. Integrata yet to book,1287003124,1287003124,4551456423,-590882299,2021-07-29
7934,,1_455828048_CACEIS,1241932131,OB,OB,No-pair,proceeds sell,Caceis booked the Miscellaneous for SD 04-17-2020. Integrata yet to book,1241932131,1241932131,4551456423,-590882299,2021-07-29
7935,,130_455663909_CACEIS,1011570672,OB,OB,No-pair,fees,Caceis booked the fees for SD 12-11-2019. Integrata yet to book,1011570672,1011570672,4551456423,-590882299,2021-07-29
7936,,13_4551155693_CACEIS,1675163291,OB,OB,No-pair,wire transfer,Caceis booked the wire transfer for SD 12-18-2020. Integrata yet to book,1675163291,1675163291,4551456423,-590882299,2021-07-29
7937,,32_4551087502_CACEIS,1584326620,OB,OB,No-pair,monthend interest,Caceis booked the monthend interest for SD 11-01-2020. Integrata yet to book,1584326620,1584326620,4551456423,-590882299,2021-07-29
7938,,20_4551396696_CACEIS,1999487108,OB,OB,No-pair,wire transfer,Caceis booked the wire transfer for SD 06-14-2021. Integrata yet to book,1999487108,1999487108,4551456423,-590882299,2021-07-29
7939,,138_4551210754_CACEIS,1748958278,OB,OB,No-pair,fx wire,Caceis booked the fx wire for SD 01-29-2021. Integrata yet to book,1748958278,1748958278,4551456423,-590882299,2021-07-29
7940,,398_455822501_CACEIS,1235308323,OB,OB,No-pair,fx wire,Caceis booked the fx wire for SD 04-15-2020. Integrata yet to book,1235308323,1235308323,4551456423,-590882299,2021-07-29
7941,,470_455822501_CACEIS,1235308461,OB,OB,No-pair,fx wire,Caceis booked the fx wire for SD 04-15-2020. Integrata yet to book,1235308461,1235308461,4551456423,-590882299,2021-07-29
7942,,6_455879764_CACEIS,1309543697,OB,OB,No-pair,wire transfer,Caceis booked the wire transfer for SD 05-29-2020. Integrata yet to book,1309543697,1309543697,4551456423,-590882299,2021-07-29
7943,,177_4551248485_CACEIS,1800039449,OB,OB,No-pair,fx wire,Caceis booked the fx wire for SD 02-26-2021. Integrata yet to book,1800039449,1800039449,4551456423,-590882299,2021-07-29
7944,,99_4551191593_CACEIS,1722905174,OB,OB,No-pair,fx wire,Caceis booked the fx wire for SD 01-15-2021. Integrata yet to book,1722905174,1722905174,4551456423,-590882299,2021-07-29
7945,,895_4551232906_CACEIS,1780157215,OB,OB,No-pair,wire transfer,Caceis booked the wire transfer for SD 02-16-2021. Integrata yet to book,1780157215,1780157215,4551456423,-590882299,2021-07-29
7946,,2_455743848_CACEIS,1130319870,OB,OB,No-pair,fees,Caceis booked the fees for SD 02-12-2020. Integrata yet to book,1130319870,1130319870,4551456423,-590882299,2021-07-29
7947,,3_455991947_CACEIS,1458085267,OB,OB,No-pair,wire transfer,Caceis booked the wire transfer for SD 08-21-2020. Integrata yet to book,1458085267,1458085267,4551456423,-590882299,2021-07-29
7948,,15_455693832_CACEIS,1063035230,OB,OB,No-pair,wire transfer,Caceis booked the wire transfer for SD 01-06-2020. Integrata yet to book,1063035230,1063035230,4551456423,-590882299,2021-07-29
7949,,15_455726980_CACEIS,1107942523,OB,OB,No-pair,fx wire,Caceis booked the fx wire for SD 01-31-2020. Integrata yet to book,1107942523,1107942523,4551456423,-590882299,2021-07-29
7950,,211_455783582_CACEIS,1185159420,OB,OB,No-pair,fx wire,Caceis booked the fx wire for SD 03-16-2020. Integrata yet to book,1185159420,1185159420,4551456423,-590882299,2021-07-29
7951,,11_4551419402_CACEIS,2029730697,OB,OB,No-pair,wire transfer,Caceis booked the wire transfer for SD 07-02-2021. Integrata yet to book,2029730697,2029730697,4551456423,-590882299,2021-07-29
7952,,22_455610697_CACEIS,917943286,OB,OB,No-pair,fx wire,Caceis booked the fx wire for SD 10-18-2019. Integrata yet to book,917943286,917943286,4551456423,-590882299,2021-07-29
7953,,89_306589_CACEIS,433998269,OB,OB,No-pair,fx wire,Caceis booked the fx wire for SD 02-15-2019. Integrata yet to book,433998269,433998269,4551456423,-590882299,2021-07-29
7954,,123_455663909_CACEIS,1011570655,OB,OB,No-pair,fees,Caceis booked the fees for SD 12-11-2019. Integrata yet to book,1011570655,1011570655,4551456423,-590882299,2021-07-29
7955,,46_455676391_CACEIS,1031864574,OB,OB,No-pair,fx wire,Caceis booked the fx wire for SD 12-20-2019. Integrata yet to book,1031864574,1031864574,4551456423,-590882299,2021-07-29
7956,,4_4551127906_CACEIS,1637981909,OB,OB,No-pair,monthend interest,Caceis booked the monthend interest for SD 12-01-2020. Integrata yet to book,1637981909,1637981909,4551456423,-590882299,2021-07-29
7957,,86_4551097416_CACEIS,1597270295,OB,OB,No-pair,fx wire,Caceis booked the fx wire for SD 11-06-2020. Integrata yet to book,1597270295,1597270295,4551456423,-590882299,2021-07-29
7958,,680_455862625_CACEIS,1287004919,OB,OB,No-pair,fx wire,Caceis booked the fx wire for SD 05-15-2020. Integrata yet to book,1287004919,1287004919,4551456423,-590882299,2021-07-29
7959,,47_455934920_CACEIS,1383926685,OB,OB,No-pair,fees,Caceis booked the fees for SD 07-10-2020. Integrata yet to book,1383926685,1383926685,4551456423,-590882299,2021-07-29
7960,,10_4551018409_CACEIS,1492757152,OB,OB,No-pair,fees,Caceis booked the fees for SD 09-10-2020. Integrata yet to book,1492757152,1492757152,4551456423,-590882299,2021-07-29
7961,,38_455742022_CACEIS,1127725780,OB,OB,No-pair,proceeds sell,Caceis booked the Miscellaneous for SD 02-12-2020. Integrata yet to book,1127725780,1127725780,4551456423,-590882299,2021-07-29
7962,,131_455663909_CACEIS,1011570698,OB,OB,No-pair,fees,Caceis booked the fees for SD 12-11-2019. Integrata yet to book,1011570698,1011570698,4551456423,-590882299,2021-07-29
7963,,170_4551248485_CACEIS,1800039439,OB,OB,No-pair,fx wire,Caceis booked the fx wire for SD 02-26-2021. Integrata yet to book,1800039439,1800039439,4551456423,-590882299,2021-07-29
7964,,30_4551058652_CACEIS,1546340316,OB,OB,No-pair,proceeds sell,Caceis booked the Miscellaneous for SD 10-12-2020. Integrata yet to book,1546340316,1546340316,4551456423,-590882299,2021-07-29
7965,,91_455669415_CACEIS,1020661881,OB,OB,No-pair,fx wire,Caceis booked the fx wire for SD 12-16-2019. Integrata yet to book,1020661881,1020661881,4551456423,-590882299,2021-07-29
7966,,43_455669415_CACEIS,1020661848,OB,OB,No-pair,fx wire,Caceis booked the fx wire for SD 12-16-2019. Integrata yet to book,1020661848,1020661848,4551456423,-590882299,2021-07-29
7967,,7_455788772_CACEIS,1191824881,OB,OB,No-pair,proceeds sell,Caceis booked the Miscellaneous for SD 03-19-2020. Integrata yet to book,1191824881,1191824881,4551456423,-590882299,2021-07-29
7968,,1_455950138_CACEIS,1404595024,OB,OB,No-pair,wire transfer,Caceis booked the wire transfer for SD 07-22-2020. Integrata yet to book,1404595024,1404595024,4551456423,-590882299,2021-07-29
7969,,34_455424626_CACEIS,610989035,OB,OB,No-pair,monthend interest,Caceis booked the monthend interest for SD 06-01-2019. Integrata yet to book,610989035,610989035,4551456423,-590882299,2021-07-29
7970,,58_455934920_CACEIS,1383926635,OB,OB,No-pair,fees,Caceis booked the fees for SD 07-10-2020. Integrata yet to book,1383926635,1383926635,4551456423,-590882299,2021-07-29
7971,,48_455748445_CACEIS,1136275024,OB,OB,No-pair,fx wire,Caceis booked the fx wire for SD 02-18-2020. Integrata yet to book,1136275024,1136275024,4551456423,-590882299,2021-07-29
7972,,92_455862625_CACEIS,1287003002,OB,OB,No-pair,fx wire,Caceis booked the fx wire for SD 05-15-2020. Integrata yet to book,1287003002,1287003002,4551456423,-590882299,2021-07-29
7973,,71_455706635_CACEIS,1081907519,OB,OB,No-pair,proceeds sell,Caceis booked the Miscellaneous for SD 01-15-2020. Integrata yet to book,1081907519,1081907519,4551456423,-590882299,2021-07-29
7974,,25_455907521_CACEIS,1347197377,OB,OB,No-pair,fx wire,Caceis booked the fx wire for SD 06-19-2020. Integrata yet to book,1347197377,1347197377,4551456423,-590882299,2021-07-29
7975,,116_455663909_CACEIS,1011570633,OB,OB,No-pair,fees,Caceis booked the fees for SD 12-11-2019. Integrata yet to book,1011570633,1011570633,4551456423,-590882299,2021-07-29
7976,,50_4551287241_CACEIS,1850449300,OB,OB,No-pair,fx wire,Caceis booked the fx wire for SD 03-26-2021. Integrata yet to book,1850449300,1850449300,4551456423,-590882299,2021-07-29
7977,,1394_455643841_CACEIS,975324466,OB,OB,No-pair,fx wire,Caceis booked the fx wire for SD 11-15-2019. Integrata yet to book,975324466,975324466,4551456423,-590882299,2021-07-29
7978,,15_4551001817_CACEIS,1470676038,OB,OB,No-pair,fx wire,Caceis booked the fx wire for SD 08-28-2020. Integrata yet to book,1470676038,1470676038,4551456423,-590882299,2021-07-29
7979,,35_4551256295_CACEIS,1810321909,OB,OB,No-pair,proceeds sell,Caceis booked the Miscellaneous for SD 03-04-2021. Integrata yet to book,1810321909,1810321909,4551456423,-590882299,2021-07-29
7980,,1_455959742_CACEIS,1417073507,OB,OB,No-pair,wire transfer,Caceis booked the wire transfer for SD 07-29-2020. Integrata yet to book,1417073507,1417073507,4551456423,-590882299,2021-07-29
7981,,49_455790609_CACEIS,1194036446,OB,OB,No-pair,fx wire,Caceis booked the fx wire for SD 03-20-2020. Integrata yet to book,1194036446,1194036446,4551456423,-590882299,2021-07-29
7982,,10_455672797_CACEIS,1026409327,OB,OB,No-pair,wire transfer,Caceis booked the wire transfer for SD 12-16-2019. Integrata yet to book,1026409327,1026409327,4551456423,-590882299,2021-07-29
7983,,24_4551305829_CACEIS,1874141016,OB,OB,No-pair,wire transfer,Caceis booked the wire transfer for SD 04-09-2021. Integrata yet to book,1874141016,1874141016,4551456423,-590882299,2021-07-29
7984,,63_4551313388_CACEIS,1883527768,OB,OB,No-pair,fx wire,Caceis booked the fx wire for SD 04-15-2021. Integrata yet to book,1883527768,1883527768,4551456423,-590882299,2021-07-29
7985,,456_455822501_CACEIS,1235308336,OB,OB,No-pair,fx wire,Caceis booked the fx wire for SD 04-15-2020. Integrata yet to book,1235308336,1235308336,4551456423,-590882299,2021-07-29
7986,,372_455822501_CACEIS,1235308246,OB,OB,No-pair,fx wire,Caceis booked the fx wire for SD 04-15-2020. Integrata yet to book,1235308246,1235308246,4551456423,-590882299,2021-07-29
7987,,40_455516633_CACEIS,760048568,OB,OB,No-pair,fx wire,Caceis booked the fx wire for SD 08-16-2019. Integrata yet to book,760048568,760048568,4551456423,-590882299,2021-07-29
7988,,31_4551018409_CACEIS,1492757269,OB,OB,No-pair,fees,Caceis booked the fees for SD 09-10-2020. Integrata yet to book,1492757269,1492757269,4551456423,-590882299,2021-07-29
7989,,128_4551232906_CACEIS,1780156600,OB,OB,No-pair,fx wire,Caceis booked the fx wire for SD 02-16-2021. Integrata yet to book,1780156600,1780156600,4551456423,-590882299,2021-07-29
7990,,500_455900053_CACEIS,1336714029,OB,OB,No-pair,fx wire,Caceis booked the fx wire for SD 06-15-2020. Integrata yet to book,1336714029,1336714029,4551456423,-590882299,2021-07-29
7991,,203_455590588_CACEIS,883858433,OB,OB,No-pair,fx wire,Caceis booked the fx wire for SD 10-15-2019. Integrata yet to book,883858433,883858433,4551456423,-590882299,2021-07-29
7992,,327_455669415_CACEIS,1020661733,OB,OB,No-pair,fx wire,Caceis booked the fx wire for SD 12-16-2019. Integrata yet to book,1020661733,1020661733,4551456423,-590882299,2021-07-29
7993,,496_4551109218_CACEIS,1613287133,OB,OB,No-pair,fx wire,Caceis booked the fx wire for SD 11-16-2020. Integrata yet to book,1613287133,1613287133,4551456423,-590882299,2021-07-29
7994,,668_455643841_CACEIS,975323740,OB,OB,No-pair,monthend interest,Caceis booked the monthend interest for SD 10-31-2019. Integrata yet to book,975323740,975323740,4551456423,-590882299,2021-07-29
7995,,4_4551107328_CACEIS,1610764956,OB,OB,No-pair,fx wire,Caceis booked the fx wire for SD 11-13-2020. Integrata yet to book,1610764956,1610764956,4551456423,-590882299,2021-07-29
7996,,19_455879764_CACEIS,1309543799,OB,OB,No-pair,monthend interest,Caceis booked the monthend interest for SD 06-01-2020. Integrata yet to book,1309543799,1309543799,4551456423,-590882299,2021-07-29
7997,,393_4551232906_CACEIS,1780156701,OB,OB,No-pair,fx wire,Caceis booked the fx wire for SD 02-16-2021. Integrata yet to book,1780156701,1780156701,4551456423,-590882299,2021-07-29
7998,,7_455424626_CACEIS,610989039,OB,OB,No-pair,fx wire,Caceis booked the fx wire for SD 05-31-2019. Integrata yet to book,610989039,610989039,4551456423,-590882299,2021-07-29
7999,,35_4551428980_CACEIS,2040344589,OB,OB,No-pair,fees,Caceis booked the fees for SD 07-08-2021. Integrata yet to book,2040344589,2040344589,4551456423,-590882299,2021-07-29
8000,,113_4551191593_CACEIS,1722905029,OB,OB,No-pair,fx wire,Caceis booked the fx wire for SD 01-15-2021. Integrata yet to book,1722905029,1722905029,4551456423,-590882299,2021-07-29
8001,,18_4551186410_CACEIS,1715586518,OB,OB,No-pair,wire transfer,Caceis booked the wire transfer for SD 01-12-2021. Integrata yet to book,1715586518,1715586518,4551456423,-590882299,2021-07-29
8002,,363_455862625_CACEIS,1287003821,OB,OB,No-pair,fees,Caceis booked the fees for SD 05-13-2020. Integrata yet to book,1287003821,1287003821,4551456423,-590882299,2021-07-29
8003,,637_4551232906_CACEIS,1780157006,OB,OB,No-pair,fx wire,Caceis booked the fx wire for SD 02-16-2021. Integrata yet to book,1780157006,1780157006,4551456423,-590882299,2021-07-29
8004,,384_4551023983_CACEIS,1500214180,OB,OB,No-pair,fx wire,Caceis booked the fx wire for SD 09-15-2020. Integrata yet to book,1500214180,1500214180,4551456423,-590882299,2021-07-29
8005,,363_455822501_CACEIS,1235308254,OB,OB,No-pair,fx wire,Caceis booked the fx wire for SD 04-15-2020. Integrata yet to book,1235308254,1235308254,4551456423,-590882299,2021-07-29
8006,,311_455706635_CACEIS,1081907609,OB,OB,No-pair,fx wire,Caceis booked the fx wire for SD 01-15-2020. Integrata yet to book,1081907609,1081907609,4551456423,-590882299,2021-07-29
8007,,280_455706635_CACEIS,1081907523,OB,OB,No-pair,fx wire,Caceis booked the fx wire for SD 01-15-2020. Integrata yet to book,1081907523,1081907523,4551456423,-590882299,2021-07-29
8008,,10_455568470_CACEIS,846652441,OB,OB,No-pair,fx wire,Caceis booked the fx wire for SD 09-27-2019. Integrata yet to book,846652441,846652441,4551456423,-590882299,2021-07-29
8009,,53_4551087502_CACEIS,1584326649,OB,OB,No-pair,monthend interest,Caceis booked the monthend interest for SD 11-01-2020. Integrata yet to book,1584326649,1584326649,4551456423,-590882299,2021-07-29
8010,,90_4551436806_CACEIS,2049885767,OB,OB,No-pair,fx wire,Caceis booked the fx wire for SD 07-15-2021. Integrata yet to book,2049885767,2049885767,4551456423,-590882299,2021-07-29
8011,,428_455862625_CACEIS,1287003849,OB,OB,No-pair,fees,Caceis booked the fees for SD 05-13-2020. Integrata yet to book,1287003849,1287003849,4551456423,-590882299,2021-07-29
8012,,76_306589_CACEIS,433998228,OB,OB,No-pair,fx wire,Caceis booked the fx wire for SD 02-15-2019. Integrata yet to book,433998228,433998228,4551456423,-590882299,2021-07-29
8013,,108_455934920_CACEIS,1383926751,OB,OB,No-pair,fees,Caceis booked the fees for SD 07-10-2020. Integrata yet to book,1383926751,1383926751,4551456423,-590882299,2021-07-29
8014,,95_4551191593_CACEIS,1722905096,OB,OB,No-pair,fx wire,Caceis booked the fx wire for SD 01-15-2021. Integrata yet to book,1722905096,1722905096,4551456423,-590882299,2021-07-29
8015,,4_455782293_CACEIS,1183562967,OB,OB,No-pair,fx wire,Caceis booked the fx wire for SD 03-13-2020. Integrata yet to book,1183562967,1183562967,4551456423,-590882299,2021-07-29
8016,,23_455874345_CACEIS,1302176813,OB,OB,No-pair,wire transfer,Caceis booked the wire transfer for SD 05-26-2020. Integrata yet to book,1302176813,1302176813,4551456423,-590882299,2021-07-29
8017,,214_455940640_CACEIS,1391596130,OB,OB,No-pair,fx wire,Caceis booked the fx wire for SD 07-15-2020. Integrata yet to book,1391596130,1391596130,4551456423,-590882299,2021-07-29
8018,,81_4551058652_CACEIS,1546340362,OB,OB,No-pair,fees,Caceis booked the fees for SD 10-08-2020. Integrata yet to book,1546340362,1546340362,4551456423,-590882299,2021-07-29
8019,,39_455590588_CACEIS,883858409,OB,OB,No-pair,fx wire,Caceis booked the fx wire for SD 10-15-2019. Integrata yet to book,883858409,883858409,4551456423,-590882299,2021-07-29
8020,,98_455822501_CACEIS,1235307980,OB,OB,No-pair,fx wire,Caceis booked the fx wire for SD 04-15-2020. Integrata yet to book,1235307980,1235307980,4551456423,-590882299,2021-07-29
8021,,3_455944496_CACEIS,1396484592,OB,OB,No-pair,fx wire,Caceis booked the fx wire for SD 07-17-2020. Integrata yet to book,1396484592,1396484592,4551456423,-590882299,2021-07-29
8022,,49_4551381021_CACEIS,1979694251,OB,OB,No-pair,wire transfer,Caceis booked the wire transfer for SD 06-04-2021. Integrata yet to book,1979694251,1979694251,4551456423,-590882299,2021-07-29
8023,,104_455900053_CACEIS,1336713331,OB,OB,No-pair,fx wire,Caceis booked the fx wire for SD 06-15-2020. Integrata yet to book,1336713331,1336713331,4551456423,-590882299,2021-07-29
8024,,358_455900053_CACEIS,1336713965,OB,OB,No-pair,fx wire,Caceis booked the fx wire for SD 06-15-2020. Integrata yet to book,1336713965,1336713965,4551456423,-590882299,2021-07-29
8025,,380_455643841_CACEIS,975323452,OB,OB,No-pair,fx wire,Caceis booked the fx wire for SD 11-15-2019. Integrata yet to book,975323452,975323452,4551456423,-590882299,2021-07-29
8026,,416_4551023983_CACEIS,1500214189,OB,OB,No-pair,fx wire,Caceis booked the fx wire for SD 09-15-2020. Integrata yet to book,1500214189,1500214189,4551456423,-590882299,2021-07-29
8027,,125_455663909_CACEIS,1011570681,OB,OB,No-pair,fees,Caceis booked the fees for SD 12-11-2019. Integrata yet to book,1011570681,1011570681,4551456423,-590882299,2021-07-29
8028,,449_4551191593_CACEIS,1722905404,OB,OB,No-pair,fx wire,Caceis booked the fx wire for SD 01-15-2021. Integrata yet to book,1722905404,1722905404,4551456423,-590882299,2021-07-29
8029,,5_455831691_CACEIS,1246623616,OB,OB,No-pair,wire transfer,Caceis booked the wire transfer for SD 04-22-2020. Integrata yet to book,1246623616,1246623616,4551456423,-590882299,2021-07-29
8030,,548_455783582_CACEIS,1185159641,OB,OB,No-pair,fx wire,Caceis booked the fx wire for SD 03-16-2020. Integrata yet to book,1185159641,1185159641,4551456423,-590882299,2021-07-29
8031,,11_4551119048_CACEIS,1625949395,OB,OB,No-pair,wire transfer,Caceis booked the wire transfer for SD 11-23-2020. Integrata yet to book,1625949395,1625949395,4551456423,-590882299,2021-07-29
8032,,300_455706635_CACEIS,1081907587,OB,OB,No-pair,fx wire,Caceis booked the fx wire for SD 01-15-2020. Integrata yet to book,1081907587,1081907587,4551456423,-590882299,2021-07-29
8033,,29_333062_CACEIS,479846755,OB,OB,No-pair,fx wire,Caceis booked the fx wire for SD 03-15-2019. Integrata yet to book,479846755,479846755,4551456423,-590882299,2021-07-29
8034,,82_4551058652_CACEIS,1546340358,OB,OB,No-pair,fees,Caceis booked the fees for SD 10-08-2020. Integrata yet to book,1546340358,1546340358,4551456423,-590882299,2021-07-29
8035,,61_4551436806_CACEIS,2049885762,OB,OB,No-pair,fx wire,Caceis booked the fx wire for SD 07-15-2021. Integrata yet to book,2049885762,2049885762,4551456423,-590882299,2021-07-29
8036,,34_455688261_CACEIS,1053516661,OB,OB,No-pair,monthend interest,Caceis booked the monthend interest for SD 12-31-2019. Integrata yet to book,1053516661,1053516661,4551456423,-590882299,2021-07-29
8037,,35_455476582_CACEIS,691188629,OB,OB,No-pair,fx wire,Caceis booked the fx wire for SD 07-16-2019. Integrata yet to book,691188629,691188629,4551456423,-590882299,2021-07-29
8038,,49_4551011052_CACEIS,1483359804,OB,OB,No-pair,fx wire,Caceis booked the fx wire for SD 09-04-2020. Integrata yet to book,1483359804,1483359804,4551456423,-590882299,2021-07-29
8039,,430_455862625_CACEIS,1287003862,OB,OB,No-pair,fees,Caceis booked the fees for SD 05-13-2020. Integrata yet to book,1287003862,1287003862,4551456423,-590882299,2021-07-29
8040,,24_455782293_CACEIS,1183562999,OB,OB,No-pair,wire transfer,Caceis booked the wire transfer for SD 03-12-2020. Integrata yet to book,1183562999,1183562999,4551456423,-590882299,2021-07-29
8041,,55_4551313388_CACEIS,1883527750,OB,OB,No-pair,fx wire,Caceis booked the fx wire for SD 04-15-2021. Integrata yet to book,1883527750,1883527750,4551456423,-590882299,2021-07-29
8042,,1387_455643841_CACEIS,975324459,OB,OB,No-pair,fx wire,Caceis booked the fx wire for SD 11-15-2019. Integrata yet to book,975324459,975324459,4551456423,-590882299,2021-07-29
8043,,682_455862625_CACEIS,1287004700,OB,OB,No-pair,fx wire,Caceis booked the fx wire for SD 05-15-2020. Integrata yet to book,1287004700,1287004700,4551456423,-590882299,2021-07-29
8044,,48_4551020261_CACEIS,1495478280,OB,OB,No-pair,wire transfer,Caceis booked the wire transfer for SD 09-11-2020. Integrata yet to book,1495478280,1495478280,4551456423,-590882299,2021-07-29
8045,,2_4551081703_CACEIS,1576857669,OB,OB,No-pair,wire transfer,Caceis booked the wire transfer for SD 10-26-2020. Integrata yet to book,1576857669,1576857669,4551456423,-590882299,2021-07-29
8046,,33_455772338_CACEIS,1169827534,OB,OB,No-pair,fx wire,Caceis booked the fx wire for SD 03-06-2020. Integrata yet to book,1169827534,1169827534,4551456423,-590882299,2021-07-29
8047,,111_455663909_CACEIS,1011570673,OB,OB,No-pair,fees,Caceis booked the fees for SD 12-11-2019. Integrata yet to book,1011570673,1011570673,4551456423,-590882299,2021-07-29
8048,,772_455822501_CACEIS,1235308659,OB,OB,No-pair,fx wire,Caceis booked the fx wire for SD 04-15-2020. Integrata yet to book,1235308659,1235308659,4551456423,-590882299,2021-07-29
8049,,3_455973142_CACEIS,1434649997,OB,OB,No-pair,fx wire,Caceis booked the fx wire for SD 08-07-2020. Integrata yet to book,1434649997,1434649997,4551456423,-590882299,2021-07-29
8050,,57_455404958_CACEIS,585162352,OB,OB,No-pair,fx wire,Caceis booked the fx wire for SD 05-15-2019. Integrata yet to book,585162352,585162352,4551456423,-590882299,2021-07-29
8051,,775_4551232906_CACEIS,1780157011,OB,OB,No-pair,fx wire,Caceis booked the fx wire for SD 02-16-2021. Integrata yet to book,1780157011,1780157011,4551456423,-590882299,2021-07-29
8052,,49_455745203_CACEIS,1132280396,OB,OB,No-pair,fx wire,Caceis booked the fx wire for SD 02-14-2020. Integrata yet to book,1132280396,1132280396,4551456423,-590882299,2021-07-29
8053,,16_4551271705_CACEIS,1830184047,OB,OB,No-pair,wire transfer,Caceis booked the wire transfer for SD 03-16-2021. Integrata yet to book,1830184047,1830184047,4551456423,-590882299,2021-07-29
8054,,18_4551166054_CACEIS,1689088063,OB,OB,No-pair,fx wire,Caceis booked the fx wire for SD 12-28-2020. Integrata yet to book,1689088063,1689088063,4551456423,-590882299,2021-07-29
8055,,117_4551087502_CACEIS,1584326672,OB,OB,No-pair,monthend interest,Caceis booked the monthend interest for SD 11-01-2020. Integrata yet to book,1584326672,1584326672,4551456423,-590882299,2021-07-29
8056,,15_4551048988_CACEIS,1533696950,OB,OB,No-pair,fx wire,Caceis booked the fx wire for SD 10-02-2020. Integrata yet to book,1533696950,1533696950,4551456423,-590882299,2021-07-29
8057,,1327_455643841_CACEIS,975324399,OB,OB,No-pair,fx wire,Caceis booked the fx wire for SD 11-15-2019. Integrata yet to book,975324399,975324399,4551456423,-590882299,2021-07-29
8058,,80_455693832_CACEIS,1063035167,OB,OB,No-pair,fees,Caceis booked the fees for SD 01-06-2020. Integrata yet to book,1063035167,1063035167,4551456423,-590882299,2021-07-29
8059,,222_4551394628_CACEIS,1997244628,OB,OB,No-pair,fx wire,Caceis booked the fx wire for SD 06-15-2021. Integrata yet to book,1997244628,1997244628,4551456423,-590882299,2021-07-29
8060,,2_455714596_CACEIS,1091890277,OB,OB,No-pair,proceeds sell,Caceis booked the proceeds sell for SD 01-22-2020. Integrata yet to book,1091890277,1091890277,4551456423,-590882299,2021-07-29
8061,,40_455762980_CACEIS,1156897734,OB,OB,No-pair,monthend interest,Caceis booked the monthend interest for SD 03-01-2020. Integrata yet to book,1156897734,1156897734,4551456423,-590882299,2021-07-29
8062,,8_455896330_CACEIS,1332271849,OB,OB,No-pair,fees,Caceis booked the fees for SD 06-10-2020. Integrata yet to book,1332271849,1332271849,4551456423,-590882299,2021-07-29
8063,,105_4551436806_CACEIS,2049885829,OB,OB,No-pair,fx wire,Caceis booked the fx wire for SD 07-15-2021. Integrata yet to book,2049885829,2049885829,4551456423,-590882299,2021-07-29
8064,,742_455643841_CACEIS,975323814,OB,OB,No-pair,monthend interest,Caceis booked the monthend interest for SD 10-31-2019. Integrata yet to book,975323814,975323814,4551456423,-590882299,2021-07-29
8065,,6_455775994_CACEIS,1174727506,OB,OB,No-pair,wire transfer,Caceis booked the wire transfer for SD 03-10-2020. Integrata yet to book,1174727506,1174727506,4551456423,-590882299,2021-07-29
8066,,93_4551191593_CACEIS,1722905052,OB,OB,No-pair,fx wire,Caceis booked the fx wire for SD 01-15-2021. Integrata yet to book,1722905052,1722905052,4551456423,-590882299,2021-07-29
8067,,809_455822501_CACEIS,1235308707,OB,OB,No-pair,fx wire,Caceis booked the fx wire for SD 04-15-2020. Integrata yet to book,1235308707,1235308707,4551456423,-590882299,2021-07-29
8068,,59_4551044906_CACEIS,1528403569,OB,OB,No-pair,monthend interest,Caceis booked the monthend interest for SD 10-01-2020. Integrata yet to book,1528403569,1528403569,4551456423,-590882299,2021-07-29
8069,,133_4551436806_CACEIS,2049885838,OB,OB,No-pair,fx wire,Caceis booked the fx wire for SD 07-15-2021. Integrata yet to book,2049885838,2049885838,4551456423,-590882299,2021-07-29
8070,,412_455862625_CACEIS,1287003869,OB,OB,No-pair,fx wire,Caceis booked the fx wire for SD 05-15-2020. Integrata yet to book,1287003869,1287003869,4551456423,-590882299,2021-07-29
8071,,10_4551083561_CACEIS,1579309189,OB,OB,No-pair,wire transfer,Caceis booked the wire transfer for SD 10-28-2020. Integrata yet to book,1579309189,1579309189,4551456423,-590882299,2021-07-29
8072,,21_455973142_CACEIS,1434649989,OB,OB,No-pair,fx wire,Caceis booked the fx wire for SD 08-07-2020. Integrata yet to book,1434649989,1434649989,4551456423,-590882299,2021-07-29
8073,,27_455879764_CACEIS,1309543753,OB,OB,No-pair,monthend interest,Caceis booked the monthend interest for SD 06-01-2020. Integrata yet to book,1309543753,1309543753,4551456423,-590882299,2021-07-29
8074,,2_455890907_CACEIS,1325113956,OB,OB,No-pair,wire transfer,Caceis booked the wire transfer for SD 06-08-2020. Integrata yet to book,1325113956,1325113956,4551456423,-590882299,2021-07-29
8075,,75_455669415_CACEIS,1020661787,OB,OB,No-pair,wire transfer,Caceis booked the wire transfer for SD 12-16-2019. Integrata yet to book,1020661787,1020661787,4551456423,-590882299,2021-07-29
8076,,499_455783582_CACEIS,1185159587,OB,OB,No-pair,fx wire,Caceis booked the fx wire for SD 03-16-2020. Integrata yet to book,1185159587,1185159587,4551456423,-590882299,2021-07-29
8077,,82_4551149959_CACEIS,1667622829,OB,OB,No-pair,fx wire,Caceis booked the fx wire for SD 12-15-2020. Integrata yet to book,1667622829,1667622829,4551456423,-590882299,2021-07-29
8078,,746_455643841_CACEIS,975323818,OB,OB,No-pair,monthend interest,Caceis booked the monthend interest for SD 10-31-2019. Integrata yet to book,975323818,975323818,4551456423,-590882299,2021-07-29
8079,,368_455643841_CACEIS,975323440,OB,OB,No-pair,fx wire,Caceis booked the fx wire for SD 11-15-2019. Integrata yet to book,975323440,975323440,4551456423,-590882299,2021-07-29
8080,,48_4551023983_CACEIS,1500213941,OB,OB,No-pair,fx wire,Caceis booked the fx wire for SD 09-15-2020. Integrata yet to book,1500213941,1500213941,4551456423,-590882299,2021-07-29
8081,,19_4551127906_CACEIS,1637981919,OB,OB,No-pair,monthend interest,Caceis booked the monthend interest for SD 12-01-2020. Integrata yet to book,1637981919,1637981919,4551456423,-590882299,2021-07-29
8082,,75_455693832_CACEIS,1063035144,OB,OB,No-pair,fees,Caceis booked the fees for SD 01-06-2020. Integrata yet to book,1063035144,1063035144,4551456423,-590882299,2021-07-29
8083,,133_4551232906_CACEIS,1780156485,OB,OB,No-pair,fx wire,Caceis booked the fx wire for SD 02-16-2021. Integrata yet to book,1780156485,1780156485,4551456423,-590882299,2021-07-29
8084,,77_455799620_CACEIS,1205700323,OB,OB,No-pair,wire transfer,Caceis booked the wire transfer for SD 03-27-2020. Integrata yet to book,1205700323,1205700323,4551456423,-590882299,2021-07-29
8085,,56_455862625_CACEIS,1287003028,OB,OB,No-pair,fx wire,Caceis booked the fx wire for SD 05-15-2020. Integrata yet to book,1287003028,1287003028,4551456423,-590882299,2021-07-29
8086,,95_4551269721_CACEIS,1827473829,OB,OB,No-pair,fx wire,Caceis booked the fx wire for SD 03-15-2021. Integrata yet to book,1827473829,1827473829,4551456423,-590882299,2021-07-29
8087,,508_4551149959_CACEIS,1667623245,OB,OB,No-pair,fx wire,Caceis booked the fx wire for SD 12-15-2020. Integrata yet to book,1667623245,1667623245,4551456423,-590882299,2021-07-29
8088,,130_4551232906_CACEIS,1780156609,OB,OB,No-pair,fx wire,Caceis booked the fx wire for SD 02-16-2021. Integrata yet to book,1780156609,1780156609,4551456423,-590882299,2021-07-29
8089,,421_455862625_CACEIS,1287003670,OB,OB,No-pair,fx wire,Caceis booked the fx wire for SD 05-15-2020. Integrata yet to book,1287003670,1287003670,4551456423,-590882299,2021-07-29
8090,,453_4551066313_CACEIS,1556876721,OB,OB,No-pair,fx wire,Caceis booked the fx wire for SD 10-15-2020. Integrata yet to book,1556876721,1556876721,4551456423,-590882299,2021-07-29
8091,,55_4551066313_CACEIS,1556876236,OB,OB,No-pair,fx wire,Caceis booked the fx wire for SD 10-15-2020. Integrata yet to book,1556876236,1556876236,4551456423,-590882299,2021-07-29
8092,,6_455651199_CACEIS,989140159,OB,OB,No-pair,wire transfer,Caceis booked the wire transfer for SD 12-02-2019. Integrata yet to book,989140159,989140159,4551456423,-590882299,2021-07-29
8093,,730_455862625_CACEIS,1287004776,OB,OB,No-pair,fx wire,Caceis booked the fx wire for SD 05-15-2020. Integrata yet to book,1287004776,1287004776,4551456423,-590882299,2021-07-29
8094,,95_455693832_CACEIS,1063035124,OB,OB,No-pair,fees,Caceis booked the fees for SD 01-06-2020. Integrata yet to book,1063035124,1063035124,4551456423,-590882299,2021-07-29
8095,,369_455590588_CACEIS,883858635,OB,OB,No-pair,fx wire,Caceis booked the fx wire for SD 10-15-2019. Integrata yet to book,883858635,883858635,4551456423,-590882299,2021-07-29
8096,,94_4551269721_CACEIS,1827473822,OB,OB,No-pair,fx wire,Caceis booked the fx wire for SD 03-15-2021. Integrata yet to book,1827473822,1827473822,4551456423,-590882299,2021-07-29
8097,,419_4551109218_CACEIS,1613286990,OB,OB,No-pair,fx wire,Caceis booked the fx wire for SD 11-16-2020. Integrata yet to book,1613286990,1613286990,4551456423,-590882299,2021-07-29
8098,,41_455669415_CACEIS,1020661789,OB,OB,No-pair,fx wire,Caceis booked the fx wire for SD 12-16-2019. Integrata yet to book,1020661789,1020661789,4551456423,-590882299,2021-07-29
8099,,62_4551313388_CACEIS,1883527748,OB,OB,No-pair,fx wire,Caceis booked the fx wire for SD 04-15-2021. Integrata yet to book,1883527748,1883527748,4551456423,-590882299,2021-07-29
8100,,104_4551354754_CACEIS,1942399514,OB,OB,No-pair,fx wire,Caceis booked the fx wire for SD 05-17-2021. Integrata yet to book,1942399514,1942399514,4551456423,-590882299,2021-07-29
8101,,5_4551206835_CACEIS,1743521216,OB,OB,No-pair,proceeds sell,Caceis booked the proceeds sell for SD 01-27-2021. Integrata yet to book,1743521216,1743521216,4551456423,-590882299,2021-07-29
8102,,286_4551191593_CACEIS,1722905317,OB,OB,No-pair,fx wire,Caceis booked the fx wire for SD 01-15-2021. Integrata yet to book,1722905317,1722905317,4551456423,-590882299,2021-07-29
8103,,142_4551232906_CACEIS,1780156493,OB,OB,No-pair,fx wire,Caceis booked the fx wire for SD 02-16-2021. Integrata yet to book,1780156493,1780156493,4551456423,-590882299,2021-07-29
8104,,68_455799620_CACEIS,1205700329,OB,OB,No-pair,wire transfer,Caceis booked the wire transfer for SD 03-27-2020. Integrata yet to book,1205700329,1205700329,4551456423,-590882299,2021-07-29
8105,,46_4551066313_CACEIS,1556876253,OB,OB,No-pair,fx wire,Caceis booked the fx wire for SD 10-15-2020. Integrata yet to book,1556876253,1556876253,4551456423,-590882299,2021-07-29
8106,,375_455748445_CACEIS,1136275467,OB,OB,No-pair,fx wire,Caceis booked the fx wire for SD 02-18-2020. Integrata yet to book,1136275467,1136275467,4551456423,-590882299,2021-07-29
8107,,245_4551436806_CACEIS,2049886011,OB,OB,No-pair,fx wire,Caceis booked the fx wire for SD 07-15-2021. Integrata yet to book,2049886011,2049886011,4551456423,-590882299,2021-07-29
8108,,5_455651199_CACEIS,989140154,OB,OB,No-pair,wire transfer,Caceis booked the wire transfer for SD 12-02-2019. Integrata yet to book,989140154,989140154,4551456423,-590882299,2021-07-29
8109,,4_455709628_CACEIS,1085770896,OB,OB,No-pair,fx wire,Caceis booked the fx wire for SD 01-17-2020. Integrata yet to book,1085770896,1085770896,4551456423,-590882299,2021-07-29
8110,,92_455693832_CACEIS,1063035271,OB,OB,No-pair,fees,Caceis booked the fees for SD 01-06-2020. Integrata yet to book,1063035271,1063035271,4551456423,-590882299,2021-07-29
8111,,55_455706635_CACEIS,1081907340,OB,OB,No-pair,fx wire,Caceis booked the fx wire for SD 01-15-2020. Integrata yet to book,1081907340,1081907340,4551456423,-590882299,2021-07-29
8112,,730_455822501_CACEIS,1235308592,OB,OB,No-pair,fx wire,Caceis booked the fx wire for SD 04-15-2020. Integrata yet to book,1235308592,1235308592,4551456423,-590882299,2021-07-29
8113,,15_4551415924_CACEIS,2024089325,OB,OB,No-pair,monthend interest,Caceis booked the monthend interest for SD 07-01-2021. Integrata yet to book,2024089325,2024089325,4551456423,-590882299,2021-07-29
8114,,139_4551232906_CACEIS,1780156494,OB,OB,No-pair,fx wire,Caceis booked the fx wire for SD 02-16-2021. Integrata yet to book,1780156494,1780156494,4551456423,-590882299,2021-07-29
8115,,724_4551232906_CACEIS,1780157140,OB,OB,No-pair,fx wire,Caceis booked the fx wire for SD 02-16-2021. Integrata yet to book,1780157140,1780157140,4551456423,-590882299,2021-07-29
8116,,43_4551003590_CACEIS,1473425984,OB,OB,No-pair,monthend interest,Caceis booked the monthend interest for SD 09-01-2020. Integrata yet to book,1473425984,1473425984,4551456423,-590882299,2021-07-29
8117,,497_4551109218_CACEIS,1613286999,OB,OB,No-pair,fx wire,Caceis booked the fx wire for SD 11-16-2020. Integrata yet to book,1613286999,1613286999,4551456423,-590882299,2021-07-29
8118,,76_4551023983_CACEIS,1500213817,OB,OB,No-pair,fx wire,Caceis booked the fx wire for SD 09-15-2020. Integrata yet to book,1500213817,1500213817,4551456423,-590882299,2021-07-29
8119,,2_4551131887_CACEIS,1643730712,OB,OB,No-pair,wire transfer,Caceis booked the wire transfer for SD 12-02-2020. Integrata yet to book,1643730712,1643730712,4551456423,-590882299,2021-07-29
8120,,13_455568470_CACEIS,846652446,OB,OB,No-pair,fx wire,Caceis booked the fx wire for SD 09-27-2019. Integrata yet to book,846652446,846652446,4551456423,-590882299,2021-07-29
8121,,106_4551232906_CACEIS,1780156462,OB,OB,No-pair,fx wire,Caceis booked the fx wire for SD 02-16-2021. Integrata yet to book,1780156462,1780156462,4551456423,-590882299,2021-07-29
8122,,42_4551394628_CACEIS,1997244610,OB,OB,No-pair,fx wire,Caceis booked the fx wire for SD 06-15-2021. Integrata yet to book,1997244610,1997244610,4551456423,-590882299,2021-07-29
8123,,426_455985296_CACEIS,1449582152,OB,OB,No-pair,fx wire,Caceis booked the fx wire for SD 08-17-2020. Integrata yet to book,1449582152,1449582152,4551456423,-590882299,2021-07-29
8124,,96_4551354754_CACEIS,1942399519,OB,OB,No-pair,fx wire,Caceis booked the fx wire for SD 05-17-2021. Integrata yet to book,1942399519,1942399519,4551456423,-590882299,2021-07-29
8125,,92_306589_CACEIS,433998231,OB,OB,No-pair,fx wire,Caceis booked the fx wire for SD 02-15-2019. Integrata yet to book,433998231,433998231,4551456423,-590882299,2021-07-29
8126,,237_4551436806_CACEIS,2049885981,OB,OB,No-pair,fx wire,Caceis booked the fx wire for SD 07-15-2021. Integrata yet to book,2049885981,2049885981,4551456423,-590882299,2021-07-29
8127,,16_4551166054_CACEIS,1689088099,OB,OB,No-pair,wire transfer,Caceis booked the wire transfer for SD 12-28-2020. Integrata yet to book,1689088099,1689088099,4551456423,-590882299,2021-07-29
8128,,538_455783582_CACEIS,1185159692,OB,OB,No-pair,fx wire,Caceis booked the fx wire for SD 03-16-2020. Integrata yet to book,1185159692,1185159692,4551456423,-590882299,2021-07-29
8129,,8_4551373621_CACEIS,1970229488,OB,OB,No-pair,monthend interest,Caceis booked the monthend interest for SD 06-01-2021. Integrata yet to book,1970229488,1970229488,4551456423,-590882299,2021-07-29
8130,,42_4551438780_CACEIS,2052260410,OB,OB,No-pair,fx wire,Caceis booked the fx wire for SD 07-16-2021. Integrata yet to book,2052260410,2052260410,4551456423,-590882299,2021-07-29
8131,,2_455876125_CACEIS,1304457650,OB,OB,No-pair,wire transfer,Caceis booked the wire transfer for SD 05-26-2020. Integrata yet to book,1304457650,1304457650,4551456423,-590882299,2021-07-29
8132,,6_455971354_CACEIS,1432288831,OB,OB,No-pair,wire transfer,Caceis booked the wire transfer for SD 08-06-2020. Integrata yet to book,1432288831,1432288831,4551456423,-590882299,2021-07-29
8133,,97_4551436806_CACEIS,2049885751,OB,OB,No-pair,fx wire,Caceis booked the fx wire for SD 07-15-2021. Integrata yet to book,2049885751,2049885751,4551456423,-590882299,2021-07-29
8134,,4_455971354_CACEIS,1432288829,OB,OB,No-pair,wire transfer,Caceis booked the wire transfer for SD 08-06-2020. Integrata yet to book,1432288829,1432288829,4551456423,-590882299,2021-07-29
8135,,19_4551166054_CACEIS,1689088103,OB,OB,No-pair,wire transfer,Caceis booked the wire transfer for SD 12-28-2020. Integrata yet to book,1689088103,1689088103,4551456423,-590882299,2021-07-29
8136,,1_4551224321_CACEIS,1767692354,OB,OB,No-pair,wire transfer,Caceis booked the wire transfer for SD 02-09-2021. Integrata yet to book,1767692354,1767692354,4551456423,-590882299,2021-07-29
8137,,31_455577664_CACEIS,861360906,OB,OB,No-pair,fx wire,Caceis booked the fx wire for SD 10-04-2019. Integrata yet to book,861360906,861360906,4551456423,-590882299,2021-07-29
8138,,32_455577664_CACEIS,861360877,OB,OB,No-pair,fx wire,Caceis booked the fx wire for SD 10-04-2019. Integrata yet to book,861360877,861360877,4551456423,-590882299,2021-07-29
8139,,352_4551232906_CACEIS,1780156667,OB,OB,No-pair,fx wire,Caceis booked the fx wire for SD 02-16-2021. Integrata yet to book,1780156667,1780156667,4551456423,-590882299,2021-07-29
8140,,365_455590588_CACEIS,883858604,OB,OB,No-pair,fx wire,Caceis booked the fx wire for SD 10-15-2019. Integrata yet to book,883858604,883858604,4551456423,-590882299,2021-07-29
8141,,304_4551313388_CACEIS,1883527899,OB,OB,No-pair,fx wire,Caceis booked the fx wire for SD 04-15-2021. Integrata yet to book,1883527899,1883527899,4551456423,-590882299,2021-07-29
8142,,56_455688261_CACEIS,1053516641,OB,OB,No-pair,fx wire,Caceis booked the fx wire for SD 12-31-2019. Integrata yet to book,1053516641,1053516641,4551456423,-590882299,2021-07-29
8143,,26_455991947_CACEIS,1458088745,OB,OB,No-pair,wire transfer,Caceis booked the wire transfer for SD 08-21-2020. Integrata yet to book,1458088745,1458088745,4551456423,-590882299,2021-07-29
8144,,199_455783582_CACEIS,1185159366,OB,OB,No-pair,fx wire,Caceis booked the fx wire for SD 03-16-2020. Integrata yet to book,1185159366,1185159366,4551456423,-590882299,2021-07-29
8145,,72_455610697_CACEIS,917943336,OB,OB,No-pair,fx wire,Caceis booked the fx wire for SD 10-18-2019. Integrata yet to book,917943336,917943336,4551456423,-590882299,2021-07-29
8146,,4_324834_CACEIS,466999382,OB,OB,No-pair,fx wire,Caceis booked the fx wire for SD 03-08-2019. Integrata yet to book,466999382,466999382,4551456423,-590882299,2021-07-29
8147,,24_4551029716_CACEIS,1508201954,OB,OB,No-pair,fx wire,Caceis booked the fx wire for SD 09-18-2020. Integrata yet to book,1508201954,1508201954,4551456423,-590882299,2021-07-29
8148,,32_455649350_CACEIS,985331711,OB,OB,No-pair,monthend interest,Caceis booked the monthend interest for SD 12-01-2019. Integrata yet to book,985331711,985331711,4551456423,-590882299,2021-07-29
8149,,111_455963450_CACEIS,1421777708,OB,OB,No-pair,wire transfer,Caceis booked the wire transfer for SD 07-31-2020. Integrata yet to book,1421777708,1421777708,4551456423,-590882299,2021-07-29
8150,,61_455442954_CACEIS,637183948,OB,OB,No-pair,fx wire,Caceis booked the fx wire for SD 06-17-2019. Integrata yet to book,637183948,637183948,4551456423,-590882299,2021-07-29
8151,,526_455900053_CACEIS,1336713930,OB,OB,No-pair,fx wire,Caceis booked the fx wire for SD 06-15-2020. Integrata yet to book,1336713930,1336713930,4551456423,-590882299,2021-07-29
8152,,19_307472_CACEIS,436148261,OB,OB,No-pair,wire transfer,Caceis booked the wire transfer for SD 02-13-2019. Integrata yet to book,436148261,436148261,4551456423,-590882299,2021-07-29
8153,,481_4551066313_CACEIS,1556876745,OB,OB,No-pair,fx wire,Caceis booked the fx wire for SD 10-15-2020. Integrata yet to book,1556876745,1556876745,4551456423,-590882299,2021-07-29
8154,,34_455585083_CACEIS,874262396,OB,OB,No-pair,proceeds sell,Caceis booked the proceeds sell for SD 10-10-2019. Integrata yet to book,874262396,874262396,4551456423,-590882299,2021-07-29
8155,,8_455400675_CACEIS,579063102,OB,OB,No-pair,fx wire,Caceis booked the fx wire for SD 05-10-2019. Integrata yet to book,579063102,579063102,4551456423,-590882299,2021-07-29
8156,,46_4551311496_CACEIS,1881179929,OB,OB,No-pair,wire transfer,Caceis booked the wire transfer for SD 04-14-2021. Integrata yet to book,1881179929,1881179929,4551456423,-590882299,2021-07-29
8157,,456_4551191593_CACEIS,1722905423,OB,OB,No-pair,fx wire,Caceis booked the fx wire for SD 01-15-2021. Integrata yet to book,1722905423,1722905423,4551456423,-590882299,2021-07-29
8158,,83_455693832_CACEIS,1063035186,OB,OB,No-pair,fees,Caceis booked the fees for SD 01-06-2020. Integrata yet to book,1063035186,1063035186,4551456423,-590882299,2021-07-29
8159,,121_4551191593_CACEIS,1722905017,OB,OB,No-pair,fx wire,Caceis booked the fx wire for SD 01-15-2021. Integrata yet to book,1722905017,1722905017,4551456423,-590882299,2021-07-29
8160,,406_455862625_CACEIS,1287003586,OB,OB,No-pair,fx wire,Caceis booked the fx wire for SD 05-15-2020. Integrata yet to book,1287003586,1287003586,4551456423,-590882299,2021-07-29
8161,,931_455822501_CACEIS,1235308748,OB,OB,No-pair,fx wire,Caceis booked the fx wire for SD 04-15-2020. Integrata yet to book,1235308748,1235308748,4551456423,-590882299,2021-07-29
8162,,340_4551232906_CACEIS,1780156632,OB,OB,No-pair,fx wire,Caceis booked the fx wire for SD 02-16-2021. Integrata yet to book,1780156632,1780156632,4551456423,-590882299,2021-07-29
8163,,807_455822501_CACEIS,1235308724,OB,OB,No-pair,fx wire,Caceis booked the fx wire for SD 04-15-2020. Integrata yet to book,1235308724,1235308724,4551456423,-590882299,2021-07-29
8164,,346_4551232906_CACEIS,1780156684,OB,OB,No-pair,fx wire,Caceis booked the fx wire for SD 02-16-2021. Integrata yet to book,1780156684,1780156684,4551456423,-590882299,2021-07-29
8165,,242_4551436806_CACEIS,2049885932,OB,OB,No-pair,fx wire,Caceis booked the fx wire for SD 07-15-2021. Integrata yet to book,2049885932,2049885932,4551456423,-590882299,2021-07-29
8166,,14_4551287241_CACEIS,1850449276,OB,OB,No-pair,fx wire,Caceis booked the fx wire for SD 03-26-2021. Integrata yet to book,1850449276,1850449276,4551456423,-590882299,2021-07-29
8167,,15_455570278_CACEIS,849574802,OB,OB,No-pair,monthend interest,Caceis booked the monthend interest for SD 10-01-2019. Integrata yet to book,849574802,849574802,4551456423,-590882299,2021-07-29
8168,,1_4551026197_CACEIS,1503283509,OB,OB,No-pair,proceeds sell,Caceis booked the Miscellaneous for SD 09-16-2020. Integrata yet to book,1503283509,1503283509,4551456423,-590882299,2021-07-29
8169,,674_455643841_CACEIS,975323746,OB,OB,No-pair,monthend interest,Caceis booked the monthend interest for SD 10-31-2019. Integrata yet to book,975323746,975323746,4551456423,-590882299,2021-07-29
8170,,8_455693832_CACEIS,1063035195,OB,OB,No-pair,fx wire,Caceis booked the fx wire for SD 01-06-2020. Integrata yet to book,1063035195,1063035195,4551456423,-590882299,2021-07-29
8171,,77_455693832_CACEIS,1063035153,OB,OB,No-pair,fees,Caceis booked the fees for SD 01-06-2020. Integrata yet to book,1063035153,1063035153,4551456423,-590882299,2021-07-29
8172,,399_4551232906_CACEIS,1780156679,OB,OB,No-pair,fx wire,Caceis booked the fx wire for SD 02-16-2021. Integrata yet to book,1780156679,1780156679,4551456423,-590882299,2021-07-29
8173,,7_349816_CACEIS,505077766,OB,OB,No-pair,monthend interest,Caceis booked the monthend interest for SD 04-01-2019. Integrata yet to book,505077766,505077766,4551456423,-590882299,2021-07-29
8174,,749_455862625_CACEIS,1287005057,OB,OB,No-pair,fx wire,Caceis booked the fx wire for SD 05-15-2020. Integrata yet to book,1287005057,1287005057,4551456423,-590882299,2021-07-29
8175,,71_455404958_CACEIS,585162400,OB,OB,No-pair,fx wire,Caceis booked the fx wire for SD 05-15-2019. Integrata yet to book,585162400,585162400,4551456423,-590882299,2021-07-29
8176,,207_455590588_CACEIS,883858642,OB,OB,No-pair,fx wire,Caceis booked the fx wire for SD 10-15-2019. Integrata yet to book,883858642,883858642,4551456423,-590882299,2021-07-29
8177,,766_455862625_CACEIS,1287005081,OB,OB,No-pair,fx wire,Caceis booked the fx wire for SD 05-15-2020. Integrata yet to book,1287005081,1287005081,4551456423,-590882299,2021-07-29
8178,,396_4551232906_CACEIS,1780156777,OB,OB,No-pair,fx wire,Caceis booked the fx wire for SD 02-16-2021. Integrata yet to book,1780156777,1780156777,4551456423,-590882299,2021-07-29
8179,,409_4551109218_CACEIS,1613286968,OB,OB,No-pair,fx wire,Caceis booked the fx wire for SD 11-16-2020. Integrata yet to book,1613286968,1613286968,4551456423,-590882299,2021-07-29
8180,,18_455826113_CACEIS,1239393700,OB,OB,No-pair,dividend,Caceis booked the dividend for SD 04-15-2020. Integrata yet to book,1239393700,1239393700,4551456423,-590882299,2021-07-29
8181,,202_455726980_CACEIS,1107942562,OB,OB,No-pair,monthend interest,Caceis booked the monthend interest for SD 02-01-2020. Integrata yet to book,1107942562,1107942562,4551456423,-590882299,2021-07-29
8182,,189_455590588_CACEIS,883858533,OB,OB,No-pair,fx wire,Caceis booked the fx wire for SD 10-15-2019. Integrata yet to book,883858533,883858533,4551456423,-590882299,2021-07-29
8183,,729_455822501_CACEIS,1235308509,OB,OB,No-pair,fx wire,Caceis booked the fx wire for SD 04-15-2020. Integrata yet to book,1235308509,1235308509,4551456423,-590882299,2021-07-29
8184,,74_455940640_CACEIS,1391595915,OB,OB,No-pair,fx wire,Caceis booked the fx wire for SD 07-15-2020. Integrata yet to book,1391595915,1391595915,4551456423,-590882299,2021-07-29
8185,,395_4551023983_CACEIS,1500214273,OB,OB,No-pair,fx wire,Caceis booked the fx wire for SD 09-15-2020. Integrata yet to book,1500214273,1500214273,4551456423,-590882299,2021-07-29
8186,,70_455669415_CACEIS,1020661837,OB,OB,No-pair,fx wire,Caceis booked the fx wire for SD 12-16-2019. Integrata yet to book,1020661837,1020661837,4551456423,-590882299,2021-07-29
8187,,17_455663909_CACEIS,1011570637,OB,OB,No-pair,wire transfer,Caceis booked the wire transfer for SD 12-11-2019. Integrata yet to book,1011570637,1011570637,4551456423,-590882299,2021-07-29
8188,,912_455822501_CACEIS,1235308735,OB,OB,No-pair,fx wire,Caceis booked the fx wire for SD 04-15-2020. Integrata yet to book,1235308735,1235308735,4551456423,-590882299,2021-07-29
8189,,13_4551287241_CACEIS,1850449280,OB,OB,No-pair,fx wire,Caceis booked the fx wire for SD 03-26-2021. Integrata yet to book,1850449280,1850449280,4551456423,-590882299,2021-07-29
8190,,9_4551093457_CACEIS,1592135438,OB,OB,No-pair,proceeds sell,Caceis booked the Miscellaneous for SD 10-30-2020. Integrata yet to book,1592135438,1592135438,4551456423,-590882299,2021-07-29
8191,,3_4551254304_CACEIS,1807385704,OB,OB,No-pair,wire transfer,Caceis booked the wire transfer for SD 03-02-2021. Integrata yet to book,1807385704,1807385704,4551456423,-590882299,2021-07-29
8192,,10_4551101474_CACEIS,1602589083,OB,OB,No-pair,wire transfer,Caceis booked the wire transfer for SD 11-10-2020. Integrata yet to book,1602589083,1602589083,4551456423,-590882299,2021-07-29
8193,,492_455862625_CACEIS,1287003795,OB,OB,No-pair,fx wire,Caceis booked the fx wire for SD 05-15-2020. Integrata yet to book,1287003795,1287003795,4551456423,-590882299,2021-07-29
8194,,36_455916649_CACEIS,1359361404,OB,OB,No-pair,fx wire,Caceis booked the fx wire for SD 06-26-2020. Integrata yet to book,1359361404,1359361404,4551456423,-590882299,2021-07-29
8195,,488_4551191593_CACEIS,1722905541,OB,OB,No-pair,fx wire,Caceis booked the fx wire for SD 01-15-2021. Integrata yet to book,1722905541,1722905541,4551456423,-590882299,2021-07-29
8196,,211_455590588_CACEIS,883858652,OB,OB,No-pair,fx wire,Caceis booked the fx wire for SD 10-15-2019. Integrata yet to book,883858652,883858652,4551456423,-590882299,2021-07-29
8197,,396_4551023983_CACEIS,1500214279,OB,OB,No-pair,fx wire,Caceis booked the fx wire for SD 09-15-2020. Integrata yet to book,1500214279,1500214279,4551456423,-590882299,2021-07-29
8198,,261_455748445_CACEIS,1136275328,OB,OB,No-pair,fx wire,Caceis booked the fx wire for SD 02-18-2020. Integrata yet to book,1136275328,1136275328,4551456423,-590882299,2021-07-29
8199,,21_4551166054_CACEIS,1689088105,OB,OB,No-pair,wire transfer,Caceis booked the wire transfer for SD 12-28-2020. Integrata yet to book,1689088105,1689088105,4551456423,-590882299,2021-07-29
8200,,137_4551313388_CACEIS,1883527736,OB,OB,No-pair,fx wire,Caceis booked the fx wire for SD 04-15-2021. Integrata yet to book,1883527736,1883527736,4551456423,-590882299,2021-07-29
8201,,6_284950_CACEIS,399852127,OB,OB,No-pair,monthend interest,Caceis booked the monthend interest for SD 02-01-2019. Integrata yet to book,399852127,399852127,4551456423,-590882299,2021-07-29
8202,,56_455586694_CACEIS,876699144,OB,OB,No-pair,fx wire,Caceis booked the fx wire for SD 10-11-2019. Integrata yet to book,876699144,876699144,4551456423,-590882299,2021-07-29
8203,,775_455862625_CACEIS,1287005240,OB,OB,No-pair,fx wire,Caceis booked the fx wire for SD 05-15-2020. Integrata yet to book,1287005240,1287005240,4551456423,-590882299,2021-07-29
8204,,5_315245_CACEIS,450739036,OB,OB,No-pair,wire transfer,Caceis booked the wire transfer for SD 02-28-2019. Integrata yet to book,450739036,450739036,4551456423,-590882299,2021-07-29
8205,,738_455822501_CACEIS,1235308712,OB,OB,No-pair,fx wire,Caceis booked the fx wire for SD 04-15-2020. Integrata yet to book,1235308712,1235308712,4551456423,-590882299,2021-07-29
8206,,11_4551073975_CACEIS,1566704352,OB,OB,No-pair,wire transfer,Caceis booked the wire transfer for SD 10-21-2020. Integrata yet to book,1566704352,1566704352,4551456423,-590882299,2021-07-29
8207,,15_4551044906_CACEIS,1528403656,OB,OB,No-pair,monthend interest,Caceis booked the monthend interest for SD 10-01-2020. Integrata yet to book,1528403656,1528403656,4551456423,-590882299,2021-07-29
8208,,45_4551264332_CACEIS,1819946066,OB,OB,No-pair,wire transfer,Caceis booked the wire transfer for SD 03-10-2021. Integrata yet to book,1819946066,1819946066,4551456423,-590882299,2021-07-29
8209,,663_4551232906_CACEIS,1780157150,OB,OB,No-pair,fx wire,Caceis booked the fx wire for SD 02-16-2021. Integrata yet to book,1780157150,1780157150,4551456423,-590882299,2021-07-29
8210,,71_4551039598_CACEIS,1521245966,OB,OB,No-pair,wire transfer,Caceis booked the wire transfer for SD 09-25-2020. Integrata yet to book,1521245966,1521245966,4551456423,-590882299,2021-07-29
8211,,117_455900053_CACEIS,1336713360,OB,OB,No-pair,fx wire,Caceis booked the fx wire for SD 06-15-2020. Integrata yet to book,1336713360,1336713360,4551456423,-590882299,2021-07-29
8212,,539_4551149959_CACEIS,1667623377,OB,OB,No-pair,fx wire,Caceis booked the fx wire for SD 12-15-2020. Integrata yet to book,1667623377,1667623377,4551456423,-590882299,2021-07-29
8213,,94_4551149959_CACEIS,1667622971,OB,OB,No-pair,fx wire,Caceis booked the fx wire for SD 12-15-2020. Integrata yet to book,1667622971,1667622971,4551456423,-590882299,2021-07-29
8214,,15_4551335411_CACEIS,1913506509,OB,OB,No-pair,wire transfer,Caceis booked the wire transfer for SD 04-29-2021. Integrata yet to book,1913506509,1913506509,4551456423,-590882299,2021-07-29
8215,,8_455799620_CACEIS,1205700376,OB,OB,No-pair,fx wire,Caceis booked the fx wire for SD 03-27-2020. Integrata yet to book,1205700376,1205700376,4551456423,-590882299,2021-07-29
8216,,3_324834_CACEIS,466999387,OB,OB,No-pair,wire transfer,Caceis booked the wire transfer for SD 03-08-2019. Integrata yet to book,466999387,466999387,4551456423,-590882299,2021-07-29
8217,,438_4551191593_CACEIS,1722905414,OB,OB,No-pair,fx wire,Caceis booked the fx wire for SD 01-15-2021. Integrata yet to book,1722905414,1722905414,4551456423,-590882299,2021-07-29
8218,,573_455643841_CACEIS,975323645,OB,OB,No-pair,dividend,Caceis booked the dividend for SD 11-18-2019. Integrata yet to book,975323645,975323645,4551456423,-590882299,2021-07-29
8219,,26_455853613_CACEIS,1275438437,OB,OB,No-pair,wire transfer,Caceis booked the wire transfer for SD 05-08-2020. Integrata yet to book,1275438437,1275438437,4551456423,-590882299,2021-07-29
8220,,64_455934920_CACEIS,1383926748,OB,OB,No-pair,wire transfer,Caceis booked the wire transfer for SD 07-10-2020. Integrata yet to book,1383926748,1383926748,4551456423,-590882299,2021-07-29
8221,,322_455590588_CACEIS,883858654,OB,OB,No-pair,fx wire,Caceis booked the fx wire for SD 10-15-2019. Integrata yet to book,883858654,883858654,4551456423,-590882299,2021-07-29
8222,,18_455879764_CACEIS,1309543765,OB,OB,No-pair,monthend interest,Caceis booked the monthend interest for SD 06-01-2020. Integrata yet to book,1309543765,1309543765,4551456423,-590882299,2021-07-29
8223,,7_455736646_CACEIS,1120326841,OB,OB,No-pair,wire transfer,Caceis booked the wire transfer for SD 02-07-2020. Integrata yet to book,1120326841,1120326841,4551456423,-590882299,2021-07-29
8224,,28_455663909_CACEIS,1011570670,OB,OB,No-pair,wire transfer,Caceis booked the wire transfer for SD 12-11-2019. Integrata yet to book,1011570670,1011570670,4551456423,-590882299,2021-07-29
8225,,5_455424626_CACEIS,610989033,OB,OB,No-pair,fx wire,Caceis booked the fx wire for SD 05-31-2019. Integrata yet to book,610989033,610989033,4551456423,-590882299,2021-07-29
8226,,35_4551246640_CACEIS,1797846201,OB,OB,No-pair,monthend interest,Caceis booked the monthend interest for SD 02-26-2021. Integrata yet to book,1797846201,1797846201,4551456423,-590882299,2021-07-29
8227,,27_455944496_CACEIS,1396484620,OB,OB,No-pair,wire transfer,Caceis booked the wire transfer for SD 07-17-2020. Integrata yet to book,1396484620,1396484620,4551456423,-590882299,2021-07-29
8228,,21_455688261_CACEIS,1053516660,OB,OB,No-pair,monthend interest,Caceis booked the monthend interest for SD 01-01-2020. Integrata yet to book,1053516660,1053516660,4551456423,-590882299,2021-07-29
8229,,4_4551041118_CACEIS,1523324128,OB,OB,No-pair,wire transfer,Caceis booked the wire transfer for SD 09-28-2020. Integrata yet to book,1523324128,1523324128,4551456423,-590882299,2021-07-29
8230,,9_4551339728_CACEIS,1920020599,OB,OB,No-pair,wire transfer,Caceis booked the wire transfer for SD 05-05-2021. Integrata yet to book,1920020599,1920020599,4551456423,-590882299,2021-07-29
8231,,44_4551246640_CACEIS,1797846209,OB,OB,No-pair,monthend interest,Caceis booked the monthend interest for SD 02-26-2021. Integrata yet to book,1797846209,1797846209,4551456423,-590882299,2021-07-29
8232,,15_455879764_CACEIS,1309543760,OB,OB,No-pair,monthend interest,Caceis booked the monthend interest for SD 06-01-2020. Integrata yet to book,1309543760,1309543760,4551456423,-590882299,2021-07-29
8233,,1397_455643841_CACEIS,975324469,OB,OB,No-pair,fx wire,Caceis booked the fx wire for SD 11-15-2019. Integrata yet to book,975324469,975324469,4551456423,-590882299,2021-07-29
8234,,3_4551374975_CACEIS,1971733174,OB,OB,No-pair,wire transfer,Caceis booked the wire transfer for SD 06-01-2021. Integrata yet to book,1971733174,1971733174,4551456423,-590882299,2021-07-29
8235,,5_4551117124_CACEIS,1623224450,OB,OB,No-pair,fx wire,Caceis booked the fx wire for SD 11-20-2020. Integrata yet to book,1623224450,1623224450,4551456423,-590882299,2021-07-29
8236,,44_455706635_CACEIS,1081907334,OB,OB,No-pair,fx wire,Caceis booked the fx wire for SD 01-15-2020. Integrata yet to book,1081907334,1081907334,4551456423,-590882299,2021-07-29
8237,,24_455907521_CACEIS,1347197191,OB,OB,No-pair,fx wire,Caceis booked the fx wire for SD 06-19-2020. Integrata yet to book,1347197191,1347197191,4551456423,-590882299,2021-07-29
8238,,65_455934920_CACEIS,1383926761,OB,OB,No-pair,wire transfer,Caceis booked the wire transfer for SD 07-10-2020. Integrata yet to book,1383926761,1383926761,4551456423,-590882299,2021-07-29
8239,,551_4551109218_CACEIS,1613286986,OB,OB,No-pair,fx wire,Caceis booked the fx wire for SD 11-16-2020. Integrata yet to book,1613286986,1613286986,4551456423,-590882299,2021-07-29
8240,,56_4551436806_CACEIS,2049885915,OB,OB,No-pair,fx wire,Caceis booked the fx wire for SD 07-15-2021. Integrata yet to book,2049885915,2049885915,4551456423,-590882299,2021-07-29
8241,,14_455457456_CACEIS,662168042,OB,OB,No-pair,fx wire,Caceis booked the fx wire for SD 06-28-2019. Integrata yet to book,662168042,662168042,4551456423,-590882299,2021-07-29
8242,,6_4551052926_CACEIS,1538800352,OB,OB,No-pair,wire transfer,Caceis booked the wire transfer for SD 10-06-2020. Integrata yet to book,1538800352,1538800352,4551456423,-590882299,2021-07-29
8243,,17_4551203153_CACEIS,1737813330,OB,OB,No-pair,proceeds sell,Caceis booked the Miscellaneous for SD 01-22-2020. Integrata yet to book,1737813330,1737813330,4551456423,-590882299,2021-07-29
8244,,87_455934920_CACEIS,1383926683,OB,OB,No-pair,fx wire,Caceis booked the fx wire for SD 07-10-2020. Integrata yet to book,1383926683,1383926683,4551456423,-590882299,2021-07-29
8245,,345_455940640_CACEIS,1391596137,OB,OB,No-pair,fx wire,Caceis booked the fx wire for SD 07-15-2020. Integrata yet to book,1391596137,1391596137,4551456423,-590882299,2021-07-29
8246,,50_455649350_CACEIS,985331744,OB,OB,No-pair,monthend interest,Caceis booked the monthend interest for SD 12-01-2019. Integrata yet to book,985331744,985331744,4551456423,-590882299,2021-07-29
8247,,21_455581623_CACEIS,867680122,OB,OB,No-pair,proceeds sell,Caceis booked the proceeds sell for SD 10-08-2019. Integrata yet to book,867680122,867680122,4551456423,-590882299,2021-07-29
8248,,94_4551436806_CACEIS,2049885763,OB,OB,No-pair,fx wire,Caceis booked the fx wire for SD 07-15-2021. Integrata yet to book,2049885763,2049885763,4551456423,-590882299,2021-07-29
8249,,116_455862625_CACEIS,1287002843,OB,OB,No-pair,fx wire,Caceis booked the fx wire for SD 05-15-2020. Integrata yet to book,1287002843,1287002843,4551456423,-590882299,2021-07-29
8250,,65_4551117124_CACEIS,1623224488,OB,OB,No-pair,fx wire,Caceis booked the fx wire for SD 11-20-2020. Integrata yet to book,1623224488,1623224488,4551456423,-590882299,2021-07-29
8251,,6_324834_CACEIS,466999384,OB,OB,No-pair,fx wire,Caceis booked the fx wire for SD 03-08-2019. Integrata yet to book,466999384,466999384,4551456423,-590882299,2021-07-29
8252,,69_4551269721_CACEIS,1827473936,OB,OB,No-pair,fx wire,Caceis booked the fx wire for SD 03-15-2021. Integrata yet to book,1827473936,1827473936,4551456423,-590882299,2021-07-29
8253,,314_455900053_CACEIS,1336713742,OB,OB,No-pair,fx wire,Caceis booked the fx wire for SD 06-15-2020. Integrata yet to book,1336713742,1336713742,4551456423,-590882299,2021-07-29
8254,,23_4551020261_CACEIS,1495478255,OB,OB,No-pair,fx wire,Caceis booked the fx wire for SD 09-11-2020. Integrata yet to book,1495478255,1495478255,4551456423,-590882299,2021-07-29
8255,,300_455669415_CACEIS,1020662087,OB,OB,No-pair,fx wire,Caceis booked the fx wire for SD 12-16-2019. Integrata yet to book,1020662087,1020662087,4551456423,-590882299,2021-07-29
8256,,45_455516633_CACEIS,760048591,OB,OB,No-pair,fx wire,Caceis booked the fx wire for SD 08-16-2019. Integrata yet to book,760048591,760048591,4551456423,-590882299,2021-07-29
8257,,501_455783582_CACEIS,1185159682,OB,OB,No-pair,fx wire,Caceis booked the fx wire for SD 03-16-2020. Integrata yet to book,1185159682,1185159682,4551456423,-590882299,2021-07-29
8258,,10_455507970_CACEIS,745225913,OB,OB,No-pair,fx wire,Caceis booked the fx wire for SD 08-09-2019. Integrata yet to book,745225913,745225913,4551456423,-590882299,2021-07-29
8259,,191_455940640_CACEIS,1391596090,OB,OB,No-pair,fx wire,Caceis booked the fx wire for SD 07-15-2020. Integrata yet to book,1391596090,1391596090,4551456423,-590882299,2021-07-29
8260,,25_455920273_CACEIS,1364559746,OB,OB,No-pair,monthend interest,Caceis booked the monthend interest for SD 07-01-2020. Integrata yet to book,1364559746,1364559746,4551456423,-590882299,2021-07-29
8261,,398_455748445_CACEIS,1136275267,OB,OB,No-pair,fx wire,Caceis booked the fx wire for SD 02-18-2020. Integrata yet to book,1136275267,1136275267,4551456423,-590882299,2021-07-29
8262,,96_455934920_CACEIS,1383926694,OB,OB,No-pair,fx wire,Caceis booked the fx wire for SD 07-10-2020. Integrata yet to book,1383926694,1383926694,4551456423,-590882299,2021-07-29
8263,,64_4551039598_CACEIS,1521245957,OB,OB,No-pair,wire transfer,Caceis booked the wire transfer for SD 09-25-2020. Integrata yet to book,1521245957,1521245957,4551456423,-590882299,2021-07-29
8264,,504_455862625_CACEIS,1287003640,OB,OB,No-pair,fx wire,Caceis booked the fx wire for SD 05-15-2020. Integrata yet to book,1287003640,1287003640,4551456423,-590882299,2021-07-29
8265,,17_362773_CACEIS,523884241,OB,OB,No-pair,wire transfer,Caceis booked the wire transfer for SD 04-10-2019. Integrata yet to book,523884241,523884241,4551456423,-590882299,2021-07-29
8266,,65_455643841_CACEIS,975323137,OB,OB,No-pair,wire transfer,Caceis booked the wire transfer for SD 11-01-2019. Integrata yet to book,975323137,975323137,4551456423,-590882299,2021-07-29
8267,,596_455643841_CACEIS,975323668,OB,OB,No-pair,wire transfer,Caceis booked the wire transfer for SD 11-18-2019. Integrata yet to book,975323668,975323668,4551456423,-590882299,2021-07-29
8268,,420_455783582_CACEIS,1185159550,OB,OB,No-pair,fx wire,Caceis booked the fx wire for SD 03-16-2020. Integrata yet to book,1185159550,1185159550,4551456423,-590882299,2021-07-29
8269,,72_4551117124_CACEIS,1623224493,OB,OB,No-pair,fx wire,Caceis booked the fx wire for SD 11-20-2020. Integrata yet to book,1623224493,1623224493,4551456423,-590882299,2021-07-29
8270,,407_455783582_CACEIS,1185159661,OB,OB,No-pair,fx wire,Caceis booked the fx wire for SD 03-16-2020. Integrata yet to book,1185159661,1185159661,4551456423,-590882299,2021-07-29
8271,,21_4551020261_CACEIS,1495478251,OB,OB,No-pair,fx wire,Caceis booked the fx wire for SD 09-11-2020. Integrata yet to book,1495478251,1495478251,4551456423,-590882299,2021-07-29
8272,,10_4551337567_CACEIS,1917624433,OB,OB,No-pair,wire transfer,Caceis booked the wire transfer for SD 05-04-2021. Integrata yet to book,1917624433,1917624433,4551456423,-590882299,2021-07-29
8273,,50_4551428980_CACEIS,2040344588,OB,OB,No-pair,wire transfer,Caceis booked the wire transfer for SD 07-09-2021. Integrata yet to book,2040344588,2040344588,4551456423,-590882299,2021-07-29
8274,,482_455900053_CACEIS,1336713976,OB,OB,No-pair,fx wire,Caceis booked the fx wire for SD 06-15-2020. Integrata yet to book,1336713976,1336713976,4551456423,-590882299,2021-07-29
8275,,6_4551419402_CACEIS,2029730699,OB,OB,No-pair,wire transfer,Caceis booked the wire transfer for SD 07-02-2021. Integrata yet to book,2029730699,2029730699,4551456423,-590882299,2021-07-29
8276,,98_4551232906_CACEIS,1780156511,OB,OB,No-pair,fx wire,Caceis booked the fx wire for SD 02-16-2021. Integrata yet to book,1780156511,1780156511,4551456423,-590882299,2021-07-29
8277,,61_455900053_CACEIS,1336713336,OB,OB,No-pair,fx wire,Caceis booked the fx wire for SD 06-15-2020. Integrata yet to book,1336713336,1336713336,4551456423,-590882299,2021-07-29
8278,,30_455940640_CACEIS,1391596062,OB,OB,No-pair,fx wire,Caceis booked the fx wire for SD 07-15-2020. Integrata yet to book,1391596062,1391596062,4551456423,-590882299,2021-07-29
8279,,11_4551182476_CACEIS,1710215370,OB,OB,No-pair,fx wire,Caceis booked the fx wire for SD 01-08-2021. Integrata yet to book,1710215370,1710215370,4551456423,-590882299,2021-07-29
8280,,53_4551127906_CACEIS,1637981968,OB,OB,No-pair,monthend interest,Caceis booked the monthend interest for SD 12-01-2020. Integrata yet to book,1637981968,1637981968,4551456423,-590882299,2021-07-29
8281,,46_4551171343_CACEIS,1696929205,OB,OB,No-pair,monthend interest,Caceis booked the monthend interest for SD 01-01-2021. Integrata yet to book,1696929205,1696929205,4551456423,-590882299,2021-07-29
8282,,79_455934920_CACEIS,1383926663,OB,OB,No-pair,fx wire,Caceis booked the fx wire for SD 07-10-2020. Integrata yet to book,1383926663,1383926663,4551456423,-590882299,2021-07-29
8283,,364_4551066313_CACEIS,1556876526,OB,OB,No-pair,fx wire,Caceis booked the fx wire for SD 10-15-2020. Integrata yet to book,1556876526,1556876526,4551456423,-590882299,2021-07-29
8284,,380_455590588_CACEIS,883858727,OB,OB,No-pair,fx wire,Caceis booked the fx wire for SD 10-15-2019. Integrata yet to book,883858727,883858727,4551456423,-590882299,2021-07-29
8285,,219_4551269721_CACEIS,1827474071,OB,OB,No-pair,fx wire,Caceis booked the fx wire for SD 03-15-2021. Integrata yet to book,1827474071,1827474071,4551456423,-590882299,2021-07-29
8286,,56_333062_CACEIS,479846791,OB,OB,No-pair,fx wire,Caceis booked the fx wire for SD 03-15-2019. Integrata yet to book,479846791,479846791,4551456423,-590882299,2021-07-29
8287,,811_455822501_CACEIS,1235308717,OB,OB,No-pair,fx wire,Caceis booked the fx wire for SD 04-15-2020. Integrata yet to book,1235308717,1235308717,4551456423,-590882299,2021-07-29
8288,,395_455783582_CACEIS,1185159540,OB,OB,No-pair,fx wire,Caceis booked the fx wire for SD 03-16-2020. Integrata yet to book,1185159540,1185159540,4551456423,-590882299,2021-07-29
8289,,88_455782293_CACEIS,1183562951,OB,OB,No-pair,fx wire,Caceis booked the fx wire for SD 03-13-2020. Integrata yet to book,1183562951,1183562951,4551456423,-590882299,2021-07-29
8290,,34_455718167_CACEIS,1096511624,OB,OB,No-pair,wire transfer,Caceis booked the wire transfer for SD 12-17-2019. Integrata yet to book,1096511624,1096511624,4551456423,-590882299,2021-07-29
8291,,88_455748445_CACEIS,1136275090,OB,OB,No-pair,fx wire,Caceis booked the fx wire for SD 02-18-2020. Integrata yet to book,1136275090,1136275090,4551456423,-590882299,2021-07-29
8292,,25_4551020261_CACEIS,1495478260,OB,OB,No-pair,fx wire,Caceis booked the fx wire for SD 09-11-2020. Integrata yet to book,1495478260,1495478260,4551456423,-590882299,2021-07-29
8293,,80_455822501_CACEIS,1235308180,OB,OB,No-pair,fx wire,Caceis booked the fx wire for SD 04-15-2020. Integrata yet to book,1235308180,1235308180,4551456423,-590882299,2021-07-29
8294,,197_455706635_CACEIS,1081907639,OB,OB,No-pair,fx wire,Caceis booked the fx wire for SD 01-15-2020. Integrata yet to book,1081907639,1081907639,4551456423,-590882299,2021-07-29
8295,,63_455643841_CACEIS,975323135,OB,OB,No-pair,wire transfer,Caceis booked the wire transfer for SD 11-01-2019. Integrata yet to book,975323135,975323135,4551456423,-590882299,2021-07-29
8296,,71_4551269721_CACEIS,1827473948,OB,OB,No-pair,fx wire,Caceis booked the fx wire for SD 03-15-2021. Integrata yet to book,1827473948,1827473948,4551456423,-590882299,2021-07-29
8297,,60_455934920_CACEIS,1383926653,OB,OB,No-pair,fx wire,Caceis booked the fx wire for SD 07-10-2020. Integrata yet to book,1383926653,1383926653,4551456423,-590882299,2021-07-29
8298,,61_455934920_CACEIS,1383926642,OB,OB,No-pair,fx wire,Caceis booked the fx wire for SD 07-10-2020. Integrata yet to book,1383926642,1383926642,4551456423,-590882299,2021-07-29
8299,,974_455822501_CACEIS,1235308772,OB,OB,No-pair,fx wire,Caceis booked the fx wire for SD 04-15-2020. Integrata yet to book,1235308772,1235308772,4551456423,-590882299,2021-07-29
8300,,23_4551105378_CACEIS,1608089237,OB,OB,No-pair,fees,Caceis booked the fees for SD 11-12-2020. Integrata yet to book,1608089237,1608089237,4551456423,-590882299,2021-07-29
8301,,198_4551313388_CACEIS,1883527835,OB,OB,No-pair,wire transfer,Caceis booked the wire transfer for SD 04-15-2021. Integrata yet to book,1883527835,1883527835,4551456423,-590882299,2021-07-29
8302,,194_4551269721_CACEIS,1827473914,OB,OB,No-pair,fx wire,Caceis booked the fx wire for SD 03-15-2021. Integrata yet to book,1827473914,1827473914,4551456423,-590882299,2021-07-29
8303,,48_267975_CACEIS,368747254,OB,OB,No-pair,fx wire,Caceis booked the fx wire for SD 01-15-2019. Integrata yet to book,368747254,368747254,4551456423,-590882299,2021-07-29
8304,,41_455676391_CACEIS,1031864566,OB,OB,No-pair,fx wire,Caceis booked the fx wire for SD 12-20-2019. Integrata yet to book,1031864566,1031864566,4551456423,-590882299,2021-07-29
8305,,409_4551066313_CACEIS,1556876541,OB,OB,No-pair,fx wire,Caceis booked the fx wire for SD 10-15-2020. Integrata yet to book,1556876541,1556876541,4551456423,-590882299,2021-07-29
8306,,58_4551269721_CACEIS,1827473949,OB,OB,No-pair,fx wire,Caceis booked the fx wire for SD 03-15-2021. Integrata yet to book,1827473949,1827473949,4551456423,-590882299,2021-07-29
8307,,483_455900053_CACEIS,1336713857,OB,OB,No-pair,fx wire,Caceis booked the fx wire for SD 06-15-2020. Integrata yet to book,1336713857,1336713857,4551456423,-590882299,2021-07-29
8308,,63_4551144082_CACEIS,1659707177,OB,OB,No-pair,fees,Caceis booked the fees for SD 12-10-2020. Integrata yet to book,1659707177,1659707177,4551456423,-590882299,2021-07-29
8309,,10_4551188298_CACEIS,1718045060,OB,OB,No-pair,fees,Caceis booked the fees for SD 01-12-2021. Integrata yet to book,1718045060,1718045060,4551456423,-590882299,2021-07-29
8310,,155_455693832_CACEIS,1063035233,OB,OB,No-pair,fees,Caceis booked the fees for SD 01-06-2020. Integrata yet to book,1063035233,1063035233,4551456423,-590882299,2021-07-29
8311,,882_455822501_CACEIS,1235308730,OB,OB,No-pair,fx wire,Caceis booked the fx wire for SD 04-15-2020. Integrata yet to book,1235308730,1235308730,4551456423,-590882299,2021-07-29
8312,,465_455900053_CACEIS,1336713883,OB,OB,No-pair,fx wire,Caceis booked the fx wire for SD 06-15-2020. Integrata yet to book,1336713883,1336713883,4551456423,-590882299,2021-07-29
8313,,609_4551232906_CACEIS,1780157004,OB,OB,No-pair,fx wire,Caceis booked the fx wire for SD 02-16-2021. Integrata yet to book,1780157004,1780157004,4551456423,-590882299,2021-07-29
8314,,80_455663909_CACEIS,1011570624,OB,OB,No-pair,wire transfer,Caceis booked the wire transfer for SD 12-11-2019. Integrata yet to book,1011570624,1011570624,4551456423,-590882299,2021-07-29
8315,,9_4551326398_CACEIS,1900587949,OB,OB,No-pair,wire transfer,Caceis booked the wire transfer for SD 04-26-2021. Integrata yet to book,1900587949,1900587949,4551456423,-590882299,2021-07-29
8316,,19_455610697_CACEIS,917943283,OB,OB,No-pair,fx wire,Caceis booked the fx wire for SD 10-18-2019. Integrata yet to book,917943283,917943283,4551456423,-590882299,2021-07-29
8317,,66_455799620_CACEIS,1205700390,OB,OB,No-pair,fx wire,Caceis booked the fx wire for SD 03-27-2020. Integrata yet to book,1205700390,1205700390,4551456423,-590882299,2021-07-29
8318,,81_455669415_CACEIS,1020661804,OB,OB,No-pair,fx wire,Caceis booked the fx wire for SD 12-16-2019. Integrata yet to book,1020661804,1020661804,4551456423,-590882299,2021-07-29
8319,,27_455701234_CACEIS,1075203685,OB,OB,No-pair,fx wire,Caceis booked the fx wire for SD 01-10-2020. Integrata yet to book,1075203685,1075203685,4551456423,-590882299,2021-07-29
8320,,36_455842390_CACEIS,1260635003,OB,OB,No-pair,monthend interest,Caceis booked the monthend interest for SD 05-01-2020. Integrata yet to book,1260635003,1260635003,4551456423,-590882299,2021-07-29
8321,,9_455849872_CACEIS,1270411940,OB,OB,No-pair,wire transfer,Caceis booked the wire transfer for SD 05-06-2020. Integrata yet to book,1270411940,1270411940,4551456423,-590882299,2021-07-29
8322,,285_4551313388_CACEIS,1883527834,OB,OB,No-pair,fx wire,Caceis booked the fx wire for SD 04-15-2021. Integrata yet to book,1883527834,1883527834,4551456423,-590882299,2021-07-29
8323,,14_4551105378_CACEIS,1608089217,OB,OB,No-pair,fees,Caceis booked the fees for SD 11-12-2020. Integrata yet to book,1608089217,1608089217,4551456423,-590882299,2021-07-29
8324,,97_455688261_CACEIS,1053516785,OB,OB,No-pair,fx wire,Caceis booked the fx wire for SD 12-31-2019. Integrata yet to book,1053516785,1053516785,4551456423,-590882299,2021-07-29
8325,,949_455822501_CACEIS,1235308742,OB,OB,No-pair,fx wire,Caceis booked the fx wire for SD 04-15-2020. Integrata yet to book,1235308742,1235308742,4551456423,-590882299,2021-07-29
8326,,88_4551144082_CACEIS,1659707050,OB,OB,No-pair,fees,Caceis booked the fees for SD 12-10-2020. Integrata yet to book,1659707050,1659707050,4551456423,-590882299,2021-07-29
8327,,67_4551144082_CACEIS,1659707047,OB,OB,No-pair,fees,Caceis booked the fees for SD 12-10-2020. Integrata yet to book,1659707047,1659707047,4551456423,-590882299,2021-07-29
8328,,18_4551201062_CACEIS,1734565985,OB,OB,No-pair,fx wire,Caceis booked the fx wire for SD 01-22-2021. Integrata yet to book,1734565985,1734565985,4551456423,-590882299,2021-07-29
8329,,1380_455643841_CACEIS,975324452,OB,OB,No-pair,fx wire,Caceis booked the fx wire for SD 11-15-2019. Integrata yet to book,975324452,975324452,4551456423,-590882299,2021-07-29
8330,,89_455693832_CACEIS,1063035246,OB,OB,No-pair,fees,Caceis booked the fees for SD 01-06-2020. Integrata yet to book,1063035246,1063035246,4551456423,-590882299,2021-07-29
8331,,174_4551248485_CACEIS,1800039477,OB,OB,No-pair,fx wire,Caceis booked the fx wire for SD 02-26-2021. Integrata yet to book,1800039477,1800039477,4551456423,-590882299,2021-07-29
8332,,119_4551149959_CACEIS,1667622953,OB,OB,No-pair,fx wire,Caceis booked the fx wire for SD 12-15-2020. Integrata yet to book,1667622953,1667622953,4551456423,-590882299,2021-07-29
8333,,97_4551229444_CACEIS,1775243188,OB,OB,No-pair,fx wire,Caceis booked the fx wire for SD 02-12-2021. Integrata yet to book,1775243188,1775243188,4551456423,-590882299,2021-07-29
8334,,8_455676391_CACEIS,1031864562,OB,OB,No-pair,fx wire,Caceis booked the fx wire for SD 12-20-2019. Integrata yet to book,1031864562,1031864562,4551456423,-590882299,2021-07-29
8335,,534_455783582_CACEIS,1185159655,OB,OB,No-pair,fx wire,Caceis booked the fx wire for SD 03-16-2020. Integrata yet to book,1185159655,1185159655,4551456423,-590882299,2021-07-29
8336,,9_4551188298_CACEIS,1718045059,OB,OB,No-pair,fees,Caceis booked the fees for SD 01-12-2021. Integrata yet to book,1718045059,1718045059,4551456423,-590882299,2021-07-29
8337,,46_4551097416_CACEIS,1597270275,OB,OB,No-pair,fx wire,Caceis booked the fx wire for SD 11-06-2020. Integrata yet to book,1597270275,1597270275,4551456423,-590882299,2021-07-29
8338,,58_4551020261_CACEIS,1495478284,OB,OB,No-pair,wire transfer,Caceis booked the wire transfer for SD 09-11-2020. Integrata yet to book,1495478284,1495478284,4551456423,-590882299,2021-07-29
8339,,209_455985296_CACEIS,1449581947,OB,OB,No-pair,fx wire,Caceis booked the fx wire for SD 08-17-2020. Integrata yet to book,1449581947,1449581947,4551456423,-590882299,2021-07-29
8340,,29_455701234_CACEIS,1075203689,OB,OB,No-pair,fx wire,Caceis booked the fx wire for SD 01-10-2020. Integrata yet to book,1075203689,1075203689,4551456423,-590882299,2021-07-29
8341,,1274_455643841_CACEIS,975324346,OB,OB,No-pair,fx wire,Caceis booked the fx wire for SD 11-15-2019. Integrata yet to book,975324346,975324346,4551456423,-590882299,2021-07-29
8342,,153_455934920_CACEIS,1383926826,OB,OB,No-pair,fx wire,Caceis booked the fx wire for SD 07-10-2020. Integrata yet to book,1383926826,1383926826,4551456423,-590882299,2021-07-29
8343,,35_4551171343_CACEIS,1696929219,OB,OB,No-pair,monthend interest,Caceis booked the monthend interest for SD 01-01-2021. Integrata yet to book,1696929219,1696929219,4551456423,-590882299,2021-07-29
8344,,4_4551042956_CACEIS,1525553079,OB,OB,No-pair,monthend interest,Caceis booked the monthend interest for SD 09-29-2020. Integrata yet to book,1525553079,1525553079,4551456423,-590882299,2021-07-29
8345,,71_4551144082_CACEIS,1659707036,OB,OB,No-pair,fees,Caceis booked the fees for SD 12-10-2020. Integrata yet to book,1659707036,1659707036,4551456423,-590882299,2021-07-29
8346,,19_4551029716_CACEIS,1508201975,OB,OB,No-pair,fx wire,Caceis booked the fx wire for SD 09-18-2020. Integrata yet to book,1508201975,1508201975,4551456423,-590882299,2021-07-29
8347,,84_4551144082_CACEIS,1659707128,OB,OB,No-pair,fees,Caceis booked the fees for SD 12-10-2020. Integrata yet to book,1659707128,1659707128,4551456423,-590882299,2021-07-29
8348,,49_4551044906_CACEIS,1528403634,OB,OB,No-pair,monthend interest,Caceis booked the monthend interest for SD 10-01-2020. Integrata yet to book,1528403634,1528403634,4551456423,-590882299,2021-07-29
8349,,601_4551232906_CACEIS,1780156969,OB,OB,No-pair,fx wire,Caceis booked the fx wire for SD 02-16-2021. Integrata yet to book,1780156969,1780156969,4551456423,-590882299,2021-07-29
8350,,17_4551444588_CACEIS,2059445494,OB,OB,No-pair,wire transfer,Caceis booked the wire transfer for SD 07-21-2021. Integrata yet to book,2059445494,2059445494,4551456423,-590882299,2021-07-29
8351,,263_455748445_CACEIS,1136275372,OB,OB,No-pair,fx wire,Caceis booked the fx wire for SD 02-18-2020. Integrata yet to book,1136275372,1136275372,4551456423,-590882299,2021-07-29
8352,,44_455736646_CACEIS,1120326875,OB,OB,No-pair,fx wire,Caceis booked the fx wire for SD 02-07-2020. Integrata yet to book,1120326875,1120326875,4551456423,-590882299,2021-07-29
8353,,1_4551214580_CACEIS,1754128751,OB,OB,No-pair,wire transfer,Caceis booked the wire transfer for SD 02-02-2021. Integrata yet to book,1754128751,1754128751,4551456423,-590882299,2021-07-29
8354,,39_455803095_CACEIS,1210223497,OB,OB,No-pair,monthend interest,Caceis booked the monthend interest for SD 04-01-2020. Integrata yet to book,1210223497,1210223497,4551456423,-590882299,2021-07-29
8355,,9_455688261_CACEIS,1053516736,OB,OB,No-pair,monthend interest,Caceis booked the monthend interest for SD 01-01-2020. Integrata yet to book,1053516736,1053516736,4551456423,-590882299,2021-07-29
8356,,358_455643841_CACEIS,975323430,OB,OB,No-pair,fx wire,Caceis booked the fx wire for SD 11-15-2019. Integrata yet to book,975323430,975323430,4551456423,-590882299,2021-07-29
8357,,34_4551087502_CACEIS,1584326633,OB,OB,No-pair,monthend interest,Caceis booked the monthend interest for SD 11-01-2020. Integrata yet to book,1584326633,1584326633,4551456423,-590882299,2021-07-29
8358,,33_4551127906_CACEIS,1637981953,OB,OB,No-pair,wire transfer,Caceis booked the wire transfer for SD 11-27-2020. Integrata yet to book,1637981953,1637981953,4551456423,-590882299,2021-07-29
8359,,522_455862625_CACEIS,1287003773,OB,OB,No-pair,fx wire,Caceis booked the fx wire for SD 05-15-2020. Integrata yet to book,1287003773,1287003773,4551456423,-590882299,2021-07-29
8360,,381_455590588_CACEIS,883858527,OB,OB,No-pair,fx wire,Caceis booked the fx wire for SD 10-15-2019. Integrata yet to book,883858527,883858527,4551456423,-590882299,2021-07-29
8361,,28_455701234_CACEIS,1075203687,OB,OB,No-pair,fx wire,Caceis booked the fx wire for SD 01-10-2020. Integrata yet to book,1075203687,1075203687,4551456423,-590882299,2021-07-29
8362,,466_455783582_CACEIS,1185159737,OB,OB,No-pair,fx wire,Caceis booked the fx wire for SD 03-16-2020. Integrata yet to book,1185159737,1185159737,4551456423,-590882299,2021-07-29
8363,,83_455782293_CACEIS,1183562944,OB,OB,No-pair,fx wire,Caceis booked the fx wire for SD 03-13-2020. Integrata yet to book,1183562944,1183562944,4551456423,-590882299,2021-07-29
8364,,10_455745203_CACEIS,1132280374,OB,OB,No-pair,fx wire,Caceis booked the fx wire for SD 02-14-2020. Integrata yet to book,1132280374,1132280374,4551456423,-590882299,2021-07-29
8365,,116_455585083_CACEIS,874262424,OB,OB,No-pair,wire transfer,Caceis booked the wire transfer for SD 10-10-2019. Integrata yet to book,874262424,874262424,4551456423,-590882299,2021-07-29
8366,,90_4551144082_CACEIS,1659707062,OB,OB,No-pair,fees,Caceis booked the fees for SD 12-10-2020. Integrata yet to book,1659707062,1659707062,4551456423,-590882299,2021-07-29
8367,,884_455822501_CACEIS,1235308686,OB,OB,No-pair,fx wire,Caceis booked the fx wire for SD 04-15-2020. Integrata yet to book,1235308686,1235308686,4551456423,-590882299,2021-07-29
8368,,383_4551232906_CACEIS,1780156827,OB,OB,No-pair,fx wire,Caceis booked the fx wire for SD 02-16-2021. Integrata yet to book,1780156827,1780156827,4551456423,-590882299,2021-07-29
8369,,26_4551077732_CACEIS,1571717934,OB,OB,No-pair,fx wire,Caceis booked the fx wire for SD 10-23-2020. Integrata yet to book,1571717934,1571717934,4551456423,-590882299,2021-07-29
8370,,7_366528_CACEIS,530188207,OB,OB,No-pair,fx wire,Caceis booked the fx wire for SD 04-12-2019. Integrata yet to book,530188207,530188207,4551456423,-590882299,2021-07-29
8371,,344_455900053_CACEIS,1336713734,OB,OB,No-pair,fx wire,Caceis booked the fx wire for SD 06-15-2020. Integrata yet to book,1336713734,1336713734,4551456423,-590882299,2021-07-29
8372,,69_4551220415_CACEIS,1761956342,OB,OB,No-pair,fx wire,Caceis booked the fx wire for SD 02-05-2021. Integrata yet to book,1761956342,1761956342,4551456423,-590882299,2021-07-29
8373,,12_309411_CACEIS,439623716,OB,OB,No-pair,fx wire,Caceis booked the fx wire for SD 02-22-2019. Integrata yet to book,439623716,439623716,4551456423,-590882299,2021-07-29
8374,,86_455822501_CACEIS,1235307810,OB,OB,No-pair,fx wire,Caceis booked the fx wire for SD 04-15-2020. Integrata yet to book,1235307810,1235307810,4551456423,-590882299,2021-07-29
8375,,17_455803095_CACEIS,1210223544,OB,OB,No-pair,monthend interest,Caceis booked the monthend interest for SD 04-01-2020. Integrata yet to book,1210223544,1210223544,4551456423,-590882299,2021-07-29
8376,,50_455790609_CACEIS,1194036421,OB,OB,No-pair,fx wire,Caceis booked the fx wire for SD 03-20-2020. Integrata yet to book,1194036421,1194036421,4551456423,-590882299,2021-07-29
8377,,377_4551066313_CACEIS,1556876485,OB,OB,No-pair,fx wire,Caceis booked the fx wire for SD 10-15-2020. Integrata yet to book,1556876485,1556876485,4551456423,-590882299,2021-07-29
8378,,6_4551101474_CACEIS,1602589077,OB,OB,No-pair,wire transfer,Caceis booked the wire transfer for SD 11-03-2020. Integrata yet to book,1602589077,1602589077,4551456423,-590882299,2021-07-29
8379,,75_4551191593_CACEIS,1722905018,OB,OB,No-pair,fx wire,Caceis booked the fx wire for SD 01-15-2021. Integrata yet to book,1722905018,1722905018,4551456423,-590882299,2021-07-29
8380,,1_4551328228_CACEIS,1902869972,OB,OB,No-pair,wire transfer,Caceis booked the wire transfer for SD 04-27-2021. Integrata yet to book,1902869972,1902869972,4551456423,-590882299,2021-07-29
8381,,4_455835232_CACEIS,1251293770,OB,OB,No-pair,wire transfer,Caceis booked the wire transfer for SD 04-24-2020. Integrata yet to book,1251293770,1251293770,4551456423,-590882299,2021-07-29
8382,,86_4551394628_CACEIS,1997244669,OB,OB,No-pair,fx wire,Caceis booked the fx wire for SD 06-15-2021. Integrata yet to book,1997244669,1997244669,4551456423,-590882299,2021-07-29
8383,,136_455693832_CACEIS,1063035177,OB,OB,No-pair,fees,Caceis booked the fees for SD 01-06-2020. Integrata yet to book,1063035177,1063035177,4551456423,-590882299,2021-07-29
8384,,244_455985296_CACEIS,1449581975,OB,OB,No-pair,fx wire,Caceis booked the fx wire for SD 08-17-2020. Integrata yet to book,1449581975,1449581975,4551456423,-590882299,2021-07-29
8385,,113_4551394628_CACEIS,1997244679,OB,OB,No-pair,fx wire,Caceis booked the fx wire for SD 06-15-2021. Integrata yet to book,1997244679,1997244679,4551456423,-590882299,2021-07-29
8386,,399_455783582_CACEIS,1185159529,OB,OB,No-pair,fx wire,Caceis booked the fx wire for SD 03-16-2020. Integrata yet to book,1185159529,1185159529,4551456423,-590882299,2021-07-29
8387,,154_455693832_CACEIS,1063035221,OB,OB,No-pair,fees,Caceis booked the fees for SD 01-06-2020. Integrata yet to book,1063035221,1063035221,4551456423,-590882299,2021-07-29
8388,,51_306589_CACEIS,433998218,OB,OB,No-pair,fx wire,Caceis booked the fx wire for SD 02-15-2019. Integrata yet to book,433998218,433998218,4551456423,-590882299,2021-07-29
8389,,24_455693832_CACEIS,1063035252,OB,OB,No-pair,wire transfer,Caceis booked the wire transfer for SD 01-06-2020. Integrata yet to book,1063035252,1063035252,4551456423,-590882299,2021-07-29
8390,,79_368123_CACEIS,532374120,OB,OB,No-pair,fx wire,Caceis booked the fx wire for SD 04-15-2019. Integrata yet to book,532374120,532374120,4551456423,-590882299,2021-07-29
8391,,175_455693832_CACEIS,1063035214,OB,OB,No-pair,fees,Caceis booked the fees for SD 01-06-2020. Integrata yet to book,1063035214,1063035214,4551456423,-590882299,2021-07-29
8392,,22_362773_CACEIS,523884259,OB,OB,No-pair,wire transfer,Caceis booked the wire transfer for SD 04-10-2019. Integrata yet to book,523884259,523884259,4551456423,-590882299,2021-07-29
8393,,7_4551324555_CACEIS,1898109389,OB,OB,No-pair,fx wire,Caceis booked the fx wire for SD 04-23-2021. Integrata yet to book,1898109389,1898109389,4551456423,-590882299,2021-07-29
8394,,410_4551066313_CACEIS,1556876496,OB,OB,No-pair,fx wire,Caceis booked the fx wire for SD 10-15-2020. Integrata yet to book,1556876496,1556876496,4551456423,-590882299,2021-07-29
8395,,53_455853613_CACEIS,1275438493,OB,OB,No-pair,fx wire,Caceis booked the fx wire for SD 05-08-2020. Integrata yet to book,1275438493,1275438493,4551456423,-590882299,2021-07-29
8396,,686_455862625_CACEIS,1287004880,OB,OB,No-pair,fx wire,Caceis booked the fx wire for SD 05-15-2020. Integrata yet to book,1287004880,1287004880,4551456423,-590882299,2021-07-29
8397,,781_455822501_CACEIS,1235308674,OB,OB,No-pair,fx wire,Caceis booked the fx wire for SD 04-15-2020. Integrata yet to book,1235308674,1235308674,4551456423,-590882299,2021-07-29
8398,,339_455669415_CACEIS,1020661998,OB,OB,No-pair,fx wire,Caceis booked the fx wire for SD 12-16-2019. Integrata yet to book,1020661998,1020661998,4551456423,-590882299,2021-07-29
8399,,35_4551269721_CACEIS,1827473820,OB,OB,No-pair,fx wire,Caceis booked the fx wire for SD 03-15-2021. Integrata yet to book,1827473820,1827473820,4551456423,-590882299,2021-07-29
8400,,68_455907521_CACEIS,1347197405,OB,OB,No-pair,fx wire,Caceis booked the fx wire for SD 06-19-2020. Integrata yet to book,1347197405,1347197405,4551456423,-590882299,2021-07-29
8401,,246_4551269721_CACEIS,1827474084,OB,OB,No-pair,wire transfer,Caceis booked the wire transfer for SD 03-15-2021. Integrata yet to book,1827474084,1827474084,4551456423,-590882299,2021-07-29
8402,,83_4551144082_CACEIS,1659707106,OB,OB,No-pair,fees,Caceis booked the fees for SD 12-10-2020. Integrata yet to book,1659707106,1659707106,4551456423,-590882299,2021-07-29
8403,,2_4551007519_CACEIS,1478390970,OB,OB,No-pair,wire transfer,Caceis booked the wire transfer for SD 08-28-2020. Integrata yet to book,1478390970,1478390970,4551456423,-590882299,2021-07-29
8404,,94_455585083_CACEIS,874262445,OB,OB,No-pair,fees,Caceis booked the fees for SD 10-10-2019. Integrata yet to book,874262445,874262445,4551456423,-590882299,2021-07-29
8405,,759_4551232906_CACEIS,1780157076,OB,OB,No-pair,fx wire,Caceis booked the fx wire for SD 02-16-2021. Integrata yet to book,1780157076,1780157076,4551456423,-590882299,2021-07-29
8406,,115_455585083_CACEIS,874262418,OB,OB,No-pair,fees,Caceis booked the fees for SD 10-10-2019. Integrata yet to book,874262418,874262418,4551456423,-590882299,2021-07-29
8407,,164_455669415_CACEIS,1020661991,OB,OB,No-pair,fx wire,Caceis booked the fx wire for SD 12-16-2019. Integrata yet to book,1020661991,1020661991,4551456423,-590882299,2021-07-29
8408,,614_4551232906_CACEIS,1780156931,OB,OB,No-pair,fx wire,Caceis booked the fx wire for SD 02-16-2021. Integrata yet to book,1780156931,1780156931,4551456423,-590882299,2021-07-29
8409,,1207_455643841_CACEIS,975324279,OB,OB,No-pair,fx wire,Caceis booked the fx wire for SD 11-15-2019. Integrata yet to book,975324279,975324279,4551456423,-590882299,2021-07-29
8410,,174_455590588_CACEIS,883858423,OB,OB,No-pair,fx wire,Caceis booked the fx wire for SD 10-15-2019. Integrata yet to book,883858423,883858423,4551456423,-590882299,2021-07-29
8411,,132_4551436806_CACEIS,2049885804,OB,OB,No-pair,fx wire,Caceis booked the fx wire for SD 07-15-2021. Integrata yet to book,2049885804,2049885804,4551456423,-590882299,2021-07-29
8412,,56_455790609_CACEIS,1194036415,OB,OB,No-pair,fx wire,Caceis booked the fx wire for SD 03-20-2020. Integrata yet to book,1194036415,1194036415,4551456423,-590882299,2021-07-29
8413,,34_4551390838_CACEIS,1992497489,OB,OB,No-pair,wire transfer,Caceis booked the wire transfer for SD 06-11-2021. Integrata yet to book,1992497489,1992497489,4551456423,-590882299,2021-07-29
8414,,61_4551058652_CACEIS,1546340318,OB,OB,No-pair,proceeds sell,Caceis booked the Miscellaneous for SD 10-12-2020. Integrata yet to book,1546340318,1546340318,4551456423,-590882299,2021-07-29
8415,,26_455889377_CACEIS,1323110244,OB,OB,No-pair,fx wire,Caceis booked the fx wire for SD 06-05-2020. Integrata yet to book,1323110244,1323110244,4551456423,-590882299,2021-07-29
8416,,8_4551324555_CACEIS,1898109392,OB,OB,No-pair,fx wire,Caceis booked the fx wire for SD 04-23-2021. Integrata yet to book,1898109392,1898109392,4551456423,-590882299,2021-07-29
8417,,81_4551269721_CACEIS,1827473858,OB,OB,No-pair,fx wire,Caceis booked the fx wire for SD 03-15-2021. Integrata yet to book,1827473858,1827473858,4551456423,-590882299,2021-07-29
8418,,55_455853613_CACEIS,1275438497,OB,OB,No-pair,fx wire,Caceis booked the fx wire for SD 05-08-2020. Integrata yet to book,1275438497,1275438497,4551456423,-590882299,2021-07-29
8419,,51_4551287241_CACEIS,1850449309,OB,OB,No-pair,fx wire,Caceis booked the fx wire for SD 03-26-2021. Integrata yet to book,1850449309,1850449309,4551456423,-590882299,2021-07-29
8420,,98_455688261_CACEIS,1053516769,OB,OB,No-pair,fx wire,Caceis booked the fx wire for SD 12-31-2019. Integrata yet to book,1053516769,1053516769,4551456423,-590882299,2021-07-29
8421,,54_455476582_CACEIS,691188828,OB,OB,No-pair,fx wire,Caceis booked the fx wire for SD 07-16-2019. Integrata yet to book,691188828,691188828,4551456423,-590882299,2021-07-29
8422,,9_4551022171_CACEIS,1497701247,OB,OB,No-pair,wire transfer,Caceis booked the wire transfer for SD 09-14-2020. Integrata yet to book,1497701247,1497701247,4551456423,-590882299,2021-07-29
8423,,55_4551144082_CACEIS,1659707172,OB,OB,No-pair,fees,Caceis booked the fees for SD 12-10-2020. Integrata yet to book,1659707172,1659707172,4551456423,-590882299,2021-07-29
8424,,905_455822501_CACEIS,1235307936,OB,OB,No-pair,fx wire,Caceis booked the fx wire for SD 04-15-2020. Integrata yet to book,1235307936,1235307936,4551456423,-590882299,2021-07-29
8425,,56_4551334292_CACEIS,1911737200,OB,OB,No-pair,monthend interest,Caceis booked the monthend interest for SD 05-01-2021. Integrata yet to book,1911737200,1911737200,4551456423,-590882299,2021-07-29
8426,,60_455718167_CACEIS,1096511976,OB,OB,No-pair,fx wire,Caceis booked the fx wire for SD 01-24-2020. Integrata yet to book,1096511976,1096511976,4551456423,-590882299,2021-07-29
8427,,135_455978912_CACEIS,1441832173,OB,OB,No-pair,fees,Caceis booked the fees for SD 08-12-2020. Integrata yet to book,1441832173,1441832173,4551456423,-590882299,2021-07-29
8428,,190_455940640_CACEIS,1391596054,OB,OB,No-pair,fx wire,Caceis booked the fx wire for SD 07-15-2020. Integrata yet to book,1391596054,1391596054,4551456423,-590882299,2021-07-29
8429,,19_455457456_CACEIS,662167872,OB,OB,No-pair,monthend interest,Caceis booked the monthend interest for SD 07-01-2019. Integrata yet to book,662167872,662167872,4551456423,-590882299,2021-07-29
8430,,28_455693832_CACEIS,1063035121,OB,OB,No-pair,wire transfer,Caceis booked the wire transfer for SD 01-06-2020. Integrata yet to book,1063035121,1063035121,4551456423,-590882299,2021-07-29
8431,,58_4551436806_CACEIS,2049885779,OB,OB,No-pair,fx wire,Caceis booked the fx wire for SD 07-15-2021. Integrata yet to book,2049885779,2049885779,4551456423,-590882299,2021-07-29
8432,,65_455790609_CACEIS,1194036456,OB,OB,No-pair,fx wire,Caceis booked the fx wire for SD 03-20-2020. Integrata yet to book,1194036456,1194036456,4551456423,-590882299,2021-07-29
8433,,625_4551232906_CACEIS,1780156937,OB,OB,No-pair,fx wire,Caceis booked the fx wire for SD 02-16-2021. Integrata yet to book,1780156937,1780156937,4551456423,-590882299,2021-07-29
8434,,19_4551448516_CACEIS,2064090602,OB,OB,No-pair,proceeds sell,Caceis booked the proceeds sell for SD 07-23-2021. Integrata yet to book,2064090602,2064090602,4551456423,-590882299,2021-07-29
8435,,200_455940640_CACEIS,1391596065,OB,OB,No-pair,fx wire,Caceis booked the fx wire for SD 07-15-2020. Integrata yet to book,1391596065,1391596065,4551456423,-590882299,2021-07-29
8436,,292_4551149959_CACEIS,1667623124,OB,OB,No-pair,fx wire,Caceis booked the fx wire for SD 12-15-2020. Integrata yet to book,1667623124,1667623124,4551456423,-590882299,2021-07-29
8437,,2_4551235027_CACEIS,1782782880,OB,OB,No-pair,proceeds sell,Caceis booked the proceeds sell for SD 02-17-2021. Integrata yet to book,1782782880,1782782880,4551456423,-590882299,2021-07-29
8438,,85_455782293_CACEIS,1183563028,OB,OB,No-pair,fx wire,Caceis booked the fx wire for SD 03-13-2020. Integrata yet to book,1183563028,1183563028,4551456423,-590882299,2021-07-29
8439,,937_455822501_CACEIS,1235308696,OB,OB,No-pair,fx wire,Caceis booked the fx wire for SD 04-15-2020. Integrata yet to book,1235308696,1235308696,4551456423,-590882299,2021-07-29
8440,,96_455585083_CACEIS,874262458,OB,OB,No-pair,fees,Caceis booked the fees for SD 10-10-2019. Integrata yet to book,874262458,874262458,4551456423,-590882299,2021-07-29
8441,,108_455442954_CACEIS,637183762,OB,OB,No-pair,fx wire,Caceis booked the fx wire for SD 06-17-2019. Integrata yet to book,637183762,637183762,4551456423,-590882299,2021-07-29
8442,,399_455822501_CACEIS,1235308359,OB,OB,No-pair,fx wire,Caceis booked the fx wire for SD 04-15-2020. Integrata yet to book,1235308359,1235308359,4551456423,-590882299,2021-07-29
8443,,35_455982783_CACEIS,1446489004,OB,OB,No-pair,wire transfer,Caceis booked the wire transfer for SD 08-14-2020. Integrata yet to book,1446489004,1446489004,4551456423,-590882299,2021-07-29
8444,,280_4551394628_CACEIS,1997244730,OB,OB,No-pair,fx wire,Caceis booked the fx wire for SD 06-15-2021. Integrata yet to book,1997244730,1997244730,4551456423,-590882299,2021-07-29
8445,,734_455643841_CACEIS,975323806,OB,OB,No-pair,fx wire,Caceis booked the fx wire for SD 11-18-2019. Integrata yet to book,975323806,975323806,4551456423,-590882299,2021-07-29
8446,,34_455554115_CACEIS,824384868,OB,OB,No-pair,fx wire,Caceis booked the fx wire for SD 09-17-2019. Integrata yet to book,824384868,824384868,4551456423,-590882299,2021-07-29
8447,,13_455861455_CACEIS,1285500770,OB,OB,No-pair,proceeds sell,Caceis booked the Miscellaneous for SD 05-14-2020. Integrata yet to book,1285500770,1285500770,4551456423,-590882299,2021-07-29
8448,,112_4551144082_CACEIS,1659707082,OB,OB,No-pair,fees,Caceis booked the fees for SD 12-10-2020. Integrata yet to book,1659707082,1659707082,4551456423,-590882299,2021-07-29
8449,,18_4551107328_CACEIS,1610764970,OB,OB,No-pair,wire transfer,Caceis booked the wire transfer for SD 11-13-2020. Integrata yet to book,1610764970,1610764970,4551456423,-590882299,2021-07-29
8450,,60_455669415_CACEIS,1020661907,OB,OB,No-pair,fx wire,Caceis booked the fx wire for SD 12-16-2019. Integrata yet to book,1020661907,1020661907,4551456423,-590882299,2021-07-29
8451,,121_455585083_CACEIS,874262425,OB,OB,No-pair,fees,Caceis booked the fees for SD 10-10-2019. Integrata yet to book,874262425,874262425,4551456423,-590882299,2021-07-29
8452,,244_4551436806_CACEIS,2049885966,OB,OB,No-pair,fx wire,Caceis booked the fx wire for SD 07-15-2021. Integrata yet to book,2049885966,2049885966,4551456423,-590882299,2021-07-29
8453,,7_4551220415_CACEIS,1761955966,OB,OB,No-pair,wire transfer,Caceis booked the wire transfer for SD 02-05-2021. Integrata yet to book,1761955966,1761955966,4551456423,-590882299,2021-07-29
8454,,12_455982783_CACEIS,1446488982,OB,OB,No-pair,wire transfer,Caceis booked the wire transfer for SD 08-05-2020. Integrata yet to book,1446488982,1446488982,4551456423,-590882299,2021-07-29
8455,,157_4551191593_CACEIS,1722905184,OB,OB,No-pair,fx wire,Caceis booked the fx wire for SD 01-15-2021. Integrata yet to book,1722905184,1722905184,4551456423,-590882299,2021-07-29
8456,,28_455835232_CACEIS,1251293777,OB,OB,No-pair,fx wire,Caceis booked the fx wire for SD 04-24-2020. Integrata yet to book,1251293777,1251293777,4551456423,-590882299,2021-07-29
8457,,36_4551349054_CACEIS,1933657880,OB,OB,No-pair,wire transfer,Caceis booked the wire transfer for SD 05-12-2021. Integrata yet to book,1933657880,1933657880,4551456423,-590882299,2021-07-29
8458,,118_4551436806_CACEIS,2049885792,OB,OB,No-pair,fx wire,Caceis booked the fx wire for SD 07-15-2021. Integrata yet to book,2049885792,2049885792,4551456423,-590882299,2021-07-29
8459,,31_4551256295_CACEIS,1810321908,OB,OB,No-pair,proceeds sell,Caceis booked the Miscellaneous for SD 03-04-2021. Integrata yet to book,1810321908,1810321908,4551456423,-590882299,2021-07-29
8460,,96_4551269721_CACEIS,1827473839,OB,OB,No-pair,fx wire,Caceis booked the fx wire for SD 03-15-2021. Integrata yet to book,1827473839,1827473839,4551456423,-590882299,2021-07-29
8461,,16_4551349054_CACEIS,1933657851,OB,OB,No-pair,wire transfer,Caceis booked the wire transfer for SD 05-12-2021. Integrata yet to book,1933657851,1933657851,4551456423,-590882299,2021-07-29
8462,,109_4551144082_CACEIS,1659707068,OB,OB,No-pair,fees,Caceis booked the fees for SD 12-10-2020. Integrata yet to book,1659707068,1659707068,4551456423,-590882299,2021-07-29
8463,,39_4551256295_CACEIS,1810321916,OB,OB,No-pair,wire transfer,Caceis booked the wire transfer for SD 03-03-2021. Integrata yet to book,1810321916,1810321916,4551456423,-590882299,2021-07-29
8464,,38_455533322_CACEIS,787871228,OB,OB,No-pair,monthend interest,Caceis booked the monthend interest for SD 09-01-2019. Integrata yet to book,787871228,787871228,4551456423,-590882299,2021-07-29
8465,,3_306624_CACEIS,434144576,OB,OB,No-pair,proceeds sell,Caceis booked the Miscellaneous for SD 02-12-2019. Integrata yet to book,434144576,434144576,4551456423,-590882299,2021-07-29
8466,,103_455688261_CACEIS,1053516759,OB,OB,No-pair,fx wire,Caceis booked the fx wire for SD 12-31-2019. Integrata yet to book,1053516759,1053516759,4551456423,-590882299,2021-07-29
8467,,89_455585083_CACEIS,874262429,OB,OB,No-pair,fees,Caceis booked the fees for SD 10-10-2019. Integrata yet to book,874262429,874262429,4551456423,-590882299,2021-07-29
8468,,273_4551354754_CACEIS,1942399739,OB,OB,No-pair,fx wire,Caceis booked the fx wire for SD 05-17-2021. Integrata yet to book,1942399739,1942399739,4551456423,-590882299,2021-07-29
8469,,46_4551246640_CACEIS,1797846211,OB,OB,No-pair,monthend interest,Caceis booked the monthend interest for SD 02-26-2021. Integrata yet to book,1797846211,1797846211,4551456423,-590882299,2021-07-29
8470,,103_4551144082_CACEIS,1659707112,OB,OB,No-pair,fees,Caceis booked the fees for SD 12-10-2020. Integrata yet to book,1659707112,1659707112,4551456423,-590882299,2021-07-29
8471,,76_4551354754_CACEIS,1942399556,OB,OB,No-pair,fx wire,Caceis booked the fx wire for SD 05-17-2021. Integrata yet to book,1942399556,1942399556,4551456423,-590882299,2021-07-29
8472,,32_455709628_CACEIS,1085770935,OB,OB,No-pair,wire transfer,Caceis booked the wire transfer for SD 01-17-2020. Integrata yet to book,1085770935,1085770935,4551456423,-590882299,2021-07-29
8473,,6_4551220415_CACEIS,1761955961,OB,OB,No-pair,wire transfer,Caceis booked the wire transfer for SD 02-05-2021. Integrata yet to book,1761955961,1761955961,4551456423,-590882299,2021-07-29
8474,,306_455900053_CACEIS,1336713557,OB,OB,No-pair,fx wire,Caceis booked the fx wire for SD 06-15-2020. Integrata yet to book,1336713557,1336713557,4551456423,-590882299,2021-07-29
8475,,32_455693832_CACEIS,1063035159,OB,OB,No-pair,wire transfer,Caceis booked the wire transfer for SD 01-06-2020. Integrata yet to book,1063035159,1063035159,4551456423,-590882299,2021-07-29
8476,,46_4551394628_CACEIS,1997244572,OB,OB,No-pair,fx wire,Caceis booked the fx wire for SD 06-15-2021. Integrata yet to book,1997244572,1997244572,4551456423,-590882299,2021-07-29
8477,,93_4551220415_CACEIS,1761956153,OB,OB,No-pair,fx wire,Caceis booked the fx wire for SD 02-05-2021. Integrata yet to book,1761956153,1761956153,4551456423,-590882299,2021-07-29
8478,,458_455985296_CACEIS,1449582242,OB,OB,No-pair,fx wire,Caceis booked the fx wire for SD 08-17-2020. Integrata yet to book,1449582242,1449582242,4551456423,-590882299,2021-07-29
8479,,130_455978912_CACEIS,1441832112,OB,OB,No-pair,wire transfer,Caceis booked the wire transfer for SD 08-12-2020. Integrata yet to book,1441832112,1441832112,4551456423,-590882299,2021-07-29
8480,,229_4551109218_CACEIS,1613286781,OB,OB,No-pair,fx wire,Caceis booked the fx wire for SD 11-16-2020. Integrata yet to book,1613286781,1613286781,4551456423,-590882299,2021-07-29
8481,,128_455978912_CACEIS,1441832162,OB,OB,No-pair,fees,Caceis booked the fees for SD 08-12-2020. Integrata yet to book,1441832162,1441832162,4551456423,-590882299,2021-07-29
8482,,18_4551003590_CACEIS,1473426000,OB,OB,No-pair,wire transfer,Caceis booked the wire transfer for SD 08-05-2020. Integrata yet to book,1473426000,1473426000,4551456423,-590882299,2021-07-29
8483,,274_4551109218_CACEIS,1613286877,OB,OB,No-pair,fx wire,Caceis booked the fx wire for SD 11-16-2020. Integrata yet to book,1613286877,1613286877,4551456423,-590882299,2021-07-29
8484,,176_455693832_CACEIS,1063035224,OB,OB,No-pair,fees,Caceis booked the fees for SD 01-06-2020. Integrata yet to book,1063035224,1063035224,4551456423,-590882299,2021-07-29
8485,,46_455934920_CACEIS,1383926668,OB,OB,No-pair,fees,Caceis booked the fees for SD 07-10-2020. Integrata yet to book,1383926668,1383926668,4551456423,-590882299,2021-07-29
8486,,1_4551151852_CACEIS,1670070716,OB,OB,No-pair,wire transfer,Caceis booked the wire transfer for SD 12-16-2020. Integrata yet to book,1670070716,1670070716,4551456423,-590882299,2021-07-29
8487,,363_4551023983_CACEIS,1500214124,OB,OB,No-pair,fx wire,Caceis booked the fx wire for SD 09-15-2020. Integrata yet to book,1500214124,1500214124,4551456423,-590882299,2021-07-29
8488,,398_455783582_CACEIS,1185159517,OB,OB,No-pair,fx wire,Caceis booked the fx wire for SD 03-16-2020. Integrata yet to book,1185159517,1185159517,4551456423,-590882299,2021-07-29
8489,,316_455900053_CACEIS,1336713645,OB,OB,No-pair,fx wire,Caceis booked the fx wire for SD 06-15-2020. Integrata yet to book,1336713645,1336713645,4551456423,-590882299,2021-07-29
8490,,93_4551144082_CACEIS,1659707096,OB,OB,No-pair,fees,Caceis booked the fees for SD 12-10-2020. Integrata yet to book,1659707096,1659707096,4551456423,-590882299,2021-07-29
8491,,199_455862625_CACEIS,1287003217,OB,OB,No-pair,fx wire,Caceis booked the fx wire for SD 05-15-2020. Integrata yet to book,1287003217,1287003217,4551456423,-590882299,2021-07-29
8492,,128_4551191593_CACEIS,1722905191,OB,OB,No-pair,fx wire,Caceis booked the fx wire for SD 01-15-2021. Integrata yet to book,1722905191,1722905191,4551456423,-590882299,2021-07-29
8493,,288_4551149959_CACEIS,1667623113,OB,OB,No-pair,fx wire,Caceis booked the fx wire for SD 12-15-2020. Integrata yet to book,1667623113,1667623113,4551456423,-590882299,2021-07-29
8494,,1_455851677_CACEIS,1272856273,OB,OB,No-pair,wire transfer,Caceis booked the wire transfer for SD 05-07-2020. Integrata yet to book,1272856273,1272856273,4551456423,-590882299,2021-07-29
8495,,361_455822501_CACEIS,1235308394,OB,OB,No-pair,fx wire,Caceis booked the fx wire for SD 04-15-2020. Integrata yet to book,1235308394,1235308394,4551456423,-590882299,2021-07-29
8496,,76_455934920_CACEIS,1383926788,OB,OB,No-pair,fees,Caceis booked the fees for SD 07-10-2020. Integrata yet to book,1383926788,1383926788,4551456423,-590882299,2021-07-29
8497,,61_455610697_CACEIS,917943325,OB,OB,No-pair,fx wire,Caceis booked the fx wire for SD 10-18-2019. Integrata yet to book,917943325,917943325,4551456423,-590882299,2021-07-29
8498,,33_4551246640_CACEIS,1797846198,OB,OB,No-pair,monthend interest,Caceis booked the monthend interest for SD 02-26-2021. Integrata yet to book,1797846198,1797846198,4551456423,-590882299,2021-07-29
8499,,47_4551155693_CACEIS,1675163275,OB,OB,No-pair,fx wire,Caceis booked the fx wire for SD 12-18-2020. Integrata yet to book,1675163275,1675163275,4551456423,-590882299,2021-07-29
8500,,35_455404958_CACEIS,585162350,OB,OB,No-pair,fx wire,Caceis booked the fx wire for SD 05-15-2019. Integrata yet to book,585162350,585162350,4551456423,-590882299,2021-07-29
8501,,82_455782293_CACEIS,1183563033,OB,OB,No-pair,fx wire,Caceis booked the fx wire for SD 03-13-2020. Integrata yet to book,1183563033,1183563033,4551456423,-590882299,2021-07-29
8502,,323_455669415_CACEIS,1020662036,OB,OB,No-pair,fx wire,Caceis booked the fx wire for SD 12-16-2019. Integrata yet to book,1020662036,1020662036,4551456423,-590882299,2021-07-29
8503,,512_4551109218_CACEIS,1613287017,OB,OB,No-pair,fx wire,Caceis booked the fx wire for SD 11-16-2020. Integrata yet to book,1613287017,1613287017,4551456423,-590882299,2021-07-29
8504,,452_4551109218_CACEIS,1613286945,OB,OB,No-pair,fx wire,Caceis booked the fx wire for SD 11-16-2020. Integrata yet to book,1613286945,1613286945,4551456423,-590882299,2021-07-29
8505,,8_455541826_CACEIS,801870184,OB,OB,No-pair,fx wire,Caceis booked the fx wire for SD 09-06-2019. Integrata yet to book,801870184,801870184,4551456423,-590882299,2021-07-29
8506,,86_4551313388_CACEIS,1883527796,OB,OB,No-pair,fx wire,Caceis booked the fx wire for SD 04-15-2021. Integrata yet to book,1883527796,1883527796,4551456423,-590882299,2021-07-29
8507,,5_4551087502_CACEIS,1584326579,OB,OB,No-pair,monthend interest,Caceis booked the monthend interest for SD 11-01-2020. Integrata yet to book,1584326579,1584326579,4551456423,-590882299,2021-07-29
8508,,31_455693832_CACEIS,1063035149,OB,OB,No-pair,wire transfer,Caceis booked the wire transfer for SD 01-06-2020. Integrata yet to book,1063035149,1063035149,4551456423,-590882299,2021-07-29
8509,,512_4551066313_CACEIS,1556876720,OB,OB,No-pair,fx wire,Caceis booked the fx wire for SD 10-15-2020. Integrata yet to book,1556876720,1556876720,4551456423,-590882299,2021-07-29
8510,,34_455516633_CACEIS,760048429,OB,OB,No-pair,fx wire,Caceis booked the fx wire for SD 08-16-2019. Integrata yet to book,760048429,760048429,4551456423,-590882299,2021-07-29
8511,,4_4551206835_CACEIS,1743521213,OB,OB,No-pair,proceeds sell,Caceis booked the proceeds sell for SD 01-27-2021. Integrata yet to book,1743521213,1743521213,4551456423,-590882299,2021-07-29
8512,,74_4551248485_CACEIS,1800039490,OB,OB,No-pair,wire transfer,Caceis booked the wire transfer for SD 02-26-2021. Integrata yet to book,1800039490,1800039490,4551456423,-590882299,2021-07-29
8513,,64_4551354754_CACEIS,1942399627,OB,OB,No-pair,fx wire,Caceis booked the fx wire for SD 05-17-2021. Integrata yet to book,1942399627,1942399627,4551456423,-590882299,2021-07-29
8514,,394_455748445_CACEIS,1136275216,OB,OB,No-pair,fx wire,Caceis booked the fx wire for SD 02-18-2020. Integrata yet to book,1136275216,1136275216,4551456423,-590882299,2021-07-29
8515,,50_4551334292_CACEIS,1911737228,OB,OB,No-pair,monthend interest,Caceis booked the monthend interest for SD 05-01-2021. Integrata yet to book,1911737228,1911737228,4551456423,-590882299,2021-07-29
8516,,10_4551419402_CACEIS,2029730718,OB,OB,No-pair,fx wire,Caceis booked the fx wire for SD 07-02-2021. Integrata yet to book,2029730718,2029730718,4551456423,-590882299,2021-07-29
8517,,129_455978912_CACEIS,1441832182,OB,OB,No-pair,fees,Caceis booked the fees for SD 08-12-2020. Integrata yet to book,1441832182,1441832182,4551456423,-590882299,2021-07-29
8518,,43_4551155693_CACEIS,1675163272,OB,OB,No-pair,fx wire,Caceis booked the fx wire for SD 12-18-2020. Integrata yet to book,1675163272,1675163272,4551456423,-590882299,2021-07-29
8519,,165_4551248485_CACEIS,1800039398,OB,OB,No-pair,fx wire,Caceis booked the fx wire for SD 02-26-2021. Integrata yet to book,1800039398,1800039398,4551456423,-590882299,2021-07-29
8520,,104_4551248485_CACEIS,1800039527,OB,OB,No-pair,fx wire,Caceis booked the fx wire for SD 02-26-2021. Integrata yet to book,1800039527,1800039527,4551456423,-590882299,2021-07-29
8521,,72_455934920_CACEIS,1383926652,OB,OB,No-pair,fees,Caceis booked the fees for SD 07-10-2020. Integrata yet to book,1383926652,1383926652,4551456423,-590882299,2021-07-29
8522,,49_455940640_CACEIS,1391595955,OB,OB,No-pair,fx wire,Caceis booked the fx wire for SD 07-15-2020. Integrata yet to book,1391595955,1391595955,4551456423,-590882299,2021-07-29
8523,,446_455862625_CACEIS,1287003689,OB,OB,No-pair,wire transfer,Caceis booked the wire transfer for SD 05-13-2020. Integrata yet to book,1287003689,1287003689,4551456423,-590882299,2021-07-29
8524,,32_455516633_CACEIS,760048393,OB,OB,No-pair,fx wire,Caceis booked the fx wire for SD 08-16-2019. Integrata yet to book,760048393,760048393,4551456423,-590882299,2021-07-29
8525,,347_455862625_CACEIS,1287003884,OB,OB,No-pair,fx wire,Caceis booked the fx wire for SD 05-15-2020. Integrata yet to book,1287003884,1287003884,4551456423,-590882299,2021-07-29
8526,,221_4551066313_CACEIS,1556876415,OB,OB,No-pair,fx wire,Caceis booked the fx wire for SD 10-15-2020. Integrata yet to book,1556876415,1556876415,4551456423,-590882299,2021-07-29
8527,,444_4551149959_CACEIS,1667623358,OB,OB,No-pair,fx wire,Caceis booked the fx wire for SD 12-15-2020. Integrata yet to book,1667623358,1667623358,4551456423,-590882299,2021-07-29
8528,,513_4551066313_CACEIS,1556876732,OB,OB,No-pair,fx wire,Caceis booked the fx wire for SD 10-15-2020. Integrata yet to book,1556876732,1556876732,4551456423,-590882299,2021-07-29
8529,,12_455718167_CACEIS,1096512039,OB,OB,No-pair,fx wire,Caceis booked the fx wire for SD 01-24-2020. Integrata yet to book,1096512039,1096512039,4551456423,-590882299,2021-07-29
8530,,14_455745203_CACEIS,1132280416,OB,OB,No-pair,fx wire,Caceis booked the fx wire for SD 02-14-2020. Integrata yet to book,1132280416,1132280416,4551456423,-590882299,2021-07-29
8531,,744_455862625_CACEIS,1287005010,OB,OB,No-pair,fx wire,Caceis booked the fx wire for SD 05-15-2020. Integrata yet to book,1287005010,1287005010,4551456423,-590882299,2021-07-29
8532,,475_455900053_CACEIS,1336713895,OB,OB,No-pair,fx wire,Caceis booked the fx wire for SD 06-15-2020. Integrata yet to book,1336713895,1336713895,4551456423,-590882299,2021-07-29
8533,,21_4551145900_CACEIS,1662178983,OB,OB,No-pair,fx wire,Caceis booked the fx wire for SD 12-11-2020. Integrata yet to book,1662178983,1662178983,4551456423,-590882299,2021-07-29
8534,,53_455783582_CACEIS,1185159272,OB,OB,No-pair,fx wire,Caceis booked the fx wire for SD 03-16-2020. Integrata yet to book,1185159272,1185159272,4551456423,-590882299,2021-07-29
8535,,522_455822501_CACEIS,1235308307,OB,OB,No-pair,fx wire,Caceis booked the fx wire for SD 04-15-2020. Integrata yet to book,1235308307,1235308307,4551456423,-590882299,2021-07-29
8536,,539_4551109218_CACEIS,1613286959,OB,OB,No-pair,fx wire,Caceis booked the fx wire for SD 11-16-2020. Integrata yet to book,1613286959,1613286959,4551456423,-590882299,2021-07-29
8537,,446_4551191593_CACEIS,1722905466,OB,OB,No-pair,wire transfer,Caceis booked the wire transfer for SD 01-15-2021. Integrata yet to book,1722905466,1722905466,4551456423,-590882299,2021-07-29
8538,,1354_455643841_CACEIS,975324426,OB,OB,No-pair,fx wire,Caceis booked the fx wire for SD 11-15-2019. Integrata yet to book,975324426,975324426,4551456423,-590882299,2021-07-29
8539,,387_455862625_CACEIS,1287003728,OB,OB,No-pair,wire transfer,Caceis booked the wire transfer for SD 05-13-2020. Integrata yet to book,1287003728,1287003728,4551456423,-590882299,2021-07-29
8540,,58_455476582_CACEIS,691189094,OB,OB,No-pair,fx wire,Caceis booked the fx wire for SD 07-16-2019. Integrata yet to book,691189094,691189094,4551456423,-590882299,2021-07-29
8541,,79_455782293_CACEIS,1183563039,OB,OB,No-pair,fx wire,Caceis booked the fx wire for SD 03-13-2020. Integrata yet to book,1183563039,1183563039,4551456423,-590882299,2021-07-29
8542,,57_455934920_CACEIS,1383926798,OB,OB,No-pair,fees,Caceis booked the fees for SD 07-10-2020. Integrata yet to book,1383926798,1383926798,4551456423,-590882299,2021-07-29
8543,,56_455726980_CACEIS,1107942634,OB,OB,No-pair,monthend interest,Caceis booked the monthend interest for SD 02-01-2020. Integrata yet to book,1107942634,1107942634,4551456423,-590882299,2021-07-29
8544,,109_455442954_CACEIS,637183958,OB,OB,No-pair,fx wire,Caceis booked the fx wire for SD 06-17-2019. Integrata yet to book,637183958,637183958,4551456423,-590882299,2021-07-29
8545,,36_4551448516_CACEIS,2064090608,OB,OB,No-pair,fx wire,Caceis booked the fx wire for SD 07-23-2021. Integrata yet to book,2064090608,2064090608,4551456423,-590882299,2021-07-29
8546,,286_4551354754_CACEIS,1942399722,OB,OB,No-pair,fx wire,Caceis booked the fx wire for SD 05-17-2021. Integrata yet to book,1942399722,1942399722,4551456423,-590882299,2021-07-29
8547,,95_4551109218_CACEIS,1613286652,OB,OB,No-pair,fx wire,Caceis booked the fx wire for SD 11-16-2020. Integrata yet to book,1613286652,1613286652,4551456423,-590882299,2021-07-29
8548,,153_455978912_CACEIS,1441832188,OB,OB,No-pair,wire transfer,Caceis booked the wire transfer for SD 08-12-2020. Integrata yet to book,1441832188,1441832188,4551456423,-590882299,2021-07-29
8549,,37_4551166054_CACEIS,1689088077,OB,OB,No-pair,fx wire,Caceis booked the fx wire for SD 12-28-2020. Integrata yet to book,1689088077,1689088077,4551456423,-590882299,2021-07-29
8550,,1_4551339728_CACEIS,1920020593,OB,OB,No-pair,wire transfer,Caceis booked the wire transfer for SD 05-05-2021. Integrata yet to book,1920020593,1920020593,4551456423,-590882299,2021-07-29
8551,,138_455978912_CACEIS,1441832160,OB,OB,No-pair,wire transfer,Caceis booked the wire transfer for SD 08-12-2020. Integrata yet to book,1441832160,1441832160,4551456423,-590882299,2021-07-29
8552,,149_4551232906_CACEIS,1780156577,OB,OB,No-pair,fx wire,Caceis booked the fx wire for SD 02-16-2021. Integrata yet to book,1780156577,1780156577,4551456423,-590882299,2021-07-29
8553,,235_4551354754_CACEIS,1942399717,OB,OB,No-pair,fx wire,Caceis booked the fx wire for SD 05-17-2021. Integrata yet to book,1942399717,1942399717,4551456423,-590882299,2021-07-29
8554,,8_455959742_CACEIS,1417073514,OB,OB,No-pair,wire transfer,Caceis booked the wire transfer for SD 07-29-2020. Integrata yet to book,1417073514,1417073514,4551456423,-590882299,2021-07-29
8555,,192_455783582_CACEIS,1185159390,OB,OB,No-pair,fx wire,Caceis booked the fx wire for SD 03-16-2020. Integrata yet to book,1185159390,1185159390,4551456423,-590882299,2021-07-29
8556,,71_333062_CACEIS,479846796,OB,OB,No-pair,fx wire,Caceis booked the fx wire for SD 03-15-2019. Integrata yet to book,479846796,479846796,4551456423,-590882299,2021-07-29
8557,,83_455663909_CACEIS,1011570613,OB,OB,No-pair,wire transfer,Caceis booked the wire transfer for SD 12-11-2019. Integrata yet to book,1011570613,1011570613,4551456423,-590882299,2021-07-29
8558,,24_4551415924_CACEIS,2024089332,OB,OB,No-pair,monthend interest,Caceis booked the monthend interest for SD 07-01-2021. Integrata yet to book,2024089332,2024089332,4551456423,-590882299,2021-07-29
8559,,105_4551144082_CACEIS,1659707136,OB,OB,No-pair,fees,Caceis booked the fees for SD 12-10-2020. Integrata yet to book,1659707136,1659707136,4551456423,-590882299,2021-07-29
8560,,92_4551144082_CACEIS,1659707086,OB,OB,No-pair,fees,Caceis booked the fees for SD 12-10-2020. Integrata yet to book,1659707086,1659707086,4551456423,-590882299,2021-07-29
8561,,115_4551232906_CACEIS,1780156560,OB,OB,No-pair,fx wire,Caceis booked the fx wire for SD 02-16-2021. Integrata yet to book,1780156560,1780156560,4551456423,-590882299,2021-07-29
8562,,14_349816_CACEIS,505077789,OB,OB,No-pair,fx wire,Caceis booked the fx wire for SD 03-29-2019. Integrata yet to book,505077789,505077789,4551456423,-590882299,2021-07-29
8563,,970_455643841_CACEIS,975324042,OB,OB,No-pair,fees,Caceis booked the fees for SD 11-13-2019. Integrata yet to book,975324042,975324042,4551456423,-590882299,2021-07-29
8564,,2_455955831_CACEIS,1412132561,OB,OB,No-pair,wire transfer,Caceis booked the wire transfer for SD 07-22-2020. Integrata yet to book,1412132561,1412132561,4551456423,-590882299,2021-07-29
8565,,341_455940640_CACEIS,1391596222,OB,OB,No-pair,fx wire,Caceis booked the fx wire for SD 07-15-2020. Integrata yet to book,1391596222,1391596222,4551456423,-590882299,2021-07-29
8566,,141_455978912_CACEIS,1441832205,OB,OB,No-pair,wire transfer,Caceis booked the wire transfer for SD 08-12-2020. Integrata yet to book,1441832205,1441832205,4551456423,-590882299,2021-07-29
8567,,280_4551109218_CACEIS,1613286884,OB,OB,No-pair,fx wire,Caceis booked the fx wire for SD 11-16-2020. Integrata yet to book,1613286884,1613286884,4551456423,-590882299,2021-07-29
8568,,325_455706635_CACEIS,1081907584,OB,OB,No-pair,fx wire,Caceis booked the fx wire for SD 01-15-2020. Integrata yet to book,1081907584,1081907584,4551456423,-590882299,2021-07-29
8569,,32_4551042956_CACEIS,1525553084,OB,OB,No-pair,wire transfer,Caceis booked the wire transfer for SD 09-21-2020. Integrata yet to book,1525553084,1525553084,4551456423,-590882299,2021-07-29
8570,,726_455862625_CACEIS,1287005060,OB,OB,No-pair,fx wire,Caceis booked the fx wire for SD 05-15-2020. Integrata yet to book,1287005060,1287005060,4551456423,-590882299,2021-07-29
8571,,56_455944496_CACEIS,1396484641,OB,OB,No-pair,fx wire,Caceis booked the fx wire for SD 07-17-2020. Integrata yet to book,1396484641,1396484641,4551456423,-590882299,2021-07-29
8572,,56_455772338_CACEIS,1169827520,OB,OB,No-pair,fx wire,Caceis booked the fx wire for SD 03-06-2020. Integrata yet to book,1169827520,1169827520,4551456423,-590882299,2021-07-29
8573,,130_455777858_CACEIS,1177395872,OB,OB,No-pair,wire transfer,Caceis booked the wire transfer for SD 03-11-2020. Integrata yet to book,1177395872,1177395872,4551456423,-590882299,2021-07-29
8574,,53_4551023983_CACEIS,1500213931,OB,OB,No-pair,fx wire,Caceis booked the fx wire for SD 09-15-2020. Integrata yet to book,1500213931,1500213931,4551456423,-590882299,2021-07-29
8575,,78_455940640_CACEIS,1391596022,OB,OB,No-pair,fx wire,Caceis booked the fx wire for SD 07-15-2020. Integrata yet to book,1391596022,1391596022,4551456423,-590882299,2021-07-29
8576,,113_4551144082_CACEIS,1659707099,OB,OB,No-pair,fees,Caceis booked the fees for SD 12-10-2020. Integrata yet to book,1659707099,1659707099,4551456423,-590882299,2021-07-29
8577,,161_455978912_CACEIS,1441832196,OB,OB,No-pair,wire transfer,Caceis booked the wire transfer for SD 08-12-2020. Integrata yet to book,1441832196,1441832196,4551456423,-590882299,2021-07-29
8578,,23_455608635_CACEIS,913682490,OB,OB,No-pair,dividend,Caceis booked the dividend for SD 08-30-2019. Integrata yet to book,913682490,913682490,4551456423,-590882299,2021-07-29
8579,,36_4551242873_CACEIS,1793109152,OB,OB,No-pair,wire transfer,Caceis booked the wire transfer for SD 02-21-2021. Integrata yet to book,1793109152,1793109152,4551456423,-590882299,2021-07-29
8580,,209_4551023983_CACEIS,1500214028,OB,OB,No-pair,fx wire,Caceis booked the fx wire for SD 09-15-2020. Integrata yet to book,1500214028,1500214028,4551456423,-590882299,2021-07-29
8581,,11_4551180537_CACEIS,1707592399,OB,OB,No-pair,wire transfer,Caceis booked the wire transfer for SD 01-07-2021. Integrata yet to book,1707592399,1707592399,4551456423,-590882299,2021-07-29
8582,,122_455585083_CACEIS,874262460,OB,OB,No-pair,wire transfer,Caceis booked the wire transfer for SD 10-10-2019. Integrata yet to book,874262460,874262460,4551456423,-590882299,2021-07-29
8583,,71_455516633_CACEIS,760048469,OB,OB,No-pair,wire transfer,Caceis booked the wire transfer for SD 08-16-2019. Integrata yet to book,760048469,760048469,4551456423,-590882299,2021-07-29
8584,,43_4551023983_CACEIS,1500213920,OB,OB,No-pair,fx wire,Caceis booked the fx wire for SD 09-15-2020. Integrata yet to book,1500213920,1500213920,4551456423,-590882299,2021-07-29
8585,,201_455748445_CACEIS,1136275023,OB,OB,No-pair,wire transfer,Caceis booked the wire transfer for SD 01-01-2020. Integrata yet to book,1136275023,1136275023,4551456423,-590882299,2021-07-29
8586,,779_455822501_CACEIS,1235308777,OB,OB,No-pair,fx wire,Caceis booked the fx wire for SD 04-15-2020. Integrata yet to book,1235308777,1235308777,4551456423,-590882299,2021-07-29
8587,,110_455898221_CACEIS,1334730810,OB,OB,No-pair,fx wire,Caceis booked the fx wire for SD 06-12-2020. Integrata yet to book,1334730810,1334730810,4551456423,-590882299,2021-07-29
8588,,5_455447623_CACEIS,643172495,OB,OB,No-pair,wire transfer,Caceis booked the wire transfer for SD 06-20-2019. Integrata yet to book,643172495,643172495,4551456423,-590882299,2021-07-29
8589,,682_455643841_CACEIS,975323754,OB,OB,No-pair,monthend interest,Caceis booked the monthend interest for SD 10-31-2019. Integrata yet to book,975323754,975323754,4551456423,-590882299,2021-07-29
8590,,682_4551232906_CACEIS,1780157096,OB,OB,No-pair,fx wire,Caceis booked the fx wire for SD 02-16-2021. Integrata yet to book,1780157096,1780157096,4551456423,-590882299,2021-07-29
8591,,124_455978912_CACEIS,1441832233,OB,OB,No-pair,wire transfer,Caceis booked the wire transfer for SD 08-12-2020. Integrata yet to book,1441832233,1441832233,4551456423,-590882299,2021-07-29
8592,,411_455822501_CACEIS,1235308384,OB,OB,No-pair,fx wire,Caceis booked the fx wire for SD 04-15-2020. Integrata yet to book,1235308384,1235308384,4551456423,-590882299,2021-07-29
8593,,17_455944496_CACEIS,1396484644,OB,OB,No-pair,proceeds sell,Caceis booked the proceeds sell for SD 07-17-2020. Integrata yet to book,1396484644,1396484644,4551456423,-590882299,2021-07-29
8594,,386_455862625_CACEIS,1287003684,OB,OB,No-pair,wire transfer,Caceis booked the wire transfer for SD 05-13-2020. Integrata yet to book,1287003684,1287003684,4551456423,-590882299,2021-07-29
8595,,3_4551050873_CACEIS,1536077018,OB,OB,No-pair,dividend,Caceis booked the dividend for SD 10-02-2020. Integrata yet to book,1536077018,1536077018,4551456423,-590882299,2021-07-29
8596,,36_4551087502_CACEIS,1584326645,OB,OB,No-pair,monthend interest,Caceis booked the monthend interest for SD 11-01-2020. Integrata yet to book,1584326645,1584326645,4551456423,-590882299,2021-07-29
8597,,3_4551161435_CACEIS,1682905789,OB,OB,No-pair,wire transfer,Caceis booked the wire transfer for SD 12-23-2020. Integrata yet to book,1682905789,1682905789,4551456423,-590882299,2021-07-29
8598,,490_4551109218_CACEIS,1613287205,OB,OB,No-pair,fx wire,Caceis booked the fx wire for SD 11-16-2020. Integrata yet to book,1613287205,1613287205,4551456423,-590882299,2021-07-29
8599,,13_455457456_CACEIS,662168020,OB,OB,No-pair,fx wire,Caceis booked the fx wire for SD 06-28-2019. Integrata yet to book,662168020,662168020,4551456423,-590882299,2021-07-29
8600,,56_4551020261_CACEIS,1495478305,OB,OB,No-pair,fx wire,Caceis booked the fx wire for SD 09-11-2020. Integrata yet to book,1495478305,1495478305,4551456423,-590882299,2021-07-29
8601,,298_455643841_CACEIS,975323370,OB,OB,No-pair,fx wire,Caceis booked the fx wire for SD 11-15-2019. Integrata yet to book,975323370,975323370,4551456423,-590882299,2021-07-29
8602,,253_4551248485_CACEIS,1800039561,OB,OB,No-pair,fx wire,Caceis booked the fx wire for SD 02-26-2021. Integrata yet to book,1800039561,1800039561,4551456423,-590882299,2021-07-29
8603,,812_455822501_CACEIS,1235308796,OB,OB,No-pair,fx wire,Caceis booked the fx wire for SD 04-15-2020. Integrata yet to book,1235308796,1235308796,4551456423,-590882299,2021-07-29
8604,,94_4551144082_CACEIS,1659707119,OB,OB,No-pair,fees,Caceis booked the fees for SD 12-10-2020. Integrata yet to book,1659707119,1659707119,4551456423,-590882299,2021-07-29
8605,,30_4551415924_CACEIS,2024089340,OB,OB,No-pair,monthend interest,Caceis booked the monthend interest for SD 07-01-2021. Integrata yet to book,2024089340,2024089340,4551456423,-590882299,2021-07-29
8606,,27_455516633_CACEIS,760048448,OB,OB,No-pair,wire transfer,Caceis booked the wire transfer for SD 08-16-2019. Integrata yet to book,760048448,760048448,4551456423,-590882299,2021-07-29
8607,,233_4551109218_CACEIS,1613286791,OB,OB,No-pair,fx wire,Caceis booked the fx wire for SD 11-16-2020. Integrata yet to book,1613286791,1613286791,4551456423,-590882299,2021-07-29
8608,,22_455709628_CACEIS,1085770903,OB,OB,No-pair,dividend,Caceis booked the dividend for SD 01-15-2020. Integrata yet to book,1085770903,1085770903,4551456423,-590882299,2021-07-29
8609,,841_455822501_CACEIS,1235308789,OB,OB,No-pair,fx wire,Caceis booked the fx wire for SD 04-15-2020. Integrata yet to book,1235308789,1235308789,4551456423,-590882299,2021-07-29
8610,,177_4551066313_CACEIS,1556876429,OB,OB,No-pair,fx wire,Caceis booked the fx wire for SD 10-15-2020. Integrata yet to book,1556876429,1556876429,4551456423,-590882299,2021-07-29
8611,,131_4551149959_CACEIS,1667622885,OB,OB,No-pair,fx wire,Caceis booked the fx wire for SD 12-15-2020. Integrata yet to book,1667622885,1667622885,4551456423,-590882299,2021-07-29
8612,,126_455777858_CACEIS,1177395721,OB,OB,No-pair,wire transfer,Caceis booked the wire transfer for SD 03-11-2020. Integrata yet to book,1177395721,1177395721,4551456423,-590882299,2021-07-29
8613,,108_455585083_CACEIS,874262399,OB,OB,No-pair,fees,Caceis booked the fees for SD 10-10-2019. Integrata yet to book,874262399,874262399,4551456423,-590882299,2021-07-29
8614,,121_455978912_CACEIS,1441832211,OB,OB,No-pair,wire transfer,Caceis booked the wire transfer for SD 08-12-2020. Integrata yet to book,1441832211,1441832211,4551456423,-590882299,2021-07-29
8615,,78_4551127906_CACEIS,1637981920,OB,OB,No-pair,monthend interest,Caceis booked the monthend interest for SD 12-01-2020. Integrata yet to book,1637981920,1637981920,4551456423,-590882299,2021-07-29
8616,,1_455887206_CACEIS,1320167950,OB,OB,No-pair,proceeds sell,Caceis booked the proceeds sell for SD 06-04-2020. Integrata yet to book,1320167950,1320167950,4551456423,-590882299,2021-07-29
8617,,429_455862625_CACEIS,1287003609,OB,OB,No-pair,wire transfer,Caceis booked the wire transfer for SD 05-13-2020. Integrata yet to book,1287003609,1287003609,4551456423,-590882299,2021-07-29
8618,,6_4551134044_CACEIS,1646944676,OB,OB,No-pair,dividend,Caceis booked the dividend for SD 12-03-2020. Integrata yet to book,1646944676,1646944676,4551456423,-590882299,2021-07-29
8619,,127_455585083_CACEIS,874262442,OB,OB,No-pair,fees,Caceis booked the fees for SD 10-10-2019. Integrata yet to book,874262442,874262442,4551456423,-590882299,2021-07-29
8620,,366_455985296_CACEIS,1449581976,OB,OB,No-pair,fx wire,Caceis booked the fx wire for SD 08-17-2020. Integrata yet to book,1449581976,1449581976,4551456423,-590882299,2021-07-29
8621,,79_4551144082_CACEIS,1659707054,OB,OB,No-pair,fees,Caceis booked the fees for SD 12-10-2020. Integrata yet to book,1659707054,1659707054,4551456423,-590882299,2021-07-29
8622,,410_455985296_CACEIS,1449582103,OB,OB,No-pair,fx wire,Caceis booked the fx wire for SD 08-17-2020. Integrata yet to book,1449582103,1449582103,4551456423,-590882299,2021-07-29
8623,,24_455790609_CACEIS,1194036458,OB,OB,No-pair,fx wire,Caceis booked the fx wire for SD 03-20-2020. Integrata yet to book,1194036458,1194036458,4551456423,-590882299,2021-07-29
8624,,5_4551068550_CACEIS,1559437420,OB,OB,No-pair,fx wire,Caceis booked the fx wire for SD 10-16-2020. Integrata yet to book,1559437420,1559437420,4551456423,-590882299,2021-07-29
8625,,145_455777858_CACEIS,1177395862,OB,OB,No-pair,wire transfer,Caceis booked the wire transfer for SD 03-11-2020. Integrata yet to book,1177395862,1177395862,4551456423,-590882299,2021-07-29
8626,,387_455643841_CACEIS,975323459,OB,OB,No-pair,fx wire,Caceis booked the fx wire for SD 11-15-2019. Integrata yet to book,975323459,975323459,4551456423,-590882299,2021-07-29
8627,,76_455782293_CACEIS,1183563008,OB,OB,No-pair,fx wire,Caceis booked the fx wire for SD 03-13-2020. Integrata yet to book,1183563008,1183563008,4551456423,-590882299,2021-07-29
8628,,5_455953995_CACEIS,1409848149,OB,OB,No-pair,fx wire,Caceis booked the fx wire for SD 07-24-2020. Integrata yet to book,1409848149,1409848149,4551456423,-590882299,2021-07-29
8629,,430_455643841_CACEIS,975323502,OB,OB,No-pair,fx wire,Caceis booked the fx wire for SD 11-15-2019. Integrata yet to book,975323502,975323502,4551456423,-590882299,2021-07-29
8630,,226_4551436806_CACEIS,2049885948,OB,OB,No-pair,fx wire,Caceis booked the fx wire for SD 07-15-2021. Integrata yet to book,2049885948,2049885948,4551456423,-590882299,2021-07-29
8631,,97_455585083_CACEIS,874262464,OB,OB,No-pair,fees,Caceis booked the fees for SD 10-10-2019. Integrata yet to book,874262464,874262464,4551456423,-590882299,2021-07-29
8632,,435_455862625_CACEIS,1287003786,OB,OB,No-pair,wire transfer,Caceis booked the wire transfer for SD 05-13-2020. Integrata yet to book,1287003786,1287003786,4551456423,-590882299,2021-07-29
8633,,128_4551149959_CACEIS,1667622899,OB,OB,No-pair,fx wire,Caceis booked the fx wire for SD 12-15-2020. Integrata yet to book,1667622899,1667622899,4551456423,-590882299,2021-07-29
8634,,78_455963450_CACEIS,1421777877,OB,OB,No-pair,fx wire,Caceis booked the fx wire for SD 07-31-2020. Integrata yet to book,1421777877,1421777877,4551456423,-590882299,2021-07-29
8635,,934_455822501_CACEIS,1235308752,OB,OB,No-pair,fx wire,Caceis booked the fx wire for SD 04-15-2020. Integrata yet to book,1235308752,1235308752,4551456423,-590882299,2021-07-29
8636,,11_4551197321_CACEIS,1730233489,OB,OB,No-pair,corporate action,Caceis booked the corporate action for SD 01-19-2021. Integrata yet to book,1730233489,1730233489,4551456423,-590882299,2021-07-29
8637,,3_284950_CACEIS,399852120,OB,OB,No-pair,monthend interest,Caceis booked the monthend interest for SD 02-01-2019. Integrata yet to book,399852120,399852120,4551456423,-590882299,2021-07-29
8638,,1393_455643841_CACEIS,975324465,OB,OB,No-pair,fx wire,Caceis booked the fx wire for SD 11-15-2019. Integrata yet to book,975324465,975324465,4551456423,-590882299,2021-07-29
8639,,3_4551077732_CACEIS,1571717920,OB,OB,No-pair,wire transfer,Caceis booked the wire transfer for SD 10-23-2020. Integrata yet to book,1571717920,1571717920,4551456423,-590882299,2021-07-29
8640,,96_455726980_CACEIS,1107942709,OB,OB,No-pair,fx wire,Caceis booked the fx wire for SD 01-31-2020. Integrata yet to book,1107942709,1107942709,4551456423,-590882299,2021-07-29
8641,,371_455862625_CACEIS,1287003601,OB,OB,No-pair,wire transfer,Caceis booked the wire transfer for SD 05-13-2020. Integrata yet to book,1287003601,1287003601,4551456423,-590882299,2021-07-29
8642,,309_455706635_CACEIS,1081907672,OB,OB,No-pair,fx wire,Caceis booked the fx wire for SD 01-15-2020. Integrata yet to book,1081907672,1081907672,4551456423,-590882299,2021-07-29
8643,,99_455726980_CACEIS,1107942531,OB,OB,No-pair,fx wire,Caceis booked the fx wire for SD 01-31-2020. Integrata yet to book,1107942531,1107942531,4551456423,-590882299,2021-07-29
8644,,116_4551248485_CACEIS,1800039363,OB,OB,No-pair,fx wire,Caceis booked the fx wire for SD 02-26-2021. Integrata yet to book,1800039363,1800039363,4551456423,-590882299,2021-07-29
8645,,416_455748445_CACEIS,1136275420,OB,OB,No-pair,fx wire,Caceis booked the fx wire for SD 02-18-2020. Integrata yet to book,1136275420,1136275420,4551456423,-590882299,2021-07-29
8646,,8_4551428980_CACEIS,2040344586,OB,OB,No-pair,fx wire,Caceis booked the fx wire for SD 07-09-2021. Integrata yet to book,2040344586,2040344586,4551456423,-590882299,2021-07-29
8647,,486_455643841_CACEIS,975323558,OB,OB,No-pair,fx wire,Caceis booked the fx wire for SD 11-15-2019. Integrata yet to book,975323558,975323558,4551456423,-590882299,2021-07-29
8648,,11_4551206835_CACEIS,1743521226,OB,OB,No-pair,proceeds sell,Caceis booked the proceeds sell for SD 01-25-2021. Integrata yet to book,1743521226,1743521226,4551456423,-590882299,2021-07-29
8649,,24_455656628_CACEIS,999121834,OB,OB,No-pair,wire transfer,Caceis booked the wire transfer for SD 12-05-2019. Integrata yet to book,999121834,999121834,4551456423,-590882299,2021-07-29
8650,,1134_455643841_CACEIS,975324206,OB,OB,No-pair,wire transfer,Caceis booked the wire transfer for SD 11-13-2019. Integrata yet to book,975324206,975324206,4551456423,-590882299,2021-07-29
8651,,320_455900053_CACEIS,1336713724,OB,OB,No-pair,fx wire,Caceis booked the fx wire for SD 06-15-2020. Integrata yet to book,1336713724,1336713724,4551456423,-590882299,2021-07-29
8652,,20_4551042956_CACEIS,1525553096,OB,OB,No-pair,wire transfer,Caceis booked the wire transfer for SD 09-17-2020. Integrata yet to book,1525553096,1525553096,4551456423,-590882299,2021-07-29
8653,,33_4551048988_CACEIS,1533696956,OB,OB,No-pair,fx wire,Caceis booked the fx wire for SD 10-02-2020. Integrata yet to book,1533696956,1533696956,4551456423,-590882299,2021-07-29
8654,,209_455590588_CACEIS,883858545,OB,OB,No-pair,fx wire,Caceis booked the fx wire for SD 10-15-2019. Integrata yet to book,883858545,883858545,4551456423,-590882299,2021-07-29
8655,,21_4551042956_CACEIS,1525553098,OB,OB,No-pair,wire transfer,Caceis booked the wire transfer for SD 09-17-2020. Integrata yet to book,1525553098,1525553098,4551456423,-590882299,2021-07-29
8656,,16_4551295830_CACEIS,1861884216,OB,OB,No-pair,wire transfer,Caceis booked the wire transfer for SD 04-01-2021. Integrata yet to book,1861884216,1861884216,4551456423,-590882299,2021-07-29
8657,,986_455643841_CACEIS,975324058,OB,OB,No-pair,wire transfer,Caceis booked the wire transfer for SD 11-13-2019. Integrata yet to book,975324058,975324058,4551456423,-590882299,2021-07-29
8658,,427_455862625_CACEIS,1287003557,OB,OB,No-pair,wire transfer,Caceis booked the wire transfer for SD 05-13-2020. Integrata yet to book,1287003557,1287003557,4551456423,-590882299,2021-07-29
8659,,70_455820754_CACEIS,1233177713,OB,OB,No-pair,proceeds sell,Caceis booked the proceeds sell for SD 04-13-2020. Integrata yet to book,1233177713,1233177713,4551456423,-590882299,2021-07-29
8660,,984_455643841_CACEIS,975324056,OB,OB,No-pair,wire transfer,Caceis booked the wire transfer for SD 11-13-2019. Integrata yet to book,975324056,975324056,4551456423,-590882299,2021-07-29
8661,,731_455822501_CACEIS,1235308620,OB,OB,No-pair,fx wire,Caceis booked the fx wire for SD 04-15-2020. Integrata yet to book,1235308620,1235308620,4551456423,-590882299,2021-07-29
8662,,127_4551191593_CACEIS,1722905142,OB,OB,No-pair,fx wire,Caceis booked the fx wire for SD 01-15-2021. Integrata yet to book,1722905142,1722905142,4551456423,-590882299,2021-07-29
8663,,23_324834_CACEIS,466999396,OB,OB,No-pair,fees,Caceis booked the fees for SD 03-07-2019. Integrata yet to book,466999396,466999396,4551456423,-590882299,2021-07-29
8664,,46_4551109218_CACEIS,1613286604,OB,OB,No-pair,fx wire,Caceis booked the fx wire for SD 11-16-2020. Integrata yet to book,1613286604,1613286604,4551456423,-590882299,2021-07-29
8665,,140_455777858_CACEIS,1177395839,OB,OB,No-pair,wire transfer,Caceis booked the wire transfer for SD 03-11-2020. Integrata yet to book,1177395839,1177395839,4551456423,-590882299,2021-07-29
8666,,100_455978912_CACEIS,1441832213,OB,OB,No-pair,fees,Caceis booked the fees for SD 08-12-2020. Integrata yet to book,1441832213,1441832213,4551456423,-590882299,2021-07-29
8667,,125_4551354754_CACEIS,1942399569,OB,OB,No-pair,fx wire,Caceis booked the fx wire for SD 05-17-2021. Integrata yet to book,1942399569,1942399569,4551456423,-590882299,2021-07-29
8668,,6_455586694_CACEIS,876699120,OB,OB,No-pair,fx wire,Caceis booked the fx wire for SD 10-11-2019. Integrata yet to book,876699120,876699120,4551456423,-590882299,2021-07-29
8669,,26_316753_CACEIS,453176681,OB,OB,No-pair,dividend,Caceis booked the dividend for SD 03-01-2019. Integrata yet to book,453176681,453176681,4551456423,-590882299,2021-07-29
8670,,416_4551109218_CACEIS,1613287035,OB,OB,No-pair,fx wire,Caceis booked the fx wire for SD 11-16-2020. Integrata yet to book,1613287035,1613287035,4551456423,-590882299,2021-07-29
8671,,13_455842390_CACEIS,1260634976,OB,OB,No-pair,monthend interest,Caceis booked the monthend interest for SD 05-01-2020. Integrata yet to book,1260634976,1260634976,4551456423,-590882299,2021-07-29
8672,,385_455985296_CACEIS,1449582162,OB,OB,No-pair,fx wire,Caceis booked the fx wire for SD 08-17-2020. Integrata yet to book,1449582162,1449582162,4551456423,-590882299,2021-07-29
8673,,52_4551144082_CACEIS,1659707156,OB,OB,No-pair,fees,Caceis booked the fees for SD 12-10-2020. Integrata yet to book,1659707156,1659707156,4551456423,-590882299,2021-07-29
8674,,1553_455643841_CACEIS,975324625,OB,OB,No-pair,wire transfer,Caceis booked the wire transfer for SD 11-18-2019. Integrata yet to book,975324625,975324625,4551456423,-590882299,2021-07-29
8675,,769_455862625_CACEIS,1287005211,OB,OB,No-pair,fx wire,Caceis booked the fx wire for SD 05-15-2020. Integrata yet to book,1287005211,1287005211,4551456423,-590882299,2021-07-29
8676,,234_455783582_CACEIS,1185159547,OB,OB,No-pair,fx wire,Caceis booked the fx wire for SD 03-16-2020. Integrata yet to book,1185159547,1185159547,4551456423,-590882299,2021-07-29
8677,,278_4551109218_CACEIS,1613286801,OB,OB,No-pair,fx wire,Caceis booked the fx wire for SD 11-16-2020. Integrata yet to book,1613286801,1613286801,4551456423,-590882299,2021-07-29
8678,,1145_455643841_CACEIS,975324217,OB,OB,No-pair,wire transfer,Caceis booked the wire transfer for SD 11-13-2019. Integrata yet to book,975324217,975324217,4551456423,-590882299,2021-07-29
8679,,154_455978912_CACEIS,1441832149,OB,OB,No-pair,fees,Caceis booked the fees for SD 08-12-2020. Integrata yet to book,1441832149,1441832149,4551456423,-590882299,2021-07-29
8680,,11_455762980_CACEIS,1156897752,OB,OB,No-pair,fx wire,Caceis booked the fx wire for SD 02-28-2020. Integrata yet to book,1156897752,1156897752,4551456423,-590882299,2021-07-29
8681,,93_4551066313_CACEIS,1556876271,OB,OB,No-pair,fx wire,Caceis booked the fx wire for SD 10-15-2020. Integrata yet to book,1556876271,1556876271,4551456423,-590882299,2021-07-29
8682,,309_455900053_CACEIS,1336713661,OB,OB,No-pair,fx wire,Caceis booked the fx wire for SD 06-15-2020. Integrata yet to book,1336713661,1336713661,4551456423,-590882299,2021-07-29
8683,,165_455978912_CACEIS,1441832234,OB,OB,No-pair,wire transfer,Caceis booked the wire transfer for SD 08-12-2020. Integrata yet to book,1441832234,1441832234,4551456423,-590882299,2021-07-29
8684,,81_4551144082_CACEIS,1659707077,OB,OB,No-pair,fees,Caceis booked the fees for SD 12-10-2020. Integrata yet to book,1659707077,1659707077,4551456423,-590882299,2021-07-29
8685,,124_455777858_CACEIS,1177395888,OB,OB,No-pair,wire transfer,Caceis booked the wire transfer for SD 03-11-2020. Integrata yet to book,1177395888,1177395888,4551456423,-590882299,2021-07-29
8686,,1280_455822501_CACEIS,1235307896,OB,OB,No-pair,proceeds sell,Caceis booked the proceeds sell for SD 04-14-2020. Integrata yet to book,1235307896,1235307896,4551456423,-590882299,2021-07-29
8687,,91_4551066313_CACEIS,1556876256,OB,OB,No-pair,fx wire,Caceis booked the fx wire for SD 10-15-2020. Integrata yet to book,1556876256,1556876256,4551456423,-590882299,2021-07-29
8688,,12_4551155693_CACEIS,1675163288,OB,OB,No-pair,fx wire,Caceis booked the fx wire for SD 12-18-2020. Integrata yet to book,1675163288,1675163288,4551456423,-590882299,2021-07-29
8689,,98_4551144082_CACEIS,1659707042,OB,OB,No-pair,fees,Caceis booked the fees for SD 12-10-2020. Integrata yet to book,1659707042,1659707042,4551456423,-590882299,2021-07-29
8690,,6_4551366297_CACEIS,1958861172,OB,OB,No-pair,wire transfer,Caceis booked the wire transfer for SD 05-25-2021. Integrata yet to book,1958861172,1958861172,4551456423,-590882299,2021-07-29
8691,,280_4551436806_CACEIS,2049886023,OB,OB,No-pair,fx wire,Caceis booked the fx wire for SD 07-15-2021. Integrata yet to book,2049886023,2049886023,4551456423,-590882299,2021-07-29
8692,,47_4551220415_CACEIS,1761956087,OB,OB,No-pair,wire transfer,Caceis booked the wire transfer for SD 02-05-2021. Integrata yet to book,1761956087,1761956087,4551456423,-590882299,2021-07-29
8693,,36_4551023983_CACEIS,1500213938,OB,OB,No-pair,fx wire,Caceis booked the fx wire for SD 09-15-2020. Integrata yet to book,1500213938,1500213938,4551456423,-590882299,2021-07-29
8694,,1220_455822501_CACEIS,1235307762,OB,OB,No-pair,proceeds sell,Caceis booked the proceeds sell for SD 04-14-2020. Integrata yet to book,1235307762,1235307762,4551456423,-590882299,2021-07-29
8695,,133_455978912_CACEIS,1441832252,OB,OB,No-pair,wire transfer,Caceis booked the wire transfer for SD 08-12-2020. Integrata yet to book,1441832252,1441832252,4551456423,-590882299,2021-07-29
8696,,1190_455643841_CACEIS,975324262,OB,OB,No-pair,fees,Caceis booked the fees for SD 11-13-2019. Integrata yet to book,975324262,975324262,4551456423,-590882299,2021-07-29
8697,,13_4551107328_CACEIS,1610764965,OB,OB,No-pair,fees,Caceis booked the fees for SD 11-12-2020. Integrata yet to book,1610764965,1610764965,4551456423,-590882299,2021-07-29
8698,,276_4551109218_CACEIS,1613286790,OB,OB,No-pair,fx wire,Caceis booked the fx wire for SD 11-16-2020. Integrata yet to book,1613286790,1613286790,4551456423,-590882299,2021-07-29
8699,,115_4551144082_CACEIS,1659707108,OB,OB,No-pair,fees,Caceis booked the fees for SD 12-10-2020. Integrata yet to book,1659707108,1659707108,4551456423,-590882299,2021-07-29
8700,,171_4551239617_CACEIS,1789074856,OB,OB,No-pair,fx wire,Caceis booked the fx wire for SD 02-19-2021. Integrata yet to book,1789074856,1789074856,4551456423,-590882299,2021-07-29
8701,,3_4551099445_CACEIS,1600080188,OB,OB,No-pair,wire transfer,Caceis booked the wire transfer for SD 11-09-2020. Integrata yet to book,1600080188,1600080188,4551456423,-590882299,2021-07-29
8702,,4_4551328228_CACEIS,1902869973,OB,OB,No-pair,dividend,Caceis booked the dividend for SD 04-26-2021. Integrata yet to book,1902869973,1902869973,4551456423,-590882299,2021-07-29
8703,,13_455541826_CACEIS,801870189,OB,OB,No-pair,fx wire,Caceis booked the fx wire for SD 09-06-2019. Integrata yet to book,801870189,801870189,4551456423,-590882299,2021-07-29
8704,,125_455978912_CACEIS,1441832243,OB,OB,No-pair,wire transfer,Caceis booked the wire transfer for SD 08-12-2020. Integrata yet to book,1441832243,1441832243,4551456423,-590882299,2021-07-29
8705,,7_4551440965_CACEIS,2054922378,OB,OB,No-pair,wire transfer,Caceis booked the wire transfer for SD 07-19-2021. Integrata yet to book,2054922378,2054922378,4551456423,-590882299,2021-07-29
8706,,728_4551232906_CACEIS,1780156976,OB,OB,No-pair,fx wire,Caceis booked the fx wire for SD 02-16-2021. Integrata yet to book,1780156976,1780156976,4551456423,-590882299,2021-07-29
8707,,88_4551248485_CACEIS,1800039471,OB,OB,No-pair,wire transfer,Caceis booked the wire transfer for SD 02-25-2021. Integrata yet to book,1800039471,1800039471,4551456423,-590882299,2021-07-29
8708,,416_4551149959_CACEIS,1667623162,OB,OB,No-pair,wire transfer,Caceis booked the wire transfer for SD 12-15-2020. Integrata yet to book,1667623162,1667623162,4551456423,-590882299,2021-07-29
8709,,46_4551220415_CACEIS,1761956085,OB,OB,No-pair,wire transfer,Caceis booked the wire transfer for SD 02-05-2021. Integrata yet to book,1761956085,1761956085,4551456423,-590882299,2021-07-29
8710,,7_455586694_CACEIS,876699124,OB,OB,No-pair,fx wire,Caceis booked the fx wire for SD 10-11-2019. Integrata yet to book,876699124,876699124,4551456423,-590882299,2021-07-29
8711,,79_455748445_CACEIS,1136275181,OB,OB,No-pair,fx wire,Caceis booked the fx wire for SD 02-18-2020. Integrata yet to book,1136275181,1136275181,4551456423,-590882299,2021-07-29
8712,,8_4551022171_CACEIS,1497701246,OB,OB,No-pair,wire transfer,Caceis booked the wire transfer for SD 09-14-2020. Integrata yet to book,1497701246,1497701246,4551456423,-590882299,2021-07-29
8713,,96_4551144082_CACEIS,1659707145,OB,OB,No-pair,fees,Caceis booked the fees for SD 12-10-2020. Integrata yet to book,1659707145,1659707145,4551456423,-590882299,2021-07-29
8714,,30_455963450_CACEIS,1421777846,OB,OB,No-pair,monthend interest,Caceis booked the monthend interest for SD 08-01-2020. Integrata yet to book,1421777846,1421777846,4551456423,-590882299,2021-07-29
8715,,155_455978912_CACEIS,1441832151,OB,OB,No-pair,wire transfer,Caceis booked the wire transfer for SD 08-12-2020. Integrata yet to book,1441832151,1441832151,4551456423,-590882299,2021-07-29
8716,,680_455643841_CACEIS,975323752,OB,OB,No-pair,monthend interest,Caceis booked the monthend interest for SD 10-31-2019. Integrata yet to book,975323752,975323752,4551456423,-590882299,2021-07-29
8717,,53_362773_CACEIS,523884288,OB,OB,No-pair,wire transfer,Caceis booked the wire transfer for SD 04-10-2019. Integrata yet to book,523884288,523884288,4551456423,-590882299,2021-07-29
8718,,42_455442954_CACEIS,637183909,OB,OB,No-pair,fx wire,Caceis booked the fx wire for SD 06-17-2019. Integrata yet to book,637183909,637183909,4551456423,-590882299,2021-07-29
8719,,3_4551305829_CACEIS,1874141003,OB,OB,No-pair,fx wire,Caceis booked the fx wire for SD 04-09-2021. Integrata yet to book,1874141003,1874141003,4551456423,-590882299,2021-07-29
8720,,31_4551127906_CACEIS,1637981962,OB,OB,No-pair,monthend interest,Caceis booked the monthend interest for SD 12-01-2020. Integrata yet to book,1637981962,1637981962,4551456423,-590882299,2021-07-29
8721,,66_455605017_CACEIS,907407194,OB,OB,No-pair,fx wire,Caceis booked the fx wire for SD 10-25-2019. Integrata yet to book,907407194,907407194,4551456423,-590882299,2021-07-29
8722,,124_4551149959_CACEIS,1667622818,OB,OB,No-pair,fx wire,Caceis booked the fx wire for SD 12-15-2020. Integrata yet to book,1667622818,1667622818,4551456423,-590882299,2021-07-29
8723,,52_455835232_CACEIS,1251293833,OB,OB,No-pair,fx wire,Caceis booked the fx wire for SD 04-24-2020. Integrata yet to book,1251293833,1251293833,4551456423,-590882299,2021-07-29
8724,,119_455978912_CACEIS,1441832157,OB,OB,No-pair,wire transfer,Caceis booked the wire transfer for SD 08-12-2020. Integrata yet to book,1441832157,1441832157,4551456423,-590882299,2021-07-29
8725,,508_4551066313_CACEIS,1556876794,OB,OB,No-pair,fx wire,Caceis booked the fx wire for SD 10-15-2020. Integrata yet to book,1556876794,1556876794,4551456423,-590882299,2021-07-29
8726,,87_4551191593_CACEIS,1722905033,OB,OB,No-pair,fx wire,Caceis booked the fx wire for SD 01-15-2021. Integrata yet to book,1722905033,1722905033,4551456423,-590882299,2021-07-29
8727,,4_4551428980_CACEIS,2040344577,OB,OB,No-pair,fx wire,Caceis booked the fx wire for SD 07-09-2021. Integrata yet to book,2040344577,2040344577,4551456423,-590882299,2021-07-29
8728,,67_455862625_CACEIS,1287002870,OB,OB,No-pair,fx wire,Caceis booked the fx wire for SD 05-15-2020. Integrata yet to book,1287002870,1287002870,4551456423,-590882299,2021-07-29
8729,,431_455862625_CACEIS,1287003650,OB,OB,No-pair,wire transfer,Caceis booked the wire transfer for SD 05-13-2020. Integrata yet to book,1287003650,1287003650,4551456423,-590882299,2021-07-29
8730,,16_362773_CACEIS,523884238,OB,OB,No-pair,wire transfer,Caceis booked the wire transfer for SD 04-10-2019. Integrata yet to book,523884238,523884238,4551456423,-590882299,2021-07-29
8731,,494_4551066313_CACEIS,1556876730,OB,OB,No-pair,fx wire,Caceis booked the fx wire for SD 10-15-2020. Integrata yet to book,1556876730,1556876730,4551456423,-590882299,2021-07-29
8732,,97_455693832_CACEIS,1063035131,OB,OB,No-pair,fees,Caceis booked the fees for SD 01-06-2020. Integrata yet to book,1063035131,1063035131,4551456423,-590882299,2021-07-29
8733,,30_4551145900_CACEIS,1662179022,OB,OB,No-pair,wire transfer,Caceis booked the wire transfer for SD 12-11-2020. Integrata yet to book,1662179022,1662179022,4551456423,-590882299,2021-07-29
8734,,35_455688261_CACEIS,1053516652,OB,OB,No-pair,wire transfer,Caceis booked the wire transfer for SD 12-31-2019. Integrata yet to book,1053516652,1053516652,4551456423,-590882299,2021-07-29
8735,,85_4551144082_CACEIS,1659707154,OB,OB,No-pair,fees,Caceis booked the fees for SD 12-10-2020. Integrata yet to book,1659707154,1659707154,4551456423,-590882299,2021-07-29
8736,,554_4551149959_CACEIS,1667623264,OB,OB,No-pair,wire transfer,Caceis booked the wire transfer for SD 12-15-2020. Integrata yet to book,1667623264,1667623264,4551456423,-590882299,2021-07-29
8737,,53_455940640_CACEIS,1391595956,OB,OB,No-pair,fx wire,Caceis booked the fx wire for SD 07-15-2020. Integrata yet to book,1391595956,1391595956,4551456423,-590882299,2021-07-29
8738,,267_455748445_CACEIS,1136275226,OB,OB,No-pair,fx wire,Caceis booked the fx wire for SD 02-18-2020. Integrata yet to book,1136275226,1136275226,4551456423,-590882299,2021-07-29
8739,,31_4551182476_CACEIS,1710215377,OB,OB,No-pair,fx wire,Caceis booked the fx wire for SD 01-08-2021. Integrata yet to book,1710215377,1710215377,4551456423,-590882299,2021-07-29
8740,,389_455862625_CACEIS,1287003506,OB,OB,No-pair,wire transfer,Caceis booked the wire transfer for SD 05-13-2020. Integrata yet to book,1287003506,1287003506,4551456423,-590882299,2021-07-29
8741,,51_4551136088_CACEIS,1649475198,OB,OB,No-pair,fx wire,Caceis booked the fx wire for SD 12-04-2020. Integrata yet to book,1649475198,1649475198,4551456423,-590882299,2021-07-29
8742,,492_455900053_CACEIS,1336713926,OB,OB,No-pair,fx wire,Caceis booked the fx wire for SD 06-15-2020. Integrata yet to book,1336713926,1336713926,4551456423,-590882299,2021-07-29
8743,,140_4551436806_CACEIS,2049885849,OB,OB,No-pair,fx wire,Caceis booked the fx wire for SD 07-15-2021. Integrata yet to book,2049885849,2049885849,4551456423,-590882299,2021-07-29
8744,,17_4551003590_CACEIS,1473425997,OB,OB,No-pair,monthend interest,Caceis booked the monthend interest for SD 09-01-2020. Integrata yet to book,1473425997,1473425997,4551456423,-590882299,2021-07-29
8745,,137_4551109218_CACEIS,1613286619,OB,OB,No-pair,fx wire,Caceis booked the fx wire for SD 11-16-2020. Integrata yet to book,1613286619,1613286619,4551456423,-590882299,2021-07-29
8746,,146_4551060531_CACEIS,1548950656,OB,OB,No-pair,fees,Caceis booked the fees for SD 10-12-2020. Integrata yet to book,1548950656,1548950656,4551456423,-590882299,2021-07-29
8747,,30_455889377_CACEIS,1323110270,OB,OB,No-pair,fx wire,Caceis booked the fx wire for SD 06-05-2020. Integrata yet to book,1323110270,1323110270,4551456423,-590882299,2021-07-29
8748,,432_455862625_CACEIS,1287003683,OB,OB,No-pair,wire transfer,Caceis booked the wire transfer for SD 05-13-2020. Integrata yet to book,1287003683,1287003683,4551456423,-590882299,2021-07-29
8749,,55_455846205_CACEIS,1265566688,OB,OB,No-pair,fx wire,Caceis booked the fx wire for SD 05-04-2020. Integrata yet to book,1265566688,1265566688,4551456423,-590882299,2021-07-29
8750,,65_4551145900_CACEIS,1662179009,OB,OB,No-pair,fx wire,Caceis booked the fx wire for SD 12-11-2020. Integrata yet to book,1662179009,1662179009,4551456423,-590882299,2021-07-29
8751,,590_455643841_CACEIS,975323662,OB,OB,No-pair,wire transfer,Caceis booked the wire transfer for SD 11-18-2019. Integrata yet to book,975323662,975323662,4551456423,-590882299,2021-07-29
8752,,40_362773_CACEIS,523884279,OB,OB,No-pair,wire transfer,Caceis booked the wire transfer for SD 04-10-2019. Integrata yet to book,523884279,523884279,4551456423,-590882299,2021-07-29
8753,,33_455688261_CACEIS,1053516771,OB,OB,No-pair,proceeds sell,Caceis booked the proceeds sell for SD 12-31-2019. Integrata yet to book,1053516771,1053516771,4551456423,-590882299,2021-07-29
8754,,77_455590588_CACEIS,883858741,OB,OB,No-pair,fx wire,Caceis booked the fx wire for SD 10-15-2019. Integrata yet to book,883858741,883858741,4551456423,-590882299,2021-07-29
8755,,20_455944496_CACEIS,1396484603,OB,OB,No-pair,wire transfer,Caceis booked the wire transfer for SD 07-17-2020. Integrata yet to book,1396484603,1396484603,4551456423,-590882299,2021-07-29
8756,,20_4551145900_CACEIS,1662178978,OB,OB,No-pair,fx wire,Caceis booked the fx wire for SD 12-11-2020. Integrata yet to book,1662178978,1662178978,4551456423,-590882299,2021-07-29
8757,,47_4551269721_CACEIS,1827473809,OB,OB,No-pair,fx wire,Caceis booked the fx wire for SD 03-15-2021. Integrata yet to book,1827473809,1827473809,4551456423,-590882299,2021-07-29
8758,,219_455940640_CACEIS,1391595950,OB,OB,No-pair,fx wire,Caceis booked the fx wire for SD 07-15-2020. Integrata yet to book,1391595950,1391595950,4551456423,-590882299,2021-07-29
8759,,19_455991947_CACEIS,1458094082,OB,OB,No-pair,fx wire,Caceis booked the fx wire for SD 08-21-2020. Integrata yet to book,1458094082,1458094082,4551456423,-590882299,2021-07-29
8760,,491_455900053_CACEIS,1336713912,OB,OB,No-pair,fx wire,Caceis booked the fx wire for SD 06-15-2020. Integrata yet to book,1336713912,1336713912,4551456423,-590882299,2021-07-29
8761,,384_455862625_CACEIS,1287003712,OB,OB,No-pair,wire transfer,Caceis booked the wire transfer for SD 05-13-2020. Integrata yet to book,1287003712,1287003712,4551456423,-590882299,2021-07-29
8762,,69_4551394628_CACEIS,1997244689,OB,OB,No-pair,fx wire,Caceis booked the fx wire for SD 06-15-2021. Integrata yet to book,1997244689,1997244689,4551456423,-590882299,2021-07-29
8763,,8_4551016578_CACEIS,1490395196,OB,OB,No-pair,wire transfer,Caceis booked the wire transfer for SD 09-09-2020. Integrata yet to book,1490395196,1490395196,4551456423,-590882299,2021-07-29
8764,,6_4551073975_CACEIS,1566704350,OB,OB,No-pair,wire transfer,Caceis booked the wire transfer for SD 10-21-2020. Integrata yet to book,1566704350,1566704350,4551456423,-590882299,2021-07-29
8765,,52_4551343376_CACEIS,1925737827,OB,OB,No-pair,wire transfer,Caceis booked the wire transfer for SD 05-07-2021. Integrata yet to book,1925737827,1925737827,4551456423,-590882299,2021-07-29
8766,,7_4551042956_CACEIS,1525553082,OB,OB,No-pair,wire transfer,Caceis booked the wire transfer for SD 09-21-2020. Integrata yet to book,1525553082,1525553082,4551456423,-590882299,2021-07-29
8767,,3_455903805_CACEIS,1341692746,OB,OB,No-pair,wire transfer,Caceis booked the wire transfer for SD 05-27-2020. Integrata yet to book,1341692746,1341692746,4551456423,-590882299,2021-07-29
8768,,373_455643841_CACEIS,975323445,OB,OB,No-pair,fx wire,Caceis booked the fx wire for SD 11-15-2019. Integrata yet to book,975323445,975323445,4551456423,-590882299,2021-07-29
8769,,396_455862625_CACEIS,1287003527,OB,OB,No-pair,wire transfer,Caceis booked the wire transfer for SD 05-13-2020. Integrata yet to book,1287003527,1287003527,4551456423,-590882299,2021-07-29
8770,,212_4551066313_CACEIS,1556876451,OB,OB,No-pair,fx wire,Caceis booked the fx wire for SD 10-15-2020. Integrata yet to book,1556876451,1556876451,4551456423,-590882299,2021-07-29
8771,,510_4551149959_CACEIS,1667623256,OB,OB,No-pair,fx wire,Caceis booked the fx wire for SD 12-15-2020. Integrata yet to book,1667623256,1667623256,4551456423,-590882299,2021-07-29
8772,,1_455842390_CACEIS,1260634944,OB,OB,No-pair,monthend interest,Caceis booked the monthend interest for SD 05-01-2020. Integrata yet to book,1260634944,1260634944,4551456423,-590882299,2021-07-29
8773,,17_4551248485_CACEIS,1800039425,OB,OB,No-pair,fx wire,Caceis booked the fx wire for SD 02-26-2021. Integrata yet to book,1800039425,1800039425,4551456423,-590882299,2021-07-29
8774,,11_362773_CACEIS,523884270,OB,OB,No-pair,wire transfer,Caceis booked the wire transfer for SD 04-10-2019. Integrata yet to book,523884270,523884270,4551456423,-590882299,2021-07-29
8775,,163_455978912_CACEIS,1441832226,OB,OB,No-pair,wire transfer,Caceis booked the wire transfer for SD 08-12-2020. Integrata yet to book,1441832226,1441832226,4551456423,-590882299,2021-07-29
8776,,107_455783582_CACEIS,1185159429,OB,OB,No-pair,fx wire,Caceis booked the fx wire for SD 03-16-2020. Integrata yet to book,1185159429,1185159429,4551456423,-590882299,2021-07-29
8777,,100_455693832_CACEIS,1063035171,OB,OB,No-pair,fees,Caceis booked the fees for SD 01-06-2020. Integrata yet to book,1063035171,1063035171,4551456423,-590882299,2021-07-29
8778,,104_368123_CACEIS,532374187,OB,OB,No-pair,fx wire,Caceis booked the fx wire for SD 04-15-2019. Integrata yet to book,532374187,532374187,4551456423,-590882299,2021-07-29
8779,,90_455783582_CACEIS,1185159320,OB,OB,No-pair,fx wire,Caceis booked the fx wire for SD 03-16-2020. Integrata yet to book,1185159320,1185159320,4551456423,-590882299,2021-07-29
8780,,278_4551436806_CACEIS,2049885946,OB,OB,No-pair,fx wire,Caceis booked the fx wire for SD 07-15-2021. Integrata yet to book,2049885946,2049885946,4551456423,-590882299,2021-07-29
8781,,285_455706635_CACEIS,1081907630,OB,OB,No-pair,fx wire,Caceis booked the fx wire for SD 01-15-2020. Integrata yet to book,1081907630,1081907630,4551456423,-590882299,2021-07-29
8782,,144_4551060531_CACEIS,1548950648,OB,OB,No-pair,fees,Caceis booked the fees for SD 10-12-2020. Integrata yet to book,1548950648,1548950648,4551456423,-590882299,2021-07-29
8783,,9_4551016578_CACEIS,1490395197,OB,OB,No-pair,wire transfer,Caceis booked the wire transfer for SD 09-09-2020. Integrata yet to book,1490395197,1490395197,4551456423,-590882299,2021-07-29
8784,,260_4551210754_CACEIS,1748958322,OB,OB,No-pair,monthend interest,Caceis booked the monthend interest for SD 02-01-2021. Integrata yet to book,1748958322,1748958322,4551456423,-590882299,2021-07-29
8785,,595_4551232906_CACEIS,1780156998,OB,OB,No-pair,fx wire,Caceis booked the fx wire for SD 02-16-2021. Integrata yet to book,1780156998,1780156998,4551456423,-590882299,2021-07-29
8786,,58_4551144082_CACEIS,1659707149,OB,OB,No-pair,fees,Caceis booked the fees for SD 12-10-2020. Integrata yet to book,1659707149,1659707149,4551456423,-590882299,2021-07-29
8787,,1337_455643841_CACEIS,975324409,OB,OB,No-pair,fx wire,Caceis booked the fx wire for SD 11-15-2019. Integrata yet to book,975324409,975324409,4551456423,-590882299,2021-07-29
8788,,532_455862625_CACEIS,1287003577,OB,OB,No-pair,wire transfer,Caceis booked the wire transfer for SD 05-13-2020. Integrata yet to book,1287003577,1287003577,4551456423,-590882299,2021-07-29
8789,,46_455900053_CACEIS,1336713296,OB,OB,No-pair,fx wire,Caceis booked the fx wire for SD 06-15-2020. Integrata yet to book,1336713296,1336713296,4551456423,-590882299,2021-07-29
8790,,14_362773_CACEIS,523884280,OB,OB,No-pair,wire transfer,Caceis booked the wire transfer for SD 04-10-2019. Integrata yet to book,523884280,523884280,4551456423,-590882299,2021-07-29
8791,,6_455959742_CACEIS,1417073512,OB,OB,No-pair,wire transfer,Caceis booked the wire transfer for SD 07-29-2020. Integrata yet to book,1417073512,1417073512,4551456423,-590882299,2021-07-29
8792,,417_4551232906_CACEIS,1780156890,OB,OB,No-pair,fx wire,Caceis booked the fx wire for SD 02-16-2021. Integrata yet to book,1780156890,1780156890,4551456423,-590882299,2021-07-29
8793,,155_455900053_CACEIS,1336713094,OB,OB,No-pair,fx wire,Caceis booked the fx wire for SD 06-15-2020. Integrata yet to book,1336713094,1336713094,4551456423,-590882299,2021-07-29
8794,,70_455676391_CACEIS,1031864576,OB,OB,No-pair,wire transfer,Caceis booked the wire transfer for SD 12-02-2019. Integrata yet to book,1031864576,1031864576,4551456423,-590882299,2021-07-29
8795,,115_455978912_CACEIS,1441832200,OB,OB,No-pair,wire transfer,Caceis booked the wire transfer for SD 08-12-2020. Integrata yet to book,1441832200,1441832200,4551456423,-590882299,2021-07-29
8796,,93_455783582_CACEIS,1185159330,OB,OB,No-pair,fx wire,Caceis booked the fx wire for SD 03-16-2020. Integrata yet to book,1185159330,1185159330,4551456423,-590882299,2021-07-29
8797,,35_4551048988_CACEIS,1533696931,OB,OB,No-pair,fx wire,Caceis booked the fx wire for SD 10-02-2020. Integrata yet to book,1533696931,1533696931,4551456423,-590882299,2021-07-29
8798,,11_455697538_CACEIS,1069441616,OB,OB,No-pair,wire transfer,Caceis booked the wire transfer for SD 01-08-2020. Integrata yet to book,1069441616,1069441616,4551456423,-590882299,2021-07-29
8799,,369_455822501_CACEIS,1235308237,OB,OB,No-pair,fx wire,Caceis booked the fx wire for SD 04-15-2020. Integrata yet to book,1235308237,1235308237,4551456423,-590882299,2021-07-29
8800,,908_455643841_CACEIS,975323980,OB,OB,No-pair,fx wire,Caceis booked the fx wire for SD 11-08-2019. Integrata yet to book,975323980,975323980,4551456423,-590882299,2021-07-29
8801,,275_4551436806_CACEIS,2049885934,OB,OB,No-pair,fx wire,Caceis booked the fx wire for SD 07-15-2021. Integrata yet to book,2049885934,2049885934,4551456423,-590882299,2021-07-29
8802,,114_455978912_CACEIS,1441832179,OB,OB,No-pair,wire transfer,Caceis booked the wire transfer for SD 08-12-2020. Integrata yet to book,1441832179,1441832179,4551456423,-590882299,2021-07-29
8803,,18_4551044906_CACEIS,1528403575,OB,OB,No-pair,wire transfer,Caceis booked the wire transfer for SD 09-21-2020. Integrata yet to book,1528403575,1528403575,4551456423,-590882299,2021-07-29
8804,,71_4551191593_CACEIS,1722905068,OB,OB,No-pair,fx wire,Caceis booked the fx wire for SD 01-15-2021. Integrata yet to book,1722905068,1722905068,4551456423,-590882299,2021-07-29
8805,,70_4551144082_CACEIS,1659707025,OB,OB,No-pair,fees,Caceis booked the fees for SD 12-10-2020. Integrata yet to book,1659707025,1659707025,4551456423,-590882299,2021-07-29
8806,,82_455985296_CACEIS,1449581760,OB,OB,No-pair,fx wire,Caceis booked the fx wire for SD 08-17-2020. Integrata yet to book,1449581760,1449581760,4551456423,-590882299,2021-07-29
8807,,62_4551144082_CACEIS,1659707166,OB,OB,No-pair,fees,Caceis booked the fees for SD 12-10-2020. Integrata yet to book,1659707166,1659707166,4551456423,-590882299,2021-07-29
8808,,98_455900053_CACEIS,1336713142,OB,OB,No-pair,fx wire,Caceis booked the fx wire for SD 06-15-2020. Integrata yet to book,1336713142,1336713142,4551456423,-590882299,2021-07-29
8809,,71_455476582_CACEIS,691188566,OB,OB,No-pair,fx wire,Caceis booked the fx wire for SD 07-16-2019. Integrata yet to book,691188566,691188566,4551456423,-590882299,2021-07-29
8810,,97_4551248485_CACEIS,1800039552,OB,OB,No-pair,fx wire,Caceis booked the fx wire for SD 02-26-2021. Integrata yet to book,1800039552,1800039552,4551456423,-590882299,2021-07-29
8811,,46_455516633_CACEIS,760048646,OB,OB,No-pair,fx wire,Caceis booked the fx wire for SD 08-16-2019. Integrata yet to book,760048646,760048646,4551456423,-590882299,2021-07-29
8812,,6_455602007_CACEIS,902500254,OB,OB,No-pair,wire transfer,Caceis booked the wire transfer for SD 09-20-2019. Integrata yet to book,902500254,902500254,4551456423,-590882299,2021-07-29
8813,,86_455693832_CACEIS,1063035206,OB,OB,No-pair,fees,Caceis booked the fees for SD 01-06-2020. Integrata yet to book,1063035206,1063035206,4551456423,-590882299,2021-07-29
8814,,71_455783582_CACEIS,1185159286,OB,OB,No-pair,fx wire,Caceis booked the fx wire for SD 03-16-2020. Integrata yet to book,1185159286,1185159286,4551456423,-590882299,2021-07-29
8815,,127_455978912_CACEIS,1441832098,OB,OB,No-pair,wire transfer,Caceis booked the wire transfer for SD 08-12-2020. Integrata yet to book,1441832098,1441832098,4551456423,-590882299,2021-07-29
8816,,168_455693832_CACEIS,1063035284,OB,OB,No-pair,fx wire,Caceis booked the fx wire for SD 01-06-2020. Integrata yet to book,1063035284,1063035284,4551456423,-590882299,2021-07-29
8817,,423_4551023983_CACEIS,1500214244,OB,OB,No-pair,fx wire,Caceis booked the fx wire for SD 09-15-2020. Integrata yet to book,1500214244,1500214244,4551456423,-590882299,2021-07-29
8818,,137_4551060531_CACEIS,1548950749,OB,OB,No-pair,fees,Caceis booked the fees for SD 10-12-2020. Integrata yet to book,1548950749,1548950749,4551456423,-590882299,2021-07-29
8819,,363_455900053_CACEIS,1336713726,OB,OB,No-pair,fx wire,Caceis booked the fx wire for SD 06-15-2020. Integrata yet to book,1336713726,1336713726,4551456423,-590882299,2021-07-29
8820,,108_4551144082_CACEIS,1659707060,OB,OB,No-pair,fees,Caceis booked the fees for SD 12-10-2020. Integrata yet to book,1659707060,1659707060,4551456423,-590882299,2021-07-29
8821,,97_4551144082_CACEIS,1659707161,OB,OB,No-pair,fees,Caceis booked the fees for SD 12-10-2020. Integrata yet to book,1659707161,1659707161,4551456423,-590882299,2021-07-29
8822,,18_4551444588_CACEIS,2059445497,OB,OB,No-pair,fees,Caceis booked the fees for SD 07-21-2021. Integrata yet to book,2059445497,2059445497,4551456423,-590882299,2021-07-29
8823,,96_4551066313_CACEIS,1556876373,OB,OB,No-pair,fx wire,Caceis booked the fx wire for SD 10-15-2020. Integrata yet to book,1556876373,1556876373,4551456423,-590882299,2021-07-29
8824,,122_4551248485_CACEIS,1800039556,OB,OB,No-pair,fx wire,Caceis booked the fx wire for SD 02-26-2021. Integrata yet to book,1800039556,1800039556,4551456423,-590882299,2021-07-29
8825,,16_4551258322_CACEIS,1812652689,OB,OB,No-pair,fx wire,Caceis booked the fx wire for SD 03-05-2021. Integrata yet to book,1812652689,1812652689,4551456423,-590882299,2021-07-29
8826,,112_455693832_CACEIS,1063035240,OB,OB,No-pair,fees,Caceis booked the fees for SD 01-06-2020. Integrata yet to book,1063035240,1063035240,4551456423,-590882299,2021-07-29
8827,,370_455822501_CACEIS,1235308260,OB,OB,No-pair,fx wire,Caceis booked the fx wire for SD 04-15-2020. Integrata yet to book,1235308260,1235308260,4551456423,-590882299,2021-07-29
8828,,26_4551068550_CACEIS,1559437457,OB,OB,No-pair,fx wire,Caceis booked the fx wire for SD 10-16-2020. Integrata yet to book,1559437457,1559437457,4551456423,-590882299,2021-07-29
8829,,955_455822501_CACEIS,1235308684,OB,OB,No-pair,wire transfer,Caceis booked the wire transfer for SD 04-14-2020. Integrata yet to book,1235308684,1235308684,4551456423,-590882299,2021-07-29
8830,,489_455862625_CACEIS,1287003863,OB,OB,No-pair,wire transfer,Caceis booked the wire transfer for SD 05-13-2020. Integrata yet to book,1287003863,1287003863,4551456423,-590882299,2021-07-29
8831,,139_455978912_CACEIS,1441832168,OB,OB,No-pair,wire transfer,Caceis booked the wire transfer for SD 08-12-2020. Integrata yet to book,1441832168,1441832168,4551456423,-590882299,2021-07-29
8832,,149_4551060531_CACEIS,1548950682,OB,OB,No-pair,fees,Caceis booked the fees for SD 10-12-2020. Integrata yet to book,1548950682,1548950682,4551456423,-590882299,2021-07-29
8833,,481_455900053_CACEIS,1336713863,OB,OB,No-pair,fx wire,Caceis booked the fx wire for SD 06-15-2020. Integrata yet to book,1336713863,1336713863,4551456423,-590882299,2021-07-29
8834,,1417_455643841_CACEIS,975324489,OB,OB,No-pair,fx wire,Caceis booked the fx wire for SD 11-15-2019. Integrata yet to book,975324489,975324489,4551456423,-590882299,2021-07-29
8835,,378_4551066313_CACEIS,1556876670,OB,OB,No-pair,fx wire,Caceis booked the fx wire for SD 10-15-2020. Integrata yet to book,1556876670,1556876670,4551456423,-590882299,2021-07-29
8836,,757_455822501_CACEIS,1235308619,OB,OB,No-pair,wire transfer,Caceis booked the wire transfer for SD 04-14-2020. Integrata yet to book,1235308619,1235308619,4551456423,-590882299,2021-07-29
8837,,167_455693832_CACEIS,1063035316,OB,OB,No-pair,fx wire,Caceis booked the fx wire for SD 01-06-2020. Integrata yet to book,1063035316,1063035316,4551456423,-590882299,2021-07-29
8838,,200_4551232906_CACEIS,1780156571,OB,OB,No-pair,fx wire,Caceis booked the fx wire for SD 02-16-2021. Integrata yet to book,1780156571,1780156571,4551456423,-590882299,2021-07-29
8839,,33_4551171343_CACEIS,1696929213,OB,OB,No-pair,monthend interest,Caceis booked the monthend interest for SD 01-01-2021. Integrata yet to book,1696929213,1696929213,4551456423,-590882299,2021-07-29
8840,,21_4551157661_CACEIS,1677770301,OB,OB,No-pair,proceeds sell,Caceis booked the proceeds sell for SD 12-21-2020. Integrata yet to book,1677770301,1677770301,4551456423,-590882299,2021-07-29
8841,,110_4551144082_CACEIS,1659707090,OB,OB,No-pair,fees,Caceis booked the fees for SD 12-10-2020. Integrata yet to book,1659707090,1659707090,4551456423,-590882299,2021-07-29
8842,,1023_455643841_CACEIS,975324095,OB,OB,No-pair,wire transfer,Caceis booked the wire transfer for SD 11-13-2019. Integrata yet to book,975324095,975324095,4551456423,-590882299,2021-07-29
8843,,86_455782293_CACEIS,1183562964,OB,OB,No-pair,fx wire,Caceis booked the fx wire for SD 03-13-2020. Integrata yet to book,1183562964,1183562964,4551456423,-590882299,2021-07-29
8844,,102_455688261_CACEIS,1053516740,OB,OB,No-pair,fx wire,Caceis booked the fx wire for SD 12-31-2019. Integrata yet to book,1053516740,1053516740,4551456423,-590882299,2021-07-29
8845,,15_455688261_CACEIS,1053516786,OB,OB,No-pair,monthend interest,Caceis booked the monthend interest for SD 01-01-2020. Integrata yet to book,1053516786,1053516786,4551456423,-590882299,2021-07-29
8846,,875_455822501_CACEIS,1235307822,OB,OB,No-pair,fx wire,Caceis booked the fx wire for SD 04-15-2020. Integrata yet to book,1235307822,1235307822,4551456423,-590882299,2021-07-29
8847,,198_455669415_CACEIS,1020661970,OB,OB,No-pair,fx wire,Caceis booked the fx wire for SD 12-16-2019. Integrata yet to book,1020661970,1020661970,4551456423,-590882299,2021-07-29
8848,,868_455822501_CACEIS,1235308699,OB,OB,No-pair,wire transfer,Caceis booked the wire transfer for SD 04-14-2020. Integrata yet to book,1235308699,1235308699,4551456423,-590882299,2021-07-29
8849,,27_4551127906_CACEIS,1637981945,OB,OB,No-pair,monthend interest,Caceis booked the monthend interest for SD 12-01-2020. Integrata yet to book,1637981945,1637981945,4551456423,-590882299,2021-07-29
8850,,39_4551171343_CACEIS,1696929179,OB,OB,No-pair,monthend interest,Caceis booked the monthend interest for SD 01-01-2021. Integrata yet to book,1696929179,1696929179,4551456423,-590882299,2021-07-29
8851,,9_455808758_CACEIS,1217520422,OB,OB,No-pair,fx wire,Caceis booked the fx wire for SD 04-03-2020. Integrata yet to book,1217520422,1217520422,4551456423,-590882299,2021-07-29
8852,,378_455862625_CACEIS,1287003772,OB,OB,No-pair,wire transfer,Caceis booked the wire transfer for SD 05-13-2020. Integrata yet to book,1287003772,1287003772,4551456423,-590882299,2021-07-29
8853,,254_4551313388_CACEIS,1883527930,OB,OB,No-pair,fx wire,Caceis booked the fx wire for SD 04-15-2021. Integrata yet to book,1883527930,1883527930,4551456423,-590882299,2021-07-29
8854,,407_4551023983_CACEIS,1500214211,OB,OB,No-pair,fx wire,Caceis booked the fx wire for SD 09-15-2020. Integrata yet to book,1500214211,1500214211,4551456423,-590882299,2021-07-29
8855,,41_455934920_CACEIS,1383926749,OB,OB,No-pair,fees,Caceis booked the fees for SD 07-10-2020. Integrata yet to book,1383926749,1383926749,4551456423,-590882299,2021-07-29
8856,,19_455973142_CACEIS,1434649957,OB,OB,No-pair,fx wire,Caceis booked the fx wire for SD 08-07-2020. Integrata yet to book,1434649957,1434649957,4551456423,-590882299,2021-07-29
8857,,253_4551109218_CACEIS,1613286880,OB,OB,No-pair,fx wire,Caceis booked the fx wire for SD 11-16-2020. Integrata yet to book,1613286880,1613286880,4551456423,-590882299,2021-07-29
8858,,422_4551066313_CACEIS,1556876683,OB,OB,No-pair,fx wire,Caceis booked the fx wire for SD 10-15-2020. Integrata yet to book,1556876683,1556876683,4551456423,-590882299,2021-07-29
8859,,321_455706635_CACEIS,1081907792,OB,OB,No-pair,fx wire,Caceis booked the fx wire for SD 01-15-2020. Integrata yet to book,1081907792,1081907792,4551456423,-590882299,2021-07-29
8860,,346_455590588_CACEIS,883858685,OB,OB,No-pair,fx wire,Caceis booked the fx wire for SD 10-15-2019. Integrata yet to book,883858685,883858685,4551456423,-590882299,2021-07-29
8861,,40_4551349054_CACEIS,1933657803,OB,OB,No-pair,wire transfer,Caceis booked the wire transfer for SD 05-12-2021. Integrata yet to book,1933657803,1933657803,4551456423,-590882299,2021-07-29
8862,,55_455476582_CACEIS,691189633,OB,OB,No-pair,fx wire,Caceis booked the fx wire for SD 07-16-2019. Integrata yet to book,691189633,691189633,4551456423,-590882299,2021-07-29
8863,,1071_455643841_CACEIS,975324143,OB,OB,No-pair,wire transfer,Caceis booked the wire transfer for SD 11-13-2019. Integrata yet to book,975324143,975324143,4551456423,-590882299,2021-07-29
8864,,12_4551349054_CACEIS,1933657832,OB,OB,No-pair,wire transfer,Caceis booked the wire transfer for SD 05-12-2021. Integrata yet to book,1933657832,1933657832,4551456423,-590882299,2021-07-29
8865,,62_455762980_CACEIS,1156897774,OB,OB,No-pair,monthend interest,Caceis booked the monthend interest for SD 03-01-2020. Integrata yet to book,1156897774,1156897774,4551456423,-590882299,2021-07-29
8866,,362_455862625_CACEIS,1287003570,OB,OB,No-pair,wire transfer,Caceis booked the wire transfer for SD 05-13-2020. Integrata yet to book,1287003570,1287003570,4551456423,-590882299,2021-07-29
8867,,20_4551157661_CACEIS,1677770298,OB,OB,No-pair,proceeds sell,Caceis booked the proceeds sell for SD 12-21-2020. Integrata yet to book,1677770298,1677770298,4551456423,-590882299,2021-07-29
8868,,952_455822501_CACEIS,1235308660,OB,OB,No-pair,wire transfer,Caceis booked the wire transfer for SD 04-14-2020. Integrata yet to book,1235308660,1235308660,4551456423,-590882299,2021-07-29
8869,,591_4551232906_CACEIS,1780157072,OB,OB,No-pair,fx wire,Caceis booked the fx wire for SD 02-16-2021. Integrata yet to book,1780157072,1780157072,4551456423,-590882299,2021-07-29
8870,,26_4551044906_CACEIS,1528403610,OB,OB,No-pair,monthend interest,Caceis booked the monthend interest for SD 10-01-2020. Integrata yet to book,1528403610,1528403610,4551456423,-590882299,2021-07-29
8871,,383_455590588_CACEIS,883858569,OB,OB,No-pair,fx wire,Caceis booked the fx wire for SD 10-15-2019. Integrata yet to book,883858569,883858569,4551456423,-590882299,2021-07-29
8872,,34_4551264332_CACEIS,1819946010,OB,OB,No-pair,wire transfer,Caceis booked the wire transfer for SD 03-10-2021. Integrata yet to book,1819946010,1819946010,4551456423,-590882299,2021-07-29
8873,,377_455862625_CACEIS,1287003754,OB,OB,No-pair,wire transfer,Caceis booked the wire transfer for SD 05-13-2020. Integrata yet to book,1287003754,1287003754,4551456423,-590882299,2021-07-29
8874,,357_4551232906_CACEIS,1780156635,OB,OB,No-pair,fx wire,Caceis booked the fx wire for SD 02-16-2021. Integrata yet to book,1780156635,1780156635,4551456423,-590882299,2021-07-29
8875,,45_455610697_CACEIS,917943309,OB,OB,No-pair,fx wire,Caceis booked the fx wire for SD 10-18-2019. Integrata yet to book,917943309,917943309,4551456423,-590882299,2021-07-29
8876,,109_455934920_CACEIS,1383926765,OB,OB,No-pair,fees,Caceis booked the fees for SD 07-10-2020. Integrata yet to book,1383926765,1383926765,4551456423,-590882299,2021-07-29
8877,,191_455669415_CACEIS,1020661959,OB,OB,No-pair,fx wire,Caceis booked the fx wire for SD 12-16-2019. Integrata yet to book,1020661959,1020661959,4551456423,-590882299,2021-07-29
8878,,41_455736646_CACEIS,1120326861,OB,OB,No-pair,fx wire,Caceis booked the fx wire for SD 02-07-2020. Integrata yet to book,1120326861,1120326861,4551456423,-590882299,2021-07-29
8879,,1_455523612_CACEIS,772071900,OB,OB,No-pair,wire transfer,Caceis booked the wire transfer for SD 07-26-2019. Integrata yet to book,772071900,772071900,4551456423,-590882299,2021-07-29
8880,,1167_455643841_CACEIS,975324239,OB,OB,No-pair,fees,Caceis booked the fees for SD 11-13-2019. Integrata yet to book,975324239,975324239,4551456423,-590882299,2021-07-29
8881,,22_4551381021_CACEIS,1979694239,OB,OB,No-pair,wire transfer,Caceis booked the wire transfer for SD 06-04-2021. Integrata yet to book,1979694239,1979694239,4551456423,-590882299,2021-07-29
8882,,917_455822501_CACEIS,1235308596,OB,OB,No-pair,wire transfer,Caceis booked the wire transfer for SD 04-14-2020. Integrata yet to book,1235308596,1235308596,4551456423,-590882299,2021-07-29
8883,,33_4551315208_CACEIS,1885912674,OB,OB,No-pair,wire transfer,Caceis booked the wire transfer for SD 04-16-2021. Integrata yet to book,1885912674,1885912674,4551456423,-590882299,2021-07-29
8884,,62_4551011052_CACEIS,1483359669,OB,OB,No-pair,fees,Caceis booked the fees for SD 09-04-2020. Integrata yet to book,1483359669,1483359669,4551456423,-590882299,2021-07-29
8885,,57_455554115_CACEIS,824385010,OB,OB,No-pair,fx wire,Caceis booked the fx wire for SD 09-17-2019. Integrata yet to book,824385010,824385010,4551456423,-590882299,2021-07-29
8886,,342_455940640_CACEIS,1391596245,OB,OB,No-pair,fx wire,Caceis booked the fx wire for SD 07-15-2020. Integrata yet to book,1391596245,1391596245,4551456423,-590882299,2021-07-29
8887,,957_455822501_CACEIS,1235308698,OB,OB,No-pair,wire transfer,Caceis booked the wire transfer for SD 04-14-2020. Integrata yet to book,1235308698,1235308698,4551456423,-590882299,2021-07-29
8888,,19_4551254304_CACEIS,1807385754,OB,OB,No-pair,wire transfer,Caceis booked the wire transfer for SD 03-02-2021. Integrata yet to book,1807385754,1807385754,4551456423,-590882299,2021-07-29
8889,,525_455862625_CACEIS,1287004723,OB,OB,No-pair,fx wire,Caceis booked the fx wire for SD 05-15-2020. Integrata yet to book,1287004723,1287004723,4551456423,-590882299,2021-07-29
8890,,22_4551157661_CACEIS,1677770303,OB,OB,No-pair,proceeds sell,Caceis booked the proceeds sell for SD 12-21-2020. Integrata yet to book,1677770303,1677770303,4551456423,-590882299,2021-07-29
8891,,131_455978912_CACEIS,1441832127,OB,OB,No-pair,wire transfer,Caceis booked the wire transfer for SD 08-12-2020. Integrata yet to book,1441832127,1441832127,4551456423,-590882299,2021-07-29
8892,,268_455748445_CACEIS,1136275238,OB,OB,No-pair,fx wire,Caceis booked the fx wire for SD 02-18-2020. Integrata yet to book,1136275238,1136275238,4551456423,-590882299,2021-07-29
8893,,222_4551023983_CACEIS,1500214034,OB,OB,No-pair,fx wire,Caceis booked the fx wire for SD 09-15-2020. Integrata yet to book,1500214034,1500214034,4551456423,-590882299,2021-07-29
8894,,359_455940640_CACEIS,1391596207,OB,OB,No-pair,fx wire,Caceis booked the fx wire for SD 07-15-2020. Integrata yet to book,1391596207,1391596207,4551456423,-590882299,2021-07-29
8895,,238_4551436806_CACEIS,2049885931,OB,OB,No-pair,fx wire,Caceis booked the fx wire for SD 07-15-2021. Integrata yet to book,2049885931,2049885931,4551456423,-590882299,2021-07-29
8896,,101_455934920_CACEIS,1383926774,OB,OB,No-pair,fees,Caceis booked the fees for SD 07-10-2020. Integrata yet to book,1383926774,1383926774,4551456423,-590882299,2021-07-29
8897,,15_455643841_CACEIS,975323087,OB,OB,No-pair,monthend interest,Caceis booked the monthend interest for SD 10-31-2019. Integrata yet to book,975323087,975323087,4551456423,-590882299,2021-07-29
8898,,8_4551001817_CACEIS,1470676025,OB,OB,No-pair,wire transfer,Caceis booked the wire transfer for SD 08-28-2020. Integrata yet to book,1470676025,1470676025,4551456423,-590882299,2021-07-29
8899,,104_4551313388_CACEIS,1883527744,OB,OB,No-pair,fx wire,Caceis booked the fx wire for SD 04-15-2021. Integrata yet to book,1883527744,1883527744,4551456423,-590882299,2021-07-29
8900,,369_455862625_CACEIS,1287003549,OB,OB,No-pair,wire transfer,Caceis booked the wire transfer for SD 05-13-2020. Integrata yet to book,1287003549,1287003549,4551456423,-590882299,2021-07-29
8901,,22_455671061_CACEIS,1023554990,OB,OB,No-pair,wire transfer,Caceis booked the wire transfer for SD 12-17-2019. Integrata yet to book,1023554990,1023554990,4551456423,-590882299,2021-07-29
8902,,86_4551144082_CACEIS,1659707028,OB,OB,No-pair,fees,Caceis booked the fees for SD 12-10-2020. Integrata yet to book,1659707028,1659707028,4551456423,-590882299,2021-07-29
8903,,7_4551349054_CACEIS,1933657808,OB,OB,No-pair,wire transfer,Caceis booked the wire transfer for SD 05-12-2021. Integrata yet to book,1933657808,1933657808,4551456423,-590882299,2021-07-29
8904,,34_4551349054_CACEIS,1933657797,OB,OB,No-pair,wire transfer,Caceis booked the wire transfer for SD 05-12-2021. Integrata yet to book,1933657797,1933657797,4551456423,-590882299,2021-07-29
8905,,1_4551452666_CACEIS,2069926122,OB,OB,No-pair,wire transfer,Caceis booked the wire transfer for SD 07-27-2021. Integrata yet to book,2069926122,2069926122,4551456423,-590882299,2021-07-29
8906,,13_4551343376_CACEIS,1925737856,OB,OB,No-pair,fx wire,Caceis booked the fx wire for SD 05-07-2021. Integrata yet to book,1925737856,1925737856,4551456423,-590882299,2021-07-29
8907,,2_4551161435_CACEIS,1682905788,OB,OB,No-pair,proceeds sell,Caceis booked the proceeds sell for SD 12-21-2020. Integrata yet to book,1682905788,1682905788,4551456423,-590882299,2021-07-29
8908,,32_4551315208_CACEIS,1885912672,OB,OB,No-pair,wire transfer,Caceis booked the wire transfer for SD 04-16-2021. Integrata yet to book,1885912672,1885912672,4551456423,-590882299,2021-07-29
8909,,977_455643841_CACEIS,975324049,OB,OB,No-pair,fees,Caceis booked the fees for SD 11-13-2019. Integrata yet to book,975324049,975324049,4551456423,-590882299,2021-07-29
8910,,388_455748445_CACEIS,1136275164,OB,OB,No-pair,fx wire,Caceis booked the fx wire for SD 02-18-2020. Integrata yet to book,1136275164,1136275164,4551456423,-590882299,2021-07-29
8911,,112_455879764_CACEIS,1309543695,OB,OB,No-pair,monthend interest,Caceis booked the monthend interest for SD 06-01-2020. Integrata yet to book,1309543695,1309543695,4551456423,-590882299,2021-07-29
8912,,409_455985296_CACEIS,1449582229,OB,OB,No-pair,fx wire,Caceis booked the fx wire for SD 08-17-2020. Integrata yet to book,1449582229,1449582229,4551456423,-590882299,2021-07-29
8913,,137_455978912_CACEIS,1441832135,OB,OB,No-pair,wire transfer,Caceis booked the wire transfer for SD 08-12-2020. Integrata yet to book,1441832135,1441832135,4551456423,-590882299,2021-07-29
8914,,22_4551244633_CACEIS,1795375930,OB,OB,No-pair,wire transfer,Caceis booked the wire transfer for SD 02-21-2021. Integrata yet to book,1795375930,1795375930,4551456423,-590882299,2021-07-29
8915,,161_4551023983_CACEIS,1500213878,OB,OB,No-pair,fx wire,Caceis booked the fx wire for SD 09-15-2020. Integrata yet to book,1500213878,1500213878,4551456423,-590882299,2021-07-29
8916,,33_4551430779_CACEIS,2043021950,OB,OB,No-pair,wire transfer,Caceis booked the wire transfer for SD 07-12-2021. Integrata yet to book,2043021950,2043021950,4551456423,-590882299,2021-07-29
8917,,83_455669415_CACEIS,1020661832,OB,OB,No-pair,fx wire,Caceis booked the fx wire for SD 12-16-2019. Integrata yet to book,1020661832,1020661832,4551456423,-590882299,2021-07-29
8918,,61_455862625_CACEIS,1287002813,OB,OB,No-pair,fx wire,Caceis booked the fx wire for SD 05-15-2020. Integrata yet to book,1287002813,1287002813,4551456423,-590882299,2021-07-29
8919,,34_4551048988_CACEIS,1533696959,OB,OB,No-pair,fx wire,Caceis booked the fx wire for SD 10-02-2020. Integrata yet to book,1533696959,1533696959,4551456423,-590882299,2021-07-29
8920,,1059_455643841_CACEIS,975324131,OB,OB,No-pair,fees,Caceis booked the fees for SD 11-13-2019. Integrata yet to book,975324131,975324131,4551456423,-590882299,2021-07-29
8921,,34_455826113_CACEIS,1239393745,OB,OB,No-pair,fx wire,Caceis booked the fx wire for SD 04-17-2020. Integrata yet to book,1239393745,1239393745,4551456423,-590882299,2021-07-29
8922,,147_4551144082_CACEIS,1659707176,OB,OB,No-pair,fees,Caceis booked the fees for SD 12-10-2020. Integrata yet to book,1659707176,1659707176,4551456423,-590882299,2021-07-29
8923,,163_455862625_CACEIS,1287003312,OB,OB,No-pair,fx wire,Caceis booked the fx wire for SD 05-15-2020. Integrata yet to book,1287003312,1287003312,4551456423,-590882299,2021-07-29
8924,,104_455879764_CACEIS,1309543732,OB,OB,No-pair,monthend interest,Caceis booked the monthend interest for SD 06-01-2020. Integrata yet to book,1309543732,1309543732,4551456423,-590882299,2021-07-29
8925,,885_455643841_CACEIS,975323957,OB,OB,No-pair,wire transfer,Caceis booked the wire transfer for SD 11-04-2019. Integrata yet to book,975323957,975323957,4551456423,-590882299,2021-07-29
8926,,73_4551044906_CACEIS,1528403637,OB,OB,No-pair,monthend interest,Caceis booked the monthend interest for SD 10-01-2020. Integrata yet to book,1528403637,1528403637,4551456423,-590882299,2021-07-29
8927,,142_455978912_CACEIS,1441832216,OB,OB,No-pair,wire transfer,Caceis booked the wire transfer for SD 08-12-2020. Integrata yet to book,1441832216,1441832216,4551456423,-590882299,2021-07-29
8928,,114_4551394628_CACEIS,1997244786,OB,OB,No-pair,fx wire,Caceis booked the fx wire for SD 06-15-2021. Integrata yet to book,1997244786,1997244786,4551456423,-590882299,2021-07-29
8929,,20_4551239617_CACEIS,1789074846,OB,OB,No-pair,fx wire,Caceis booked the fx wire for SD 02-19-2021. Integrata yet to book,1789074846,1789074846,4551456423,-590882299,2021-07-29
8930,,71_4551311496_CACEIS,1881180004,OB,OB,No-pair,fees,Caceis booked the fees for SD 04-14-2021. Integrata yet to book,1881180004,1881180004,4551456423,-590882299,2021-07-29
8931,,60_455586694_CACEIS,876699158,OB,OB,No-pair,fx wire,Caceis booked the fx wire for SD 10-11-2019. Integrata yet to book,876699158,876699158,4551456423,-590882299,2021-07-29
8932,,4_455923571_CACEIS,1369374357,OB,OB,No-pair,wire transfer,Caceis booked the wire transfer for SD 05-29-2020. Integrata yet to book,1369374357,1369374357,4551456423,-590882299,2021-07-29
8933,,170_4551232906_CACEIS,1780156594,OB,OB,No-pair,fx wire,Caceis booked the fx wire for SD 02-16-2021. Integrata yet to book,1780156594,1780156594,4551456423,-590882299,2021-07-29
8934,,10_4551037369_CACEIS,1518452140,OB,OB,No-pair,wire transfer,Caceis booked the wire transfer for SD 09-24-2020. Integrata yet to book,1518452140,1518452140,4551456423,-590882299,2021-07-29
8935,,134_4551149959_CACEIS,1667622981,OB,OB,No-pair,fx wire,Caceis booked the fx wire for SD 12-15-2020. Integrata yet to book,1667622981,1667622981,4551456423,-590882299,2021-07-29
8936,,418_455748445_CACEIS,1136275445,OB,OB,No-pair,fx wire,Caceis booked the fx wire for SD 02-18-2020. Integrata yet to book,1136275445,1136275445,4551456423,-590882299,2021-07-29
8937,,120_455978912_CACEIS,1441832189,OB,OB,No-pair,wire transfer,Caceis booked the wire transfer for SD 08-12-2020. Integrata yet to book,1441832189,1441832189,4551456423,-590882299,2021-07-29
8938,,238_4551066313_CACEIS,1556876239,OB,OB,No-pair,fx wire,Caceis booked the fx wire for SD 10-15-2020. Integrata yet to book,1556876239,1556876239,4551456423,-590882299,2021-07-29
8939,,25_4551087502_CACEIS,1584326603,OB,OB,No-pair,monthend interest,Caceis booked the monthend interest for SD 11-01-2020. Integrata yet to book,1584326603,1584326603,4551456423,-590882299,2021-07-29
8940,,239_4551248485_CACEIS,1800039559,OB,OB,No-pair,fx wire,Caceis booked the fx wire for SD 02-26-2021. Integrata yet to book,1800039559,1800039559,4551456423,-590882299,2021-07-29
8941,,243_4551248485_CACEIS,1800039554,OB,OB,No-pair,fx wire,Caceis booked the fx wire for SD 02-26-2021. Integrata yet to book,1800039554,1800039554,4551456423,-590882299,2021-07-29
8942,,6_455709628_CACEIS,1085770911,OB,OB,No-pair,fx wire,Caceis booked the fx wire for SD 01-17-2020. Integrata yet to book,1085770911,1085770911,4551456423,-590882299,2021-07-29
8943,,55_455442954_CACEIS,637183873,OB,OB,No-pair,fx wire,Caceis booked the fx wire for SD 06-17-2019. Integrata yet to book,637183873,637183873,4551456423,-590882299,2021-07-29
8944,,6_455712797_CACEIS,1089914045,OB,OB,No-pair,wire transfer,Caceis booked the wire transfer for SD 01-21-2020. Integrata yet to book,1089914045,1089914045,4551456423,-590882299,2021-07-29
8945,,93_4551311496_CACEIS,1881179953,OB,OB,No-pair,fees,Caceis booked the fees for SD 04-14-2021. Integrata yet to book,1881179953,1881179953,4551456423,-590882299,2021-07-29
8946,,6_455499153_CACEIS,729733299,OB,OB,No-pair,fx wire,Caceis booked the fx wire for SD 08-02-2019. Integrata yet to book,729733299,729733299,4551456423,-590882299,2021-07-29
8947,,136_455822501_CACEIS,1235308193,OB,OB,No-pair,fx wire,Caceis booked the fx wire for SD 04-15-2020. Integrata yet to book,1235308193,1235308193,4551456423,-590882299,2021-07-29
8948,,343_455862625_CACEIS,1287003855,OB,OB,No-pair,fx wire,Caceis booked the fx wire for SD 05-15-2020. Integrata yet to book,1287003855,1287003855,4551456423,-590882299,2021-07-29
8949,,122_455978912_CACEIS,1441832224,OB,OB,No-pair,wire transfer,Caceis booked the wire transfer for SD 08-12-2020. Integrata yet to book,1441832224,1441832224,4551456423,-590882299,2021-07-29
8950,,115_4551311496_CACEIS,1881179971,OB,OB,No-pair,wire transfer,Caceis booked the wire transfer for SD 04-14-2021. Integrata yet to book,1881179971,1881179971,4551456423,-590882299,2021-07-29
8951,,83_455934920_CACEIS,1383926691,OB,OB,No-pair,fees,Caceis booked the fees for SD 07-10-2020. Integrata yet to book,1383926691,1383926691,4551456423,-590882299,2021-07-29
8952,,1142_455643841_CACEIS,975324214,OB,OB,No-pair,fees,Caceis booked the fees for SD 11-13-2019. Integrata yet to book,975324214,975324214,4551456423,-590882299,2021-07-29
8953,,35_455853613_CACEIS,1275438498,OB,OB,No-pair,fx wire,Caceis booked the fx wire for SD 05-08-2020. Integrata yet to book,1275438498,1275438498,4551456423,-590882299,2021-07-29
8954,,26_4551157661_CACEIS,1677770309,OB,OB,No-pair,proceeds sell,Caceis booked the proceeds sell for SD 12-21-2020. Integrata yet to book,1677770309,1677770309,4551456423,-590882299,2021-07-29
8955,,6_4551042956_CACEIS,1525553081,OB,OB,No-pair,wire transfer,Caceis booked the wire transfer for SD 09-21-2020. Integrata yet to book,1525553081,1525553081,4551456423,-590882299,2021-07-29
8956,,35_455826113_CACEIS,1239393748,OB,OB,No-pair,fx wire,Caceis booked the fx wire for SD 04-17-2020. Integrata yet to book,1239393748,1239393748,4551456423,-590882299,2021-07-29
8957,,93_455822501_CACEIS,1235307942,OB,OB,No-pair,fx wire,Caceis booked the fx wire for SD 04-15-2020. Integrata yet to book,1235307942,1235307942,4551456423,-590882299,2021-07-29
8958,,372_455862625_CACEIS,1287003643,OB,OB,No-pair,wire transfer,Caceis booked the wire transfer for SD 05-13-2020. Integrata yet to book,1287003643,1287003643,4551456423,-590882299,2021-07-29
8959,,93_455554115_CACEIS,824385096,OB,OB,No-pair,fx wire,Caceis booked the fx wire for SD 09-17-2019. Integrata yet to book,824385096,824385096,4551456423,-590882299,2021-07-29
8960,,284_4551109218_CACEIS,1613286806,OB,OB,No-pair,fx wire,Caceis booked the fx wire for SD 11-16-2020. Integrata yet to book,1613286806,1613286806,4551456423,-590882299,2021-07-29
8961,,132_455978912_CACEIS,1441832143,OB,OB,No-pair,wire transfer,Caceis booked the wire transfer for SD 08-12-2020. Integrata yet to book,1441832143,1441832143,4551456423,-590882299,2021-07-29
8962,,263_4551210754_CACEIS,1748958364,OB,OB,No-pair,monthend interest,Caceis booked the monthend interest for SD 02-01-2021. Integrata yet to book,1748958364,1748958364,4551456423,-590882299,2021-07-29
8963,,98_4551311496_CACEIS,1881179984,OB,OB,No-pair,fees,Caceis booked the fees for SD 04-14-2021. Integrata yet to book,1881179984,1881179984,4551456423,-590882299,2021-07-29
8964,,14_4551430779_CACEIS,2043021983,OB,OB,No-pair,wire transfer,Caceis booked the wire transfer for SD 07-12-2021. Integrata yet to book,2043021983,2043021983,4551456423,-590882299,2021-07-29
8965,,52_455822501_CACEIS,1235307899,OB,OB,No-pair,fx wire,Caceis booked the fx wire for SD 04-15-2020. Integrata yet to book,1235307899,1235307899,4551456423,-590882299,2021-07-29
8966,,405_455985296_CACEIS,1449582141,OB,OB,No-pair,fx wire,Caceis booked the fx wire for SD 08-17-2020. Integrata yet to book,1449582141,1449582141,4551456423,-590882299,2021-07-29
8967,,2_455499153_CACEIS,729733295,OB,OB,No-pair,fx wire,Caceis booked the fx wire for SD 08-02-2019. Integrata yet to book,729733295,729733295,4551456423,-590882299,2021-07-29
8968,,484_455900053_CACEIS,1336713882,OB,OB,No-pair,fx wire,Caceis booked the fx wire for SD 06-15-2020. Integrata yet to book,1336713882,1336713882,4551456423,-590882299,2021-07-29
8969,,29_4551157661_CACEIS,1677770265,OB,OB,No-pair,proceeds sell,Caceis booked the proceeds sell for SD 12-21-2020. Integrata yet to book,1677770265,1677770265,4551456423,-590882299,2021-07-29
8970,,4_455810647_CACEIS,1220317306,OB,OB,No-pair,wire transfer,Caceis booked the wire transfer for SD 04-06-2020. Integrata yet to book,1220317306,1220317306,4551456423,-590882299,2021-07-29
8971,,955_455643841_CACEIS,975324027,OB,OB,No-pair,fees,Caceis booked the fees for SD 11-13-2019. Integrata yet to book,975324027,975324027,4551456423,-590882299,2021-07-29
8972,,7_455889377_CACEIS,1323110248,OB,OB,No-pair,fx wire,Caceis booked the fx wire for SD 06-05-2020. Integrata yet to book,1323110248,1323110248,4551456423,-590882299,2021-07-29
8973,,381_455822501_CACEIS,1235308291,OB,OB,No-pair,fx wire,Caceis booked the fx wire for SD 04-15-2020. Integrata yet to book,1235308291,1235308291,4551456423,-590882299,2021-07-29
8974,,30_4551157661_CACEIS,1677770269,OB,OB,No-pair,proceeds sell,Caceis booked the proceeds sell for SD 12-21-2020. Integrata yet to book,1677770269,1677770269,4551456423,-590882299,2021-07-29
8975,,213_455940640_CACEIS,1391596108,OB,OB,No-pair,fx wire,Caceis booked the fx wire for SD 07-15-2020. Integrata yet to book,1391596108,1391596108,4551456423,-590882299,2021-07-29
8976,,65_455442954_CACEIS,637183860,OB,OB,No-pair,fx wire,Caceis booked the fx wire for SD 06-17-2019. Integrata yet to book,637183860,637183860,4551456423,-590882299,2021-07-29
8977,,111_306589_CACEIS,433998249,OB,OB,No-pair,fx wire,Caceis booked the fx wire for SD 02-15-2019. Integrata yet to book,433998249,433998249,4551456423,-590882299,2021-07-29
8978,,441_455862625_CACEIS,1287003585,OB,OB,No-pair,wire transfer,Caceis booked the wire transfer for SD 05-13-2020. Integrata yet to book,1287003585,1287003585,4551456423,-590882299,2021-07-29
8979,,22_4551430779_CACEIS,2043022002,OB,OB,No-pair,wire transfer,Caceis booked the wire transfer for SD 07-12-2021. Integrata yet to book,2043022002,2043022002,4551456423,-590882299,2021-07-29
8980,,70_4551311496_CACEIS,1881179913,OB,OB,No-pair,fees,Caceis booked the fees for SD 04-14-2021. Integrata yet to book,1881179913,1881179913,4551456423,-590882299,2021-07-29
8981,,374_455822501_CACEIS,1235308374,OB,OB,No-pair,fx wire,Caceis booked the fx wire for SD 04-15-2020. Integrata yet to book,1235308374,1235308374,4551456423,-590882299,2021-07-29
8982,,147_455934920_CACEIS,1383926835,OB,OB,No-pair,wire transfer,Caceis booked the wire transfer for SD 07-10-2020. Integrata yet to book,1383926835,1383926835,4551456423,-590882299,2021-07-29
8983,,37_455736646_CACEIS,1120326858,OB,OB,No-pair,fx wire,Caceis booked the fx wire for SD 02-07-2020. Integrata yet to book,1120326858,1120326858,4551456423,-590882299,2021-07-29
8984,,2_4551127906_CACEIS,1637981907,OB,OB,No-pair,monthend interest,Caceis booked the monthend interest for SD 12-01-2020. Integrata yet to book,1637981907,1637981907,4551456423,-590882299,2021-07-29
8985,,42_455610697_CACEIS,917943306,OB,OB,No-pair,fx wire,Caceis booked the fx wire for SD 10-18-2019. Integrata yet to book,917943306,917943306,4551456423,-590882299,2021-07-29
8986,,811_455862625_CACEIS,1287005209,OB,OB,No-pair,fx wire,Caceis booked the fx wire for SD 05-15-2020. Integrata yet to book,1287005209,1287005209,4551456423,-590882299,2021-07-29
8987,,354_455862625_CACEIS,1287003519,OB,OB,No-pair,wire transfer,Caceis booked the wire transfer for SD 05-13-2020. Integrata yet to book,1287003519,1287003519,4551456423,-590882299,2021-07-29
8988,,4_4551430779_CACEIS,2043021960,OB,OB,No-pair,wire transfer,Caceis booked the wire transfer for SD 07-12-2021. Integrata yet to book,2043021960,2043021960,4551456423,-590882299,2021-07-29
8989,,29_455775994_CACEIS,1174727504,OB,OB,No-pair,fees,Caceis booked the fees for SD 03-09-2020. Integrata yet to book,1174727504,1174727504,4551456423,-590882299,2021-07-29
8990,,23_4551157661_CACEIS,1677770305,OB,OB,No-pair,proceeds sell,Caceis booked the proceeds sell for SD 12-21-2020. Integrata yet to book,1677770305,1677770305,4551456423,-590882299,2021-07-29
8991,,15_455973142_CACEIS,1434650119,OB,OB,No-pair,wire transfer,Caceis booked the wire transfer for SD 07-27-2020. Integrata yet to book,1434650119,1434650119,4551456423,-590882299,2021-07-29
8992,,253_4551394628_CACEIS,1997244662,OB,OB,No-pair,fx wire,Caceis booked the fx wire for SD 06-15-2021. Integrata yet to book,1997244662,1997244662,4551456423,-590882299,2021-07-29
8993,,943_455822501_CACEIS,1235308784,OB,OB,No-pair,fx wire,Caceis booked the fx wire for SD 04-15-2020. Integrata yet to book,1235308784,1235308784,4551456423,-590882299,2021-07-29
8994,,31_4551157661_CACEIS,1677770271,OB,OB,No-pair,proceeds sell,Caceis booked the proceeds sell for SD 12-21-2020. Integrata yet to book,1677770271,1677770271,4551456423,-590882299,2021-07-29
8995,,1138_455643841_CACEIS,975324210,OB,OB,No-pair,fees,Caceis booked the fees for SD 11-13-2019. Integrata yet to book,975324210,975324210,4551456423,-590882299,2021-07-29
8996,,51_455808758_CACEIS,1217520386,OB,OB,No-pair,fx wire,Caceis booked the fx wire for SD 04-03-2020. Integrata yet to book,1217520386,1217520386,4551456423,-590882299,2021-07-29
8997,,140_455978912_CACEIS,1441832123,OB,OB,No-pair,fees,Caceis booked the fees for SD 08-12-2020. Integrata yet to book,1441832123,1441832123,4551456423,-590882299,2021-07-29
8998,,265_4551394628_CACEIS,1997244745,OB,OB,No-pair,fx wire,Caceis booked the fx wire for SD 06-15-2021. Integrata yet to book,1997244745,1997244745,4551456423,-590882299,2021-07-29
8999,,6_4551244633_CACEIS,1795375808,OB,OB,No-pair,proceeds sell,Caceis booked the proceeds sell for SD 02-22-2021. Integrata yet to book,1795375808,1795375808,4551456423,-590882299,2021-07-29
9000,,38_455669415_CACEIS,1020661744,OB,OB,No-pair,fx wire,Caceis booked the fx wire for SD 12-16-2019. Integrata yet to book,1020661744,1020661744,4551456423,-590882299,2021-07-29
9001,,1_4551337567_CACEIS,1917624430,OB,OB,No-pair,wire transfer,Caceis booked the wire transfer for SD 05-04-2021. Integrata yet to book,1917624430,1917624430,4551456423,-590882299,2021-07-29
9002,,488_455862625_CACEIS,1287003847,OB,OB,No-pair,wire transfer,Caceis booked the wire transfer for SD 05-13-2020. Integrata yet to book,1287003847,1287003847,4551456423,-590882299,2021-07-29
9003,,131_4551201062_CACEIS,1734565946,OB,OB,No-pair,fx wire,Caceis booked the fx wire for SD 01-22-2021. Integrata yet to book,1734565946,1734565946,4551456423,-590882299,2021-07-29
9004,,301_455669415_CACEIS,1020662055,OB,OB,No-pair,fx wire,Caceis booked the fx wire for SD 12-16-2019. Integrata yet to book,1020662055,1020662055,4551456423,-590882299,2021-07-29
9005,,6_455788772_CACEIS,1191824880,OB,OB,No-pair,wire transfer,Caceis booked the wire transfer for SD 03-19-2020. Integrata yet to book,1191824880,1191824880,4551456423,-590882299,2021-07-29
9006,,65_455610697_CACEIS,917943329,OB,OB,No-pair,fx wire,Caceis booked the fx wire for SD 10-18-2019. Integrata yet to book,917943329,917943329,4551456423,-590882299,2021-07-29
9007,,73_455726980_CACEIS,1107942538,OB,OB,No-pair,monthend interest,Caceis booked the monthend interest for SD 02-01-2020. Integrata yet to book,1107942538,1107942538,4551456423,-590882299,2021-07-29
9008,,30_4551430779_CACEIS,2043021942,OB,OB,No-pair,wire transfer,Caceis booked the wire transfer for SD 07-12-2021. Integrata yet to book,2043021942,2043021942,4551456423,-590882299,2021-07-29
9009,,24_455820754_CACEIS,1233177674,OB,OB,No-pair,wire transfer,Caceis booked the wire transfer for SD 04-14-2020. Integrata yet to book,1233177674,1233177674,4551456423,-590882299,2021-07-29
9010,,11_4551188298_CACEIS,1718045061,OB,OB,No-pair,wire transfer,Caceis booked the wire transfer for SD 01-13-2021. Integrata yet to book,1718045061,1718045061,4551456423,-590882299,2021-07-29
9011,,23_4551373621_CACEIS,1970229486,OB,OB,No-pair,monthend interest,Caceis booked the monthend interest for SD 06-01-2021. Integrata yet to book,1970229486,1970229486,4551456423,-590882299,2021-07-29
9012,,279_4551109218_CACEIS,1613286827,OB,OB,No-pair,fx wire,Caceis booked the fx wire for SD 11-16-2020. Integrata yet to book,1613286827,1613286827,4551456423,-590882299,2021-07-29
9013,,152_455978912_CACEIS,1441832178,OB,OB,No-pair,wire transfer,Caceis booked the wire transfer for SD 08-12-2020. Integrata yet to book,1441832178,1441832178,4551456423,-590882299,2021-07-29
9014,,133_4551109218_CACEIS,1613286830,OB,OB,No-pair,fx wire,Caceis booked the fx wire for SD 11-16-2020. Integrata yet to book,1613286830,1613286830,4551456423,-590882299,2021-07-29
9015,,24_455663909_CACEIS,1011570652,OB,OB,No-pair,wire transfer,Caceis booked the wire transfer for SD 12-11-2019. Integrata yet to book,1011570652,1011570652,4551456423,-590882299,2021-07-29
9016,,8_4551155693_CACEIS,1675163278,OB,OB,No-pair,fx wire,Caceis booked the fx wire for SD 12-18-2020. Integrata yet to book,1675163278,1675163278,4551456423,-590882299,2021-07-29
9017,,92_4551201062_CACEIS,1734565937,OB,OB,No-pair,fx wire,Caceis booked the fx wire for SD 01-22-2021. Integrata yet to book,1734565937,1734565937,4551456423,-590882299,2021-07-29
9018,,48_455688261_CACEIS,1053516756,OB,OB,No-pair,monthend interest,Caceis booked the monthend interest for SD 01-01-2020. Integrata yet to book,1053516756,1053516756,4551456423,-590882299,2021-07-29
9019,,94_4551201062_CACEIS,1734565934,OB,OB,No-pair,fx wire,Caceis booked the fx wire for SD 01-22-2021. Integrata yet to book,1734565934,1734565934,4551456423,-590882299,2021-07-29
9020,,240_455748445_CACEIS,1136275237,OB,OB,No-pair,fx wire,Caceis booked the fx wire for SD 02-18-2020. Integrata yet to book,1136275237,1136275237,4551456423,-590882299,2021-07-29
9021,,277_4551109218_CACEIS,1613286837,OB,OB,No-pair,fx wire,Caceis booked the fx wire for SD 11-16-2020. Integrata yet to book,1613286837,1613286837,4551456423,-590882299,2021-07-29
9022,,5_455770517_CACEIS,1167491758,OB,OB,No-pair,wire transfer,Caceis booked the wire transfer for SD 03-05-2020. Integrata yet to book,1167491758,1167491758,4551456423,-590882299,2021-07-29
9023,,6_4551168254_CACEIS,1691686487,OB,OB,No-pair,wire transfer,Caceis booked the wire transfer for SD 12-29-2020. Integrata yet to book,1691686487,1691686487,4551456423,-590882299,2021-07-29
9024,,28_455775994_CACEIS,1174727502,OB,OB,No-pair,fees,Caceis booked the fees for SD 03-09-2020. Integrata yet to book,1174727502,1174727502,4551456423,-590882299,2021-07-29
9025,,434_455862625_CACEIS,1287003766,OB,OB,No-pair,wire transfer,Caceis booked the wire transfer for SD 05-13-2020. Integrata yet to book,1287003766,1287003766,4551456423,-590882299,2021-07-29
9026,,29_455991947_CACEIS,1458088747,OB,OB,No-pair,wire transfer,Caceis booked the wire transfer for SD 08-21-2020. Integrata yet to book,1458088747,1458088747,4551456423,-590882299,2021-07-29
9027,,58_455688261_CACEIS,1053516680,OB,OB,No-pair,fx wire,Caceis booked the fx wire for SD 12-31-2019. Integrata yet to book,1053516680,1053516680,4551456423,-590882299,2021-07-29
9028,,2_455662172_CACEIS,1008560369,OB,OB,No-pair,wire transfer,Caceis booked the wire transfer for SD 12-10-2019. Integrata yet to book,1008560369,1008560369,4551456423,-590882299,2021-07-29
9029,,42_455693832_CACEIS,1063035174,OB,OB,No-pair,wire transfer,Caceis booked the wire transfer for SD 01-06-2020. Integrata yet to book,1063035174,1063035174,4551456423,-590882299,2021-07-29
9030,,29_4551430779_CACEIS,2043021930,OB,OB,No-pair,wire transfer,Caceis booked the wire transfer for SD 07-12-2021. Integrata yet to book,2043021930,2043021930,4551456423,-590882299,2021-07-29
9031,,145_455978912_CACEIS,1441832153,OB,OB,No-pair,fees,Caceis booked the fees for SD 08-12-2020. Integrata yet to book,1441832153,1441832153,4551456423,-590882299,2021-07-29
9032,,69_455934920_CACEIS,1383926789,OB,OB,No-pair,wire transfer,Caceis booked the wire transfer for SD 07-10-2020. Integrata yet to book,1383926789,1383926789,4551456423,-590882299,2021-07-29
9033,,20_455864447_CACEIS,1289293327,OB,OB,No-pair,wire transfer,Caceis booked the wire transfer for SD 05-18-2020. Integrata yet to book,1289293327,1289293327,4551456423,-590882299,2021-07-29
9034,,11_4551134044_CACEIS,1646944674,OB,OB,No-pair,proceeds sell,Caceis booked the proceeds sell for SD 12-03-2020. Integrata yet to book,1646944674,1646944674,4551456423,-590882299,2021-07-29
9035,,756_455862625_CACEIS,1287005218,OB,OB,No-pair,fx wire,Caceis booked the fx wire for SD 05-15-2020. Integrata yet to book,1287005218,1287005218,4551456423,-590882299,2021-07-29
9036,,87_4551269721_CACEIS,1827473925,OB,OB,No-pair,fx wire,Caceis booked the fx wire for SD 03-15-2021. Integrata yet to book,1827473925,1827473925,4551456423,-590882299,2021-07-29
9037,,4_455757527_CACEIS,1148579920,OB,OB,No-pair,wire transfer,Caceis booked the wire transfer for SD 01-15-2020. Integrata yet to book,1148579920,1148579920,4551456423,-590882299,2021-07-29
9038,,20_4551250853_CACEIS,1802932497,OB,OB,No-pair,wire transfer,Caceis booked the wire transfer for SD 03-01-2021. Integrata yet to book,1802932497,1802932497,4551456423,-590882299,2021-07-29
9039,,153_455693832_CACEIS,1063035191,OB,OB,No-pair,fees,Caceis booked the fees for SD 01-06-2020. Integrata yet to book,1063035191,1063035191,4551456423,-590882299,2021-07-29
9040,,17_4551373621_CACEIS,1970229498,OB,OB,No-pair,monthend interest,Caceis booked the monthend interest for SD 06-01-2021. Integrata yet to book,1970229498,1970229498,4551456423,-590882299,2021-07-29
9041,,377_455822501_CACEIS,1235308278,OB,OB,No-pair,fx wire,Caceis booked the fx wire for SD 04-15-2020. Integrata yet to book,1235308278,1235308278,4551456423,-590882299,2021-07-29
9042,,140_4551248485_CACEIS,1800039415,OB,OB,No-pair,fx wire,Caceis booked the fx wire for SD 02-26-2021. Integrata yet to book,1800039415,1800039415,4551456423,-590882299,2021-07-29
9043,,152_4551232906_CACEIS,1780156532,OB,OB,No-pair,fx wire,Caceis booked the fx wire for SD 02-16-2021. Integrata yet to book,1780156532,1780156532,4551456423,-590882299,2021-07-29
9044,,403_455783582_CACEIS,1185159580,OB,OB,No-pair,fx wire,Caceis booked the fx wire for SD 03-16-2020. Integrata yet to book,1185159580,1185159580,4551456423,-590882299,2021-07-29
9045,,218_455783582_CACEIS,1185159444,OB,OB,No-pair,fx wire,Caceis booked the fx wire for SD 03-16-2020. Integrata yet to book,1185159444,1185159444,4551456423,-590882299,2021-07-29
9046,,173_4551191593_CACEIS,1722905210,OB,OB,No-pair,fx wire,Caceis booked the fx wire for SD 01-15-2021. Integrata yet to book,1722905210,1722905210,4551456423,-590882299,2021-07-29
9047,,5_4551095433_CACEIS,1594567287,OB,OB,No-pair,wire transfer,Caceis booked the wire transfer for SD 11-05-2020. Integrata yet to book,1594567287,1594567287,4551456423,-590882299,2021-07-29
9048,,207_4551066313_CACEIS,1556876476,OB,OB,No-pair,fx wire,Caceis booked the fx wire for SD 10-15-2020. Integrata yet to book,1556876476,1556876476,4551456423,-590882299,2021-07-29
9049,,253_455783582_CACEIS,1185159415,OB,OB,No-pair,fx wire,Caceis booked the fx wire for SD 03-16-2020. Integrata yet to book,1185159415,1185159415,4551456423,-590882299,2021-07-29
9050,,771_455822501_CACEIS,1235308661,OB,OB,No-pair,fx wire,Caceis booked the fx wire for SD 04-15-2020. Integrata yet to book,1235308661,1235308661,4551456423,-590882299,2021-07-29
9051,,333_4551023983_CACEIS,1500214137,OB,OB,No-pair,fx wire,Caceis booked the fx wire for SD 09-15-2020. Integrata yet to book,1500214137,1500214137,4551456423,-590882299,2021-07-29
9052,,52_4551127906_CACEIS,1637981963,OB,OB,No-pair,monthend interest,Caceis booked the monthend interest for SD 12-01-2020. Integrata yet to book,1637981963,1637981963,4551456423,-590882299,2021-07-29
9053,,37_455706635_CACEIS,1081907324,OB,OB,No-pair,fx wire,Caceis booked the fx wire for SD 01-15-2020. Integrata yet to book,1081907324,1081907324,4551456423,-590882299,2021-07-29
9054,,68_455934920_CACEIS,1383926775,OB,OB,No-pair,wire transfer,Caceis booked the wire transfer for SD 07-10-2020. Integrata yet to book,1383926775,1383926775,4551456423,-590882299,2021-07-29
9055,,26_455693832_CACEIS,1063035276,OB,OB,No-pair,wire transfer,Caceis booked the wire transfer for SD 01-06-2020. Integrata yet to book,1063035276,1063035276,4551456423,-590882299,2021-07-29
9056,,79_455900053_CACEIS,1336713105,OB,OB,No-pair,fx wire,Caceis booked the fx wire for SD 06-15-2020. Integrata yet to book,1336713105,1336713105,4551456423,-590882299,2021-07-29
9057,,75_455706635_CACEIS,1081907282,OB,OB,No-pair,fx wire,Caceis booked the fx wire for SD 01-15-2020. Integrata yet to book,1081907282,1081907282,4551456423,-590882299,2021-07-29
9058,,113_455978912_CACEIS,1441832169,OB,OB,No-pair,wire transfer,Caceis booked the wire transfer for SD 08-12-2020. Integrata yet to book,1441832169,1441832169,4551456423,-590882299,2021-07-29
9059,,169_455934920_CACEIS,1383926816,OB,OB,No-pair,fx wire,Caceis booked the fx wire for SD 07-10-2020. Integrata yet to book,1383926816,1383926816,4551456423,-590882299,2021-07-29
9060,,45_306589_CACEIS,433998197,OB,OB,No-pair,fx wire,Caceis booked the fx wire for SD 02-15-2019. Integrata yet to book,433998197,433998197,4551456423,-590882299,2021-07-29
9061,,105_306589_CACEIS,433998200,OB,OB,No-pair,fx wire,Caceis booked the fx wire for SD 02-15-2019. Integrata yet to book,433998200,433998200,4551456423,-590882299,2021-07-29
9062,,333_455900053_CACEIS,1336713757,OB,OB,No-pair,fx wire,Caceis booked the fx wire for SD 06-15-2020. Integrata yet to book,1336713757,1336713757,4551456423,-590882299,2021-07-29
9063,,83_4551269721_CACEIS,1827473880,OB,OB,No-pair,fx wire,Caceis booked the fx wire for SD 03-15-2021. Integrata yet to book,1827473880,1827473880,4551456423,-590882299,2021-07-29
9064,,1095_455643841_CACEIS,975324167,OB,OB,No-pair,fees,Caceis booked the fees for SD 11-13-2019. Integrata yet to book,975324167,975324167,4551456423,-590882299,2021-07-29
9065,,63_306589_CACEIS,433998250,OB,OB,No-pair,fx wire,Caceis booked the fx wire for SD 02-15-2019. Integrata yet to book,433998250,433998250,4551456423,-590882299,2021-07-29
9066,,175_455862625_CACEIS,1287002762,OB,OB,No-pair,fx wire,Caceis booked the fx wire for SD 05-15-2020. Integrata yet to book,1287002762,1287002762,4551456423,-590882299,2021-07-29
9067,,74_455742022_CACEIS,1127725728,OB,OB,No-pair,wire transfer,Caceis booked the wire transfer for SD 02-12-2020. Integrata yet to book,1127725728,1127725728,4551456423,-590882299,2021-07-29
9068,,164_455978912_CACEIS,1441832170,OB,OB,No-pair,fees,Caceis booked the fees for SD 08-12-2020. Integrata yet to book,1441832170,1441832170,4551456423,-590882299,2021-07-29
9069,,121_455900053_CACEIS,1336713255,OB,OB,No-pair,fx wire,Caceis booked the fx wire for SD 06-15-2020. Integrata yet to book,1336713255,1336713255,4551456423,-590882299,2021-07-29
9070,,63_4551149959_CACEIS,1667622905,OB,OB,No-pair,fx wire,Caceis booked the fx wire for SD 12-15-2020. Integrata yet to book,1667622905,1667622905,4551456423,-590882299,2021-07-29
9071,,7_455978912_CACEIS,1441832128,OB,OB,No-pair,fees,Caceis booked the fees for SD 08-12-2020. Integrata yet to book,1441832128,1441832128,4551456423,-590882299,2021-07-29
9072,,46_4551149959_CACEIS,1667622893,OB,OB,No-pair,fx wire,Caceis booked the fx wire for SD 12-15-2020. Integrata yet to book,1667622893,1667622893,4551456423,-590882299,2021-07-29
9073,,69_455742022_CACEIS,1127725767,OB,OB,No-pair,wire transfer,Caceis booked the wire transfer for SD 02-12-2020. Integrata yet to book,1127725767,1127725767,4551456423,-590882299,2021-07-29
9074,,364_455862625_CACEIS,1287003558,OB,OB,No-pair,fx wire,Caceis booked the fx wire for SD 05-15-2020. Integrata yet to book,1287003558,1287003558,4551456423,-590882299,2021-07-29
9075,,2_455952085_CACEIS,1407030025,OB,OB,No-pair,wire transfer,Caceis booked the wire transfer for SD 07-23-2020. Integrata yet to book,1407030025,1407030025,4551456423,-590882299,2021-07-29
9076,,62_455590588_CACEIS,883858346,OB,OB,No-pair,fx wire,Caceis booked the fx wire for SD 10-15-2019. Integrata yet to book,883858346,883858346,4551456423,-590882299,2021-07-29
9077,,355_455900053_CACEIS,1336713935,OB,OB,No-pair,fx wire,Caceis booked the fx wire for SD 06-15-2020. Integrata yet to book,1336713935,1336713935,4551456423,-590882299,2021-07-29
9078,,320_4551149959_CACEIS,1667623103,OB,OB,No-pair,fx wire,Caceis booked the fx wire for SD 12-15-2020. Integrata yet to book,1667623103,1667623103,4551456423,-590882299,2021-07-29
9079,,33_455742022_CACEIS,1127725745,OB,OB,No-pair,wire transfer,Caceis booked the wire transfer for SD 02-12-2020. Integrata yet to book,1127725745,1127725745,4551456423,-590882299,2021-07-29
9080,,458_455822501_CACEIS,1235308354,OB,OB,No-pair,fx wire,Caceis booked the fx wire for SD 04-15-2020. Integrata yet to book,1235308354,1235308354,4551456423,-590882299,2021-07-29
9081,,433_455862625_CACEIS,1287003731,OB,OB,No-pair,wire transfer,Caceis booked the wire transfer for SD 05-13-2020. Integrata yet to book,1287003731,1287003731,4551456423,-590882299,2021-07-29
9082,,63_455605017_CACEIS,907407261,OB,OB,No-pair,fx wire,Caceis booked the fx wire for SD 10-25-2019. Integrata yet to book,907407261,907407261,4551456423,-590882299,2021-07-29
9083,,33_4551256295_CACEIS,1810321912,OB,OB,No-pair,proceeds sell,Caceis booked the Miscellaneous for SD 03-04-2021. Integrata yet to book,1810321912,1810321912,4551456423,-590882299,2021-07-29
9084,,7_455457456_CACEIS,662167908,OB,OB,No-pair,wire transfer,Caceis booked the wire transfer for SD 06-28-2019. Integrata yet to book,662167908,662167908,4551456423,-590882299,2021-07-29
9085,,19_4551430779_CACEIS,2043021992,OB,OB,No-pair,wire transfer,Caceis booked the wire transfer for SD 07-12-2021. Integrata yet to book,2043021992,2043021992,4551456423,-590882299,2021-07-29
9086,,531_455862625_CACEIS,1287003546,OB,OB,No-pair,wire transfer,Caceis booked the wire transfer for SD 05-13-2020. Integrata yet to book,1287003546,1287003546,4551456423,-590882299,2021-07-29
9087,,11_455693832_CACEIS,1063035213,OB,OB,No-pair,wire transfer,Caceis booked the wire transfer for SD 01-06-2020. Integrata yet to book,1063035213,1063035213,4551456423,-590882299,2021-07-29
9088,,498_455783582_CACEIS,1185159670,OB,OB,No-pair,fx wire,Caceis booked the fx wire for SD 03-16-2020. Integrata yet to book,1185159670,1185159670,4551456423,-590882299,2021-07-29
9089,,3_455610697_CACEIS,917943267,OB,OB,No-pair,fx wire,Caceis booked the fx wire for SD 10-18-2019. Integrata yet to book,917943267,917943267,4551456423,-590882299,2021-07-29
9090,,89_4551232906_CACEIS,1780156407,OB,OB,No-pair,fx wire,Caceis booked the fx wire for SD 02-16-2021. Integrata yet to book,1780156407,1780156407,4551456423,-590882299,2021-07-29
9091,,66_4551109218_CACEIS,1613286677,OB,OB,No-pair,fx wire,Caceis booked the fx wire for SD 11-16-2020. Integrata yet to book,1613286677,1613286677,4551456423,-590882299,2021-07-29
9092,,90_455985296_CACEIS,1449581856,OB,OB,No-pair,fx wire,Caceis booked the fx wire for SD 08-17-2020. Integrata yet to book,1449581856,1449581856,4551456423,-590882299,2021-07-29
9093,,64_455643841_CACEIS,975323136,OB,OB,No-pair,fx wire,Caceis booked the fx wire for SD 11-01-2019. Integrata yet to book,975323136,975323136,4551456423,-590882299,2021-07-29
9094,,761_4551232906_CACEIS,1780157082,OB,OB,No-pair,fx wire,Caceis booked the fx wire for SD 02-16-2021. Integrata yet to book,1780157082,1780157082,4551456423,-590882299,2021-07-29
9095,,83_455944496_CACEIS,1396484628,OB,OB,No-pair,wire transfer,Caceis booked the wire transfer for SD 07-17-2020. Integrata yet to book,1396484628,1396484628,4551456423,-590882299,2021-07-29
9096,,18_4551430779_CACEIS,2043021991,OB,OB,No-pair,wire transfer,Caceis booked the wire transfer for SD 07-12-2021. Integrata yet to book,2043021991,2043021991,4551456423,-590882299,2021-07-29
9097,,2_455667500_CACEIS,1017540677,OB,OB,No-pair,fx wire,Caceis booked the fx wire for SD 12-13-2019. Integrata yet to book,1017540677,1017540677,4551456423,-590882299,2021-07-29
9098,,41_4551411869_CACEIS,2018959541,OB,OB,No-pair,wire transfer,Caceis booked the wire transfer for SD 06-28-2021. Integrata yet to book,2018959541,2018959541,4551456423,-590882299,2021-07-29
9099,,1323_455643841_CACEIS,975324395,OB,OB,No-pair,fx wire,Caceis booked the fx wire for SD 11-15-2019. Integrata yet to book,975324395,975324395,4551456423,-590882299,2021-07-29
9100,,80_455963450_CACEIS,1421777889,OB,OB,No-pair,fx wire,Caceis booked the fx wire for SD 07-31-2020. Integrata yet to book,1421777889,1421777889,4551456423,-590882299,2021-07-29
9101,,177_455934920_CACEIS,1383926822,OB,OB,No-pair,fx wire,Caceis booked the fx wire for SD 07-10-2020. Integrata yet to book,1383926822,1383926822,4551456423,-590882299,2021-07-29
9102,,413_455643841_CACEIS,975323485,OB,OB,No-pair,fx wire,Caceis booked the fx wire for SD 11-15-2019. Integrata yet to book,975323485,975323485,4551456423,-590882299,2021-07-29
9103,,73_455748445_CACEIS,1136275099,OB,OB,No-pair,fx wire,Caceis booked the fx wire for SD 02-18-2020. Integrata yet to book,1136275099,1136275099,4551456423,-590882299,2021-07-29
9104,,374_455862625_CACEIS,1287003655,OB,OB,No-pair,wire transfer,Caceis booked the wire transfer for SD 05-13-2020. Integrata yet to book,1287003655,1287003655,4551456423,-590882299,2021-07-29
9105,,402_455643841_CACEIS,975323474,OB,OB,No-pair,fx wire,Caceis booked the fx wire for SD 11-15-2019. Integrata yet to book,975323474,975323474,4551456423,-590882299,2021-07-29
9106,,228_4551354754_CACEIS,1942399647,OB,OB,No-pair,fx wire,Caceis booked the fx wire for SD 05-17-2021. Integrata yet to book,1942399647,1942399647,4551456423,-590882299,2021-07-29
9107,,61_4551117124_CACEIS,1623224466,OB,OB,No-pair,fx wire,Caceis booked the fx wire for SD 11-20-2020. Integrata yet to book,1623224466,1623224466,4551456423,-590882299,2021-07-29
9108,,62_455643841_CACEIS,975323134,OB,OB,No-pair,fx wire,Caceis booked the fx wire for SD 11-01-2019. Integrata yet to book,975323134,975323134,4551456423,-590882299,2021-07-29
9109,,44_4551428980_CACEIS,2040344591,OB,OB,No-pair,fx wire,Caceis booked the fx wire for SD 07-09-2021. Integrata yet to book,2040344591,2040344591,4551456423,-590882299,2021-07-29
9110,,74_455516633_CACEIS,760048339,OB,OB,No-pair,fx wire,Caceis booked the fx wire for SD 08-16-2019. Integrata yet to book,760048339,760048339,4551456423,-590882299,2021-07-29
9111,,32_455742022_CACEIS,1127725732,OB,OB,No-pair,wire transfer,Caceis booked the wire transfer for SD 02-12-2020. Integrata yet to book,1127725732,1127725732,4551456423,-590882299,2021-07-29
9112,,31_4551430779_CACEIS,2043021946,OB,OB,No-pair,wire transfer,Caceis booked the wire transfer for SD 07-12-2021. Integrata yet to book,2043021946,2043021946,4551456423,-590882299,2021-07-29
9113,,32_267975_CACEIS,368747286,OB,OB,No-pair,fx wire,Caceis booked the fx wire for SD 01-15-2019. Integrata yet to book,368747286,368747286,4551456423,-590882299,2021-07-29
9114,,31_455742022_CACEIS,1127725724,OB,OB,No-pair,wire transfer,Caceis booked the wire transfer for SD 02-12-2020. Integrata yet to book,1127725724,1127725724,4551456423,-590882299,2021-07-29
9115,,296_4551191593_CACEIS,1722905283,OB,OB,No-pair,fx wire,Caceis booked the fx wire for SD 01-15-2021. Integrata yet to book,1722905283,1722905283,4551456423,-590882299,2021-07-29
9116,,529_455862625_CACEIS,1287003886,OB,OB,No-pair,wire transfer,Caceis booked the wire transfer for SD 05-13-2020. Integrata yet to book,1287003886,1287003886,4551456423,-590882299,2021-07-29
9117,,398_455643841_CACEIS,975323470,OB,OB,No-pair,fx wire,Caceis booked the fx wire for SD 11-15-2019. Integrata yet to book,975323470,975323470,4551456423,-590882299,2021-07-29
9118,,496_455822501_CACEIS,1235308298,OB,OB,No-pair,fx wire,Caceis booked the fx wire for SD 04-15-2020. Integrata yet to book,1235308298,1235308298,4551456423,-590882299,2021-07-29
9119,,40_4551411869_CACEIS,2018959539,OB,OB,No-pair,wire transfer,Caceis booked the wire transfer for SD 06-28-2021. Integrata yet to book,2018959539,2018959539,4551456423,-590882299,2021-07-29
9120,,13_4551430779_CACEIS,2043021980,OB,OB,No-pair,wire transfer,Caceis booked the wire transfer for SD 07-12-2021. Integrata yet to book,2043021980,2043021980,4551456423,-590882299,2021-07-29
9121,,6_455457456_CACEIS,662167892,OB,OB,No-pair,wire transfer,Caceis booked the wire transfer for SD 06-28-2019. Integrata yet to book,662167892,662167892,4551456423,-590882299,2021-07-29
9122,,68_455554115_CACEIS,824384869,OB,OB,No-pair,fx wire,Caceis booked the fx wire for SD 09-17-2019. Integrata yet to book,824384869,824384869,4551456423,-590882299,2021-07-29
9123,,448_455643841_CACEIS,975323520,OB,OB,No-pair,fx wire,Caceis booked the fx wire for SD 11-15-2019. Integrata yet to book,975323520,975323520,4551456423,-590882299,2021-07-29
9124,,60_4551292839_CACEIS,1857221930,OB,OB,No-pair,monthend interest,Caceis booked the monthend interest for SD 04-01-2021. Integrata yet to book,1857221930,1857221930,4551456423,-590882299,2021-07-29
9125,,296_4551149959_CACEIS,1667623205,OB,OB,No-pair,fx wire,Caceis booked the fx wire for SD 12-15-2020. Integrata yet to book,1667623205,1667623205,4551456423,-590882299,2021-07-29
9126,,401_455822501_CACEIS,1235308273,OB,OB,No-pair,fx wire,Caceis booked the fx wire for SD 04-15-2020. Integrata yet to book,1235308273,1235308273,4551456423,-590882299,2021-07-29
9127,,62_455783582_CACEIS,1185159182,OB,OB,No-pair,fx wire,Caceis booked the fx wire for SD 03-16-2020. Integrata yet to book,1185159182,1185159182,4551456423,-590882299,2021-07-29
9128,,376_455862625_CACEIS,1287003696,OB,OB,No-pair,wire transfer,Caceis booked the wire transfer for SD 05-13-2020. Integrata yet to book,1287003696,1287003696,4551456423,-590882299,2021-07-29
9129,,25_267975_CACEIS,368747244,OB,OB,No-pair,fx wire,Caceis booked the fx wire for SD 01-15-2019. Integrata yet to book,368747244,368747244,4551456423,-590882299,2021-07-29
9130,,125_455862625_CACEIS,1287002729,OB,OB,No-pair,fx wire,Caceis booked the fx wire for SD 05-15-2020. Integrata yet to book,1287002729,1287002729,4551456423,-590882299,2021-07-29
9131,,179_455693832_CACEIS,1063035231,OB,OB,No-pair,fees,Caceis booked the fees for SD 01-06-2020. Integrata yet to book,1063035231,1063035231,4551456423,-590882299,2021-07-29
9132,,90_455442954_CACEIS,637183924,OB,OB,No-pair,fx wire,Caceis booked the fx wire for SD 06-17-2019. Integrata yet to book,637183924,637183924,4551456423,-590882299,2021-07-29
9133,,118_4551149959_CACEIS,1667622913,OB,OB,No-pair,fx wire,Caceis booked the fx wire for SD 12-15-2020. Integrata yet to book,1667622913,1667622913,4551456423,-590882299,2021-07-29
9134,,26_4551020261_CACEIS,1495478256,OB,OB,No-pair,fx wire,Caceis booked the fx wire for SD 09-11-2020. Integrata yet to book,1495478256,1495478256,4551456423,-590882299,2021-07-29
9135,,25_4551430779_CACEIS,2043022006,OB,OB,No-pair,wire transfer,Caceis booked the wire transfer for SD 07-12-2021. Integrata yet to book,2043022006,2043022006,4551456423,-590882299,2021-07-29
9136,,410_455643841_CACEIS,975323482,OB,OB,No-pair,fx wire,Caceis booked the fx wire for SD 11-15-2019. Integrata yet to book,975323482,975323482,4551456423,-590882299,2021-07-29
9137,,707_455862625_CACEIS,1287004905,OB,OB,No-pair,fx wire,Caceis booked the fx wire for SD 05-15-2020. Integrata yet to book,1287004905,1287004905,4551456423,-590882299,2021-07-29
9138,,124_4551313388_CACEIS,1883527705,OB,OB,No-pair,fx wire,Caceis booked the fx wire for SD 04-15-2021. Integrata yet to book,1883527705,1883527705,4551456423,-590882299,2021-07-29
9139,,8_4551334292_CACEIS,1911737198,OB,OB,No-pair,monthend interest,Caceis booked the monthend interest for SD 05-01-2021. Integrata yet to book,1911737198,1911737198,4551456423,-590882299,2021-07-29
9140,,45_455590588_CACEIS,883858378,OB,OB,No-pair,fx wire,Caceis booked the fx wire for SD 10-15-2019. Integrata yet to book,883858378,883858378,4551456423,-590882299,2021-07-29
9141,,130_4551060531_CACEIS,1548950614,OB,OB,No-pair,fees,Caceis booked the fees for SD 10-12-2020. Integrata yet to book,1548950614,1548950614,4551456423,-590882299,2021-07-29
9142,,87_4551087502_CACEIS,1584326655,OB,OB,No-pair,monthend interest,Caceis booked the monthend interest for SD 11-01-2020. Integrata yet to book,1584326655,1584326655,4551456423,-590882299,2021-07-29
9143,,153_455649350_CACEIS,985331644,OB,OB,No-pair,monthend interest,Caceis booked the monthend interest for SD 12-01-2019. Integrata yet to book,985331644,985331644,4551456423,-590882299,2021-07-29
9144,,47_455663909_CACEIS,1011570650,OB,OB,No-pair,wire transfer,Caceis booked the wire transfer for SD 12-11-2019. Integrata yet to book,1011570650,1011570650,4551456423,-590882299,2021-07-29
9145,,513_455900053_CACEIS,1336713881,OB,OB,No-pair,fx wire,Caceis booked the fx wire for SD 06-15-2020. Integrata yet to book,1336713881,1336713881,4551456423,-590882299,2021-07-29
9146,,705_455643841_CACEIS,975323777,OB,OB,No-pair,monthend interest,Caceis booked the monthend interest for SD 10-31-2019. Integrata yet to book,975323777,975323777,4551456423,-590882299,2021-07-29
9147,,87_4551109218_CACEIS,1613286613,OB,OB,No-pair,fx wire,Caceis booked the fx wire for SD 11-16-2020. Integrata yet to book,1613286613,1613286613,4551456423,-590882299,2021-07-29
9148,,59_455862625_CACEIS,1287002658,OB,OB,No-pair,fx wire,Caceis booked the fx wire for SD 05-15-2020. Integrata yet to book,1287002658,1287002658,4551456423,-590882299,2021-07-29
9149,,440_455862625_CACEIS,1287003825,OB,OB,No-pair,wire transfer,Caceis booked the wire transfer for SD 05-13-2020. Integrata yet to book,1287003825,1287003825,4551456423,-590882299,2021-07-29
9150,,26_362773_CACEIS,523884268,OB,OB,No-pair,wire transfer,Caceis booked the wire transfer for SD 04-10-2019. Integrata yet to book,523884268,523884268,4551456423,-590882299,2021-07-29
9151,,1_455688261_CACEIS,1053516646,OB,OB,No-pair,monthend interest,Caceis booked the monthend interest for SD 01-01-2020. Integrata yet to book,1053516646,1053516646,4551456423,-590882299,2021-07-29
9152,,379_455822501_CACEIS,1235308313,OB,OB,No-pair,fx wire,Caceis booked the fx wire for SD 04-15-2020. Integrata yet to book,1235308313,1235308313,4551456423,-590882299,2021-07-29
9153,,152_4551248485_CACEIS,1800039403,OB,OB,No-pair,fx wire,Caceis booked the fx wire for SD 02-26-2021. Integrata yet to book,1800039403,1800039403,4551456423,-590882299,2021-07-29
9154,,17_4551430779_CACEIS,2043021989,OB,OB,No-pair,wire transfer,Caceis booked the wire transfer for SD 07-12-2021. Integrata yet to book,2043021989,2043021989,4551456423,-590882299,2021-07-29
9155,,313_4551149959_CACEIS,1667623024,OB,OB,No-pair,fx wire,Caceis booked the fx wire for SD 12-15-2020. Integrata yet to book,1667623024,1667623024,4551456423,-590882299,2021-07-29
9156,,80_455782293_CACEIS,1183562958,OB,OB,No-pair,fx wire,Caceis booked the fx wire for SD 03-13-2020. Integrata yet to book,1183562958,1183562958,4551456423,-590882299,2021-07-29
9157,,197_455862625_CACEIS,1287003051,OB,OB,No-pair,fx wire,Caceis booked the fx wire for SD 05-15-2020. Integrata yet to book,1287003051,1287003051,4551456423,-590882299,2021-07-29
9158,,94_4551313388_CACEIS,1883527694,OB,OB,No-pair,fx wire,Caceis booked the fx wire for SD 04-15-2021. Integrata yet to book,1883527694,1883527694,4551456423,-590882299,2021-07-29
9159,,14_4551168254_CACEIS,1691686492,OB,OB,No-pair,wire transfer,Caceis booked the wire transfer for SD 12-29-2020. Integrata yet to book,1691686492,1691686492,4551456423,-590882299,2021-07-29
9160,,50_455822501_CACEIS,1235308022,OB,OB,No-pair,fx wire,Caceis booked the fx wire for SD 04-15-2020. Integrata yet to book,1235308022,1235308022,4551456423,-590882299,2021-07-29
9161,,6_455828048_CACEIS,1241932136,OB,OB,No-pair,wire transfer,Caceis booked the wire transfer for SD 04-20-2020. Integrata yet to book,1241932136,1241932136,4551456423,-590882299,2021-07-29
9162,,232_455783582_CACEIS,1185159489,OB,OB,No-pair,fx wire,Caceis booked the fx wire for SD 03-16-2020. Integrata yet to book,1185159489,1185159489,4551456423,-590882299,2021-07-29
9163,,30_4551396696_CACEIS,1999487109,OB,OB,No-pair,wire transfer,Caceis booked the wire transfer for SD 06-16-2021. Integrata yet to book,1999487109,1999487109,4551456423,-590882299,2021-07-29
9164,,75_455862625_CACEIS,1287002919,OB,OB,No-pair,fees,Caceis booked the fees for SD 05-13-2020. Integrata yet to book,1287002919,1287002919,4551456423,-590882299,2021-07-29
9165,,49_455663909_CACEIS,1011570656,OB,OB,No-pair,wire transfer,Caceis booked the wire transfer for SD 12-11-2019. Integrata yet to book,1011570656,1011570656,4551456423,-590882299,2021-07-29
9166,,425_455748445_CACEIS,1136275499,OB,OB,No-pair,fx wire,Caceis booked the fx wire for SD 02-18-2020. Integrata yet to book,1136275499,1136275499,4551456423,-590882299,2021-07-29
9167,,124_4551060531_CACEIS,1548950719,OB,OB,No-pair,fees,Caceis booked the fees for SD 10-12-2020. Integrata yet to book,1548950719,1548950719,4551456423,-590882299,2021-07-29
9168,,120_455862625_CACEIS,1287002687,OB,OB,No-pair,fx wire,Caceis booked the fx wire for SD 05-15-2020. Integrata yet to book,1287002687,1287002687,4551456423,-590882299,2021-07-29
9169,,183_455862625_CACEIS,1287002965,OB,OB,No-pair,fees,Caceis booked the fees for SD 05-13-2020. Integrata yet to book,1287002965,1287002965,4551456423,-590882299,2021-07-29
9170,,5_455473263_CACEIS,686152177,OB,OB,No-pair,fx wire,Caceis booked the fx wire for SD 07-12-2019. Integrata yet to book,686152177,686152177,4551456423,-590882299,2021-07-29
9171,,24_455991947_CACEIS,1458088743,OB,OB,No-pair,fx wire,Caceis booked the fx wire for SD 08-21-2020. Integrata yet to book,1458088743,1458088743,4551456423,-590882299,2021-07-29
9172,,10_4551400940_CACEIS,2004694244,OB,OB,No-pair,fx wire,Caceis booked the fx wire for SD 06-18-2021. Integrata yet to book,2004694244,2004694244,4551456423,-590882299,2021-07-29
9173,,58_362773_CACEIS,523884303,OB,OB,No-pair,wire transfer,Caceis booked the wire transfer for SD 04-10-2019. Integrata yet to book,523884303,523884303,4551456423,-590882299,2021-07-29
9174,,63_455663909_CACEIS,1011570701,OB,OB,No-pair,wire transfer,Caceis booked the wire transfer for SD 12-11-2019. Integrata yet to book,1011570701,1011570701,4551456423,-590882299,2021-07-29
9175,,1318_455643841_CACEIS,975324390,OB,OB,No-pair,fx wire,Caceis booked the fx wire for SD 11-15-2019. Integrata yet to book,975324390,975324390,4551456423,-590882299,2021-07-29
9176,,417_4551023983_CACEIS,1500214236,OB,OB,No-pair,fx wire,Caceis booked the fx wire for SD 09-15-2020. Integrata yet to book,1500214236,1500214236,4551456423,-590882299,2021-07-29
9177,,4_455755745_CACEIS,1145540678,OB,OB,No-pair,proceeds sell,Caceis booked the proceeds sell for SD 02-24-2020. Integrata yet to book,1145540678,1145540678,4551456423,-590882299,2021-07-29
9178,,68_4551039598_CACEIS,1521245943,OB,OB,No-pair,fx wire,Caceis booked the fx wire for SD 09-25-2020. Integrata yet to book,1521245943,1521245943,4551456423,-590882299,2021-07-29
9179,,135_455777858_CACEIS,1177395895,OB,OB,No-pair,wire transfer,Caceis booked the wire transfer for SD 03-11-2020. Integrata yet to book,1177395895,1177395895,4551456423,-590882299,2021-07-29
9180,,19_4551105378_CACEIS,1608089227,OB,OB,No-pair,fees,Caceis booked the fees for SD 11-12-2020. Integrata yet to book,1608089227,1608089227,4551456423,-590882299,2021-07-29
9181,,145_455862625_CACEIS,1287003151,OB,OB,No-pair,fx wire,Caceis booked the fx wire for SD 05-15-2020. Integrata yet to book,1287003151,1287003151,4551456423,-590882299,2021-07-29
9182,,6_455804770_CACEIS,1212351481,OB,OB,No-pair,fees,Caceis booked the fees for SD 04-01-2020. Integrata yet to book,1212351481,1212351481,4551456423,-590882299,2021-07-29
9183,,718_455862625_CACEIS,1287004920,OB,OB,No-pair,fx wire,Caceis booked the fx wire for SD 05-15-2020. Integrata yet to book,1287004920,1287004920,4551456423,-590882299,2021-07-29
9184,,38_455927788_CACEIS,1374347967,OB,OB,No-pair,fx wire,Caceis booked the fx wire for SD 07-06-2020. Integrata yet to book,1374347967,1374347967,4551456423,-590882299,2021-07-29
9185,,59_455835232_CACEIS,1251293787,OB,OB,No-pair,fx wire,Caceis booked the fx wire for SD 04-24-2020. Integrata yet to book,1251293787,1251293787,4551456423,-590882299,2021-07-29
9186,,40_4551269721_CACEIS,1827473884,OB,OB,No-pair,fx wire,Caceis booked the fx wire for SD 03-15-2021. Integrata yet to book,1827473884,1827473884,4551456423,-590882299,2021-07-29
9187,,61_4551248485_CACEIS,1800039462,OB,OB,No-pair,wire transfer,Caceis booked the wire transfer for SD 02-26-2021. Integrata yet to book,1800039462,1800039462,4551456423,-590882299,2021-07-29
9188,,34_4551105378_CACEIS,1608089276,OB,OB,No-pair,fees,Caceis booked the fees for SD 11-12-2020. Integrata yet to book,1608089276,1608089276,4551456423,-590882299,2021-07-29
9189,,60_362773_CACEIS,523884309,OB,OB,No-pair,wire transfer,Caceis booked the wire transfer for SD 04-10-2019. Integrata yet to book,523884309,523884309,4551456423,-590882299,2021-07-29
9190,,74_455669415_CACEIS,1020661763,OB,OB,No-pair,fx wire,Caceis booked the fx wire for SD 12-16-2019. Integrata yet to book,1020661763,1020661763,4551456423,-590882299,2021-07-29
9191,,81_4551220415_CACEIS,1761956123,OB,OB,No-pair,wire transfer,Caceis booked the wire transfer for SD 02-05-2021. Integrata yet to book,1761956123,1761956123,4551456423,-590882299,2021-07-29
9192,,161_455693832_CACEIS,1063035229,OB,OB,No-pair,fees,Caceis booked the fees for SD 01-06-2020. Integrata yet to book,1063035229,1063035229,4551456423,-590882299,2021-07-29
9193,,266_4551313388_CACEIS,1883527884,OB,OB,No-pair,fx wire,Caceis booked the fx wire for SD 04-15-2021. Integrata yet to book,1883527884,1883527884,4551456423,-590882299,2021-07-29
9194,,318_455643841_CACEIS,975323390,OB,OB,No-pair,fx wire,Caceis booked the fx wire for SD 11-15-2019. Integrata yet to book,975323390,975323390,4551456423,-590882299,2021-07-29
9195,,275_4551149959_CACEIS,1667623092,OB,OB,No-pair,fx wire,Caceis booked the fx wire for SD 12-15-2020. Integrata yet to book,1667623092,1667623092,4551456423,-590882299,2021-07-29
9196,,498_455822501_CACEIS,1235308319,OB,OB,No-pair,fx wire,Caceis booked the fx wire for SD 04-15-2020. Integrata yet to book,1235308319,1235308319,4551456423,-590882299,2021-07-29
9197,,1_455563030_CACEIS,838135921,OB,OB,No-pair,wire transfer,Caceis booked the wire transfer for SD 08-30-2019. Integrata yet to book,838135921,838135921,4551456423,-590882299,2021-07-29
9198,,102_4551313388_CACEIS,1883527681,OB,OB,No-pair,fx wire,Caceis booked the fx wire for SD 04-15-2021. Integrata yet to book,1883527681,1883527681,4551456423,-590882299,2021-07-29
9199,,475_455985296_CACEIS,1449582156,OB,OB,No-pair,fx wire,Caceis booked the fx wire for SD 08-17-2020. Integrata yet to book,1449582156,1449582156,4551456423,-590882299,2021-07-29
9200,,687_455862625_CACEIS,1287005108,OB,OB,No-pair,fx wire,Caceis booked the fx wire for SD 05-15-2020. Integrata yet to book,1287005108,1287005108,4551456423,-590882299,2021-07-29
9201,,282_4551313388_CACEIS,1883527946,OB,OB,No-pair,fx wire,Caceis booked the fx wire for SD 04-15-2021. Integrata yet to book,1883527946,1883527946,4551456423,-590882299,2021-07-29
9202,,558_455783582_CACEIS,1185159772,OB,OB,No-pair,wire transfer,Caceis booked the wire transfer for SD 03-16-2020. Integrata yet to book,1185159772,1185159772,4551456423,-590882299,2021-07-29
9203,,108_4551060531_CACEIS,1548950681,OB,OB,No-pair,fees,Caceis booked the fees for SD 10-12-2020. Integrata yet to book,1548950681,1548950681,4551456423,-590882299,2021-07-29
9204,,9_267975_CACEIS,368747169,OB,OB,No-pair,fx wire,Caceis booked the fx wire for SD 01-15-2019. Integrata yet to book,368747169,368747169,4551456423,-590882299,2021-07-29
9205,,44_4551269721_CACEIS,1827473893,OB,OB,No-pair,fx wire,Caceis booked the fx wire for SD 03-15-2021. Integrata yet to book,1827473893,1827473893,4551456423,-590882299,2021-07-29
9206,,60_4551248485_CACEIS,1800039451,OB,OB,No-pair,wire transfer,Caceis booked the wire transfer for SD 02-26-2021. Integrata yet to book,1800039451,1800039451,4551456423,-590882299,2021-07-29
9207,,181_4551394628_CACEIS,1997244708,OB,OB,No-pair,wire transfer,Caceis booked the wire transfer for SD 06-02-2021. Integrata yet to book,1997244708,1997244708,4551456423,-590882299,2021-07-29
9208,,12_4551186410_CACEIS,1715586516,OB,OB,No-pair,wire transfer,Caceis booked the wire transfer for SD 01-11-2021. Integrata yet to book,1715586516,1715586516,4551456423,-590882299,2021-07-29
9209,,941_455822501_CACEIS,1235308803,OB,OB,No-pair,fx wire,Caceis booked the fx wire for SD 04-15-2020. Integrata yet to book,1235308803,1235308803,4551456423,-590882299,2021-07-29
9210,,47_4551334292_CACEIS,1911737217,OB,OB,No-pair,monthend interest,Caceis booked the monthend interest for SD 05-01-2021. Integrata yet to book,1911737217,1911737217,4551456423,-590882299,2021-07-29
9211,,85_4551220415_CACEIS,1761956125,OB,OB,No-pair,wire transfer,Caceis booked the wire transfer for SD 02-05-2021. Integrata yet to book,1761956125,1761956125,4551456423,-590882299,2021-07-29
9212,,151_455693832_CACEIS,1063035176,OB,OB,No-pair,fees,Caceis booked the fees for SD 01-06-2020. Integrata yet to book,1063035176,1063035176,4551456423,-590882299,2021-07-29
9213,,151_4551060531_CACEIS,1548950706,OB,OB,No-pair,fees,Caceis booked the fees for SD 10-12-2020. Integrata yet to book,1548950706,1548950706,4551456423,-590882299,2021-07-29
9214,,39_4551166054_CACEIS,1689088083,OB,OB,No-pair,wire transfer,Caceis booked the wire transfer for SD 12-28-2020. Integrata yet to book,1689088083,1689088083,4551456423,-590882299,2021-07-29
9215,,53_455586694_CACEIS,876699134,OB,OB,No-pair,fx wire,Caceis booked the fx wire for SD 10-11-2019. Integrata yet to book,876699134,876699134,4551456423,-590882299,2021-07-29
9216,,201_455862625_CACEIS,1287002643,OB,OB,No-pair,fees,Caceis booked the fees for SD 05-13-2020. Integrata yet to book,1287002643,1287002643,4551456423,-590882299,2021-07-29
9217,,103_455693832_CACEIS,1063035263,OB,OB,No-pair,fx wire,Caceis booked the fx wire for SD 01-06-2020. Integrata yet to book,1063035263,1063035263,4551456423,-590882299,2021-07-29
9218,,17_455424626_CACEIS,610989070,OB,OB,No-pair,monthend interest,Caceis booked the monthend interest for SD 06-01-2019. Integrata yet to book,610989070,610989070,4551456423,-590882299,2021-07-29
9219,,255_4551313388_CACEIS,1883527939,OB,OB,No-pair,fx wire,Caceis booked the fx wire for SD 04-15-2021. Integrata yet to book,1883527939,1883527939,4551456423,-590882299,2021-07-29
9220,,280_455748445_CACEIS,1136275337,OB,OB,No-pair,fx wire,Caceis booked the fx wire for SD 02-18-2020. Integrata yet to book,1136275337,1136275337,4551456423,-590882299,2021-07-29
9221,,86_4551220415_CACEIS,1761955925,OB,OB,No-pair,fx wire,Caceis booked the fx wire for SD 02-05-2021. Integrata yet to book,1761955925,1761955925,4551456423,-590882299,2021-07-29
9222,,46_455554115_CACEIS,824385075,OB,OB,No-pair,fx wire,Caceis booked the fx wire for SD 09-17-2019. Integrata yet to book,824385075,824385075,4551456423,-590882299,2021-07-29
9223,,28_455991947_CACEIS,1458088744,OB,OB,No-pair,fx wire,Caceis booked the fx wire for SD 08-21-2020. Integrata yet to book,1458088744,1458088744,4551456423,-590882299,2021-07-29
9224,,554_4551109218_CACEIS,1613287010,OB,OB,No-pair,fx wire,Caceis booked the fx wire for SD 11-16-2020. Integrata yet to book,1613287010,1613287010,4551456423,-590882299,2021-07-29
9225,,134_455777858_CACEIS,1177395856,OB,OB,No-pair,wire transfer,Caceis booked the wire transfer for SD 03-11-2020. Integrata yet to book,1177395856,1177395856,4551456423,-590882299,2021-07-29
9226,,16_455907521_CACEIS,1347197337,OB,OB,No-pair,fx wire,Caceis booked the fx wire for SD 06-19-2020. Integrata yet to book,1347197337,1347197337,4551456423,-590882299,2021-07-29
9227,,136_4551060531_CACEIS,1548950729,OB,OB,No-pair,fees,Caceis booked the fees for SD 10-12-2020. Integrata yet to book,1548950729,1548950729,4551456423,-590882299,2021-07-29
9228,,38_4551125930_CACEIS,1635426475,OB,OB,No-pair,fx wire,Caceis booked the fx wire for SD 11-27-2020. Integrata yet to book,1635426475,1635426475,4551456423,-590882299,2021-07-29
9229,,495_455862625_CACEIS,1287003953,OB,OB,No-pair,fx wire,Caceis booked the fx wire for SD 05-15-2020. Integrata yet to book,1287003953,1287003953,4551456423,-590882299,2021-07-29
9230,,88_4551220415_CACEIS,1761956129,OB,OB,No-pair,wire transfer,Caceis booked the wire transfer for SD 02-05-2021. Integrata yet to book,1761956129,1761956129,4551456423,-590882299,2021-07-29
9231,,479_455862625_CACEIS,1287004831,OB,OB,No-pair,fx wire,Caceis booked the fx wire for SD 05-15-2020. Integrata yet to book,1287004831,1287004831,4551456423,-590882299,2021-07-29
9232,,420_4551191593_CACEIS,1722905487,OB,OB,No-pair,fx wire,Caceis booked the fx wire for SD 01-15-2021. Integrata yet to book,1722905487,1722905487,4551456423,-590882299,2021-07-29
9233,,33_455424626_CACEIS,610989076,OB,OB,No-pair,monthend interest,Caceis booked the monthend interest for SD 06-01-2019. Integrata yet to book,610989076,610989076,4551456423,-590882299,2021-07-29
9234,,294_455748445_CACEIS,1136275349,OB,OB,No-pair,fx wire,Caceis booked the fx wire for SD 02-18-2020. Integrata yet to book,1136275349,1136275349,4551456423,-590882299,2021-07-29
9235,,211_455706635_CACEIS,1081907387,OB,OB,No-pair,fx wire,Caceis booked the fx wire for SD 01-15-2020. Integrata yet to book,1081907387,1081907387,4551456423,-590882299,2021-07-29
9236,,777_455822501_CACEIS,1235308670,OB,OB,No-pair,fx wire,Caceis booked the fx wire for SD 04-15-2020. Integrata yet to book,1235308670,1235308670,4551456423,-590882299,2021-07-29
9237,,72_4551394628_CACEIS,1997244540,OB,OB,No-pair,fx wire,Caceis booked the fx wire for SD 06-15-2021. Integrata yet to book,1997244540,1997244540,4551456423,-590882299,2021-07-29
9238,,56_455963450_CACEIS,1421777808,OB,OB,No-pair,wire transfer,Caceis booked the wire transfer for SD 07-31-2020. Integrata yet to book,1421777808,1421777808,4551456423,-590882299,2021-07-29
9239,,538_4551109218_CACEIS,1613287187,OB,OB,No-pair,fx wire,Caceis booked the fx wire for SD 11-16-2020. Integrata yet to book,1613287187,1613287187,4551456423,-590882299,2021-07-29
9240,,511_455900053_CACEIS,1336713955,OB,OB,No-pair,fx wire,Caceis booked the fx wire for SD 06-15-2020. Integrata yet to book,1336713955,1336713955,4551456423,-590882299,2021-07-29
9241,,216_4551023983_CACEIS,1500214036,OB,OB,No-pair,fx wire,Caceis booked the fx wire for SD 09-15-2020. Integrata yet to book,1500214036,1500214036,4551456423,-590882299,2021-07-29
9242,,153_4551060531_CACEIS,1548950727,OB,OB,No-pair,fees,Caceis booked the fees for SD 10-12-2020. Integrata yet to book,1548950727,1548950727,4551456423,-590882299,2021-07-29
9243,,34_4551256295_CACEIS,1810321913,OB,OB,No-pair,wire transfer,Caceis booked the wire transfer for SD 01-25-2021. Integrata yet to book,1810321913,1810321913,4551456423,-590882299,2021-07-29
9244,,8_455978912_CACEIS,1441832136,OB,OB,No-pair,fees,Caceis booked the fees for SD 08-12-2020. Integrata yet to book,1441832136,1441832136,4551456423,-590882299,2021-07-29
9245,,510_455783582_CACEIS,1185159524,OB,OB,No-pair,fx wire,Caceis booked the fx wire for SD 03-16-2020. Integrata yet to book,1185159524,1185159524,4551456423,-590882299,2021-07-29
9246,,82_4551394628_CACEIS,1997244682,OB,OB,No-pair,fx wire,Caceis booked the fx wire for SD 06-15-2021. Integrata yet to book,1997244682,1997244682,4551456423,-590882299,2021-07-29
9247,,3_455978912_CACEIS,1441832099,OB,OB,No-pair,fees,Caceis booked the fees for SD 08-12-2020. Integrata yet to book,1441832099,1441832099,4551456423,-590882299,2021-07-29
9248,,118_4551354754_CACEIS,1942399467,OB,OB,No-pair,fx wire,Caceis booked the fx wire for SD 05-17-2021. Integrata yet to book,1942399467,1942399467,4551456423,-590882299,2021-07-29
9249,,122_4551313388_CACEIS,1883527838,OB,OB,No-pair,fx wire,Caceis booked the fx wire for SD 04-15-2021. Integrata yet to book,1883527838,1883527838,4551456423,-590882299,2021-07-29
9250,,262_4551149959_CACEIS,1667623147,OB,OB,No-pair,fx wire,Caceis booked the fx wire for SD 12-15-2020. Integrata yet to book,1667623147,1667623147,4551456423,-590882299,2021-07-29
9251,,3_455742022_CACEIS,1127725639,OB,OB,No-pair,wire transfer,Caceis booked the wire transfer for SD 02-12-2020. Integrata yet to book,1127725639,1127725639,4551456423,-590882299,2021-07-29
9252,,286_455706635_CACEIS,1081907610,OB,OB,No-pair,fx wire,Caceis booked the fx wire for SD 01-15-2020. Integrata yet to book,1081907610,1081907610,4551456423,-590882299,2021-07-29
9253,,785_4551232906_CACEIS,1780157121,OB,OB,No-pair,fx wire,Caceis booked the fx wire for SD 02-16-2021. Integrata yet to book,1780157121,1780157121,4551456423,-590882299,2021-07-29
9254,,76_455978912_CACEIS,1441832163,OB,OB,No-pair,fees,Caceis booked the fees for SD 08-12-2020. Integrata yet to book,1441832163,1441832163,4551456423,-590882299,2021-07-29
9255,,10_4551168254_CACEIS,1691686486,OB,OB,No-pair,wire transfer,Caceis booked the wire transfer for SD 12-29-2020. Integrata yet to book,1691686486,1691686486,4551456423,-590882299,2021-07-29
9256,,35_4551430779_CACEIS,2043021959,OB,OB,No-pair,wire transfer,Caceis booked the wire transfer for SD 07-12-2021. Integrata yet to book,2043021959,2043021959,4551456423,-590882299,2021-07-29
9257,,99_455978912_CACEIS,1441832229,OB,OB,No-pair,fees,Caceis booked the fees for SD 08-12-2020. Integrata yet to book,1441832229,1441832229,4551456423,-590882299,2021-07-29
9258,,646_4551232906_CACEIS,1780157024,OB,OB,No-pair,fx wire,Caceis booked the fx wire for SD 02-16-2021. Integrata yet to book,1780157024,1780157024,4551456423,-590882299,2021-07-29
9259,,1153_455643841_CACEIS,975324225,OB,OB,No-pair,fees,Caceis booked the fees for SD 11-13-2019. Integrata yet to book,975324225,975324225,4551456423,-590882299,2021-07-29
9260,,1_455460973_CACEIS,668641464,OB,OB,No-pair,wire transfer,Caceis booked the wire transfer for SD 07-02-2019. Integrata yet to book,668641464,668641464,4551456423,-590882299,2021-07-29
9261,,430_455748445_CACEIS,1136275431,OB,OB,No-pair,fx wire,Caceis booked the fx wire for SD 02-18-2020. Integrata yet to book,1136275431,1136275431,4551456423,-590882299,2021-07-29
9262,,752_455862625_CACEIS,1287005300,OB,OB,No-pair,fx wire,Caceis booked the fx wire for SD 05-15-2020. Integrata yet to book,1287005300,1287005300,4551456423,-590882299,2021-07-29
9263,,1_455770517_CACEIS,1167491755,OB,OB,No-pair,wire transfer,Caceis booked the wire transfer for SD 03-05-2020. Integrata yet to book,1167491755,1167491755,4551456423,-590882299,2021-07-29
9264,,145_455898221_CACEIS,1334730750,OB,OB,No-pair,fx wire,Caceis booked the fx wire for SD 06-12-2020. Integrata yet to book,1334730750,1334730750,4551456423,-590882299,2021-07-29
9265,,403_455940640_CACEIS,1391596338,OB,OB,No-pair,fx wire,Caceis booked the fx wire for SD 07-15-2020. Integrata yet to book,1391596338,1391596338,4551456423,-590882299,2021-07-29
9266,,8_455892672_CACEIS,1327457338,OB,OB,No-pair,wire transfer,Caceis booked the wire transfer for SD 06-09-2020. Integrata yet to book,1327457338,1327457338,4551456423,-590882299,2021-07-29
9267,,314_4551149959_CACEIS,1667623159,OB,OB,No-pair,fx wire,Caceis booked the fx wire for SD 12-15-2020. Integrata yet to book,1667623159,1667623159,4551456423,-590882299,2021-07-29
9268,,51_455978912_CACEIS,1441832194,OB,OB,No-pair,fees,Caceis booked the fees for SD 08-12-2020. Integrata yet to book,1441832194,1441832194,4551456423,-590882299,2021-07-29
9269,,11_455378188_CACEIS,548739495,OB,OB,No-pair,fx wire,Caceis booked the fx wire for SD 04-23-2019. Integrata yet to book,548739495,548739495,4551456423,-590882299,2021-07-29
9270,,165_455726980_CACEIS,1107942605,OB,OB,No-pair,monthend interest,Caceis booked the monthend interest for SD 02-01-2020. Integrata yet to book,1107942605,1107942605,4551456423,-590882299,2021-07-29
9271,,461_455985296_CACEIS,1449582097,OB,OB,No-pair,fx wire,Caceis booked the fx wire for SD 08-17-2020. Integrata yet to book,1449582097,1449582097,4551456423,-590882299,2021-07-29
9272,,26_4551428980_CACEIS,2040344585,OB,OB,No-pair,wire transfer,Caceis booked the wire transfer for SD 07-09-2021. Integrata yet to book,2040344585,2040344585,4551456423,-590882299,2021-07-29
9273,,23_4551430779_CACEIS,2043022004,OB,OB,No-pair,wire transfer,Caceis booked the wire transfer for SD 07-12-2021. Integrata yet to book,2043022004,2043022004,4551456423,-590882299,2021-07-29
9274,,491_455783582_CACEIS,1185159494,OB,OB,No-pair,fx wire,Caceis booked the fx wire for SD 03-16-2020. Integrata yet to book,1185159494,1185159494,4551456423,-590882299,2021-07-29
9275,,511_4551149959_CACEIS,1667623350,OB,OB,No-pair,fx wire,Caceis booked the fx wire for SD 12-15-2020. Integrata yet to book,1667623350,1667623350,4551456423,-590882299,2021-07-29
9276,,1174_455643841_CACEIS,975324246,OB,OB,No-pair,wire transfer,Caceis booked the wire transfer for SD 11-13-2019. Integrata yet to book,975324246,975324246,4551456423,-590882299,2021-07-29
9277,,474_455985296_CACEIS,1449582109,OB,OB,No-pair,fx wire,Caceis booked the fx wire for SD 08-17-2020. Integrata yet to book,1449582109,1449582109,4551456423,-590882299,2021-07-29
9278,,337_455862625_CACEIS,1287003289,OB,OB,No-pair,fx wire,Caceis booked the fx wire for SD 05-15-2020. Integrata yet to book,1287003289,1287003289,4551456423,-590882299,2021-07-29
9279,,108_455742022_CACEIS,1127725762,OB,OB,No-pair,wire transfer,Caceis booked the wire transfer for SD 02-12-2020. Integrata yet to book,1127725762,1127725762,4551456423,-590882299,2021-07-29
9280,,10_324834_CACEIS,466999403,OB,OB,No-pair,fx wire,Caceis booked the fx wire for SD 03-08-2019. Integrata yet to book,466999403,466999403,4551456423,-590882299,2021-07-29
9281,,21_4551212605_CACEIS,1751569317,OB,OB,No-pair,wire transfer,Caceis booked the wire transfer for SD 02-01-2021. Integrata yet to book,1751569317,1751569317,4551456423,-590882299,2021-07-29
9282,,59_455742022_CACEIS,1127725711,OB,OB,No-pair,wire transfer,Caceis booked the wire transfer for SD 02-12-2020. Integrata yet to book,1127725711,1127725711,4551456423,-590882299,2021-07-29
9283,,15_4551430779_CACEIS,2043021986,OB,OB,No-pair,wire transfer,Caceis booked the wire transfer for SD 07-12-2021. Integrata yet to book,2043021986,2043021986,4551456423,-590882299,2021-07-29
9284,,387_455783582_CACEIS,1185159467,OB,OB,No-pair,fx wire,Caceis booked the fx wire for SD 03-16-2020. Integrata yet to book,1185159467,1185159467,4551456423,-590882299,2021-07-29
9285,,1_455376435_CACEIS,546029661,OB,OB,No-pair,wire transfer,Caceis booked the wire transfer for SD 04-19-2019. Integrata yet to book,546029661,546029661,4551456423,-590882299,2021-07-29
9286,,738_455862625_CACEIS,1287005113,OB,OB,No-pair,fx wire,Caceis booked the fx wire for SD 05-15-2020. Integrata yet to book,1287005113,1287005113,4551456423,-590882299,2021-07-29
9287,,13_455742022_CACEIS,1127725643,OB,OB,No-pair,wire transfer,Caceis booked the wire transfer for SD 02-12-2020. Integrata yet to book,1127725643,1127725643,4551456423,-590882299,2021-07-29
9288,,408_455783582_CACEIS,1185159482,OB,OB,No-pair,fx wire,Caceis booked the fx wire for SD 03-16-2020. Integrata yet to book,1185159482,1185159482,4551456423,-590882299,2021-07-29
9289,,118_4551109218_CACEIS,1613286596,OB,OB,No-pair,fx wire,Caceis booked the fx wire for SD 11-16-2020. Integrata yet to book,1613286596,1613286596,4551456423,-590882299,2021-07-29
9290,,10_455701234_CACEIS,1075203705,OB,OB,No-pair,fx wire,Caceis booked the fx wire for SD 01-10-2020. Integrata yet to book,1075203705,1075203705,4551456423,-590882299,2021-07-29
9291,,71_455742022_CACEIS,1127725681,OB,OB,No-pair,wire transfer,Caceis booked the wire transfer for SD 02-12-2020. Integrata yet to book,1127725681,1127725681,4551456423,-590882299,2021-07-29
9292,,46_455649350_CACEIS,985331715,OB,OB,No-pair,monthend interest,Caceis booked the monthend interest for SD 12-01-2019. Integrata yet to book,985331715,985331715,4551456423,-590882299,2021-07-29
9293,,111_4551149959_CACEIS,1667622940,OB,OB,No-pair,fx wire,Caceis booked the fx wire for SD 12-15-2020. Integrata yet to book,1667622940,1667622940,4551456423,-590882299,2021-07-29
9294,,1_4551052926_CACEIS,1538800349,OB,OB,No-pair,wire transfer,Caceis booked the wire transfer for SD 10-06-2020. Integrata yet to book,1538800349,1538800349,4551456423,-590882299,2021-07-29
9295,,199_4551023983_CACEIS,1500214004,OB,OB,No-pair,fx wire,Caceis booked the fx wire for SD 09-15-2020. Integrata yet to book,1500214004,1500214004,4551456423,-590882299,2021-07-29
9296,,47_455649350_CACEIS,985331722,OB,OB,No-pair,monthend interest,Caceis booked the monthend interest for SD 12-01-2019. Integrata yet to book,985331722,985331722,4551456423,-590882299,2021-07-29
9297,,369_4551232906_CACEIS,1780156702,OB,OB,No-pair,fx wire,Caceis booked the fx wire for SD 02-16-2021. Integrata yet to book,1780156702,1780156702,4551456423,-590882299,2021-07-29
9298,,20_4551430779_CACEIS,2043021999,OB,OB,No-pair,wire transfer,Caceis booked the wire transfer for SD 07-12-2021. Integrata yet to book,2043021999,2043021999,4551456423,-590882299,2021-07-29
9299,,1362_455643841_CACEIS,975324434,OB,OB,No-pair,fx wire,Caceis booked the fx wire for SD 11-15-2019. Integrata yet to book,975324434,975324434,4551456423,-590882299,2021-07-29
9300,,42_4551068550_CACEIS,1559437465,OB,OB,No-pair,fx wire,Caceis booked the fx wire for SD 10-16-2020. Integrata yet to book,1559437465,1559437465,4551456423,-590882299,2021-07-29
9301,,20_455914788_CACEIS,1356802620,OB,OB,No-pair,proceeds sell,Caceis booked the proceeds sell for SD 06-25-2020. Integrata yet to book,1356802620,1356802620,4551456423,-590882299,2021-07-29
9302,,18_455920273_CACEIS,1364559770,OB,OB,No-pair,monthend interest,Caceis booked the monthend interest for SD 07-01-2020. Integrata yet to book,1364559770,1364559770,4551456423,-590882299,2021-07-29
9303,,72_455442954_CACEIS,637183895,OB,OB,No-pair,fx wire,Caceis booked the fx wire for SD 06-17-2019. Integrata yet to book,637183895,637183895,4551456423,-590882299,2021-07-29
9304,,52_455783582_CACEIS,1185159257,OB,OB,No-pair,fx wire,Caceis booked the fx wire for SD 03-16-2020. Integrata yet to book,1185159257,1185159257,4551456423,-590882299,2021-07-29
9305,,292_4551191593_CACEIS,1722905315,OB,OB,No-pair,fx wire,Caceis booked the fx wire for SD 01-15-2021. Integrata yet to book,1722905315,1722905315,4551456423,-590882299,2021-07-29
9306,,29_455940640_CACEIS,1391596039,OB,OB,No-pair,fx wire,Caceis booked the fx wire for SD 07-15-2020. Integrata yet to book,1391596039,1391596039,4551456423,-590882299,2021-07-29
9307,,598_455643841_CACEIS,975323670,OB,OB,No-pair,wire transfer,Caceis booked the wire transfer for SD 11-18-2019. Integrata yet to book,975323670,975323670,4551456423,-590882299,2021-07-29
9308,,262_4551394628_CACEIS,1997244719,OB,OB,No-pair,fx wire,Caceis booked the fx wire for SD 06-15-2021. Integrata yet to book,1997244719,1997244719,4551456423,-590882299,2021-07-29
9309,,82_4551269721_CACEIS,1827473869,OB,OB,No-pair,fx wire,Caceis booked the fx wire for SD 03-15-2021. Integrata yet to book,1827473869,1827473869,4551456423,-590882299,2021-07-29
9310,,321_455643841_CACEIS,975323393,OB,OB,No-pair,fx wire,Caceis booked the fx wire for SD 11-15-2019. Integrata yet to book,975323393,975323393,4551456423,-590882299,2021-07-29
9311,,4_455701234_CACEIS,1075203677,OB,OB,No-pair,fx wire,Caceis booked the fx wire for SD 01-10-2020. Integrata yet to book,1075203677,1075203677,4551456423,-590882299,2021-07-29
9312,,87_455978912_CACEIS,1441832152,OB,OB,No-pair,fees,Caceis booked the fees for SD 08-12-2020. Integrata yet to book,1441832152,1441832152,4551456423,-590882299,2021-07-29
9313,,256_4551210754_CACEIS,1748958280,OB,OB,No-pair,monthend interest,Caceis booked the monthend interest for SD 02-01-2021. Integrata yet to book,1748958280,1748958280,4551456423,-590882299,2021-07-29
9314,,2_455376435_CACEIS,546029665,OB,OB,No-pair,wire transfer,Caceis booked the wire transfer for SD 04-19-2019. Integrata yet to book,546029665,546029665,4551456423,-590882299,2021-07-29
9315,,63_455442954_CACEIS,637183769,OB,OB,No-pair,fx wire,Caceis booked the fx wire for SD 06-17-2019. Integrata yet to book,637183769,637183769,4551456423,-590882299,2021-07-29
9316,,515_455783582_CACEIS,1185159546,OB,OB,No-pair,fx wire,Caceis booked the fx wire for SD 03-16-2020. Integrata yet to book,1185159546,1185159546,4551456423,-590882299,2021-07-29
9317,,94_455846205_CACEIS,1265566696,OB,OB,No-pair,fx wire,Caceis booked the fx wire for SD 05-04-2020. Integrata yet to book,1265566696,1265566696,4551456423,-590882299,2021-07-29
9318,,104_455442954_CACEIS,637183916,OB,OB,No-pair,fx wire,Caceis booked the fx wire for SD 06-17-2019. Integrata yet to book,637183916,637183916,4551456423,-590882299,2021-07-29
9319,,59_455442954_CACEIS,637183897,OB,OB,No-pair,fx wire,Caceis booked the fx wire for SD 06-17-2019. Integrata yet to book,637183897,637183897,4551456423,-590882299,2021-07-29
9320,,435_4551023983_CACEIS,1500214284,OB,OB,No-pair,fx wire,Caceis booked the fx wire for SD 09-15-2020. Integrata yet to book,1500214284,1500214284,4551456423,-590882299,2021-07-29
9321,,39_4551430779_CACEIS,2043021953,OB,OB,No-pair,wire transfer,Caceis booked the wire transfer for SD 07-12-2021. Integrata yet to book,2043021953,2043021953,4551456423,-590882299,2021-07-29
9322,,83_455978912_CACEIS,1441832248,OB,OB,No-pair,fees,Caceis booked the fees for SD 08-12-2020. Integrata yet to book,1441832248,1441832248,4551456423,-590882299,2021-07-29
9323,,72_4551109218_CACEIS,1613286588,OB,OB,No-pair,fx wire,Caceis booked the fx wire for SD 11-16-2020. Integrata yet to book,1613286588,1613286588,4551456423,-590882299,2021-07-29
9324,,54_4551149959_CACEIS,1667622928,OB,OB,No-pair,fx wire,Caceis booked the fx wire for SD 12-15-2020. Integrata yet to book,1667622928,1667622928,4551456423,-590882299,2021-07-29
9325,,58_455953995_CACEIS,1409848245,OB,OB,No-pair,fx wire,Caceis booked the fx wire for SD 07-24-2020. Integrata yet to book,1409848245,1409848245,4551456423,-590882299,2021-07-29
9326,,8_315245_CACEIS,450739044,OB,OB,No-pair,monthend interest,Caceis booked the monthend interest for SD 03-01-2019. Integrata yet to book,450739044,450739044,4551456423,-590882299,2021-07-29
9327,,436_455748445_CACEIS,1136275464,OB,OB,No-pair,fx wire,Caceis booked the fx wire for SD 02-18-2020. Integrata yet to book,1136275464,1136275464,4551456423,-590882299,2021-07-29
9328,,25_4551042956_CACEIS,1525553103,OB,OB,No-pair,wire transfer,Caceis booked the wire transfer for SD 09-17-2020. Integrata yet to book,1525553103,1525553103,4551456423,-590882299,2021-07-29
9329,,7_455986572_CACEIS,1451140933,OB,OB,No-pair,proceeds sell,Caceis booked the proceeds sell for SD 08-18-2020. Integrata yet to book,1451140933,1451140933,4551456423,-590882299,2021-07-29
9330,,3_455376435_CACEIS,546029667,OB,OB,No-pair,wire transfer,Caceis booked the wire transfer for SD 04-19-2019. Integrata yet to book,546029667,546029667,4551456423,-590882299,2021-07-29
9331,,780_4551232906_CACEIS,1780157198,OB,OB,No-pair,fx wire,Caceis booked the fx wire for SD 02-16-2021. Integrata yet to book,1780157198,1780157198,4551456423,-590882299,2021-07-29
9332,,91_306589_CACEIS,433998277,OB,OB,No-pair,fx wire,Caceis booked the fx wire for SD 02-15-2019. Integrata yet to book,433998277,433998277,4551456423,-590882299,2021-07-29
9333,,430_4551066313_CACEIS,1556876753,OB,OB,No-pair,fx wire,Caceis booked the fx wire for SD 10-15-2020. Integrata yet to book,1556876753,1556876753,4551456423,-590882299,2021-07-29
9334,,272_4551394628_CACEIS,1997244713,OB,OB,No-pair,fx wire,Caceis booked the fx wire for SD 06-15-2021. Integrata yet to book,1997244713,1997244713,4551456423,-590882299,2021-07-29
9335,,3_4551430779_CACEIS,2043021943,OB,OB,No-pair,wire transfer,Caceis booked the wire transfer for SD 07-12-2021. Integrata yet to book,2043021943,2043021943,4551456423,-590882299,2021-07-29
9336,,1389_455643841_CACEIS,975324461,OB,OB,No-pair,fx wire,Caceis booked the fx wire for SD 11-15-2019. Integrata yet to book,975324461,975324461,4551456423,-590882299,2021-07-29
9337,,26_4551277470_CACEIS,1837468627,OB,OB,No-pair,fx wire,Caceis booked the fx wire for SD 03-19-2021. Integrata yet to book,1837468627,1837468627,4551456423,-590882299,2021-07-29
9338,,35_4551349054_CACEIS,1933657828,OB,OB,No-pair,fees,Caceis booked the fees for SD 05-12-2021. Integrata yet to book,1933657828,1933657828,4551456423,-590882299,2021-07-29
9339,,7_4551155693_CACEIS,1675163276,OB,OB,No-pair,fx wire,Caceis booked the fx wire for SD 12-18-2020. Integrata yet to book,1675163276,1675163276,4551456423,-590882299,2021-07-29
9340,,105_455693832_CACEIS,1063035287,OB,OB,No-pair,fx wire,Caceis booked the fx wire for SD 01-06-2020. Integrata yet to book,1063035287,1063035287,4551456423,-590882299,2021-07-29
9341,,160_4551023983_CACEIS,1500213865,OB,OB,No-pair,fx wire,Caceis booked the fx wire for SD 09-15-2020. Integrata yet to book,1500213865,1500213865,4551456423,-590882299,2021-07-29
9342,,156_4551191593_CACEIS,1722905158,OB,OB,No-pair,fx wire,Caceis booked the fx wire for SD 01-15-2021. Integrata yet to book,1722905158,1722905158,4551456423,-590882299,2021-07-29
9343,,57_455953995_CACEIS,1409848243,OB,OB,No-pair,fx wire,Caceis booked the fx wire for SD 07-24-2020. Integrata yet to book,1409848243,1409848243,4551456423,-590882299,2021-07-29
9344,,547_455783582_CACEIS,1185159536,OB,OB,No-pair,fx wire,Caceis booked the fx wire for SD 03-16-2020. Integrata yet to book,1185159536,1185159536,4551456423,-590882299,2021-07-29
9345,,406_455940640_CACEIS,1391596380,OB,OB,No-pair,fx wire,Caceis booked the fx wire for SD 07-15-2020. Integrata yet to book,1391596380,1391596380,4551456423,-590882299,2021-07-29
9346,,268_4551394628_CACEIS,1997244726,OB,OB,No-pair,fx wire,Caceis booked the fx wire for SD 06-15-2021. Integrata yet to book,1997244726,1997244726,4551456423,-590882299,2021-07-29
9347,,113_455862625_CACEIS,1287002942,OB,OB,No-pair,fx wire,Caceis booked the fx wire for SD 05-15-2020. Integrata yet to book,1287002942,1287002942,4551456423,-590882299,2021-07-29
9348,,177_455693832_CACEIS,1063035292,OB,OB,No-pair,wire transfer,Caceis booked the wire transfer for SD 01-06-2020. Integrata yet to book,1063035292,1063035292,4551456423,-590882299,2021-07-29
9349,,38_455934920_CACEIS,1383926705,OB,OB,No-pair,fees,Caceis booked the fees for SD 07-10-2020. Integrata yet to book,1383926705,1383926705,4551456423,-590882299,2021-07-29
9350,,192_4551248485_CACEIS,1800039558,OB,OB,No-pair,fx wire,Caceis booked the fx wire for SD 02-26-2021. Integrata yet to book,1800039558,1800039558,4551456423,-590882299,2021-07-29
9351,,36_4551430779_CACEIS,2043021936,OB,OB,No-pair,wire transfer,Caceis booked the wire transfer for SD 07-12-2021. Integrata yet to book,2043021936,2043021936,4551456423,-590882299,2021-07-29
9352,,141_455748445_CACEIS,1136275165,OB,OB,No-pair,fx wire,Caceis booked the fx wire for SD 02-18-2020. Integrata yet to book,1136275165,1136275165,4551456423,-590882299,2021-07-29
9353,,74_455783582_CACEIS,1185159363,OB,OB,No-pair,fx wire,Caceis booked the fx wire for SD 03-16-2020. Integrata yet to book,1185159363,1185159363,4551456423,-590882299,2021-07-29
9354,,85_4551127906_CACEIS,1637981930,OB,OB,No-pair,monthend interest,Caceis booked the monthend interest for SD 12-01-2020. Integrata yet to book,1637981930,1637981930,4551456423,-590882299,2021-07-29
9355,,122_4551201062_CACEIS,1734565927,OB,OB,No-pair,fx wire,Caceis booked the fx wire for SD 01-22-2021. Integrata yet to book,1734565927,1734565927,4551456423,-590882299,2021-07-29
9356,,13_294330_CACEIS,412596778,OB,OB,No-pair,fees,Caceis booked the fees for SD 02-07-2019. Integrata yet to book,412596778,412596778,4551456423,-590882299,2021-07-29
9357,,6_455386356_CACEIS,560114411,OB,OB,No-pair,monthend interest,Caceis booked the monthend interest for SD 05-01-2019. Integrata yet to book,560114411,560114411,4551456423,-590882299,2021-07-29
9358,,136_455862625_CACEIS,1287002868,OB,OB,No-pair,fx wire,Caceis booked the fx wire for SD 05-15-2020. Integrata yet to book,1287002868,1287002868,4551456423,-590882299,2021-07-29
9359,,16_455541826_CACEIS,801870225,OB,OB,No-pair,fx wire,Caceis booked the fx wire for SD 09-06-2019. Integrata yet to book,801870225,801870225,4551456423,-590882299,2021-07-29
9360,,493_455783582_CACEIS,1185159512,OB,OB,No-pair,fx wire,Caceis booked the fx wire for SD 03-16-2020. Integrata yet to book,1185159512,1185159512,4551456423,-590882299,2021-07-29
9361,,82_455762980_CACEIS,1156897690,OB,OB,No-pair,fx wire,Caceis booked the fx wire for SD 02-28-2020. Integrata yet to book,1156897690,1156897690,4551456423,-590882299,2021-07-29
9362,,893_455822501_CACEIS,1235308739,OB,OB,No-pair,fees,Caceis booked the fees for SD 04-14-2020. Integrata yet to book,1235308739,1235308739,4551456423,-590882299,2021-07-29
9363,,377_455985296_CACEIS,1449582165,OB,OB,No-pair,fx wire,Caceis booked the fx wire for SD 08-17-2020. Integrata yet to book,1449582165,1449582165,4551456423,-590882299,2021-07-29
9364,,200_455862625_CACEIS,1287003310,OB,OB,No-pair,fx wire,Caceis booked the fx wire for SD 05-15-2020. Integrata yet to book,1287003310,1287003310,4551456423,-590882299,2021-07-29
9365,,293_4551149959_CACEIS,1667623132,OB,OB,No-pair,fx wire,Caceis booked the fx wire for SD 12-15-2020. Integrata yet to book,1667623132,1667623132,4551456423,-590882299,2021-07-29
9366,,16_455790609_CACEIS,1194036482,OB,OB,No-pair,fx wire,Caceis booked the fx wire for SD 03-20-2020. Integrata yet to book,1194036482,1194036482,4551456423,-590882299,2021-07-29
9367,,88_455934920_CACEIS,1383926666,OB,OB,No-pair,fees,Caceis booked the fees for SD 07-10-2020. Integrata yet to book,1383926666,1383926666,4551456423,-590882299,2021-07-29
9368,,7_4551248485_CACEIS,1800039352,OB,OB,No-pair,fx wire,Caceis booked the fx wire for SD 02-26-2021. Integrata yet to book,1800039352,1800039352,4551456423,-590882299,2021-07-29
9369,,92_455846205_CACEIS,1265566725,OB,OB,No-pair,fx wire,Caceis booked the fx wire for SD 05-04-2020. Integrata yet to book,1265566725,1265566725,4551456423,-590882299,2021-07-29
9370,,139_4551210754_CACEIS,1748958256,OB,OB,No-pair,fx wire,Caceis booked the fx wire for SD 01-29-2021. Integrata yet to book,1748958256,1748958256,4551456423,-590882299,2021-07-29
9371,,43_4551394628_CACEIS,1997244617,OB,OB,No-pair,fx wire,Caceis booked the fx wire for SD 06-15-2021. Integrata yet to book,1997244617,1997244617,4551456423,-590882299,2021-07-29
9372,,44_4551097416_CACEIS,1597270262,OB,OB,No-pair,fx wire,Caceis booked the fx wire for SD 11-06-2020. Integrata yet to book,1597270262,1597270262,4551456423,-590882299,2021-07-29
9373,,894_455822501_CACEIS,1235308751,OB,OB,No-pair,fees,Caceis booked the fees for SD 04-14-2020. Integrata yet to book,1235308751,1235308751,4551456423,-590882299,2021-07-29
9374,,118_4551313388_CACEIS,1883527760,OB,OB,No-pair,fx wire,Caceis booked the fx wire for SD 04-15-2021. Integrata yet to book,1883527760,1883527760,4551456423,-590882299,2021-07-29
9375,,8_4551117124_CACEIS,1623224462,OB,OB,No-pair,fx wire,Caceis booked the fx wire for SD 11-20-2020. Integrata yet to book,1623224462,1623224462,4551456423,-590882299,2021-07-29
9376,,127_4551232906_CACEIS,1780156572,OB,OB,No-pair,fx wire,Caceis booked the fx wire for SD 02-16-2021. Integrata yet to book,1780156572,1780156572,4551456423,-590882299,2021-07-29
9377,,90_455748445_CACEIS,1136275107,OB,OB,No-pair,fx wire,Caceis booked the fx wire for SD 02-18-2020. Integrata yet to book,1136275107,1136275107,4551456423,-590882299,2021-07-29
9378,,48_455590588_CACEIS,883858477,OB,OB,No-pair,fx wire,Caceis booked the fx wire for SD 10-15-2019. Integrata yet to book,883858477,883858477,4551456423,-590882299,2021-07-29
9379,,1_4551161435_CACEIS,1682905787,OB,OB,No-pair,wire transfer,Caceis booked the wire transfer for SD 12-23-2020. Integrata yet to book,1682905787,1682905787,4551456423,-590882299,2021-07-29
9380,,19_455871083_CACEIS,1298154299,OB,OB,No-pair,fx wire,Caceis booked the fx wire for SD 05-22-2020. Integrata yet to book,1298154299,1298154299,4551456423,-590882299,2021-07-29
9381,,39_455736646_CACEIS,1120326870,OB,OB,No-pair,fx wire,Caceis booked the fx wire for SD 02-07-2020. Integrata yet to book,1120326870,1120326870,4551456423,-590882299,2021-07-29
9382,,431_455783582_CACEIS,1185159650,OB,OB,No-pair,fx wire,Caceis booked the fx wire for SD 03-16-2020. Integrata yet to book,1185159650,1185159650,4551456423,-590882299,2021-07-29
9383,,44_455934920_CACEIS,1383926770,OB,OB,No-pair,fees,Caceis booked the fees for SD 07-10-2020. Integrata yet to book,1383926770,1383926770,4551456423,-590882299,2021-07-29
9384,,471_455862625_CACEIS,1287003751,OB,OB,No-pair,fx wire,Caceis booked the fx wire for SD 05-15-2020. Integrata yet to book,1287003751,1287003751,4551456423,-590882299,2021-07-29
9385,,41_4551174457_CACEIS,1699762782,OB,OB,No-pair,fx wire,Caceis booked the fx wire for SD 01-04-2021. Integrata yet to book,1699762782,1699762782,4551456423,-590882299,2021-07-29
9386,,137_4551210754_CACEIS,1748958309,OB,OB,No-pair,wire transfer,Caceis booked the wire transfer for SD 01-29-2021. Integrata yet to book,1748958309,1748958309,4551456423,-590882299,2021-07-29
9387,,82_455822501_CACEIS,1235308085,OB,OB,No-pair,fx wire,Caceis booked the fx wire for SD 04-15-2020. Integrata yet to book,1235308085,1235308085,4551456423,-590882299,2021-07-29
9388,,12_4551206835_CACEIS,1743521225,OB,OB,No-pair,wire transfer,Caceis booked the wire transfer for SD 01-27-2021. Integrata yet to book,1743521225,1743521225,4551456423,-590882299,2021-07-29
9389,,386_455748445_CACEIS,1136275122,OB,OB,No-pair,fx wire,Caceis booked the fx wire for SD 02-18-2020. Integrata yet to book,1136275122,1136275122,4551456423,-590882299,2021-07-29
9390,,38_4551066313_CACEIS,1556876282,OB,OB,No-pair,fx wire,Caceis booked the fx wire for SD 10-15-2020. Integrata yet to book,1556876282,1556876282,4551456423,-590882299,2021-07-29
9391,,17_455676391_CACEIS,1031864586,OB,OB,No-pair,proceeds sell,Caceis booked the proceeds sell for SD 12-20-2019. Integrata yet to book,1031864586,1031864586,4551456423,-590882299,2021-07-29
9392,,100_455745203_CACEIS,1132280426,OB,OB,No-pair,fx wire,Caceis booked the fx wire for SD 02-14-2020. Integrata yet to book,1132280426,1132280426,4551456423,-590882299,2021-07-29
9393,,959_455822501_CACEIS,1235308809,OB,OB,No-pair,fees,Caceis booked the fees for SD 04-14-2020. Integrata yet to book,1235308809,1235308809,4551456423,-590882299,2021-07-29
9394,,40_267975_CACEIS,368747333,OB,OB,No-pair,fx wire,Caceis booked the fx wire for SD 01-15-2019. Integrata yet to book,368747333,368747333,4551456423,-590882299,2021-07-29
9395,,9_455541826_CACEIS,801870194,OB,OB,No-pair,fx wire,Caceis booked the fx wire for SD 09-06-2019. Integrata yet to book,801870194,801870194,4551456423,-590882299,2021-07-29
9396,,121_455862625_CACEIS,1287002649,OB,OB,No-pair,fx wire,Caceis booked the fx wire for SD 05-15-2020. Integrata yet to book,1287002649,1287002649,4551456423,-590882299,2021-07-29
9397,,131_455748445_CACEIS,1136275161,OB,OB,No-pair,fx wire,Caceis booked the fx wire for SD 02-18-2020. Integrata yet to book,1136275161,1136275161,4551456423,-590882299,2021-07-29
9398,,94_455753887_CACEIS,1143364840,OB,OB,No-pair,fx wire,Caceis booked the fx wire for SD 02-21-2020. Integrata yet to book,1143364840,1143364840,4551456423,-590882299,2021-07-29
9399,,107_455862625_CACEIS,1287003022,OB,OB,No-pair,fx wire,Caceis booked the fx wire for SD 05-15-2020. Integrata yet to book,1287003022,1287003022,4551456423,-590882299,2021-07-29
9400,,29_4551171343_CACEIS,1696929201,OB,OB,No-pair,monthend interest,Caceis booked the monthend interest for SD 01-01-2021. Integrata yet to book,1696929201,1696929201,4551456423,-590882299,2021-07-29
9401,,46_455736646_CACEIS,1120326872,OB,OB,No-pair,fx wire,Caceis booked the fx wire for SD 02-07-2020. Integrata yet to book,1120326872,1120326872,4551456423,-590882299,2021-07-29
9402,,2_4551050873_CACEIS,1536076991,OB,OB,No-pair,wire transfer,Caceis booked the wire transfer for SD 09-29-2020. Integrata yet to book,1536076991,1536076991,4551456423,-590882299,2021-07-29
9403,,241_455985296_CACEIS,1449582033,OB,OB,No-pair,fx wire,Caceis booked the fx wire for SD 08-17-2020. Integrata yet to book,1449582033,1449582033,4551456423,-590882299,2021-07-29
9404,,58_4551229444_CACEIS,1775243129,OB,OB,No-pair,wire transfer,Caceis booked the wire transfer for SD 02-12-2021. Integrata yet to book,1775243129,1775243129,4551456423,-590882299,2021-07-29
9405,,128_455688261_CACEIS,1053516667,OB,OB,No-pair,monthend interest,Caceis booked the monthend interest for SD 01-01-2020. Integrata yet to book,1053516667,1053516667,4551456423,-590882299,2021-07-29
9406,,229_4551023983_CACEIS,1500213880,OB,OB,No-pair,fx wire,Caceis booked the fx wire for SD 09-15-2020. Integrata yet to book,1500213880,1500213880,4551456423,-590882299,2021-07-29
9407,,11_455469998_CACEIS,680605524,OB,OB,No-pair,fees,Caceis booked the fees for SD 07-10-2019. Integrata yet to book,680605524,680605524,4551456423,-590882299,2021-07-29
9408,,95_455745203_CACEIS,1132280347,OB,OB,No-pair,wire transfer,Caceis booked the wire transfer for SD 02-14-2020. Integrata yet to book,1132280347,1132280347,4551456423,-590882299,2021-07-29
9409,,1_4551169948_CACEIS,1694497054,OB,OB,No-pair,wire transfer,Caceis booked the wire transfer for SD 12-30-2020. Integrata yet to book,1694497054,1694497054,4551456423,-590882299,2021-07-29
9410,,76_455822501_CACEIS,1235308091,OB,OB,No-pair,fx wire,Caceis booked the fx wire for SD 04-15-2020. Integrata yet to book,1235308091,1235308091,4551456423,-590882299,2021-07-29
9411,,49_4551174457_CACEIS,1699762770,OB,OB,No-pair,wire transfer,Caceis booked the wire transfer for SD 01-04-2021. Integrata yet to book,1699762770,1699762770,4551456423,-590882299,2021-07-29
9412,,46_4551244633_CACEIS,1795375948,OB,OB,No-pair,monthend interest,Caceis booked the monthend interest for SD 02-25-2021. Integrata yet to book,1795375948,1795375948,4551456423,-590882299,2021-07-29
9413,,140_455898221_CACEIS,1334730752,OB,OB,No-pair,fees,Caceis booked the fees for SD 06-12-2020. Integrata yet to book,1334730752,1334730752,4551456423,-590882299,2021-07-29
9414,,156_4551201062_CACEIS,1734565979,OB,OB,No-pair,fx wire,Caceis booked the fx wire for SD 01-22-2021. Integrata yet to book,1734565979,1734565979,4551456423,-590882299,2021-07-29
9415,,139_455898221_CACEIS,1334730748,OB,OB,No-pair,fees,Caceis booked the fees for SD 06-12-2020. Integrata yet to book,1334730748,1334730748,4551456423,-590882299,2021-07-29
9416,,23_455963450_CACEIS,1421777723,OB,OB,No-pair,monthend interest,Caceis booked the monthend interest for SD 08-01-2020. Integrata yet to book,1421777723,1421777723,4551456423,-590882299,2021-07-29
9417,,25_4551068550_CACEIS,1559437454,OB,OB,No-pair,wire transfer,Caceis booked the wire transfer for SD 10-16-2020. Integrata yet to book,1559437454,1559437454,4551456423,-590882299,2021-07-29
9418,,190_455898221_CACEIS,1334730739,OB,OB,No-pair,fees,Caceis booked the fees for SD 06-12-2020. Integrata yet to book,1334730739,1334730739,4551456423,-590882299,2021-07-29
9419,,50_4551171343_CACEIS,1696929214,OB,OB,No-pair,monthend interest,Caceis booked the monthend interest for SD 01-01-2021. Integrata yet to book,1696929214,1696929214,4551456423,-590882299,2021-07-29
9420,,3_455646278_CACEIS,979597503,OB,OB,No-pair,fx wire,Caceis booked the fx wire for SD 11-27-2019. Integrata yet to book,979597503,979597503,4551456423,-590882299,2021-07-29
9421,,129_4551060531_CACEIS,1548950757,OB,OB,No-pair,fees,Caceis booked the fees for SD 10-12-2020. Integrata yet to book,1548950757,1548950757,4551456423,-590882299,2021-07-29
9422,,7_455868069_CACEIS,1293865187,OB,OB,No-pair,wire transfer,Caceis booked the wire transfer for SD 05-20-2020. Integrata yet to book,1293865187,1293865187,4551456423,-590882299,2021-07-29
9423,,193_455898221_CACEIS,1334730773,OB,OB,No-pair,fees,Caceis booked the fees for SD 06-12-2020. Integrata yet to book,1334730773,1334730773,4551456423,-590882299,2021-07-29
9424,,237_4551066313_CACEIS,1556876593,OB,OB,No-pair,fx wire,Caceis booked the fx wire for SD 10-15-2020. Integrata yet to book,1556876593,1556876593,4551456423,-590882299,2021-07-29
9425,,623_4551232906_CACEIS,1780156971,OB,OB,No-pair,fx wire,Caceis booked the fx wire for SD 02-16-2021. Integrata yet to book,1780156971,1780156971,4551456423,-590882299,2021-07-29
9426,,236_455748445_CACEIS,1136275208,OB,OB,No-pair,fx wire,Caceis booked the fx wire for SD 02-18-2020. Integrata yet to book,1136275208,1136275208,4551456423,-590882299,2021-07-29
9427,,153_4551232906_CACEIS,1780156413,OB,OB,No-pair,fx wire,Caceis booked the fx wire for SD 02-16-2021. Integrata yet to book,1780156413,1780156413,4551456423,-590882299,2021-07-29
9428,,2_455386356_CACEIS,560114396,OB,OB,No-pair,monthend interest,Caceis booked the monthend interest for SD 05-01-2019. Integrata yet to book,560114396,560114396,4551456423,-590882299,2021-07-29
9429,,648_4551232906_CACEIS,1780157084,OB,OB,No-pair,fx wire,Caceis booked the fx wire for SD 02-16-2021. Integrata yet to book,1780157084,1780157084,4551456423,-590882299,2021-07-29
9430,,20_455469998_CACEIS,680605537,OB,OB,No-pair,fees,Caceis booked the fees for SD 07-10-2019. Integrata yet to book,680605537,680605537,4551456423,-590882299,2021-07-29
9431,,2_4551454471_CACEIS,2072012686,OB,OB,No-pair,wire transfer,Caceis booked the wire transfer for SD 07-22-2021. Integrata yet to book,2072012686,2072012686,4551456423,-590882299,2021-07-29
9432,,178_4551248485_CACEIS,1800039408,OB,OB,No-pair,fx wire,Caceis booked the fx wire for SD 02-26-2021. Integrata yet to book,1800039408,1800039408,4551456423,-590882299,2021-07-29
9433,,184_4551066313_CACEIS,1556876365,OB,OB,No-pair,fx wire,Caceis booked the fx wire for SD 10-15-2020. Integrata yet to book,1556876365,1556876365,4551456423,-590882299,2021-07-29
9434,,20_455688261_CACEIS,1053516655,OB,OB,No-pair,monthend interest,Caceis booked the monthend interest for SD 01-01-2020. Integrata yet to book,1053516655,1053516655,4551456423,-590882299,2021-07-29
9435,,116_4551232906_CACEIS,1780156624,OB,OB,No-pair,fx wire,Caceis booked the fx wire for SD 02-16-2021. Integrata yet to book,1780156624,1780156624,4551456423,-590882299,2021-07-29
9436,,30_455693832_CACEIS,1063035216,OB,OB,No-pair,fx wire,Caceis booked the fx wire for SD 01-06-2020. Integrata yet to book,1063035216,1063035216,4551456423,-590882299,2021-07-29
9437,,57_4551244633_CACEIS,1795375931,OB,OB,No-pair,monthend interest,Caceis booked the monthend interest for SD 02-25-2021. Integrata yet to book,1795375931,1795375931,4551456423,-590882299,2021-07-29
9438,,196_4551394628_CACEIS,1997244784,OB,OB,No-pair,wire transfer,Caceis booked the wire transfer for SD 06-15-2021. Integrata yet to book,1997244784,1997244784,4551456423,-590882299,2021-07-29
9439,,5_455779682_CACEIS,1179968822,OB,OB,No-pair,wire transfer,Caceis booked the wire transfer for SD 03-12-2020. Integrata yet to book,1179968822,1179968822,4551456423,-590882299,2021-07-29
9440,,189_455898221_CACEIS,1334730732,OB,OB,No-pair,fees,Caceis booked the fees for SD 06-12-2020. Integrata yet to book,1334730732,1334730732,4551456423,-590882299,2021-07-29
9441,,258_4551109218_CACEIS,1613286849,OB,OB,No-pair,fx wire,Caceis booked the fx wire for SD 11-16-2020. Integrata yet to book,1613286849,1613286849,4551456423,-590882299,2021-07-29
9442,,2_4551414063_CACEIS,2021656552,OB,OB,No-pair,wire transfer,Caceis booked the wire transfer for SD 06-28-2021. Integrata yet to book,2021656552,2021656552,4551456423,-590882299,2021-07-29
9443,,26_4551127906_CACEIS,1637981940,OB,OB,No-pair,monthend interest,Caceis booked the monthend interest for SD 12-01-2020. Integrata yet to book,1637981940,1637981940,4551456423,-590882299,2021-07-29
9444,,42_455649350_CACEIS,985331683,OB,OB,No-pair,monthend interest,Caceis booked the monthend interest for SD 12-01-2019. Integrata yet to book,985331683,985331683,4551456423,-590882299,2021-07-29
9445,,189_4551023983_CACEIS,1500213946,OB,OB,No-pair,fx wire,Caceis booked the fx wire for SD 09-15-2020. Integrata yet to book,1500213946,1500213946,4551456423,-590882299,2021-07-29
9446,,39_455554115_CACEIS,824384988,OB,OB,No-pair,fx wire,Caceis booked the fx wire for SD 09-17-2019. Integrata yet to book,824384988,824384988,4551456423,-590882299,2021-07-29
9447,,380_455748445_CACEIS,1136275014,OB,OB,No-pair,fx wire,Caceis booked the fx wire for SD 02-18-2020. Integrata yet to book,1136275014,1136275014,4551456423,-590882299,2021-07-29
9448,,97_455783582_CACEIS,1185159270,OB,OB,No-pair,fx wire,Caceis booked the fx wire for SD 03-16-2020. Integrata yet to book,1185159270,1185159270,4551456423,-590882299,2021-07-29
9449,,9_4551085502_CACEIS,1581818091,OB,OB,No-pair,wire transfer,Caceis booked the wire transfer for SD 10-29-2020. Integrata yet to book,1581818091,1581818091,4551456423,-590882299,2021-07-29
9450,,46_455803095_CACEIS,1210223527,OB,OB,No-pair,monthend interest,Caceis booked the monthend interest for SD 04-01-2020. Integrata yet to book,1210223527,1210223527,4551456423,-590882299,2021-07-29
9451,,489_455985296_CACEIS,1449582190,OB,OB,No-pair,fx wire,Caceis booked the fx wire for SD 08-17-2020. Integrata yet to book,1449582190,1449582190,4551456423,-590882299,2021-07-29
9452,,54_455663909_CACEIS,1011570693,OB,OB,No-pair,wire transfer,Caceis booked the wire transfer for SD 12-11-2019. Integrata yet to book,1011570693,1011570693,4551456423,-590882299,2021-07-29
9453,,112_455718167_CACEIS,1096512178,OB,OB,No-pair,fx wire,Caceis booked the fx wire for SD 01-24-2020. Integrata yet to book,1096512178,1096512178,4551456423,-590882299,2021-07-29
9454,,4_4551281272_CACEIS,1842371432,OB,OB,No-pair,proceeds sell,Caceis booked the proceeds sell for SD 03-23-2021. Integrata yet to book,1842371432,1842371432,4551456423,-590882299,2021-07-29
9455,,359_455900053_CACEIS,1336713667,OB,OB,No-pair,fx wire,Caceis booked the fx wire for SD 06-15-2020. Integrata yet to book,1336713667,1336713667,4551456423,-590882299,2021-07-29
9456,,874_455822501_CACEIS,1235307802,OB,OB,No-pair,fx wire,Caceis booked the fx wire for SD 04-15-2020. Integrata yet to book,1235307802,1235307802,4551456423,-590882299,2021-07-29
9457,,95_4551232906_CACEIS,1780156396,OB,OB,No-pair,fx wire,Caceis booked the fx wire for SD 02-16-2021. Integrata yet to book,1780156396,1780156396,4551456423,-590882299,2021-07-29
9458,,10_455449139_CACEIS,646003519,OB,OB,No-pair,fx wire,Caceis booked the fx wire for SD 06-21-2019. Integrata yet to book,646003519,646003519,4551456423,-590882299,2021-07-29
9459,,39_455663909_CACEIS,1011570666,OB,OB,No-pair,wire transfer,Caceis booked the wire transfer for SD 12-11-2019. Integrata yet to book,1011570666,1011570666,4551456423,-590882299,2021-07-29
9460,,24_4551287241_CACEIS,1850449308,OB,OB,No-pair,fx wire,Caceis booked the fx wire for SD 03-26-2021. Integrata yet to book,1850449308,1850449308,4551456423,-590882299,2021-07-29
9461,,147_4551232906_CACEIS,1780156502,OB,OB,No-pair,fx wire,Caceis booked the fx wire for SD 02-16-2021. Integrata yet to book,1780156502,1780156502,4551456423,-590882299,2021-07-29
9462,,521_455862625_CACEIS,1287004034,OB,OB,No-pair,fx wire,Caceis booked the fx wire for SD 05-15-2020. Integrata yet to book,1287004034,1287004034,4551456423,-590882299,2021-07-29
9463,,201_455985296_CACEIS,1449581898,OB,OB,No-pair,fx wire,Caceis booked the fx wire for SD 08-17-2020. Integrata yet to book,1449581898,1449581898,4551456423,-590882299,2021-07-29
9464,,251_4551149959_CACEIS,1667622944,OB,OB,No-pair,fx wire,Caceis booked the fx wire for SD 12-15-2020. Integrata yet to book,1667622944,1667622944,4551456423,-590882299,2021-07-29
9465,,396_455748445_CACEIS,1136275235,OB,OB,No-pair,fx wire,Caceis booked the fx wire for SD 02-18-2020. Integrata yet to book,1136275235,1136275235,4551456423,-590882299,2021-07-29
9466,,738_4551232906_CACEIS,1780157007,OB,OB,No-pair,fx wire,Caceis booked the fx wire for SD 02-16-2021. Integrata yet to book,1780157007,1780157007,4551456423,-590882299,2021-07-29
9467,,5_4551339728_CACEIS,1920020595,OB,OB,No-pair,wire transfer,Caceis booked the wire transfer for SD 05-05-2021. Integrata yet to book,1920020595,1920020595,4551456423,-590882299,2021-07-29
9468,,33_455709628_CACEIS,1085770908,OB,OB,No-pair,fx wire,Caceis booked the fx wire for SD 01-17-2020. Integrata yet to book,1085770908,1085770908,4551456423,-590882299,2021-07-29
9469,,97_455753887_CACEIS,1143364820,OB,OB,No-pair,fx wire,Caceis booked the fx wire for SD 02-21-2020. Integrata yet to book,1143364820,1143364820,4551456423,-590882299,2021-07-29
9470,,47_4551411869_CACEIS,2018959485,OB,OB,No-pair,proceeds sell,Caceis booked the proceeds sell for SD 06-28-2021. Integrata yet to book,2018959485,2018959485,4551456423,-590882299,2021-07-29
9471,,7_4551147939_CACEIS,1664874605,OB,OB,No-pair,wire transfer,Caceis booked the wire transfer for SD 12-14-2020. Integrata yet to book,1664874605,1664874605,4551456423,-590882299,2021-07-29
9472,,242_455783582_CACEIS,1185159404,OB,OB,No-pair,fx wire,Caceis booked the fx wire for SD 03-16-2020. Integrata yet to book,1185159404,1185159404,4551456423,-590882299,2021-07-29
9473,,330_455822501_CACEIS,1235308174,OB,OB,No-pair,fx wire,Caceis booked the fx wire for SD 04-15-2020. Integrata yet to book,1235308174,1235308174,4551456423,-590882299,2021-07-29
9474,,6_455848077_CACEIS,1267869765,OB,OB,No-pair,wire transfer,Caceis booked the wire transfer for SD 05-05-2020. Integrata yet to book,1267869765,1267869765,4551456423,-590882299,2021-07-29
9475,,65_4551229444_CACEIS,1775243138,OB,OB,No-pair,wire transfer,Caceis booked the wire transfer for SD 02-12-2021. Integrata yet to book,1775243138,1775243138,4551456423,-590882299,2021-07-29
9476,,73_455663909_CACEIS,1011570719,OB,OB,No-pair,wire transfer,Caceis booked the wire transfer for SD 12-11-2019. Integrata yet to book,1011570719,1011570719,4551456423,-590882299,2021-07-29
9477,,1_4551044906_CACEIS,1528403559,OB,OB,No-pair,monthend interest,Caceis booked the monthend interest for SD 10-01-2020. Integrata yet to book,1528403559,1528403559,4551456423,-590882299,2021-07-29
9478,,23_455693832_CACEIS,1063035207,OB,OB,No-pair,fx wire,Caceis booked the fx wire for SD 01-06-2020. Integrata yet to book,1063035207,1063035207,4551456423,-590882299,2021-07-29
9479,,133_455748445_CACEIS,1136275189,OB,OB,No-pair,fx wire,Caceis booked the fx wire for SD 02-18-2020. Integrata yet to book,1136275189,1136275189,4551456423,-590882299,2021-07-29
9480,,56_455663909_CACEIS,1011570707,OB,OB,No-pair,wire transfer,Caceis booked the wire transfer for SD 12-11-2019. Integrata yet to book,1011570707,1011570707,4551456423,-590882299,2021-07-29
9481,,64_4551313388_CACEIS,1883527782,OB,OB,No-pair,fx wire,Caceis booked the fx wire for SD 04-15-2021. Integrata yet to book,1883527782,1883527782,4551456423,-590882299,2021-07-29
9482,,39_4551419402_CACEIS,2029730702,OB,OB,No-pair,fx wire,Caceis booked the fx wire for SD 07-02-2021. Integrata yet to book,2029730702,2029730702,4551456423,-590882299,2021-07-29
9483,,142_4551210754_CACEIS,1748958272,OB,OB,No-pair,fx wire,Caceis booked the fx wire for SD 01-29-2021. Integrata yet to book,1748958272,1748958272,4551456423,-590882299,2021-07-29
9484,,159_4551191593_CACEIS,1722905089,OB,OB,No-pair,fx wire,Caceis booked the fx wire for SD 01-15-2021. Integrata yet to book,1722905089,1722905089,4551456423,-590882299,2021-07-29
9485,,505_455822501_CACEIS,1235308189,OB,OB,No-pair,fx wire,Caceis booked the fx wire for SD 04-15-2020. Integrata yet to book,1235308189,1235308189,4551456423,-590882299,2021-07-29
9486,,47_455985296_CACEIS,1449581849,OB,OB,No-pair,fx wire,Caceis booked the fx wire for SD 08-17-2020. Integrata yet to book,1449581849,1449581849,4551456423,-590882299,2021-07-29
9487,,4_455846205_CACEIS,1265566706,OB,OB,No-pair,fx wire,Caceis booked the fx wire for SD 05-04-2020. Integrata yet to book,1265566706,1265566706,4551456423,-590882299,2021-07-29
9488,,75_455663909_CACEIS,1011570632,OB,OB,No-pair,wire transfer,Caceis booked the wire transfer for SD 12-11-2019. Integrata yet to book,1011570632,1011570632,4551456423,-590882299,2021-07-29
9489,,118_4551184426_CACEIS,1712749739,OB,OB,No-pair,fees,Caceis booked the fees for SD 01-11-2021. Integrata yet to book,1712749739,1712749739,4551456423,-590882299,2021-07-29
9490,,1_4551136088_CACEIS,1649475110,OB,OB,No-pair,fx wire,Caceis booked the fx wire for SD 12-04-2020. Integrata yet to book,1649475110,1649475110,4551456423,-590882299,2021-07-29
9491,,50_4551097416_CACEIS,1597270306,OB,OB,No-pair,wire transfer,Caceis booked the wire transfer for SD 11-06-2020. Integrata yet to book,1597270306,1597270306,4551456423,-590882299,2021-07-29
9492,,18_455649350_CACEIS,985331633,OB,OB,No-pair,monthend interest,Caceis booked the monthend interest for SD 12-01-2019. Integrata yet to book,985331633,985331633,4551456423,-590882299,2021-07-29
9493,,51_4551244633_CACEIS,1795375916,OB,OB,No-pair,wire transfer,Caceis booked the wire transfer for SD 02-24-2021. Integrata yet to book,1795375916,1795375916,4551456423,-590882299,2021-07-29
9494,,34_455879764_CACEIS,1309543759,OB,OB,No-pair,monthend interest,Caceis booked the monthend interest for SD 06-01-2020. Integrata yet to book,1309543759,1309543759,4551456423,-590882299,2021-07-29
9495,,63_455790609_CACEIS,1194036476,OB,OB,No-pair,fx wire,Caceis booked the fx wire for SD 03-20-2020. Integrata yet to book,1194036476,1194036476,4551456423,-590882299,2021-07-29
9496,,482_455783582_CACEIS,1185159667,OB,OB,No-pair,fx wire,Caceis booked the fx wire for SD 03-16-2020. Integrata yet to book,1185159667,1185159667,4551456423,-590882299,2021-07-29
9497,,85_455663909_CACEIS,1011570600,OB,OB,No-pair,wire transfer,Caceis booked the wire transfer for SD 12-11-2019. Integrata yet to book,1011570600,1011570600,4551456423,-590882299,2021-07-29
9498,,124_4551184426_CACEIS,1712749749,OB,OB,No-pair,fees,Caceis booked the fees for SD 01-11-2021. Integrata yet to book,1712749749,1712749749,4551456423,-590882299,2021-07-29
9499,,10_316753_CACEIS,453176717,OB,OB,No-pair,fx wire,Caceis booked the fx wire for SD 03-01-2019. Integrata yet to book,453176717,453176717,4551456423,-590882299,2021-07-29
9500,,165_4551191593_CACEIS,1722905133,OB,OB,No-pair,fx wire,Caceis booked the fx wire for SD 01-15-2021. Integrata yet to book,1722905133,1722905133,4551456423,-590882299,2021-07-29
9501,,28_455649350_CACEIS,985331679,OB,OB,No-pair,monthend interest,Caceis booked the monthend interest for SD 12-01-2019. Integrata yet to book,985331679,985331679,4551456423,-590882299,2021-07-29
9502,,420_455822501_CACEIS,1235308371,OB,OB,No-pair,fx wire,Caceis booked the fx wire for SD 04-15-2020. Integrata yet to book,1235308371,1235308371,4551456423,-590882299,2021-07-29
9503,,73_4551149959_CACEIS,1667622911,OB,OB,No-pair,fx wire,Caceis booked the fx wire for SD 12-15-2020. Integrata yet to book,1667622911,1667622911,4551456423,-590882299,2021-07-29
9504,,43_4551292839_CACEIS,1857221921,OB,OB,No-pair,wire transfer,Caceis booked the wire transfer for SD 03-31-2021. Integrata yet to book,1857221921,1857221921,4551456423,-590882299,2021-07-29
9505,,26_4551267661_CACEIS,1824870513,OB,OB,No-pair,fx wire,Caceis booked the fx wire for SD 03-12-2021. Integrata yet to book,1824870513,1824870513,4551456423,-590882299,2021-07-29
9506,,103_4551087502_CACEIS,1584326584,OB,OB,No-pair,monthend interest,Caceis booked the monthend interest for SD 11-01-2020. Integrata yet to book,1584326584,1584326584,4551456423,-590882299,2021-07-29
9507,,42_4551097416_CACEIS,1597270300,OB,OB,No-pair,wire transfer,Caceis booked the wire transfer for SD 11-06-2020. Integrata yet to book,1597270300,1597270300,4551456423,-590882299,2021-07-29
9508,,150_4551232906_CACEIS,1780156528,OB,OB,No-pair,fx wire,Caceis booked the fx wire for SD 02-16-2021. Integrata yet to book,1780156528,1780156528,4551456423,-590882299,2021-07-29
9509,,74_455985296_CACEIS,1449581891,OB,OB,No-pair,fx wire,Caceis booked the fx wire for SD 08-17-2020. Integrata yet to book,1449581891,1449581891,4551456423,-590882299,2021-07-29
9510,,50_455783582_CACEIS,1185159233,OB,OB,No-pair,fx wire,Caceis booked the fx wire for SD 03-16-2020. Integrata yet to book,1185159233,1185159233,4551456423,-590882299,2021-07-29
9511,,1002_455643841_CACEIS,975324074,OB,OB,No-pair,wire transfer,Caceis booked the wire transfer for SD 11-13-2019. Integrata yet to book,975324074,975324074,4551456423,-590882299,2021-07-29
9512,,50_455590588_CACEIS,883858386,OB,OB,No-pair,fx wire,Caceis booked the fx wire for SD 10-15-2019. Integrata yet to book,883858386,883858386,4551456423,-590882299,2021-07-29
9513,,5_4551299798_CACEIS,1866915095,OB,OB,No-pair,wire transfer,Caceis booked the wire transfer for SD 04-06-2021. Integrata yet to book,1866915095,1866915095,4551456423,-590882299,2021-07-29
9514,,59_455790609_CACEIS,1194036470,OB,OB,No-pair,fx wire,Caceis booked the fx wire for SD 03-20-2020. Integrata yet to book,1194036470,1194036470,4551456423,-590882299,2021-07-29
9515,,95_455978912_CACEIS,1441832172,OB,OB,No-pair,fees,Caceis booked the fees for SD 08-12-2020. Integrata yet to book,1441832172,1441832172,4551456423,-590882299,2021-07-29
9516,,833_455643841_CACEIS,975323905,OB,OB,No-pair,wire transfer,Caceis booked the wire transfer for SD 11-01-2019. Integrata yet to book,975323905,975323905,4551456423,-590882299,2021-07-29
9517,,281_455706635_CACEIS,1081907565,OB,OB,No-pair,fx wire,Caceis booked the fx wire for SD 01-15-2020. Integrata yet to book,1081907565,1081907565,4551456423,-590882299,2021-07-29
9518,,40_455663909_CACEIS,1011570712,OB,OB,No-pair,wire transfer,Caceis booked the wire transfer for SD 12-11-2019. Integrata yet to book,1011570712,1011570712,4551456423,-590882299,2021-07-29
9519,,124_4551436806_CACEIS,2049885781,OB,OB,No-pair,fx wire,Caceis booked the fx wire for SD 07-15-2021. Integrata yet to book,2049885781,2049885781,4551456423,-590882299,2021-07-29
9520,,158_4551191593_CACEIS,1722905145,OB,OB,No-pair,fx wire,Caceis booked the fx wire for SD 01-15-2021. Integrata yet to book,1722905145,1722905145,4551456423,-590882299,2021-07-29
9521,,490_455900053_CACEIS,1336713889,OB,OB,No-pair,fx wire,Caceis booked the fx wire for SD 06-15-2020. Integrata yet to book,1336713889,1336713889,4551456423,-590882299,2021-07-29
9522,,8_357741_CACEIS,516521706,OB,OB,No-pair,fx wire,Caceis booked the fx wire for SD 04-05-2019. Integrata yet to book,516521706,516521706,4551456423,-590882299,2021-07-29
9523,,962_455643841_CACEIS,975324034,OB,OB,No-pair,wire transfer,Caceis booked the wire transfer for SD 11-13-2019. Integrata yet to book,975324034,975324034,4551456423,-590882299,2021-07-29
9524,,6_260823_CACEIS,357057715,OB,OB,No-pair,wire transfer,Caceis booked the wire transfer for SD 01-08-2019. Integrata yet to book,357057715,357057715,4551456423,-590882299,2021-07-29
9525,,1_4551046894_CACEIS,1531161774,OB,OB,No-pair,wire transfer,Caceis booked the wire transfer for SD 10-01-2020. Integrata yet to book,1531161774,1531161774,4551456423,-590882299,2021-07-29
9526,,1009_455643841_CACEIS,975324081,OB,OB,No-pair,wire transfer,Caceis booked the wire transfer for SD 11-13-2019. Integrata yet to book,975324081,975324081,4551456423,-590882299,2021-07-29
9527,,31_4551023983_CACEIS,1500213794,OB,OB,No-pair,fx wire,Caceis booked the fx wire for SD 09-15-2020. Integrata yet to book,1500213794,1500213794,4551456423,-590882299,2021-07-29
9528,,96_306589_CACEIS,433998242,OB,OB,No-pair,fx wire,Caceis booked the fx wire for SD 02-15-2019. Integrata yet to book,433998242,433998242,4551456423,-590882299,2021-07-29
9529,,8_455570278_CACEIS,849574817,OB,OB,No-pair,monthend interest,Caceis booked the monthend interest for SD 10-01-2019. Integrata yet to book,849574817,849574817,4551456423,-590882299,2021-07-29
9530,,849_455822501_CACEIS,1235308676,OB,OB,No-pair,wire transfer,Caceis booked the wire transfer for SD 04-14-2020. Integrata yet to book,1235308676,1235308676,4551456423,-590882299,2021-07-29
9531,,260_4551436806_CACEIS,2049886030,OB,OB,No-pair,fx wire,Caceis booked the fx wire for SD 07-15-2021. Integrata yet to book,2049886030,2049886030,4551456423,-590882299,2021-07-29
9532,,38_455663909_CACEIS,1011570641,OB,OB,No-pair,wire transfer,Caceis booked the wire transfer for SD 12-11-2019. Integrata yet to book,1011570641,1011570641,4551456423,-590882299,2021-07-29
9533,,27_455842390_CACEIS,1260634964,OB,OB,No-pair,wire transfer,Caceis booked the wire transfer for SD 04-30-2020. Integrata yet to book,1260634964,1260634964,4551456423,-590882299,2021-07-29
9534,,403_4551023983_CACEIS,1500214203,OB,OB,No-pair,fx wire,Caceis booked the fx wire for SD 09-15-2020. Integrata yet to book,1500214203,1500214203,4551456423,-590882299,2021-07-29
9535,,198_455940640_CACEIS,1391596213,OB,OB,No-pair,fx wire,Caceis booked the fx wire for SD 07-15-2020. Integrata yet to book,1391596213,1391596213,4551456423,-590882299,2021-07-29
9536,,1233_455643841_CACEIS,975324305,OB,OB,No-pair,fx wire,Caceis booked the fx wire for SD 11-15-2019. Integrata yet to book,975324305,975324305,4551456423,-590882299,2021-07-29
9537,,23_455671061_CACEIS,1023554991,OB,OB,No-pair,wire transfer,Caceis booked the wire transfer for SD 12-17-2019. Integrata yet to book,1023554991,1023554991,4551456423,-590882299,2021-07-29
9538,,755_455822501_CACEIS,1235308594,OB,OB,No-pair,wire transfer,Caceis booked the wire transfer for SD 04-14-2020. Integrata yet to book,1235308594,1235308594,4551456423,-590882299,2021-07-29
9539,,39_455783582_CACEIS,1185159279,OB,OB,No-pair,fx wire,Caceis booked the fx wire for SD 03-16-2020. Integrata yet to book,1185159279,1185159279,4551456423,-590882299,2021-07-29
9540,,867_455822501_CACEIS,1235308685,OB,OB,No-pair,wire transfer,Caceis booked the wire transfer for SD 04-14-2020. Integrata yet to book,1235308685,1235308685,4551456423,-590882299,2021-07-29
9541,,86_455985296_CACEIS,1449581900,OB,OB,No-pair,fx wire,Caceis booked the fx wire for SD 08-17-2020. Integrata yet to book,1449581900,1449581900,4551456423,-590882299,2021-07-29
9542,,384_4551232906_CACEIS,1780156851,OB,OB,No-pair,fx wire,Caceis booked the fx wire for SD 02-16-2021. Integrata yet to book,1780156851,1780156851,4551456423,-590882299,2021-07-29
9543,,7_455876125_CACEIS,1304457655,OB,OB,No-pair,wire transfer,Caceis booked the wire transfer for SD 05-27-2020. Integrata yet to book,1304457655,1304457655,4551456423,-590882299,2021-07-29
9544,,2_4551415924_CACEIS,2024089315,OB,OB,No-pair,monthend interest,Caceis booked the monthend interest for SD 07-01-2021. Integrata yet to book,2024089315,2024089315,4551456423,-590882299,2021-07-29
9545,,921_455822501_CACEIS,1235308626,OB,OB,No-pair,wire transfer,Caceis booked the wire transfer for SD 04-14-2020. Integrata yet to book,1235308626,1235308626,4551456423,-590882299,2021-07-29
9546,,23_260823_CACEIS,357057688,OB,OB,No-pair,wire transfer,Caceis booked the wire transfer for SD 01-08-2019. Integrata yet to book,357057688,357057688,4551456423,-590882299,2021-07-29
9547,,902_455822501_CACEIS,1235307875,OB,OB,No-pair,fx wire,Caceis booked the fx wire for SD 04-15-2020. Integrata yet to book,1235307875,1235307875,4551456423,-590882299,2021-07-29
9548,,1061_455643841_CACEIS,975324133,OB,OB,No-pair,wire transfer,Caceis booked the wire transfer for SD 11-13-2019. Integrata yet to book,975324133,975324133,4551456423,-590882299,2021-07-29
9549,,94_455783582_CACEIS,1185159325,OB,OB,No-pair,fx wire,Caceis booked the fx wire for SD 03-16-2020. Integrata yet to book,1185159325,1185159325,4551456423,-590882299,2021-07-29
9550,,2_455678294_CACEIS,1034848677,OB,OB,No-pair,wire transfer,Caceis booked the wire transfer for SD 12-23-2019. Integrata yet to book,1034848677,1034848677,4551456423,-590882299,2021-07-29
9551,,47_455688261_CACEIS,1053516746,OB,OB,No-pair,monthend interest,Caceis booked the monthend interest for SD 01-01-2020. Integrata yet to book,1053516746,1053516746,4551456423,-590882299,2021-07-29
9552,,16_4551432966_CACEIS,2045289876,OB,OB,No-pair,wire transfer,Caceis booked the wire transfer for SD 07-08-2021. Integrata yet to book,2045289876,2045289876,4551456423,-590882299,2021-07-29
9553,,61_455706635_CACEIS,1081907352,OB,OB,No-pair,fx wire,Caceis booked the fx wire for SD 01-15-2020. Integrata yet to book,1081907352,1081907352,4551456423,-590882299,2021-07-29
9554,,94_4551354754_CACEIS,1942399506,OB,OB,No-pair,fx wire,Caceis booked the fx wire for SD 05-17-2021. Integrata yet to book,1942399506,1942399506,4551456423,-590882299,2021-07-29
9555,,49_455669415_CACEIS,1020661911,OB,OB,No-pair,fx wire,Caceis booked the fx wire for SD 12-16-2019. Integrata yet to book,1020661911,1020661911,4551456423,-590882299,2021-07-29
9556,,601_455643841_CACEIS,975323673,OB,OB,No-pair,wire transfer,Caceis booked the wire transfer for SD 11-18-2019. Integrata yet to book,975323673,975323673,4551456423,-590882299,2021-07-29
9557,,4_260823_CACEIS,357057713,OB,OB,No-pair,wire transfer,Caceis booked the wire transfer for SD 01-08-2019. Integrata yet to book,357057713,357057713,4551456423,-590882299,2021-07-29
9558,,78_4551430779_CACEIS,2043021949,OB,OB,No-pair,wire transfer,Caceis booked the wire transfer for SD 07-12-2021. Integrata yet to book,2043021949,2043021949,4551456423,-590882299,2021-07-29
9559,,413_4551232906_CACEIS,1780156791,OB,OB,No-pair,fx wire,Caceis booked the fx wire for SD 02-16-2021. Integrata yet to book,1780156791,1780156791,4551456423,-590882299,2021-07-29
9560,,2_455892672_CACEIS,1327457328,OB,OB,No-pair,proceeds sell,Caceis booked the proceeds sell for SD 06-09-2020. Integrata yet to book,1327457328,1327457328,4551456423,-590882299,2021-07-29
9561,,7_455871083_CACEIS,1298154311,OB,OB,No-pair,fx wire,Caceis booked the fx wire for SD 05-22-2020. Integrata yet to book,1298154311,1298154311,4551456423,-590882299,2021-07-29
9562,,140_4551313388_CACEIS,1883527827,OB,OB,No-pair,fx wire,Caceis booked the fx wire for SD 04-15-2021. Integrata yet to book,1883527827,1883527827,4551456423,-590882299,2021-07-29
9563,,1_455916649_CACEIS,1359361368,OB,OB,No-pair,wire transfer,Caceis booked the wire transfer for SD 06-26-2020. Integrata yet to book,1359361368,1359361368,4551456423,-590882299,2021-07-29
9564,,212_455783582_CACEIS,1185159455,OB,OB,No-pair,fx wire,Caceis booked the fx wire for SD 03-16-2020. Integrata yet to book,1185159455,1185159455,4551456423,-590882299,2021-07-29
9565,,372_4551023983_CACEIS,1500214117,OB,OB,No-pair,fx wire,Caceis booked the fx wire for SD 09-15-2020. Integrata yet to book,1500214117,1500214117,4551456423,-590882299,2021-07-29
9566,,409_455783582_CACEIS,1185159647,OB,OB,No-pair,fx wire,Caceis booked the fx wire for SD 03-16-2020. Integrata yet to book,1185159647,1185159647,4551456423,-590882299,2021-07-29
9567,,54_455669415_CACEIS,1020661923,OB,OB,No-pair,fx wire,Caceis booked the fx wire for SD 12-16-2019. Integrata yet to book,1020661923,1020661923,4551456423,-590882299,2021-07-29
9568,,170_455643841_CACEIS,975323242,OB,OB,No-pair,wire transfer,Caceis booked the wire transfer for SD 11-08-2019. Integrata yet to book,975323242,975323242,4551456423,-590882299,2021-07-29
9569,,376_455590588_CACEIS,883858633,OB,OB,No-pair,fx wire,Caceis booked the fx wire for SD 10-15-2019. Integrata yet to book,883858633,883858633,4551456423,-590882299,2021-07-29
9570,,470_455862625_CACEIS,1287003269,OB,OB,No-pair,fx wire,Caceis booked the fx wire for SD 05-15-2020. Integrata yet to book,1287003269,1287003269,4551456423,-590882299,2021-07-29
9571,,18_4551144082_CACEIS,1659707097,OB,OB,No-pair,fees,Caceis booked the fees for SD 12-10-2020. Integrata yet to book,1659707097,1659707097,4551456423,-590882299,2021-07-29
9572,,202_455862625_CACEIS,1287003402,OB,OB,No-pair,fx wire,Caceis booked the fx wire for SD 05-15-2020. Integrata yet to book,1287003402,1287003402,4551456423,-590882299,2021-07-29
9573,,1_455957648_CACEIS,1414391998,OB,OB,No-pair,wire transfer,Caceis booked the wire transfer for SD 07-28-2020. Integrata yet to book,1414391998,1414391998,4551456423,-590882299,2021-07-29
9574,,448_4551109218_CACEIS,1613287112,OB,OB,No-pair,fx wire,Caceis booked the fx wire for SD 11-16-2020. Integrata yet to book,1613287112,1613287112,4551456423,-590882299,2021-07-29
9575,,1401_455643841_CACEIS,975324473,OB,OB,No-pair,fx wire,Caceis booked the fx wire for SD 11-15-2019. Integrata yet to book,975324473,975324473,4551456423,-590882299,2021-07-29
9576,,25_260823_CACEIS,357057696,OB,OB,No-pair,wire transfer,Caceis booked the wire transfer for SD 01-08-2019. Integrata yet to book,357057696,357057696,4551456423,-590882299,2021-07-29
9577,,688_455862625_CACEIS,1287005130,OB,OB,No-pair,fx wire,Caceis booked the fx wire for SD 05-15-2020. Integrata yet to book,1287005130,1287005130,4551456423,-590882299,2021-07-29
9578,,365_455643841_CACEIS,975323437,OB,OB,No-pair,fx wire,Caceis booked the fx wire for SD 11-15-2019. Integrata yet to book,975323437,975323437,4551456423,-590882299,2021-07-29
9579,,61_455554115_CACEIS,824384863,OB,OB,No-pair,fx wire,Caceis booked the fx wire for SD 09-17-2019. Integrata yet to book,824384863,824384863,4551456423,-590882299,2021-07-29
9580,,89_455900053_CACEIS,1336713343,OB,OB,No-pair,fx wire,Caceis booked the fx wire for SD 06-15-2020. Integrata yet to book,1336713343,1336713343,4551456423,-590882299,2021-07-29
9581,,52_455709628_CACEIS,1085770913,OB,OB,No-pair,fx wire,Caceis booked the fx wire for SD 01-17-2020. Integrata yet to book,1085770913,1085770913,4551456423,-590882299,2021-07-29
9582,,64_4551269721_CACEIS,1827473834,OB,OB,No-pair,fx wire,Caceis booked the fx wire for SD 03-15-2021. Integrata yet to book,1827473834,1827473834,4551456423,-590882299,2021-07-29
9583,,63_368123_CACEIS,532374081,OB,OB,No-pair,fx wire,Caceis booked the fx wire for SD 04-15-2019. Integrata yet to book,532374081,532374081,4551456423,-590882299,2021-07-29
9584,,6_4551144082_CACEIS,1659707026,OB,OB,No-pair,fees,Caceis booked the fees for SD 12-10-2020. Integrata yet to book,1659707026,1659707026,4551456423,-590882299,2021-07-29
9585,,1_455543663_CACEIS,805149904,OB,OB,No-pair,fees,Caceis booked the fees for SD 09-06-2019. Integrata yet to book,805149904,805149904,4551456423,-590882299,2021-07-29
9586,,922_455822501_CACEIS,1235308638,OB,OB,No-pair,wire transfer,Caceis booked the wire transfer for SD 04-14-2020. Integrata yet to book,1235308638,1235308638,4551456423,-590882299,2021-07-29
9587,,513_455783582_CACEIS,1185159664,OB,OB,No-pair,fx wire,Caceis booked the fx wire for SD 03-16-2020. Integrata yet to book,1185159664,1185159664,4551456423,-590882299,2021-07-29
9588,,756_455822501_CACEIS,1235308608,OB,OB,No-pair,wire transfer,Caceis booked the wire transfer for SD 04-14-2020. Integrata yet to book,1235308608,1235308608,4551456423,-590882299,2021-07-29
9589,,91_455649350_CACEIS,985331639,OB,OB,No-pair,fx wire,Caceis booked the fx wire for SD 11-29-2019. Integrata yet to book,985331639,985331639,4551456423,-590882299,2021-07-29
9590,,954_455822501_CACEIS,1235308672,OB,OB,No-pair,wire transfer,Caceis booked the wire transfer for SD 04-14-2020. Integrata yet to book,1235308672,1235308672,4551456423,-590882299,2021-07-29
9591,,35_4551448516_CACEIS,2064090607,OB,OB,No-pair,fx wire,Caceis booked the fx wire for SD 07-23-2021. Integrata yet to book,2064090607,2064090607,4551456423,-590882299,2021-07-29
9592,,112_4551430779_CACEIS,2043021951,OB,OB,No-pair,wire transfer,Caceis booked the wire transfer for SD 07-12-2021. Integrata yet to book,2043021951,2043021951,4551456423,-590882299,2021-07-29
9593,,26_4551168254_CACEIS,1691686484,OB,OB,No-pair,wire transfer,Caceis booked the wire transfer for SD 12-29-2020. Integrata yet to book,1691686484,1691686484,4551456423,-590882299,2021-07-29
9594,,13_455464963_CACEIS,673465280,OB,OB,No-pair,fx wire,Caceis booked the fx wire for SD 07-05-2019. Integrata yet to book,673465280,673465280,4551456423,-590882299,2021-07-29
9595,,30_4551349054_CACEIS,1933657875,OB,OB,No-pair,wire transfer,Caceis booked the wire transfer for SD 05-12-2021. Integrata yet to book,1933657875,1933657875,4551456423,-590882299,2021-07-29
9596,,110_4551232906_CACEIS,1780156444,OB,OB,No-pair,fx wire,Caceis booked the fx wire for SD 02-16-2021. Integrata yet to book,1780156444,1780156444,4551456423,-590882299,2021-07-29
9597,,9_4551324555_CACEIS,1898109395,OB,OB,No-pair,fx wire,Caceis booked the fx wire for SD 04-23-2021. Integrata yet to book,1898109395,1898109395,4551456423,-590882299,2021-07-29
9598,,1527_455643841_CACEIS,975324599,OB,OB,No-pair,fx wire,Caceis booked the fx wire for SD 11-18-2019. Integrata yet to book,975324599,975324599,4551456423,-590882299,2021-07-29
9599,,342_455900053_CACEIS,1336713790,OB,OB,No-pair,fx wire,Caceis booked the fx wire for SD 06-15-2020. Integrata yet to book,1336713790,1336713790,4551456423,-590882299,2021-07-29
9600,,464_455822501_CACEIS,1235308249,OB,OB,No-pair,fx wire,Caceis booked the fx wire for SD 04-15-2020. Integrata yet to book,1235308249,1235308249,4551456423,-590882299,2021-07-29
9601,,20_455826113_CACEIS,1239393696,OB,OB,No-pair,fx wire,Caceis booked the fx wire for SD 04-17-2020. Integrata yet to book,1239393696,1239393696,4551456423,-590882299,2021-07-29
9602,,92_455706635_CACEIS,1081907345,OB,OB,No-pair,fx wire,Caceis booked the fx wire for SD 01-15-2020. Integrata yet to book,1081907345,1081907345,4551456423,-590882299,2021-07-29
9603,,465_4551149959_CACEIS,1667623378,OB,OB,No-pair,fx wire,Caceis booked the fx wire for SD 12-15-2020. Integrata yet to book,1667623378,1667623378,4551456423,-590882299,2021-07-29
9604,,8_455785049_CACEIS,1187309060,OB,OB,No-pair,wire transfer,Caceis booked the wire transfer for SD 03-17-2020. Integrata yet to book,1187309060,1187309060,4551456423,-590882299,2021-07-29
9605,,1_4551349054_CACEIS,1933657796,OB,OB,No-pair,wire transfer,Caceis booked the wire transfer for SD 05-12-2021. Integrata yet to book,1933657796,1933657796,4551456423,-590882299,2021-07-29
9606,,102_4551269721_CACEIS,1827473853,OB,OB,No-pair,fx wire,Caceis booked the fx wire for SD 03-15-2021. Integrata yet to book,1827473853,1827473853,4551456423,-590882299,2021-07-29
9607,,7_455944496_CACEIS,1396484596,OB,OB,No-pair,fx wire,Caceis booked the fx wire for SD 07-17-2020. Integrata yet to book,1396484596,1396484596,4551456423,-590882299,2021-07-29
9608,,881_455822501_CACEIS,1235307813,OB,OB,No-pair,fx wire,Caceis booked the fx wire for SD 04-15-2020. Integrata yet to book,1235307813,1235307813,4551456423,-590882299,2021-07-29
9609,,66_4551430779_CACEIS,2043022012,OB,OB,No-pair,wire transfer,Caceis booked the wire transfer for SD 07-12-2021. Integrata yet to book,2043022012,2043022012,4551456423,-590882299,2021-07-29
9610,,10_455728881_CACEIS,1110507078,OB,OB,No-pair,wire transfer,Caceis booked the wire transfer for SD 01-31-2020. Integrata yet to book,1110507078,1110507078,4551456423,-590882299,2021-07-29
9611,,147_455900053_CACEIS,1336713337,OB,OB,No-pair,fx wire,Caceis booked the fx wire for SD 06-15-2020. Integrata yet to book,1336713337,1336713337,4551456423,-590882299,2021-07-29
9612,,334_455900053_CACEIS,1336713776,OB,OB,No-pair,fx wire,Caceis booked the fx wire for SD 06-15-2020. Integrata yet to book,1336713776,1336713776,4551456423,-590882299,2021-07-29
9613,,846_455822501_CACEIS,1235308656,OB,OB,No-pair,fees,Caceis booked the fees for SD 04-14-2020. Integrata yet to book,1235308656,1235308656,4551456423,-590882299,2021-07-29
9614,,33_4551349054_CACEIS,1933657892,OB,OB,No-pair,wire transfer,Caceis booked the wire transfer for SD 05-12-2021. Integrata yet to book,1933657892,1933657892,4551456423,-590882299,2021-07-29
9615,,40_4551039598_CACEIS,1521245899,OB,OB,No-pair,fx wire,Caceis booked the fx wire for SD 09-25-2020. Integrata yet to book,1521245899,1521245899,4551456423,-590882299,2021-07-29
9616,,72_4551125930_CACEIS,1635426538,OB,OB,No-pair,fx wire,Caceis booked the fx wire for SD 11-27-2020. Integrata yet to book,1635426538,1635426538,4551456423,-590882299,2021-07-29
9617,,88_4551436806_CACEIS,2049885863,OB,OB,No-pair,fx wire,Caceis booked the fx wire for SD 07-15-2021. Integrata yet to book,2049885863,2049885863,4551456423,-590882299,2021-07-29
9618,,62_455985296_CACEIS,1449581774,OB,OB,No-pair,fx wire,Caceis booked the fx wire for SD 08-17-2020. Integrata yet to book,1449581774,1449581774,4551456423,-590882299,2021-07-29
9619,,291_4551313388_CACEIS,1883527948,OB,OB,No-pair,fx wire,Caceis booked the fx wire for SD 04-15-2021. Integrata yet to book,1883527948,1883527948,4551456423,-590882299,2021-07-29
9620,,7_455386356_CACEIS,560114414,OB,OB,No-pair,monthend interest,Caceis booked the monthend interest for SD 05-01-2019. Integrata yet to book,560114414,560114414,4551456423,-590882299,2021-07-29
9621,,24_455826113_CACEIS,1239393697,OB,OB,No-pair,fx wire,Caceis booked the fx wire for SD 04-17-2020. Integrata yet to book,1239393697,1239393697,4551456423,-590882299,2021-07-29
9622,,6_455866165_CACEIS,1291480004,OB,OB,No-pair,wire transfer,Caceis booked the wire transfer for SD 05-19-2020. Integrata yet to book,1291480004,1291480004,4551456423,-590882299,2021-07-29
9623,,514_4551149959_CACEIS,1667623387,OB,OB,No-pair,fx wire,Caceis booked the fx wire for SD 12-15-2020. Integrata yet to book,1667623387,1667623387,4551456423,-590882299,2021-07-29
9624,,38_455667500_CACEIS,1017540726,OB,OB,No-pair,fx wire,Caceis booked the fx wire for SD 12-13-2019. Integrata yet to book,1017540726,1017540726,4551456423,-590882299,2021-07-29
9625,,956_455822501_CACEIS,1235308787,OB,OB,No-pair,fees,Caceis booked the fees for SD 04-14-2020. Integrata yet to book,1235308787,1235308787,4551456423,-590882299,2021-07-29
9626,,284_4551313388_CACEIS,1883527942,OB,OB,No-pair,fx wire,Caceis booked the fx wire for SD 04-15-2021. Integrata yet to book,1883527942,1883527942,4551456423,-590882299,2021-07-29
9627,,1_455918445_CACEIS,1361768982,OB,OB,No-pair,monthend interest,Caceis booked the monthend interest for SD 06-29-2020. Integrata yet to book,1361768982,1361768982,4551456423,-590882299,2021-07-29
9628,,53_455442954_CACEIS,637183785,OB,OB,No-pair,fx wire,Caceis booked the fx wire for SD 06-17-2019. Integrata yet to book,637183785,637183785,4551456423,-590882299,2021-07-29
9629,,78_4551269721_CACEIS,1827473840,OB,OB,No-pair,fx wire,Caceis booked the fx wire for SD 03-15-2021. Integrata yet to book,1827473840,1827473840,4551456423,-590882299,2021-07-29
9630,,54_455835232_CACEIS,1251293828,OB,OB,No-pair,fx wire,Caceis booked the fx wire for SD 04-24-2020. Integrata yet to book,1251293828,1251293828,4551456423,-590882299,2021-07-29
9631,,37_4551087502_CACEIS,1584326650,OB,OB,No-pair,wire transfer,Caceis booked the wire transfer for SD 10-30-2020. Integrata yet to book,1584326650,1584326650,4551456423,-590882299,2021-07-29
9632,,509_455862625_CACEIS,1287003755,OB,OB,No-pair,fx wire,Caceis booked the fx wire for SD 05-15-2020. Integrata yet to book,1287003755,1287003755,4551456423,-590882299,2021-07-29
9633,,411_455748445_CACEIS,1136275206,OB,OB,No-pair,fx wire,Caceis booked the fx wire for SD 02-18-2020. Integrata yet to book,1136275206,1136275206,4551456423,-590882299,2021-07-29
9634,,3_4551009589_CACEIS,1480921562,OB,OB,No-pair,wire transfer,Caceis booked the wire transfer for SD 09-03-2020. Integrata yet to book,1480921562,1480921562,4551456423,-590882299,2021-07-29
9635,,4_4551044906_CACEIS,1528403566,OB,OB,No-pair,wire transfer,Caceis booked the wire transfer for SD 09-30-2020. Integrata yet to book,1528403566,1528403566,4551456423,-590882299,2021-07-29
9636,,9_455449139_CACEIS,646003514,OB,OB,No-pair,fx wire,Caceis booked the fx wire for SD 06-21-2019. Integrata yet to book,646003514,646003514,4551456423,-590882299,2021-07-29
9637,,11_4551411869_CACEIS,2018959486,OB,OB,No-pair,fx wire,Caceis booked the fx wire for SD 06-28-2021. Integrata yet to book,2018959486,2018959486,4551456423,-590882299,2021-07-29
9638,,13_260823_CACEIS,357057679,OB,OB,No-pair,wire transfer,Caceis booked the wire transfer for SD 01-08-2019. Integrata yet to book,357057679,357057679,4551456423,-590882299,2021-07-29
9639,,760_455822501_CACEIS,1235308706,OB,OB,No-pair,fees,Caceis booked the fees for SD 04-14-2020. Integrata yet to book,1235308706,1235308706,4551456423,-590882299,2021-07-29
9640,,472_455783582_CACEIS,1185159614,OB,OB,No-pair,fx wire,Caceis booked the fx wire for SD 03-16-2020. Integrata yet to book,1185159614,1185159614,4551456423,-590882299,2021-07-29
9641,,232_4551269721_CACEIS,1827473977,OB,OB,No-pair,fx wire,Caceis booked the fx wire for SD 03-15-2021. Integrata yet to book,1827473977,1827473977,4551456423,-590882299,2021-07-29
9642,,68_4551149959_CACEIS,1667622996,OB,OB,No-pair,fx wire,Caceis booked the fx wire for SD 12-15-2020. Integrata yet to book,1667622996,1667622996,4551456423,-590882299,2021-07-29
9643,,99_455985296_CACEIS,1449581709,OB,OB,No-pair,fx wire,Caceis booked the fx wire for SD 08-17-2020. Integrata yet to book,1449581709,1449581709,4551456423,-590882299,2021-07-29
9644,,24_4551220415_CACEIS,1761955872,OB,OB,No-pair,fx wire,Caceis booked the fx wire for SD 02-05-2021. Integrata yet to book,1761955872,1761955872,4551456423,-590882299,2021-07-29
9645,,2_260823_CACEIS,357057712,OB,OB,No-pair,wire transfer,Caceis booked the wire transfer for SD 01-08-2019. Integrata yet to book,357057712,357057712,4551456423,-590882299,2021-07-29
9646,,141_4551436806_CACEIS,2049885861,OB,OB,No-pair,fx wire,Caceis booked the fx wire for SD 07-15-2021. Integrata yet to book,2049885861,2049885861,4551456423,-590882299,2021-07-29
9647,,775_455822501_CACEIS,1235308749,OB,OB,No-pair,fx wire,Caceis booked the fx wire for SD 04-15-2020. Integrata yet to book,1235308749,1235308749,4551456423,-590882299,2021-07-29
9648,,21_4551240968_CACEIS,1790775312,OB,OB,No-pair,wire transfer,Caceis booked the wire transfer for SD 02-22-2021. Integrata yet to book,1790775312,1790775312,4551456423,-590882299,2021-07-29
9649,,78_455862625_CACEIS,1287002625,OB,OB,No-pair,wire transfer,Caceis booked the wire transfer for SD 05-13-2020. Integrata yet to book,1287002625,1287002625,4551456423,-590882299,2021-07-29
9650,,10_455994077_CACEIS,1460756865,OB,OB,No-pair,wire transfer,Caceis booked the wire transfer for SD 08-24-2020. Integrata yet to book,1460756865,1460756865,4551456423,-590882299,2021-07-29
9651,,10_455934920_CACEIS,1383926811,OB,OB,No-pair,fees,Caceis booked the fees for SD 07-10-2020. Integrata yet to book,1383926811,1383926811,4551456423,-590882299,2021-07-29
9652,,40_4551166054_CACEIS,1689088086,OB,OB,No-pair,wire transfer,Caceis booked the wire transfer for SD 12-28-2020. Integrata yet to book,1689088086,1689088086,4551456423,-590882299,2021-07-29
9653,,4_455842390_CACEIS,1260634948,OB,OB,No-pair,monthend interest,Caceis booked the monthend interest for SD 05-01-2020. Integrata yet to book,1260634948,1260634948,4551456423,-590882299,2021-07-29
9654,,63_455762980_CACEIS,1156897811,OB,OB,No-pair,monthend interest,Caceis booked the monthend interest for SD 03-01-2020. Integrata yet to book,1156897811,1156897811,4551456423,-590882299,2021-07-29
9655,,916_455822501_CACEIS,1235308701,OB,OB,No-pair,fees,Caceis booked the fees for SD 04-14-2020. Integrata yet to book,1235308701,1235308701,4551456423,-590882299,2021-07-29
9656,,95_4551229444_CACEIS,1775243179,OB,OB,No-pair,fx wire,Caceis booked the fx wire for SD 02-12-2021. Integrata yet to book,1775243179,1775243179,4551456423,-590882299,2021-07-29
9657,,375_4551232906_CACEIS,1780156789,OB,OB,No-pair,fx wire,Caceis booked the fx wire for SD 02-16-2021. Integrata yet to book,1780156789,1780156789,4551456423,-590882299,2021-07-29
9658,,233_4551394628_CACEIS,1997244697,OB,OB,No-pair,fx wire,Caceis booked the fx wire for SD 06-15-2021. Integrata yet to book,1997244697,1997244697,4551456423,-590882299,2021-07-29
9659,,26_260823_CACEIS,357057701,OB,OB,No-pair,wire transfer,Caceis booked the wire transfer for SD 01-08-2019. Integrata yet to book,357057701,357057701,4551456423,-590882299,2021-07-29
9660,,8_4551005548_CACEIS,1476092819,OB,OB,No-pair,monthend interest,Caceis booked the monthend interest for SD 09-01-2020. Integrata yet to book,1476092819,1476092819,4551456423,-590882299,2021-07-29
9661,,26_4551003590_CACEIS,1473425969,OB,OB,No-pair,monthend interest,Caceis booked the monthend interest for SD 09-01-2020. Integrata yet to book,1473425969,1473425969,4551456423,-590882299,2021-07-29
9662,,65_455799620_CACEIS,1205700385,OB,OB,No-pair,fx wire,Caceis booked the fx wire for SD 03-27-2020. Integrata yet to book,1205700385,1205700385,4551456423,-590882299,2021-07-29
9663,,57_455693832_CACEIS,1063035132,OB,OB,No-pair,fees,Caceis booked the fees for SD 01-06-2020. Integrata yet to book,1063035132,1063035132,4551456423,-590882299,2021-07-29
9664,,5_260823_CACEIS,357057714,OB,OB,No-pair,wire transfer,Caceis booked the wire transfer for SD 01-08-2019. Integrata yet to book,357057714,357057714,4551456423,-590882299,2021-07-29
9665,,19_455718167_CACEIS,1096511683,OB,OB,No-pair,fx wire,Caceis booked the fx wire for SD 01-24-2020. Integrata yet to book,1096511683,1096511683,4551456423,-590882299,2021-07-29
9666,,9_455994077_CACEIS,1460756863,OB,OB,No-pair,wire transfer,Caceis booked the wire transfer for SD 08-24-2020. Integrata yet to book,1460756863,1460756863,4551456423,-590882299,2021-07-29
9667,,865_455822501_CACEIS,1235308756,OB,OB,No-pair,fees,Caceis booked the fees for SD 04-14-2020. Integrata yet to book,1235308756,1235308756,4551456423,-590882299,2021-07-29
9668,,361_4551023983_CACEIS,1500214058,OB,OB,No-pair,fx wire,Caceis booked the fx wire for SD 09-15-2020. Integrata yet to book,1500214058,1500214058,4551456423,-590882299,2021-07-29
9669,,404_455940640_CACEIS,1391596354,OB,OB,No-pair,fx wire,Caceis booked the fx wire for SD 07-15-2020. Integrata yet to book,1391596354,1391596354,4551456423,-590882299,2021-07-29
9670,,84_455649350_CACEIS,985331742,OB,OB,No-pair,fx wire,Caceis booked the fx wire for SD 11-29-2019. Integrata yet to book,985331742,985331742,4551456423,-590882299,2021-07-29
9671,,80_4551020261_CACEIS,1495478293,OB,OB,No-pair,fees,Caceis booked the fees for SD 09-10-2020. Integrata yet to book,1495478293,1495478293,4551456423,-590882299,2021-07-29
9672,,143_455688261_CACEIS,1053516720,OB,OB,No-pair,monthend interest,Caceis booked the monthend interest for SD 01-01-2020. Integrata yet to book,1053516720,1053516720,4551456423,-590882299,2021-07-29
9673,,44_4551244633_CACEIS,1795375940,OB,OB,No-pair,monthend interest,Caceis booked the monthend interest for SD 02-25-2021. Integrata yet to book,1795375940,1795375940,4551456423,-590882299,2021-07-29
9674,,43_4551324555_CACEIS,1898109359,OB,OB,No-pair,fx wire,Caceis booked the fx wire for SD 04-23-2021. Integrata yet to book,1898109359,1898109359,4551456423,-590882299,2021-07-29
9675,,80_455862625_CACEIS,1287002681,OB,OB,No-pair,wire transfer,Caceis booked the wire transfer for SD 05-13-2020. Integrata yet to book,1287002681,1287002681,4551456423,-590882299,2021-07-29
9676,,133_455900053_CACEIS,1336713128,OB,OB,No-pair,fx wire,Caceis booked the fx wire for SD 06-15-2020. Integrata yet to book,1336713128,1336713128,4551456423,-590882299,2021-07-29
9677,,67_455442954_CACEIS,637183883,OB,OB,No-pair,fx wire,Caceis booked the fx wire for SD 06-17-2019. Integrata yet to book,637183883,637183883,4551456423,-590882299,2021-07-29
9678,,1315_455643841_CACEIS,975324387,OB,OB,No-pair,fx wire,Caceis booked the fx wire for SD 11-15-2019. Integrata yet to book,975324387,975324387,4551456423,-590882299,2021-07-29
9679,,5_306589_CACEIS,433998161,OB,OB,No-pair,fx wire,Caceis booked the fx wire for SD 02-15-2019. Integrata yet to book,433998161,433998161,4551456423,-590882299,2021-07-29
9680,,24_260823_CACEIS,357057692,OB,OB,No-pair,wire transfer,Caceis booked the wire transfer for SD 01-08-2019. Integrata yet to book,357057692,357057692,4551456423,-590882299,2021-07-29
9681,,117_455822501_CACEIS,1235308042,OB,OB,No-pair,fx wire,Caceis booked the fx wire for SD 04-15-2020. Integrata yet to book,1235308042,1235308042,4551456423,-590882299,2021-07-29
9682,,110_455693832_CACEIS,1063035208,OB,OB,No-pair,fees,Caceis booked the fees for SD 01-06-2020. Integrata yet to book,1063035208,1063035208,4551456423,-590882299,2021-07-29
9683,,87_455442954_CACEIS,637183907,OB,OB,No-pair,fx wire,Caceis booked the fx wire for SD 06-17-2019. Integrata yet to book,637183907,637183907,4551456423,-590882299,2021-07-29
9684,,29_260823_CACEIS,357057704,OB,OB,No-pair,wire transfer,Caceis booked the wire transfer for SD 01-08-2019. Integrata yet to book,357057704,357057704,4551456423,-590882299,2021-07-29
9685,,79_4551109218_CACEIS,1613286628,OB,OB,No-pair,fx wire,Caceis booked the fx wire for SD 11-16-2020. Integrata yet to book,1613286628,1613286628,4551456423,-590882299,2021-07-29
9686,,120_455777858_CACEIS,1177395764,OB,OB,No-pair,wire transfer,Caceis booked the wire transfer for SD 03-11-2020. Integrata yet to book,1177395764,1177395764,4551456423,-590882299,2021-07-29
9687,,46_4551254304_CACEIS,1807385744,OB,OB,No-pair,wire transfer,Caceis booked the wire transfer for SD 03-02-2021. Integrata yet to book,1807385744,1807385744,4551456423,-590882299,2021-07-29
9688,,58_455907521_CACEIS,1347197282,OB,OB,No-pair,wire transfer,Caceis booked the wire transfer for SD 06-19-2020. Integrata yet to book,1347197282,1347197282,4551456423,-590882299,2021-07-29
9689,,27_4551206835_CACEIS,1743521229,OB,OB,No-pair,wire transfer,Caceis booked the wire transfer for SD 01-27-2021. Integrata yet to book,1743521229,1743521229,4551456423,-590882299,2021-07-29
9690,,61_455985296_CACEIS,1449581757,OB,OB,No-pair,fx wire,Caceis booked the fx wire for SD 08-17-2020. Integrata yet to book,1449581757,1449581757,4551456423,-590882299,2021-07-29
9691,,873_455822501_CACEIS,1235307777,OB,OB,No-pair,fx wire,Caceis booked the fx wire for SD 04-15-2020. Integrata yet to book,1235307777,1235307777,4551456423,-590882299,2021-07-29
9692,,465_4551109218_CACEIS,1613287158,OB,OB,No-pair,fx wire,Caceis booked the fx wire for SD 11-16-2020. Integrata yet to book,1613287158,1613287158,4551456423,-590882299,2021-07-29
9693,,285_455669415_CACEIS,1020661746,OB,OB,No-pair,fx wire,Caceis booked the fx wire for SD 12-16-2019. Integrata yet to book,1020661746,1020661746,4551456423,-590882299,2021-07-29
9694,,79_4551020261_CACEIS,1495478297,OB,OB,No-pair,fees,Caceis booked the fees for SD 09-10-2020. Integrata yet to book,1495478297,1495478297,4551456423,-590882299,2021-07-29
9695,,3_455920273_CACEIS,1364559747,OB,OB,No-pair,monthend interest,Caceis booked the monthend interest for SD 07-01-2020. Integrata yet to book,1364559747,1364559747,4551456423,-590882299,2021-07-29
9696,,138_455900053_CACEIS,1336713235,OB,OB,No-pair,fx wire,Caceis booked the fx wire for SD 06-15-2020. Integrata yet to book,1336713235,1336713235,4551456423,-590882299,2021-07-29
9697,,396_455940640_CACEIS,1391596312,OB,OB,No-pair,fx wire,Caceis booked the fx wire for SD 07-15-2020. Integrata yet to book,1391596312,1391596312,4551456423,-590882299,2021-07-29
9698,,1481_455643841_CACEIS,975324553,OB,OB,No-pair,fx wire,Caceis booked the fx wire for SD 11-18-2019. Integrata yet to book,975324553,975324553,4551456423,-590882299,2021-07-29
9699,,68_4551430779_CACEIS,2043021934,OB,OB,No-pair,wire transfer,Caceis booked the wire transfer for SD 07-12-2021. Integrata yet to book,2043021934,2043021934,4551456423,-590882299,2021-07-29
9700,,22_455871083_CACEIS,1298154308,OB,OB,No-pair,wire transfer,Caceis booked the wire transfer for SD 05-22-2020. Integrata yet to book,1298154308,1298154308,4551456423,-590882299,2021-07-29
9701,,119_306589_CACEIS,433998298,OB,OB,No-pair,fx wire,Caceis booked the fx wire for SD 02-15-2019. Integrata yet to book,433998298,433998298,4551456423,-590882299,2021-07-29
9702,,100_455442954_CACEIS,637183795,OB,OB,No-pair,fx wire,Caceis booked the fx wire for SD 06-17-2019. Integrata yet to book,637183795,637183795,4551456423,-590882299,2021-07-29
9703,,651_4551232906_CACEIS,1780156952,OB,OB,No-pair,fx wire,Caceis booked the fx wire for SD 02-16-2021. Integrata yet to book,1780156952,1780156952,4551456423,-590882299,2021-07-29
9704,,14_260823_CACEIS,357057682,OB,OB,No-pair,wire transfer,Caceis booked the wire transfer for SD 01-08-2019. Integrata yet to book,357057682,357057682,4551456423,-590882299,2021-07-29
9705,,962_455822501_CACEIS,1235307790,OB,OB,No-pair,fx wire,Caceis booked the fx wire for SD 04-15-2020. Integrata yet to book,1235307790,1235307790,4551456423,-590882299,2021-07-29
9706,,39_455533322_CACEIS,787871248,OB,OB,No-pair,monthend interest,Caceis booked the monthend interest for SD 09-01-2019. Integrata yet to book,787871248,787871248,4551456423,-590882299,2021-07-29
9707,,66_455900053_CACEIS,1336713257,OB,OB,No-pair,fx wire,Caceis booked the fx wire for SD 06-15-2020. Integrata yet to book,1336713257,1336713257,4551456423,-590882299,2021-07-29
9708,,78_4551020261_CACEIS,1495478291,OB,OB,No-pair,fees,Caceis booked the fees for SD 09-10-2020. Integrata yet to book,1495478291,1495478291,4551456423,-590882299,2021-07-29
9709,,13_455901915_CACEIS,1339298902,OB,OB,No-pair,wire transfer,Caceis booked the wire transfer for SD 06-16-2020. Integrata yet to book,1339298902,1339298902,4551456423,-590882299,2021-07-29
9710,,13_455923571_CACEIS,1369374369,OB,OB,No-pair,wire transfer,Caceis booked the wire transfer for SD 07-02-2020. Integrata yet to book,1369374369,1369374369,4551456423,-590882299,2021-07-29
9711,,48_4551060531_CACEIS,1548950707,OB,OB,No-pair,fees,Caceis booked the fees for SD 10-12-2020. Integrata yet to book,1548950707,1548950707,4551456423,-590882299,2021-07-29
9712,,5_4551176595_CACEIS,1702419450,OB,OB,No-pair,dividend,Caceis booked the dividend for SD 10-07-2020. Integrata yet to book,1702419450,1702419450,4551456423,-590882299,2021-07-29
9713,,746_4551232906_CACEIS,1780157085,OB,OB,No-pair,fx wire,Caceis booked the fx wire for SD 02-16-2021. Integrata yet to book,1780157085,1780157085,4551456423,-590882299,2021-07-29
9714,,12_455901915_CACEIS,1339298901,OB,OB,No-pair,wire transfer,Caceis booked the wire transfer for SD 06-16-2020. Integrata yet to book,1339298901,1339298901,4551456423,-590882299,2021-07-29
9715,,92_455900053_CACEIS,1336713116,OB,OB,No-pair,fx wire,Caceis booked the fx wire for SD 06-15-2020. Integrata yet to book,1336713116,1336713116,4551456423,-590882299,2021-07-29
9716,,1_455982783_CACEIS,1446488976,OB,OB,No-pair,fx wire,Caceis booked the fx wire for SD 08-14-2020. Integrata yet to book,1446488976,1446488976,4551456423,-590882299,2021-07-29
9717,,760_4551232906_CACEIS,1780156941,OB,OB,No-pair,fx wire,Caceis booked the fx wire for SD 02-16-2021. Integrata yet to book,1780156941,1780156941,4551456423,-590882299,2021-07-29
9718,,11_4551201062_CACEIS,1734565948,OB,OB,No-pair,fx wire,Caceis booked the fx wire for SD 01-22-2021. Integrata yet to book,1734565948,1734565948,4551456423,-590882299,2021-07-29
9719,,60_4551381021_CACEIS,1979694256,OB,OB,No-pair,fx wire,Caceis booked the fx wire for SD 06-04-2021. Integrata yet to book,1979694256,1979694256,4551456423,-590882299,2021-07-29
9720,,1232_455822501_CACEIS,1235307807,OB,OB,No-pair,proceeds sell,Caceis booked the proceeds sell for SD 04-14-2020. Integrata yet to book,1235307807,1235307807,4551456423,-590882299,2021-07-29
9721,,160_455669415_CACEIS,1020661978,OB,OB,No-pair,fx wire,Caceis booked the fx wire for SD 12-16-2019. Integrata yet to book,1020661978,1020661978,4551456423,-590882299,2021-07-29
9722,,1_455492097_CACEIS,717755422,OB,OB,No-pair,wire transfer,Caceis booked the wire transfer for SD 07-29-2019. Integrata yet to book,717755422,717755422,4551456423,-590882299,2021-07-29
9723,,909_455822501_CACEIS,1235308048,OB,OB,No-pair,fx wire,Caceis booked the fx wire for SD 04-15-2020. Integrata yet to book,1235308048,1235308048,4551456423,-590882299,2021-07-29
9724,,39_455476582_CACEIS,691189036,OB,OB,No-pair,fx wire,Caceis booked the fx wire for SD 07-16-2019. Integrata yet to book,691189036,691189036,4551456423,-590882299,2021-07-29
9725,,6_4551349054_CACEIS,1933657802,OB,OB,No-pair,wire transfer,Caceis booked the wire transfer for SD 05-12-2021. Integrata yet to book,1933657802,1933657802,4551456423,-590882299,2021-07-29
9726,,191_4551313388_CACEIS,1883527866,OB,OB,No-pair,wire transfer,Caceis booked the wire transfer for SD 04-15-2021. Integrata yet to book,1883527866,1883527866,4551456423,-590882299,2021-07-29
9727,,72_455799620_CACEIS,1205700407,OB,OB,No-pair,fx wire,Caceis booked the fx wire for SD 03-27-2020. Integrata yet to book,1205700407,1205700407,4551456423,-590882299,2021-07-29
9728,,899_455822501_CACEIS,1235307843,OB,OB,No-pair,fx wire,Caceis booked the fx wire for SD 04-15-2020. Integrata yet to book,1235307843,1235307843,4551456423,-590882299,2021-07-29
9729,,779_4551232906_CACEIS,1780157089,OB,OB,No-pair,fx wire,Caceis booked the fx wire for SD 02-16-2021. Integrata yet to book,1780157089,1780157089,4551456423,-590882299,2021-07-29
9730,,448_455940640_CACEIS,1391596333,OB,OB,No-pair,fx wire,Caceis booked the fx wire for SD 07-15-2020. Integrata yet to book,1391596333,1391596333,4551456423,-590882299,2021-07-29
9731,,279_455669415_CACEIS,1020662079,OB,OB,No-pair,fx wire,Caceis booked the fx wire for SD 12-16-2019. Integrata yet to book,1020662079,1020662079,4551456423,-590882299,2021-07-29
9732,,247_4551269721_CACEIS,1827474085,OB,OB,No-pair,fx wire,Caceis booked the fx wire for SD 03-15-2021. Integrata yet to book,1827474085,1827474085,4551456423,-590882299,2021-07-29
9733,,1289_455822501_CACEIS,1235307844,OB,OB,No-pair,proceeds sell,Caceis booked the proceeds sell for SD 04-14-2020. Integrata yet to book,1235307844,1235307844,4551456423,-590882299,2021-07-29
9734,,161_455643841_CACEIS,975323233,OB,OB,No-pair,fx wire,Caceis booked the fx wire for SD 11-08-2019. Integrata yet to book,975323233,975323233,4551456423,-590882299,2021-07-29
9735,,1048_455643841_CACEIS,975324120,OB,OB,No-pair,wire transfer,Caceis booked the wire transfer for SD 11-13-2019. Integrata yet to book,975324120,975324120,4551456423,-590882299,2021-07-29
9736,,121_4551313388_CACEIS,1883527804,OB,OB,No-pair,fx wire,Caceis booked the fx wire for SD 04-15-2021. Integrata yet to book,1883527804,1883527804,4551456423,-590882299,2021-07-29
9737,,50_455846205_CACEIS,1265566755,OB,OB,No-pair,fx wire,Caceis booked the fx wire for SD 05-04-2020. Integrata yet to book,1265566755,1265566755,4551456423,-590882299,2021-07-29
9738,,62_455476582_CACEIS,691189281,OB,OB,No-pair,fx wire,Caceis booked the fx wire for SD 07-16-2019. Integrata yet to book,691189281,691189281,4551456423,-590882299,2021-07-29
9739,,506_455822501_CACEIS,1235308248,OB,OB,No-pair,fx wire,Caceis booked the fx wire for SD 04-15-2020. Integrata yet to book,1235308248,1235308248,4551456423,-590882299,2021-07-29
9740,,500_455822501_CACEIS,1235308406,OB,OB,No-pair,fx wire,Caceis booked the fx wire for SD 04-15-2020. Integrata yet to book,1235308406,1235308406,4551456423,-590882299,2021-07-29
9741,,99_455820754_CACEIS,1233177624,OB,OB,No-pair,proceeds sell,Caceis booked the proceeds sell for SD 04-13-2020. Integrata yet to book,1233177624,1233177624,4551456423,-590882299,2021-07-29
9742,,324_455643841_CACEIS,975323396,OB,OB,No-pair,fx wire,Caceis booked the fx wire for SD 11-15-2019. Integrata yet to book,975323396,975323396,4551456423,-590882299,2021-07-29
9743,,3_4551107328_CACEIS,1610764954,OB,OB,No-pair,fx wire,Caceis booked the fx wire for SD 11-13-2020. Integrata yet to book,1610764954,1610764954,4551456423,-590882299,2021-07-29
9744,,461_4551149959_CACEIS,1667623321,OB,OB,No-pair,fx wire,Caceis booked the fx wire for SD 12-15-2020. Integrata yet to book,1667623321,1667623321,4551456423,-590882299,2021-07-29
9745,,37_4551144082_CACEIS,1659707152,OB,OB,No-pair,fees,Caceis booked the fees for SD 12-10-2020. Integrata yet to book,1659707152,1659707152,4551456423,-590882299,2021-07-29
9746,,132_455762980_CACEIS,1156897847,OB,OB,No-pair,fx wire,Caceis booked the fx wire for SD 02-28-2020. Integrata yet to book,1156897847,1156897847,4551456423,-590882299,2021-07-29
9747,,85_4551149959_CACEIS,1667622852,OB,OB,No-pair,fx wire,Caceis booked the fx wire for SD 12-15-2020. Integrata yet to book,1667622852,1667622852,4551456423,-590882299,2021-07-29
9748,,66_4551381021_CACEIS,1979694241,OB,OB,No-pair,fx wire,Caceis booked the fx wire for SD 06-04-2021. Integrata yet to book,1979694241,1979694241,4551456423,-590882299,2021-07-29
9749,,73_455736646_CACEIS,1120326852,OB,OB,No-pair,fx wire,Caceis booked the fx wire for SD 02-07-2020. Integrata yet to book,1120326852,1120326852,4551456423,-590882299,2021-07-29
9750,,57_455820754_CACEIS,1233177681,OB,OB,No-pair,proceeds sell,Caceis booked the proceeds sell for SD 04-13-2020. Integrata yet to book,1233177681,1233177681,4551456423,-590882299,2021-07-29
9751,,160_455940640_CACEIS,1391595961,OB,OB,No-pair,fx wire,Caceis booked the fx wire for SD 07-15-2020. Integrata yet to book,1391595961,1391595961,4551456423,-590882299,2021-07-29
9752,,638_4551232906_CACEIS,1780157063,OB,OB,No-pair,fx wire,Caceis booked the fx wire for SD 02-16-2021. Integrata yet to book,1780157063,1780157063,4551456423,-590882299,2021-07-29
9753,,14_4551415924_CACEIS,2024089321,OB,OB,No-pair,monthend interest,Caceis booked the monthend interest for SD 07-01-2021. Integrata yet to book,2024089321,2024089321,4551456423,-590882299,2021-07-29
9754,,1331_455643841_CACEIS,975324403,OB,OB,No-pair,fx wire,Caceis booked the fx wire for SD 11-15-2019. Integrata yet to book,975324403,975324403,4551456423,-590882299,2021-07-29
9755,,52_455846205_CACEIS,1265566760,OB,OB,No-pair,fx wire,Caceis booked the fx wire for SD 05-04-2020. Integrata yet to book,1265566760,1265566760,4551456423,-590882299,2021-07-29
9756,,15_306589_CACEIS,433998187,OB,OB,No-pair,fx wire,Caceis booked the fx wire for SD 02-15-2019. Integrata yet to book,433998187,433998187,4551456423,-590882299,2021-07-29
9757,,133_4551201062_CACEIS,1734565972,OB,OB,No-pair,fx wire,Caceis booked the fx wire for SD 01-22-2021. Integrata yet to book,1734565972,1734565972,4551456423,-590882299,2021-07-29
9758,,1139_455822501_CACEIS,1235307820,OB,OB,No-pair,proceeds sell,Caceis booked the proceeds sell for SD 04-14-2020. Integrata yet to book,1235307820,1235307820,4551456423,-590882299,2021-07-29
9759,,25_455403345_CACEIS,582954853,OB,OB,No-pair,wire transfer,Caceis booked the wire transfer for SD 05-14-2019. Integrata yet to book,582954853,582954853,4551456423,-590882299,2021-07-29
9760,,60_455476582_CACEIS,691189160,OB,OB,No-pair,fx wire,Caceis booked the fx wire for SD 07-16-2019. Integrata yet to book,691189160,691189160,4551456423,-590882299,2021-07-29
9761,,395_4551066313_CACEIS,1556876615,OB,OB,No-pair,fx wire,Caceis booked the fx wire for SD 10-15-2020. Integrata yet to book,1556876615,1556876615,4551456423,-590882299,2021-07-29
9762,,187_4551232906_CACEIS,1780156716,OB,OB,No-pair,fx wire,Caceis booked the fx wire for SD 02-16-2021. Integrata yet to book,1780156716,1780156716,4551456423,-590882299,2021-07-29
9763,,894_4551232906_CACEIS,1780157194,OB,OB,No-pair,wire transfer,Caceis booked the wire transfer for SD 02-16-2021. Integrata yet to book,1780157194,1780157194,4551456423,-590882299,2021-07-29
9764,,6_455973142_CACEIS,1434650038,OB,OB,No-pair,wire transfer,Caceis booked the wire transfer for SD 08-07-2020. Integrata yet to book,1434650038,1434650038,4551456423,-590882299,2021-07-29
9765,,7_4551171343_CACEIS,1696929180,OB,OB,No-pair,monthend interest,Caceis booked the monthend interest for SD 01-01-2021. Integrata yet to book,1696929180,1696929180,4551456423,-590882299,2021-07-29
9766,,1_4551107328_CACEIS,1610764953,OB,OB,No-pair,fx wire,Caceis booked the fx wire for SD 11-13-2020. Integrata yet to book,1610764953,1610764953,4551456423,-590882299,2021-07-29
9767,,38_455403345_CACEIS,582954870,OB,OB,No-pair,wire transfer,Caceis booked the wire transfer for SD 05-14-2019. Integrata yet to book,582954870,582954870,4551456423,-590882299,2021-07-29
9768,,55_306589_CACEIS,433998236,OB,OB,No-pair,fx wire,Caceis booked the fx wire for SD 02-15-2019. Integrata yet to book,433998236,433998236,4551456423,-590882299,2021-07-29
9769,,76_455403345_CACEIS,582954903,OB,OB,No-pair,wire transfer,Caceis booked the wire transfer for SD 05-14-2019. Integrata yet to book,582954903,582954903,4551456423,-590882299,2021-07-29
9770,,66_455748445_CACEIS,1136275031,OB,OB,No-pair,fx wire,Caceis booked the fx wire for SD 02-18-2020. Integrata yet to book,1136275031,1136275031,4551456423,-590882299,2021-07-29
9771,,82_455554115_CACEIS,824384888,OB,OB,No-pair,fx wire,Caceis booked the fx wire for SD 09-17-2019. Integrata yet to book,824384888,824384888,4551456423,-590882299,2021-07-29
9772,,2_4551267661_CACEIS,1824870493,OB,OB,No-pair,fx wire,Caceis booked the fx wire for SD 03-12-2021. Integrata yet to book,1824870493,1824870493,4551456423,-590882299,2021-07-29
9773,,1153_455822501_CACEIS,1235307773,OB,OB,No-pair,proceeds sell,Caceis booked the proceeds sell for SD 04-13-2020. Integrata yet to book,1235307773,1235307773,4551456423,-590882299,2021-07-29
9774,,79_4551066313_CACEIS,1556876244,OB,OB,No-pair,fx wire,Caceis booked the fx wire for SD 10-15-2020. Integrata yet to book,1556876244,1556876244,4551456423,-590882299,2021-07-29
9775,,56_455762980_CACEIS,1156897728,OB,OB,No-pair,monthend interest,Caceis booked the monthend interest for SD 03-01-2020. Integrata yet to book,1156897728,1156897728,4551456423,-590882299,2021-07-29
9776,,11_4551373621_CACEIS,1970229492,OB,OB,No-pair,monthend interest,Caceis booked the monthend interest for SD 06-01-2021. Integrata yet to book,1970229492,1970229492,4551456423,-590882299,2021-07-29
9777,,101_4551066313_CACEIS,1556876257,OB,OB,No-pair,fx wire,Caceis booked the fx wire for SD 10-15-2020. Integrata yet to book,1556876257,1556876257,4551456423,-590882299,2021-07-29
9778,,145_4551144082_CACEIS,1659707171,OB,OB,No-pair,fees,Caceis booked the fees for SD 12-10-2020. Integrata yet to book,1659707171,1659707171,4551456423,-590882299,2021-07-29
9779,,3_361798_CACEIS,522412450,OB,OB,No-pair,fees,Caceis booked the fees for SD 04-08-2019. Integrata yet to book,522412450,522412450,4551456423,-590882299,2021-07-29
9780,,8_455833544_CACEIS,1249040836,OB,OB,No-pair,wire transfer,Caceis booked the wire transfer for SD 04-23-2020. Integrata yet to book,1249040836,1249040836,4551456423,-590882299,2021-07-29
9781,,47_455777858_CACEIS,1177395770,OB,OB,No-pair,proceeds sell,Caceis booked the proceeds sell for SD 03-11-2020. Integrata yet to book,1177395770,1177395770,4551456423,-590882299,2021-07-29
9782,,311_455590588_CACEIS,883858589,OB,OB,No-pair,fx wire,Caceis booked the fx wire for SD 10-15-2019. Integrata yet to book,883858589,883858589,4551456423,-590882299,2021-07-29
9783,,54_455820754_CACEIS,1233177693,OB,OB,No-pair,proceeds sell,Caceis booked the proceeds sell for SD 04-13-2020. Integrata yet to book,1233177693,1233177693,4551456423,-590882299,2021-07-29
9784,,72_455985296_CACEIS,1449581880,OB,OB,No-pair,fx wire,Caceis booked the fx wire for SD 08-17-2020. Integrata yet to book,1449581880,1449581880,4551456423,-590882299,2021-07-29
9785,,141_455762980_CACEIS,1156897692,OB,OB,No-pair,fx wire,Caceis booked the fx wire for SD 02-28-2020. Integrata yet to book,1156897692,1156897692,4551456423,-590882299,2021-07-29
9786,,5_455690056_CACEIS,1057181224,OB,OB,No-pair,wire transfer,Caceis booked the wire transfer for SD 01-02-2020. Integrata yet to book,1057181224,1057181224,4551456423,-590882299,2021-07-29
9787,,1036_455643841_CACEIS,975324108,OB,OB,No-pair,fees,Caceis booked the fees for SD 11-13-2019. Integrata yet to book,975324108,975324108,4551456423,-590882299,2021-07-29
9788,,167_4551023983_CACEIS,1500213866,OB,OB,No-pair,fx wire,Caceis booked the fx wire for SD 09-15-2020. Integrata yet to book,1500213866,1500213866,4551456423,-590882299,2021-07-29
9789,,1123_455822501_CACEIS,1235307782,OB,OB,No-pair,proceeds sell,Caceis booked the proceeds sell for SD 04-14-2020. Integrata yet to book,1235307782,1235307782,4551456423,-590882299,2021-07-29
9790,,505_455900053_CACEIS,1336713896,OB,OB,No-pair,fx wire,Caceis booked the fx wire for SD 06-15-2020. Integrata yet to book,1336713896,1336713896,4551456423,-590882299,2021-07-29
9791,,1032_455643841_CACEIS,975324104,OB,OB,No-pair,fees,Caceis booked the fees for SD 11-13-2019. Integrata yet to book,975324104,975324104,4551456423,-590882299,2021-07-29
9792,,522_4551149959_CACEIS,1667623341,OB,OB,No-pair,fx wire,Caceis booked the fx wire for SD 12-15-2020. Integrata yet to book,1667623341,1667623341,4551456423,-590882299,2021-07-29
9793,,136_4551210754_CACEIS,1748958271,OB,OB,No-pair,fx wire,Caceis booked the fx wire for SD 01-29-2021. Integrata yet to book,1748958271,1748958271,4551456423,-590882299,2021-07-29
9794,,77_4551313388_CACEIS,1883527810,OB,OB,No-pair,fx wire,Caceis booked the fx wire for SD 04-15-2021. Integrata yet to book,1883527810,1883527810,4551456423,-590882299,2021-07-29
9795,,111_4551109218_CACEIS,1613286710,OB,OB,No-pair,fx wire,Caceis booked the fx wire for SD 11-16-2020. Integrata yet to book,1613286710,1613286710,4551456423,-590882299,2021-07-29
9796,,55_455803095_CACEIS,1210223515,OB,OB,No-pair,monthend interest,Caceis booked the monthend interest for SD 04-01-2020. Integrata yet to book,1210223515,1210223515,4551456423,-590882299,2021-07-29
9797,,20_4551254304_CACEIS,1807385755,OB,OB,No-pair,wire transfer,Caceis booked the wire transfer for SD 03-02-2021. Integrata yet to book,1807385755,1807385755,4551456423,-590882299,2021-07-29
9798,,1_4551260237_CACEIS,1815145573,OB,OB,No-pair,wire transfer,Caceis booked the wire transfer for SD 03-08-2021. Integrata yet to book,1815145573,1815145573,4551456423,-590882299,2021-07-29
9799,,4_455851677_CACEIS,1272856282,OB,OB,No-pair,wire transfer,Caceis booked the wire transfer for SD 05-07-2020. Integrata yet to book,1272856282,1272856282,4551456423,-590882299,2021-07-29
9800,,6_4551044906_CACEIS,1528403596,OB,OB,No-pair,monthend interest,Caceis booked the monthend interest for SD 10-01-2020. Integrata yet to book,1528403596,1528403596,4551456423,-590882299,2021-07-29
9801,,102_455753887_CACEIS,1143364853,OB,OB,No-pair,wire transfer,Caceis booked the wire transfer for SD 02-21-2020. Integrata yet to book,1143364853,1143364853,4551456423,-590882299,2021-07-29
9802,,273_4551109218_CACEIS,1613286774,OB,OB,No-pair,fx wire,Caceis booked the fx wire for SD 11-16-2020. Integrata yet to book,1613286774,1613286774,4551456423,-590882299,2021-07-29
9803,,26_455688261_CACEIS,1053516695,OB,OB,No-pair,monthend interest,Caceis booked the monthend interest for SD 01-01-2020. Integrata yet to book,1053516695,1053516695,4551456423,-590882299,2021-07-29
9804,,1267_455822501_CACEIS,1235307878,OB,OB,No-pair,proceeds sell,Caceis booked the proceeds sell for SD 04-14-2020. Integrata yet to book,1235307878,1235307878,4551456423,-590882299,2021-07-29
9805,,195_455940640_CACEIS,1391596103,OB,OB,No-pair,fx wire,Caceis booked the fx wire for SD 07-15-2020. Integrata yet to book,1391596103,1391596103,4551456423,-590882299,2021-07-29
9806,,8_455914788_CACEIS,1356802607,OB,OB,No-pair,proceeds sell,Caceis booked the proceeds sell for SD 06-22-2020. Integrata yet to book,1356802607,1356802607,4551456423,-590882299,2021-07-29
9807,,28_4551020261_CACEIS,1495478250,OB,OB,No-pair,fx wire,Caceis booked the fx wire for SD 09-11-2020. Integrata yet to book,1495478250,1495478250,4551456423,-590882299,2021-07-29
9808,,170_455862625_CACEIS,1287002997,OB,OB,No-pair,fx wire,Caceis booked the fx wire for SD 05-15-2020. Integrata yet to book,1287002997,1287002997,4551456423,-590882299,2021-07-29
9809,,24_4551020261_CACEIS,1495478248,OB,OB,No-pair,fx wire,Caceis booked the fx wire for SD 09-11-2020. Integrata yet to book,1495478248,1495478248,4551456423,-590882299,2021-07-29
9810,,1_4551153712_CACEIS,1672409227,OB,OB,No-pair,wire transfer,Caceis booked the wire transfer for SD 12-17-2020. Integrata yet to book,1672409227,1672409227,4551456423,-590882299,2021-07-29
9811,,433_4551149959_CACEIS,1667623331,OB,OB,No-pair,fx wire,Caceis booked the fx wire for SD 12-15-2020. Integrata yet to book,1667623331,1667623331,4551456423,-590882299,2021-07-29
9812,,45_4551448516_CACEIS,2064090596,OB,OB,No-pair,proceeds sell,Caceis booked the proceeds sell for SD 07-20-2021. Integrata yet to book,2064090596,2064090596,4551456423,-590882299,2021-07-29
9813,,34_4551023983_CACEIS,1500213887,OB,OB,No-pair,fx wire,Caceis booked the fx wire for SD 09-15-2020. Integrata yet to book,1500213887,1500213887,4551456423,-590882299,2021-07-29
9814,,2_4551122535_CACEIS,1631194824,OB,OB,No-pair,proceeds sell,Caceis booked the proceeds sell for SD 11-25-2020. Integrata yet to book,1631194824,1631194824,4551456423,-590882299,2021-07-29
9815,,88_455862625_CACEIS,1287003020,OB,OB,No-pair,fx wire,Caceis booked the fx wire for SD 05-15-2020. Integrata yet to book,1287003020,1287003020,4551456423,-590882299,2021-07-29
9816,,1_455430023_CACEIS,618500231,OB,OB,No-pair,wire transfer,Caceis booked the wire transfer for SD 06-05-2019. Integrata yet to book,618500231,618500231,4551456423,-590882299,2021-07-29
9817,,89_455820754_CACEIS,1233177709,OB,OB,No-pair,proceeds sell,Caceis booked the proceeds sell for SD 04-13-2020. Integrata yet to book,1233177709,1233177709,4551456423,-590882299,2021-07-29
9818,,475_455643841_CACEIS,975323547,OB,OB,No-pair,fx wire,Caceis booked the fx wire for SD 11-15-2019. Integrata yet to book,975323547,975323547,4551456423,-590882299,2021-07-29
9819,,469_455900053_CACEIS,1336713920,OB,OB,No-pair,fx wire,Caceis booked the fx wire for SD 06-15-2020. Integrata yet to book,1336713920,1336713920,4551456423,-590882299,2021-07-29
9820,,42_4551226296_CACEIS,1770440233,OB,OB,No-pair,wire transfer,Caceis booked the wire transfer for SD 02-09-2021. Integrata yet to book,1770440233,1770440233,4551456423,-590882299,2021-07-29
9821,,79_455736646_CACEIS,1120326871,OB,OB,No-pair,fx wire,Caceis booked the fx wire for SD 02-07-2020. Integrata yet to book,1120326871,1120326871,4551456423,-590882299,2021-07-29
9822,,113_455585083_CACEIS,874262472,OB,OB,No-pair,fees,Caceis booked the fees for SD 10-10-2019. Integrata yet to book,874262472,874262472,4551456423,-590882299,2021-07-29
9823,,360_455643841_CACEIS,975323432,OB,OB,No-pair,fx wire,Caceis booked the fx wire for SD 11-15-2019. Integrata yet to book,975323432,975323432,4551456423,-590882299,2021-07-29
9824,,2_4551031594_CACEIS,1510982689,OB,OB,No-pair,wire transfer,Caceis booked the wire transfer for SD 09-21-2020. Integrata yet to book,1510982689,1510982689,4551456423,-590882299,2021-07-29
9825,,118_455900053_CACEIS,1336713107,OB,OB,No-pair,fx wire,Caceis booked the fx wire for SD 06-15-2020. Integrata yet to book,1336713107,1336713107,4551456423,-590882299,2021-07-29
9826,,1245_455822501_CACEIS,1235307805,OB,OB,No-pair,proceeds sell,Caceis booked the proceeds sell for SD 04-14-2020. Integrata yet to book,1235307805,1235307805,4551456423,-590882299,2021-07-29
9827,,119_455822501_CACEIS,1235307994,OB,OB,No-pair,fx wire,Caceis booked the fx wire for SD 04-15-2020. Integrata yet to book,1235307994,1235307994,4551456423,-590882299,2021-07-29
9828,,119_455777858_CACEIS,1177395747,OB,OB,No-pair,wire transfer,Caceis booked the wire transfer for SD 03-11-2020. Integrata yet to book,1177395747,1177395747,4551456423,-590882299,2021-07-29
9829,,480_4551066313_CACEIS,1556876611,OB,OB,No-pair,fx wire,Caceis booked the fx wire for SD 10-15-2020. Integrata yet to book,1556876611,1556876611,4551456423,-590882299,2021-07-29
9830,,49_455476582_CACEIS,691188333,OB,OB,No-pair,fx wire,Caceis booked the fx wire for SD 07-16-2019. Integrata yet to book,691188333,691188333,4551456423,-590882299,2021-07-29
9831,,112_4551060531_CACEIS,1548950709,OB,OB,No-pair,fees,Caceis booked the fees for SD 10-12-2020. Integrata yet to book,1548950709,1548950709,4551456423,-590882299,2021-07-29
9832,,152_4551201062_CACEIS,1734566012,OB,OB,No-pair,fx wire,Caceis booked the fx wire for SD 01-22-2021. Integrata yet to book,1734566012,1734566012,4551456423,-590882299,2021-07-29
9833,,29_455581623_CACEIS,876699080,OB,OB,No-pair,proceeds sell,Caceis booked the proceeds sell for SD 09-30-2019. Integrata yet to book,876699080,876699080,4551456423,-590882299,2021-07-29
9834,,323_455900053_CACEIS,1336713673,OB,OB,No-pair,fx wire,Caceis booked the fx wire for SD 06-15-2020. Integrata yet to book,1336713673,1336713673,4551456423,-590882299,2021-07-29
9835,,10_4551072061_CACEIS,1564185616,OB,OB,No-pair,wire transfer,Caceis booked the wire transfer for SD 10-20-2020. Integrata yet to book,1564185616,1564185616,4551456423,-590882299,2021-07-29
9836,,111_455862625_CACEIS,1287002950,OB,OB,No-pair,fx wire,Caceis booked the fx wire for SD 05-15-2020. Integrata yet to book,1287002950,1287002950,4551456423,-590882299,2021-07-29
9837,,828_455822501_CACEIS,1235308783,OB,OB,No-pair,fx wire,Caceis booked the fx wire for SD 04-15-2020. Integrata yet to book,1235308783,1235308783,4551456423,-590882299,2021-07-29
9838,,9_4551018409_CACEIS,1492757153,OB,OB,No-pair,fees,Caceis booked the fees for SD 09-10-2020. Integrata yet to book,1492757153,1492757153,4551456423,-590882299,2021-07-29
9839,,389_455985296_CACEIS,1449582213,OB,OB,No-pair,fx wire,Caceis booked the fx wire for SD 08-17-2020. Integrata yet to book,1449582213,1449582213,4551456423,-590882299,2021-07-29
9840,,658_455643841_CACEIS,975323730,OB,OB,No-pair,fx wire,Caceis booked the fx wire for SD 11-18-2019. Integrata yet to book,975323730,975323730,4551456423,-590882299,2021-07-29
9841,,13_455874345_CACEIS,1302176822,OB,OB,No-pair,fx wire,Caceis booked the fx wire for SD 05-26-2020. Integrata yet to book,1302176822,1302176822,4551456423,-590882299,2021-07-29
9842,,10_4551220415_CACEIS,1761956214,OB,OB,No-pair,wire transfer,Caceis booked the wire transfer for SD 02-05-2021. Integrata yet to book,1761956214,1761956214,4551456423,-590882299,2021-07-29
9843,,77_4551430779_CACEIS,2043021978,OB,OB,No-pair,fees,Caceis booked the fees for SD 07-12-2021. Integrata yet to book,2043021978,2043021978,4551456423,-590882299,2021-07-29
9844,,1189_455822501_CACEIS,1235307881,OB,OB,No-pair,proceeds sell,Caceis booked the proceeds sell for SD 04-14-2020. Integrata yet to book,1235307881,1235307881,4551456423,-590882299,2021-07-29
9845,,247_4551394628_CACEIS,1997244789,OB,OB,No-pair,fx wire,Caceis booked the fx wire for SD 06-15-2021. Integrata yet to book,1997244789,1997244789,4551456423,-590882299,2021-07-29
9846,,4_455907521_CACEIS,1347197170,OB,OB,No-pair,wire transfer,Caceis booked the wire transfer for SD 06-08-2020. Integrata yet to book,1347197170,1347197170,4551456423,-590882299,2021-07-29
9847,,169_455643841_CACEIS,975323241,OB,OB,No-pair,fx wire,Caceis booked the fx wire for SD 11-08-2019. Integrata yet to book,975323241,975323241,4551456423,-590882299,2021-07-29
9848,,80_4551109218_CACEIS,1613286704,OB,OB,No-pair,fx wire,Caceis booked the fx wire for SD 11-16-2020. Integrata yet to book,1613286704,1613286704,4551456423,-590882299,2021-07-29
9849,,387_455748445_CACEIS,1136275140,OB,OB,No-pair,fx wire,Caceis booked the fx wire for SD 02-18-2020. Integrata yet to book,1136275140,1136275140,4551456423,-590882299,2021-07-29
9850,,201_4551354754_CACEIS,1942399589,OB,OB,No-pair,wire transfer,Caceis booked the wire transfer for SD 05-17-2021. Integrata yet to book,1942399589,1942399589,4551456423,-590882299,2021-07-29
9851,,5_455980848_CACEIS,1444104461,OB,OB,No-pair,wire transfer,Caceis booked the wire transfer for SD 08-13-2020. Integrata yet to book,1444104461,1444104461,4551456423,-590882299,2021-07-29
9852,,505_4551066313_CACEIS,1556876653,OB,OB,No-pair,fx wire,Caceis booked the fx wire for SD 10-15-2020. Integrata yet to book,1556876653,1556876653,4551456423,-590882299,2021-07-29
9853,,13_455449139_CACEIS,646003531,OB,OB,No-pair,wire transfer,Caceis booked the wire transfer for SD 06-21-2019. Integrata yet to book,646003531,646003531,4551456423,-590882299,2021-07-29
9854,,692_455643841_CACEIS,975323764,OB,OB,No-pair,fx wire,Caceis booked the fx wire for SD 11-18-2019. Integrata yet to book,975323764,975323764,4551456423,-590882299,2021-07-29
9855,,178_4551066313_CACEIS,1556876287,OB,OB,No-pair,fx wire,Caceis booked the fx wire for SD 10-15-2020. Integrata yet to book,1556876287,1556876287,4551456423,-590882299,2021-07-29
9856,,328_455669415_CACEIS,1020661732,OB,OB,No-pair,fx wire,Caceis booked the fx wire for SD 12-16-2019. Integrata yet to book,1020661732,1020661732,4551456423,-590882299,2021-07-29
9857,,1285_455643841_CACEIS,975324357,OB,OB,No-pair,wire transfer,Caceis booked the wire transfer for SD 11-15-2019. Integrata yet to book,975324357,975324357,4551456423,-590882299,2021-07-29
9858,,1100_455822501_CACEIS,1235307704,OB,OB,No-pair,proceeds sell,Caceis booked the proceeds sell for SD 04-13-2020. Integrata yet to book,1235307704,1235307704,4551456423,-590882299,2021-07-29
9859,,108_4551354754_CACEIS,1942399595,OB,OB,No-pair,fx wire,Caceis booked the fx wire for SD 05-17-2021. Integrata yet to book,1942399595,1942399595,4551456423,-590882299,2021-07-29
9860,,426_4551066313_CACEIS,1556876638,OB,OB,No-pair,fx wire,Caceis booked the fx wire for SD 10-15-2020. Integrata yet to book,1556876638,1556876638,4551456423,-590882299,2021-07-29
9861,,85_455862625_CACEIS,1287002923,OB,OB,No-pair,fx wire,Caceis booked the fx wire for SD 05-15-2020. Integrata yet to book,1287002923,1287002923,4551456423,-590882299,2021-07-29
9862,,258_4551210754_CACEIS,1748958266,OB,OB,No-pair,monthend interest,Caceis booked the monthend interest for SD 02-01-2021. Integrata yet to book,1748958266,1748958266,4551456423,-590882299,2021-07-29
9863,,73_455590588_CACEIS,883858730,OB,OB,No-pair,fx wire,Caceis booked the fx wire for SD 10-15-2019. Integrata yet to book,883858730,883858730,4551456423,-590882299,2021-07-29
9864,,1528_455643841_CACEIS,975324600,OB,OB,No-pair,fx wire,Caceis booked the fx wire for SD 11-18-2019. Integrata yet to book,975324600,975324600,4551456423,-590882299,2021-07-29
9865,,27_4551058652_CACEIS,1546340374,OB,OB,No-pair,fx wire,Caceis booked the fx wire for SD 10-09-2020. Integrata yet to book,1546340374,1546340374,4551456423,-590882299,2021-07-29
9866,,1143_455822501_CACEIS,1235307754,OB,OB,No-pair,proceeds sell,Caceis booked the proceeds sell for SD 04-14-2020. Integrata yet to book,1235307754,1235307754,4551456423,-590882299,2021-07-29
9867,,13_455914788_CACEIS,1356802614,OB,OB,No-pair,wire transfer,Caceis booked the wire transfer for SD 06-25-2020. Integrata yet to book,1356802614,1356802614,4551456423,-590882299,2021-07-29
9868,,340_455669415_CACEIS,1020661990,OB,OB,No-pair,fx wire,Caceis booked the fx wire for SD 12-16-2019. Integrata yet to book,1020661990,1020661990,4551456423,-590882299,2021-07-29
9869,,131_455822501_CACEIS,1235308009,OB,OB,No-pair,fx wire,Caceis booked the fx wire for SD 04-15-2020. Integrata yet to book,1235308009,1235308009,4551456423,-590882299,2021-07-29
9870,,8_455610697_CACEIS,917943272,OB,OB,No-pair,fx wire,Caceis booked the fx wire for SD 10-18-2019. Integrata yet to book,917943272,917943272,4551456423,-590882299,2021-07-29
9871,,978_455643841_CACEIS,975324050,OB,OB,No-pair,wire transfer,Caceis booked the wire transfer for SD 11-08-2019. Integrata yet to book,975324050,975324050,4551456423,-590882299,2021-07-29
9872,,1218_455822501_CACEIS,1235307731,OB,OB,No-pair,proceeds sell,Caceis booked the proceeds sell for SD 04-14-2020. Integrata yet to book,1235307731,1235307731,4551456423,-590882299,2021-07-29
9873,,71_455940640_CACEIS,1391596080,OB,OB,No-pair,fx wire,Caceis booked the fx wire for SD 07-15-2020. Integrata yet to book,1391596080,1391596080,4551456423,-590882299,2021-07-29
9874,,71_4551430779_CACEIS,2043021958,OB,OB,No-pair,fees,Caceis booked the fees for SD 07-12-2021. Integrata yet to book,2043021958,2043021958,4551456423,-590882299,2021-07-29
9875,,95_455900053_CACEIS,1336713414,OB,OB,No-pair,fx wire,Caceis booked the fx wire for SD 06-15-2020. Integrata yet to book,1336713414,1336713414,4551456423,-590882299,2021-07-29
9876,,64_4551229444_CACEIS,1775243166,OB,OB,No-pair,fx wire,Caceis booked the fx wire for SD 02-12-2021. Integrata yet to book,1775243166,1775243166,4551456423,-590882299,2021-07-29
9877,,427_455643841_CACEIS,975323499,OB,OB,No-pair,fx wire,Caceis booked the fx wire for SD 11-15-2019. Integrata yet to book,975323499,975323499,4551456423,-590882299,2021-07-29
9878,,85_4551087502_CACEIS,1584326662,OB,OB,No-pair,monthend interest,Caceis booked the monthend interest for SD 11-01-2020. Integrata yet to book,1584326662,1584326662,4551456423,-590882299,2021-07-29
9879,,24_455583364_CACEIS,870636859,OB,OB,No-pair,wire transfer,Caceis booked the wire transfer for SD 09-27-2019. Integrata yet to book,870636859,870636859,4551456423,-590882299,2021-07-29
9880,,14_4551087502_CACEIS,1584326634,OB,OB,No-pair,monthend interest,Caceis booked the monthend interest for SD 11-01-2020. Integrata yet to book,1584326634,1584326634,4551456423,-590882299,2021-07-29
9881,,13_455808758_CACEIS,1217520445,OB,OB,No-pair,wire transfer,Caceis booked the wire transfer for SD 04-03-2020. Integrata yet to book,1217520445,1217520445,4551456423,-590882299,2021-07-29
9882,,6_4551373621_CACEIS,1970229483,OB,OB,No-pair,monthend interest,Caceis booked the monthend interest for SD 06-01-2021. Integrata yet to book,1970229483,1970229483,4551456423,-590882299,2021-07-29
9883,,738_455643841_CACEIS,975323810,OB,OB,No-pair,fx wire,Caceis booked the fx wire for SD 11-18-2019. Integrata yet to book,975323810,975323810,4551456423,-590882299,2021-07-29
9884,,53_4551430779_CACEIS,2043021954,OB,OB,No-pair,fees,Caceis booked the fees for SD 07-12-2021. Integrata yet to book,2043021954,2043021954,4551456423,-590882299,2021-07-29
9885,,1151_455822501_CACEIS,1235307738,OB,OB,No-pair,proceeds sell,Caceis booked the proceeds sell for SD 04-13-2020. Integrata yet to book,1235307738,1235307738,4551456423,-590882299,2021-07-29
9886,,71_455862625_CACEIS,1287002911,OB,OB,No-pair,fx wire,Caceis booked the fx wire for SD 05-15-2020. Integrata yet to book,1287002911,1287002911,4551456423,-590882299,2021-07-29
9887,,79_4551018409_CACEIS,1492757223,OB,OB,No-pair,fees,Caceis booked the fees for SD 09-10-2020. Integrata yet to book,1492757223,1492757223,4551456423,-590882299,2021-07-29
9888,,10_309411_CACEIS,439623715,OB,OB,No-pair,fx wire,Caceis booked the fx wire for SD 02-22-2019. Integrata yet to book,439623715,439623715,4551456423,-590882299,2021-07-29
9889,,19_455944496_CACEIS,1396484598,OB,OB,No-pair,proceeds sell,Caceis booked the proceeds sell for SD 07-17-2020. Integrata yet to book,1396484598,1396484598,4551456423,-590882299,2021-07-29
9890,,25_4551392792_CACEIS,1994925027,OB,OB,No-pair,wire transfer,Caceis booked the wire transfer for SD 06-14-2021. Integrata yet to book,1994925027,1994925027,4551456423,-590882299,2021-07-29
9891,,37_455782293_CACEIS,1183562950,OB,OB,No-pair,fx wire,Caceis booked the fx wire for SD 03-13-2020. Integrata yet to book,1183562950,1183562950,4551456423,-590882299,2021-07-29
9892,,37_455643841_CACEIS,975323109,OB,OB,No-pair,monthend interest,Caceis booked the monthend interest for SD 10-31-2019. Integrata yet to book,975323109,975323109,4551456423,-590882299,2021-07-29
9893,,24_455953995_CACEIS,1409848183,OB,OB,No-pair,fx wire,Caceis booked the fx wire for SD 07-24-2020. Integrata yet to book,1409848183,1409848183,4551456423,-590882299,2021-07-29
9894,,87_4551430779_CACEIS,2043021965,OB,OB,No-pair,fees,Caceis booked the fees for SD 07-12-2021. Integrata yet to book,2043021965,2043021965,4551456423,-590882299,2021-07-29
9895,,1194_455643841_CACEIS,975324266,OB,OB,No-pair,fx wire,Caceis booked the fx wire for SD 11-15-2019. Integrata yet to book,975324266,975324266,4551456423,-590882299,2021-07-29
9896,,9_4551044906_CACEIS,1528403630,OB,OB,No-pair,monthend interest,Caceis booked the monthend interest for SD 10-01-2020. Integrata yet to book,1528403630,1528403630,4551456423,-590882299,2021-07-29
9897,,6_455851677_CACEIS,1272856286,OB,OB,No-pair,proceeds sell,Caceis booked the proceeds sell for SD 05-07-2020. Integrata yet to book,1272856286,1272856286,4551456423,-590882299,2021-07-29
9898,,56_455610697_CACEIS,917943320,OB,OB,No-pair,fx wire,Caceis booked the fx wire for SD 10-18-2019. Integrata yet to book,917943320,917943320,4551456423,-590882299,2021-07-29
9899,,182_455762980_CACEIS,1156897829,OB,OB,No-pair,monthend interest,Caceis booked the monthend interest for SD 03-01-2020. Integrata yet to book,1156897829,1156897829,4551456423,-590882299,2021-07-29
9900,,380_4551066313_CACEIS,1556876628,OB,OB,No-pair,fx wire,Caceis booked the fx wire for SD 10-15-2020. Integrata yet to book,1556876628,1556876628,4551456423,-590882299,2021-07-29
9901,,82_4551436806_CACEIS,2049885865,OB,OB,No-pair,fx wire,Caceis booked the fx wire for SD 07-15-2021. Integrata yet to book,2049885865,2049885865,4551456423,-590882299,2021-07-29
9902,,44_455973142_CACEIS,1434650047,OB,OB,No-pair,fx wire,Caceis booked the fx wire for SD 08-07-2020. Integrata yet to book,1434650047,1434650047,4551456423,-590882299,2021-07-29
9903,,176_4551023983_CACEIS,1500213983,OB,OB,No-pair,fx wire,Caceis booked the fx wire for SD 09-15-2020. Integrata yet to book,1500213983,1500213983,4551456423,-590882299,2021-07-29
9904,,74_455862625_CACEIS,1287002914,OB,OB,No-pair,wire transfer,Caceis booked the wire transfer for SD 05-13-2020. Integrata yet to book,1287002914,1287002914,4551456423,-590882299,2021-07-29
9905,,1186_455643841_CACEIS,975324258,OB,OB,No-pair,fx wire,Caceis booked the fx wire for SD 11-15-2019. Integrata yet to book,975324258,975324258,4551456423,-590882299,2021-07-29
9906,,72_4551381021_CACEIS,1979694235,OB,OB,No-pair,fx wire,Caceis booked the fx wire for SD 06-04-2021. Integrata yet to book,1979694235,1979694235,4551456423,-590882299,2021-07-29
9907,,1_4551450423_CACEIS,2066372795,OB,OB,No-pair,wire transfer,Caceis booked the wire transfer for SD 07-26-2021. Integrata yet to book,2066372795,2066372795,4551456423,-590882299,2021-07-29
9908,,66_455726980_CACEIS,1107942665,OB,OB,No-pair,monthend interest,Caceis booked the monthend interest for SD 02-01-2020. Integrata yet to book,1107942665,1107942665,4551456423,-590882299,2021-07-29
9909,,58_4551299798_CACEIS,1866915132,OB,OB,No-pair,fx wire,Caceis booked the fx wire for SD 04-06-2021. Integrata yet to book,1866915132,1866915132,4551456423,-590882299,2021-07-29
9910,,50_455688261_CACEIS,1053516643,OB,OB,No-pair,monthend interest,Caceis booked the monthend interest for SD 01-01-2020. Integrata yet to book,1053516643,1053516643,4551456423,-590882299,2021-07-29
9911,,428_455985296_CACEIS,1449582130,OB,OB,No-pair,fx wire,Caceis booked the fx wire for SD 08-17-2020. Integrata yet to book,1449582130,1449582130,4551456423,-590882299,2021-07-29
9912,,155_455862625_CACEIS,1287002821,OB,OB,No-pair,wire transfer,Caceis booked the wire transfer for SD 05-13-2020. Integrata yet to book,1287002821,1287002821,4551456423,-590882299,2021-07-29
9913,,409_455822501_CACEIS,1235308320,OB,OB,No-pair,fx wire,Caceis booked the fx wire for SD 04-15-2020. Integrata yet to book,1235308320,1235308320,4551456423,-590882299,2021-07-29
9914,,10_4551206835_CACEIS,1743521223,OB,OB,No-pair,proceeds sell,Caceis booked the proceeds sell for SD 01-27-2021. Integrata yet to book,1743521223,1743521223,4551456423,-590882299,2021-07-29
9915,,62_4551191593_CACEIS,1722905047,OB,OB,No-pair,fx wire,Caceis booked the fx wire for SD 01-15-2021. Integrata yet to book,1722905047,1722905047,4551456423,-590882299,2021-07-29
9916,,3_4551402499_CACEIS,2006719916,OB,OB,No-pair,wire transfer,Caceis booked the wire transfer for SD 06-17-2021. Integrata yet to book,2006719916,2006719916,4551456423,-590882299,2021-07-29
9917,,28_455586694_CACEIS,876699118,OB,OB,No-pair,wire transfer,Caceis booked the wire transfer for SD 10-08-2019. Integrata yet to book,876699118,876699118,4551456423,-590882299,2021-07-29
9918,,839_455822501_CACEIS,1235308802,OB,OB,No-pair,fx wire,Caceis booked the fx wire for SD 04-15-2020. Integrata yet to book,1235308802,1235308802,4551456423,-590882299,2021-07-29
9919,,457_455822501_CACEIS,1235308331,OB,OB,No-pair,fx wire,Caceis booked the fx wire for SD 04-15-2020. Integrata yet to book,1235308331,1235308331,4551456423,-590882299,2021-07-29
9920,,55_4551171343_CACEIS,1696929173,OB,OB,No-pair,monthend interest,Caceis booked the monthend interest for SD 01-01-2021. Integrata yet to book,1696929173,1696929173,4551456423,-590882299,2021-07-29
9921,,44_455688261_CACEIS,1053516781,OB,OB,No-pair,monthend interest,Caceis booked the monthend interest for SD 01-01-2020. Integrata yet to book,1053516781,1053516781,4551456423,-590882299,2021-07-29
9922,,46_455973142_CACEIS,1434650055,OB,OB,No-pair,fx wire,Caceis booked the fx wire for SD 08-07-2020. Integrata yet to book,1434650055,1434650055,4551456423,-590882299,2021-07-29
9923,,840_455822501_CACEIS,1235308813,OB,OB,No-pair,fx wire,Caceis booked the fx wire for SD 04-15-2020. Integrata yet to book,1235308813,1235308813,4551456423,-590882299,2021-07-29
9924,,94_455745203_CACEIS,1132280332,OB,OB,No-pair,wire transfer,Caceis booked the wire transfer for SD 02-14-2020. Integrata yet to book,1132280332,1132280332,4551456423,-590882299,2021-07-29
9925,,102_4551191593_CACEIS,1722905062,OB,OB,No-pair,fx wire,Caceis booked the fx wire for SD 01-15-2021. Integrata yet to book,1722905062,1722905062,4551456423,-590882299,2021-07-29
9926,,979_455822501_CACEIS,1235308833,OB,OB,No-pair,fx wire,Caceis booked the fx wire for SD 04-15-2020. Integrata yet to book,1235308833,1235308833,4551456423,-590882299,2021-07-29
9927,,61_455944496_CACEIS,1396484663,OB,OB,No-pair,wire transfer,Caceis booked the wire transfer for SD 07-17-2020. Integrata yet to book,1396484663,1396484663,4551456423,-590882299,2021-07-29
9928,,39_455985296_CACEIS,1449581799,OB,OB,No-pair,fx wire,Caceis booked the fx wire for SD 08-17-2020. Integrata yet to book,1449581799,1449581799,4551456423,-590882299,2021-07-29
9929,,1333_455643841_CACEIS,975324405,OB,OB,No-pair,fx wire,Caceis booked the fx wire for SD 11-15-2019. Integrata yet to book,975324405,975324405,4551456423,-590882299,2021-07-29
9930,,30_455516633_CACEIS,760048216,OB,OB,No-pair,fx wire,Caceis booked the fx wire for SD 08-16-2019. Integrata yet to book,760048216,760048216,4551456423,-590882299,2021-07-29
9931,,52_455516633_CACEIS,760048318,OB,OB,No-pair,fx wire,Caceis booked the fx wire for SD 08-16-2019. Integrata yet to book,760048318,760048318,4551456423,-590882299,2021-07-29
9932,,20_455953995_CACEIS,1409848250,OB,OB,No-pair,fx wire,Caceis booked the fx wire for SD 07-24-2020. Integrata yet to book,1409848250,1409848250,4551456423,-590882299,2021-07-29
9933,,25_4551117124_CACEIS,1623224468,OB,OB,No-pair,fx wire,Caceis booked the fx wire for SD 11-20-2020. Integrata yet to book,1623224468,1623224468,4551456423,-590882299,2021-07-29
9934,,53_4551394628_CACEIS,1997244603,OB,OB,No-pair,fx wire,Caceis booked the fx wire for SD 06-15-2021. Integrata yet to book,1997244603,1997244603,4551456423,-590882299,2021-07-29
9935,,39_4551023983_CACEIS,1500213898,OB,OB,No-pair,fx wire,Caceis booked the fx wire for SD 09-15-2020. Integrata yet to book,1500213898,1500213898,4551456423,-590882299,2021-07-29
9936,,314_455669415_CACEIS,1020662010,OB,OB,No-pair,fx wire,Caceis booked the fx wire for SD 12-16-2019. Integrata yet to book,1020662010,1020662010,4551456423,-590882299,2021-07-29
9937,,5_455774029_CACEIS,1172098230,OB,OB,No-pair,wire transfer,Caceis booked the wire transfer for SD 03-09-2020. Integrata yet to book,1172098230,1172098230,4551456423,-590882299,2021-07-29
9938,,104_4551087502_CACEIS,1584326597,OB,OB,No-pair,monthend interest,Caceis booked the monthend interest for SD 11-01-2020. Integrata yet to book,1584326597,1584326597,4551456423,-590882299,2021-07-29
9939,,403_455748445_CACEIS,1136275314,OB,OB,No-pair,fx wire,Caceis booked the fx wire for SD 02-18-2020. Integrata yet to book,1136275314,1136275314,4551456423,-590882299,2021-07-29
9940,,26_4551117124_CACEIS,1623224473,OB,OB,No-pair,fx wire,Caceis booked the fx wire for SD 11-20-2020. Integrata yet to book,1623224473,1623224473,4551456423,-590882299,2021-07-29
9941,,225_455783582_CACEIS,1185159338,OB,OB,No-pair,fx wire,Caceis booked the fx wire for SD 03-16-2020. Integrata yet to book,1185159338,1185159338,4551456423,-590882299,2021-07-29
9942,,18_4551381021_CACEIS,1979694318,OB,OB,No-pair,fx wire,Caceis booked the fx wire for SD 06-04-2021. Integrata yet to book,1979694318,1979694318,4551456423,-590882299,2021-07-29
9943,,143_455777858_CACEIS,1177395902,OB,OB,No-pair,wire transfer,Caceis booked the wire transfer for SD 03-11-2020. Integrata yet to book,1177395902,1177395902,4551456423,-590882299,2021-07-29
9944,,102_4551149959_CACEIS,1667622870,OB,OB,No-pair,fx wire,Caceis booked the fx wire for SD 12-15-2020. Integrata yet to book,1667622870,1667622870,4551456423,-590882299,2021-07-29
9945,,257_4551210754_CACEIS,1748958289,OB,OB,No-pair,monthend interest,Caceis booked the monthend interest for SD 02-01-2021. Integrata yet to book,1748958289,1748958289,4551456423,-590882299,2021-07-29
9946,,315_455900053_CACEIS,1336713819,OB,OB,No-pair,fx wire,Caceis booked the fx wire for SD 06-15-2020. Integrata yet to book,1336713819,1336713819,4551456423,-590882299,2021-07-29
9947,,10_4551396696_CACEIS,1999487065,OB,OB,No-pair,proceeds sell,Caceis booked the proceeds sell for SD 06-11-2021. Integrata yet to book,1999487065,1999487065,4551456423,-590882299,2021-07-29
9948,,320_455706635_CACEIS,1081907766,OB,OB,No-pair,fx wire,Caceis booked the fx wire for SD 01-15-2020. Integrata yet to book,1081907766,1081907766,4551456423,-590882299,2021-07-29
9949,,643_4551232906_CACEIS,1780157047,OB,OB,No-pair,fx wire,Caceis booked the fx wire for SD 02-16-2021. Integrata yet to book,1780157047,1780157047,4551456423,-590882299,2021-07-29
9950,,85_4551269721_CACEIS,1827473903,OB,OB,No-pair,fx wire,Caceis booked the fx wire for SD 03-15-2021. Integrata yet to book,1827473903,1827473903,4551456423,-590882299,2021-07-29
9951,,44_455581623_CACEIS,867680112,OB,OB,No-pair,proceeds sell,Caceis booked the proceeds sell for SD 09-30-2019. Integrata yet to book,867680112,867680112,4551456423,-590882299,2021-07-29
9952,,65_4551023983_CACEIS,1500213910,OB,OB,No-pair,fx wire,Caceis booked the fx wire for SD 09-15-2020. Integrata yet to book,1500213910,1500213910,4551456423,-590882299,2021-07-29
9953,,41_267975_CACEIS,368747346,OB,OB,No-pair,fx wire,Caceis booked the fx wire for SD 01-15-2019. Integrata yet to book,368747346,368747346,4551456423,-590882299,2021-07-29
9954,,1104_455822501_CACEIS,1235307797,OB,OB,No-pair,proceeds sell,Caceis booked the proceeds sell for SD 04-13-2020. Integrata yet to book,1235307797,1235307797,4551456423,-590882299,2021-07-29
9955,,39_455516633_CACEIS,760048247,OB,OB,No-pair,fx wire,Caceis booked the fx wire for SD 08-16-2019. Integrata yet to book,760048247,760048247,4551456423,-590882299,2021-07-29
9956,,70_455742022_CACEIS,1127725674,OB,OB,No-pair,wire transfer,Caceis booked the wire transfer for SD 02-12-2020. Integrata yet to book,1127725674,1127725674,4551456423,-590882299,2021-07-29
9957,,315_455706635_CACEIS,1081907753,OB,OB,No-pair,fx wire,Caceis booked the fx wire for SD 01-15-2020. Integrata yet to book,1081907753,1081907753,4551456423,-590882299,2021-07-29
9958,,138_4551191593_CACEIS,1722905057,OB,OB,No-pair,fx wire,Caceis booked the fx wire for SD 01-15-2021. Integrata yet to book,1722905057,1722905057,4551456423,-590882299,2021-07-29
9959,,701_455643841_CACEIS,975323773,OB,OB,No-pair,monthend interest,Caceis booked the monthend interest for SD 10-31-2019. Integrata yet to book,975323773,975323773,4551456423,-590882299,2021-07-29
9960,,319_455706635_CACEIS,1081907763,OB,OB,No-pair,fx wire,Caceis booked the fx wire for SD 01-15-2020. Integrata yet to book,1081907763,1081907763,4551456423,-590882299,2021-07-29
9961,,46_455782293_CACEIS,1183563025,OB,OB,No-pair,fx wire,Caceis booked the fx wire for SD 03-13-2020. Integrata yet to book,1183563025,1183563025,4551456423,-590882299,2021-07-29
9962,,142_4551313388_CACEIS,1883527775,OB,OB,No-pair,fx wire,Caceis booked the fx wire for SD 04-15-2021. Integrata yet to book,1883527775,1883527775,4551456423,-590882299,2021-07-29
9963,,11_4551425013_CACEIS,2035681465,OB,OB,No-pair,wire transfer,Caceis booked the wire transfer for SD 07-07-2021. Integrata yet to book,2035681465,2035681465,4551456423,-590882299,2021-07-29
9964,,1099_455822501_CACEIS,1235307699,OB,OB,No-pair,proceeds sell,Caceis booked the proceeds sell for SD 04-13-2020. Integrata yet to book,1235307699,1235307699,4551456423,-590882299,2021-07-29
9965,,90_4551060531_CACEIS,1548950714,OB,OB,No-pair,fees,Caceis booked the fees for SD 10-12-2020. Integrata yet to book,1548950714,1548950714,4551456423,-590882299,2021-07-29
9966,,410_455748445_CACEIS,1136275384,OB,OB,No-pair,fx wire,Caceis booked the fx wire for SD 02-18-2020. Integrata yet to book,1136275384,1136275384,4551456423,-590882299,2021-07-29
9967,,173_455940640_CACEIS,1391596007,OB,OB,No-pair,fx wire,Caceis booked the fx wire for SD 07-15-2020. Integrata yet to book,1391596007,1391596007,4551456423,-590882299,2021-07-29
9968,,92_455590588_CACEIS,883858446,OB,OB,No-pair,fx wire,Caceis booked the fx wire for SD 10-15-2019. Integrata yet to book,883858446,883858446,4551456423,-590882299,2021-07-29
9969,,23_455978912_CACEIS,1441832186,OB,OB,No-pair,fees,Caceis booked the fees for SD 08-12-2020. Integrata yet to book,1441832186,1441832186,4551456423,-590882299,2021-07-29
9970,,41_455916649_CACEIS,1359361374,OB,OB,No-pair,fx wire,Caceis booked the fx wire for SD 06-26-2020. Integrata yet to book,1359361374,1359361374,4551456423,-590882299,2021-07-29
9971,,43_455581623_CACEIS,867680125,OB,OB,No-pair,proceeds sell,Caceis booked the proceeds sell for SD 09-30-2019. Integrata yet to book,867680125,867680125,4551456423,-590882299,2021-07-29
9972,,397_4551232906_CACEIS,1780156830,OB,OB,No-pair,fx wire,Caceis booked the fx wire for SD 02-16-2021. Integrata yet to book,1780156830,1780156830,4551456423,-590882299,2021-07-29
9973,,8_4551180537_CACEIS,1707592395,OB,OB,No-pair,wire transfer,Caceis booked the wire transfer for SD 12-31-2020. Integrata yet to book,1707592395,1707592395,4551456423,-590882299,2021-07-29
9974,,104_455742022_CACEIS,1127725782,OB,OB,No-pair,wire transfer,Caceis booked the wire transfer for SD 02-12-2020. Integrata yet to book,1127725782,1127725782,4551456423,-590882299,2021-07-29
9975,,1462_455643841_CACEIS,975324534,OB,OB,No-pair,wire transfer,Caceis booked the wire transfer for SD 11-18-2019. Integrata yet to book,975324534,975324534,4551456423,-590882299,2021-07-29
9976,,1028_455643841_CACEIS,975324100,OB,OB,No-pair,fees,Caceis booked the fees for SD 11-13-2019. Integrata yet to book,975324100,975324100,4551456423,-590882299,2021-07-29
9977,,7_4551050873_CACEIS,1536076992,OB,OB,No-pair,fees,Caceis booked the fees for SD 10-02-2020. Integrata yet to book,1536076992,1536076992,4551456423,-590882299,2021-07-29
9978,,356_455822501_CACEIS,1235308268,OB,OB,No-pair,fx wire,Caceis booked the fx wire for SD 04-15-2020. Integrata yet to book,1235308268,1235308268,4551456423,-590882299,2021-07-29
9979,,11_455772338_CACEIS,1169827525,OB,OB,No-pair,fx wire,Caceis booked the fx wire for SD 03-06-2020. Integrata yet to book,1169827525,1169827525,4551456423,-590882299,2021-07-29
9980,,472_455985296_CACEIS,1449582135,OB,OB,No-pair,fx wire,Caceis booked the fx wire for SD 08-17-2020. Integrata yet to book,1449582135,1449582135,4551456423,-590882299,2021-07-29
9981,,110_455742022_CACEIS,1127725777,OB,OB,No-pair,wire transfer,Caceis booked the wire transfer for SD 02-12-2020. Integrata yet to book,1127725777,1127725777,4551456423,-590882299,2021-07-29
9982,,1268_455822501_CACEIS,1235307907,OB,OB,No-pair,proceeds sell,Caceis booked the proceeds sell for SD 04-14-2020. Integrata yet to book,1235307907,1235307907,4551456423,-590882299,2021-07-29
9983,,3_455866165_CACEIS,1291479999,OB,OB,No-pair,wire transfer,Caceis booked the wire transfer for SD 05-18-2020. Integrata yet to book,1291479999,1291479999,4551456423,-590882299,2021-07-29
9984,,134_455900053_CACEIS,1336713253,OB,OB,No-pair,fx wire,Caceis booked the fx wire for SD 06-15-2020. Integrata yet to book,1336713253,1336713253,4551456423,-590882299,2021-07-29
9985,,498_455862625_CACEIS,1287003636,OB,OB,No-pair,fx wire,Caceis booked the fx wire for SD 05-15-2020. Integrata yet to book,1287003636,1287003636,4551456423,-590882299,2021-07-29
9986,,43_4551060531_CACEIS,1548950697,OB,OB,No-pair,fees,Caceis booked the fees for SD 10-12-2020. Integrata yet to book,1548950697,1548950697,4551456423,-590882299,2021-07-29
9987,,1063_455643841_CACEIS,975324135,OB,OB,No-pair,fees,Caceis booked the fees for SD 11-13-2019. Integrata yet to book,975324135,975324135,4551456423,-590882299,2021-07-29
9988,,1532_455643841_CACEIS,975324604,OB,OB,No-pair,fx wire,Caceis booked the fx wire for SD 11-18-2019. Integrata yet to book,975324604,975324604,4551456423,-590882299,2021-07-29
9989,,13_455734639_CACEIS,1118103070,OB,OB,No-pair,wire transfer,Caceis booked the wire transfer for SD 02-06-2020. Integrata yet to book,1118103070,1118103070,4551456423,-590882299,2021-07-29
9990,,13_455777858_CACEIS,1177395769,OB,OB,No-pair,wire transfer,Caceis booked the wire transfer for SD 03-11-2020. Integrata yet to book,1177395769,1177395769,4551456423,-590882299,2021-07-29
9991,,1_455606700_CACEIS,910153854,OB,OB,No-pair,wire transfer,Caceis booked the wire transfer for SD 10-28-2019. Integrata yet to book,910153854,910153854,4551456423,-590882299,2021-07-29
9992,,2_455437952_CACEIS,629990780,OB,OB,No-pair,fees,Caceis booked the fees for SD 06-11-2019. Integrata yet to book,629990780,629990780,4551456423,-590882299,2021-07-29
9993,,67_455643841_CACEIS,975323139,OB,OB,No-pair,fx wire,Caceis booked the fx wire for SD 11-01-2019. Integrata yet to book,975323139,975323139,4551456423,-590882299,2021-07-29
9994,,52_455663909_CACEIS,1011570685,OB,OB,No-pair,wire transfer,Caceis booked the wire transfer for SD 12-11-2019. Integrata yet to book,1011570685,1011570685,4551456423,-590882299,2021-07-29
9995,,46_455940640_CACEIS,1391595902,OB,OB,No-pair,fx wire,Caceis booked the fx wire for SD 07-15-2020. Integrata yet to book,1391595902,1391595902,4551456423,-590882299,2021-07-29
9996,,28_455978912_CACEIS,1441832220,OB,OB,No-pair,fees,Caceis booked the fees for SD 08-12-2020. Integrata yet to book,1441832220,1441832220,4551456423,-590882299,2021-07-29
9997,,98_455985296_CACEIS,1449581870,OB,OB,No-pair,fx wire,Caceis booked the fx wire for SD 08-17-2020. Integrata yet to book,1449581870,1449581870,4551456423,-590882299,2021-07-29
9998,,258_4551149959_CACEIS,1667623149,OB,OB,No-pair,fx wire,Caceis booked the fx wire for SD 12-15-2020. Integrata yet to book,1667623149,1667623149,4551456423,-590882299,2021-07-29
9999,,737_455643841_CACEIS,975323809,OB,OB,No-pair,monthend interest,Caceis booked the monthend interest for SD 10-31-2019. Integrata yet to book,975323809,975323809,4551456423,-590882299,2021-07-29
10000,,47_455442954_CACEIS,637183887,OB,OB,No-pair,fx wire,Caceis booked the fx wire for SD 06-17-2019. Integrata yet to book,637183887,637183887,4551456423,-590882299,2021-07-29
10001,,93_4551354754_CACEIS,1942399485,OB,OB,No-pair,fx wire,Caceis booked the fx wire for SD 05-17-2021. Integrata yet to book,1942399485,1942399485,4551456423,-590882299,2021-07-29
10002,,28_455742022_CACEIS,1127725667,OB,OB,No-pair,wire transfer,Caceis booked the wire transfer for SD 02-12-2020. Integrata yet to book,1127725667,1127725667,4551456423,-590882299,2021-07-29
10003,,944_455643841_CACEIS,975324016,OB,OB,No-pair,fx wire,Caceis booked the fx wire for SD 11-01-2019. Integrata yet to book,975324016,975324016,4551456423,-590882299,2021-07-29
10004,,22_455742022_CACEIS,1127725775,OB,OB,No-pair,fees,Caceis booked the fees for SD 02-12-2020. Integrata yet to book,1127725775,1127725775,4551456423,-590882299,2021-07-29
10005,,479_4551191593_CACEIS,1722905502,OB,OB,No-pair,fx wire,Caceis booked the fx wire for SD 01-15-2021. Integrata yet to book,1722905502,1722905502,4551456423,-590882299,2021-07-29
10006,,3_455400675_CACEIS,579063090,OB,OB,No-pair,fx wire,Caceis booked the fx wire for SD 05-10-2019. Integrata yet to book,579063090,579063090,4551456423,-590882299,2021-07-29
10007,,43_455554115_CACEIS,824384979,OB,OB,No-pair,fx wire,Caceis booked the fx wire for SD 09-17-2019. Integrata yet to book,824384979,824384979,4551456423,-590882299,2021-07-29
10008,,479_455643841_CACEIS,975323551,OB,OB,No-pair,fx wire,Caceis booked the fx wire for SD 11-15-2019. Integrata yet to book,975323551,975323551,4551456423,-590882299,2021-07-29
10009,,76_455862625_CACEIS,1287003004,OB,OB,No-pair,wire transfer,Caceis booked the wire transfer for SD 05-13-2020. Integrata yet to book,1287003004,1287003004,4551456423,-590882299,2021-07-29
10010,,38_455476582_CACEIS,691188870,OB,OB,No-pair,fx wire,Caceis booked the fx wire for SD 07-16-2019. Integrata yet to book,691188870,691188870,4551456423,-590882299,2021-07-29
10011,,132_4551313388_CACEIS,1883527764,OB,OB,No-pair,fx wire,Caceis booked the fx wire for SD 04-15-2021. Integrata yet to book,1883527764,1883527764,4551456423,-590882299,2021-07-29
10012,,25_4551001817_CACEIS,1470676023,OB,OB,No-pair,fx wire,Caceis booked the fx wire for SD 08-28-2020. Integrata yet to book,1470676023,1470676023,4551456423,-590882299,2021-07-29
10013,,415_455643841_CACEIS,975323487,OB,OB,No-pair,fx wire,Caceis booked the fx wire for SD 11-15-2019. Integrata yet to book,975323487,975323487,4551456423,-590882299,2021-07-29
10014,,203_455862625_CACEIS,1287002678,OB,OB,No-pair,fees,Caceis booked the fees for SD 05-13-2020. Integrata yet to book,1287002678,1287002678,4551456423,-590882299,2021-07-29
10015,,58_4551394628_CACEIS,1997244627,OB,OB,No-pair,fx wire,Caceis booked the fx wire for SD 06-15-2021. Integrata yet to book,1997244627,1997244627,4551456423,-590882299,2021-07-29
10016,,82_455669415_CACEIS,1020661829,OB,OB,No-pair,fx wire,Caceis booked the fx wire for SD 12-16-2019. Integrata yet to book,1020661829,1020661829,4551456423,-590882299,2021-07-29
10017,,282_4551436806_CACEIS,2049885950,OB,OB,No-pair,fx wire,Caceis booked the fx wire for SD 07-15-2021. Integrata yet to book,2049885950,2049885950,4551456423,-590882299,2021-07-29
10018,,209_455862625_CACEIS,1287002786,OB,OB,No-pair,fees,Caceis booked the fees for SD 05-13-2020. Integrata yet to book,1287002786,1287002786,4551456423,-590882299,2021-07-29
10019,,181_455669415_CACEIS,1020661913,OB,OB,No-pair,fx wire,Caceis booked the fx wire for SD 12-16-2019. Integrata yet to book,1020661913,1020661913,4551456423,-590882299,2021-07-29
10020,,54_455742022_CACEIS,1127725658,OB,OB,No-pair,wire transfer,Caceis booked the wire transfer for SD 02-12-2020. Integrata yet to book,1127725658,1127725658,4551456423,-590882299,2021-07-29
10021,,83_4551430779_CACEIS,2043021993,OB,OB,No-pair,wire transfer,Caceis booked the wire transfer for SD 07-12-2021. Integrata yet to book,2043021993,2043021993,4551456423,-590882299,2021-07-29
10022,,281_4551149959_CACEIS,1667623035,OB,OB,No-pair,fx wire,Caceis booked the fx wire for SD 12-15-2020. Integrata yet to book,1667623035,1667623035,4551456423,-590882299,2021-07-29
10023,,961_455822501_CACEIS,1235308830,OB,OB,No-pair,fees,Caceis booked the fees for SD 04-14-2020. Integrata yet to book,1235308830,1235308830,4551456423,-590882299,2021-07-29
10024,,43_4551097416_CACEIS,1597270311,OB,OB,No-pair,fx wire,Caceis booked the fx wire for SD 11-06-2020. Integrata yet to book,1597270311,1597270311,4551456423,-590882299,2021-07-29
10025,,67_455742022_CACEIS,1127725726,OB,OB,No-pair,wire transfer,Caceis booked the wire transfer for SD 02-12-2020. Integrata yet to book,1127725726,1127725726,4551456423,-590882299,2021-07-29
10026,,3_4551162554_CACEIS,1685149826,OB,OB,No-pair,proceeds sell,Caceis booked the proceeds sell for SD 12-24-2020. Integrata yet to book,1685149826,1685149826,4551456423,-590882299,2021-07-29
10027,,46_4551239617_CACEIS,1789074729,OB,OB,No-pair,wire transfer,Caceis booked the wire transfer for SD 02-19-2021. Integrata yet to book,1789074729,1789074729,4551456423,-590882299,2021-07-29
10028,,445_455940640_CACEIS,1391596339,OB,OB,No-pair,fx wire,Caceis booked the fx wire for SD 07-15-2020. Integrata yet to book,1391596339,1391596339,4551456423,-590882299,2021-07-29
10029,,331_4551023983_CACEIS,1500214096,OB,OB,No-pair,fx wire,Caceis booked the fx wire for SD 09-15-2020. Integrata yet to book,1500214096,1500214096,4551456423,-590882299,2021-07-29
10030,,7_455378188_CACEIS,548739485,OB,OB,No-pair,fx wire,Caceis booked the fx wire for SD 04-23-2019. Integrata yet to book,548739485,548739485,4551456423,-590882299,2021-07-29
10031,,152_455822501_CACEIS,1235308002,OB,OB,No-pair,fx wire,Caceis booked the fx wire for SD 04-15-2020. Integrata yet to book,1235308002,1235308002,4551456423,-590882299,2021-07-29
10032,,16_4551210754_CACEIS,1748958194,OB,OB,No-pair,fx wire,Caceis booked the fx wire for SD 01-29-2021. Integrata yet to book,1748958194,1748958194,4551456423,-590882299,2021-07-29
10033,,157_455862625_CACEIS,1287002842,OB,OB,No-pair,fees,Caceis booked the fees for SD 05-13-2020. Integrata yet to book,1287002842,1287002842,4551456423,-590882299,2021-07-29
10034,,298_455706635_CACEIS,1081907520,OB,OB,No-pair,fx wire,Caceis booked the fx wire for SD 01-15-2020. Integrata yet to book,1081907520,1081907520,4551456423,-590882299,2021-07-29
10035,,207_455862625_CACEIS,1287002759,OB,OB,No-pair,fees,Caceis booked the fees for SD 05-13-2020. Integrata yet to book,1287002759,1287002759,4551456423,-590882299,2021-07-29
10036,,16_4551254304_CACEIS,1807385722,OB,OB,No-pair,wire transfer,Caceis booked the wire transfer for SD 03-02-2021. Integrata yet to book,1807385722,1807385722,4551456423,-590882299,2021-07-29
10037,,29_455742022_CACEIS,1127725687,OB,OB,No-pair,wire transfer,Caceis booked the wire transfer for SD 02-12-2020. Integrata yet to book,1127725687,1127725687,4551456423,-590882299,2021-07-29
10038,,14_455547231_CACEIS,811491642,OB,OB,No-pair,wire transfer,Caceis booked the wire transfer for SD 09-11-2019. Integrata yet to book,811491642,811491642,4551456423,-590882299,2021-07-29
10039,,18_455742022_CACEIS,1127725645,OB,OB,No-pair,wire transfer,Caceis booked the wire transfer for SD 02-12-2020. Integrata yet to book,1127725645,1127725645,4551456423,-590882299,2021-07-29
10040,,87_455985296_CACEIS,1449581727,OB,OB,No-pair,fx wire,Caceis booked the fx wire for SD 08-17-2020. Integrata yet to book,1449581727,1449581727,4551456423,-590882299,2021-07-29
10041,,42_4551239617_CACEIS,1789074722,OB,OB,No-pair,wire transfer,Caceis booked the wire transfer for SD 02-19-2021. Integrata yet to book,1789074722,1789074722,4551456423,-590882299,2021-07-29
10042,,1_455547231_CACEIS,811491605,OB,OB,No-pair,wire transfer,Caceis booked the wire transfer for SD 09-11-2019. Integrata yet to book,811491605,811491605,4551456423,-590882299,2021-07-29
10043,,59_4551334292_CACEIS,1911737204,OB,OB,No-pair,monthend interest,Caceis booked the monthend interest for SD 05-01-2021. Integrata yet to book,1911737204,1911737204,4551456423,-590882299,2021-07-29
10044,,30_4551188298_CACEIS,1718045064,OB,OB,No-pair,fx wire,Caceis booked the fx wire for SD 01-13-2021. Integrata yet to book,1718045064,1718045064,4551456423,-590882299,2021-07-29
10045,,427_4551023983_CACEIS,1500214233,OB,OB,No-pair,fx wire,Caceis booked the fx wire for SD 09-15-2020. Integrata yet to book,1500214233,1500214233,4551456423,-590882299,2021-07-29
10046,,88_455846205_CACEIS,1265566774,OB,OB,No-pair,fx wire,Caceis booked the fx wire for SD 05-04-2020. Integrata yet to book,1265566774,1265566774,4551456423,-590882299,2021-07-29
10047,,5_4551315208_CACEIS,1885912651,OB,OB,No-pair,fx wire,Caceis booked the fx wire for SD 04-16-2021. Integrata yet to book,1885912651,1885912651,4551456423,-590882299,2021-07-29
10048,,1_4551035437_CACEIS,1516099524,OB,OB,No-pair,wire transfer,Caceis booked the wire transfer for SD 09-23-2020. Integrata yet to book,1516099524,1516099524,4551456423,-590882299,2021-07-29
10049,,21_455742022_CACEIS,1127725657,OB,OB,No-pair,wire transfer,Caceis booked the wire transfer for SD 02-12-2020. Integrata yet to book,1127725657,1127725657,4551456423,-590882299,2021-07-29
10050,,850_455643841_CACEIS,975323922,OB,OB,No-pair,wire transfer,Caceis booked the wire transfer for SD 11-07-2019. Integrata yet to book,975323922,975323922,4551456423,-590882299,2021-07-29
10051,,60_455688261_CACEIS,1053516767,OB,OB,No-pair,fx wire,Caceis booked the fx wire for SD 12-31-2019. Integrata yet to book,1053516767,1053516767,4551456423,-590882299,2021-07-29
10052,,186_455643841_CACEIS,975323258,OB,OB,No-pair,fx wire,Caceis booked the fx wire for SD 11-08-2019. Integrata yet to book,975323258,975323258,4551456423,-590882299,2021-07-29
10053,,1040_455643841_CACEIS,975324112,OB,OB,No-pair,wire transfer,Caceis booked the wire transfer for SD 11-12-2019. Integrata yet to book,975324112,975324112,4551456423,-590882299,2021-07-29
10054,,866_455822501_CACEIS,1235308767,OB,OB,No-pair,fees,Caceis booked the fees for SD 04-14-2020. Integrata yet to book,1235308767,1235308767,4551456423,-590882299,2021-07-29
10055,,84_4551430779_CACEIS,2043022000,OB,OB,No-pair,wire transfer,Caceis booked the wire transfer for SD 07-12-2021. Integrata yet to book,2043022000,2043022000,4551456423,-590882299,2021-07-29
10056,,21_455978912_CACEIS,1441832177,OB,OB,No-pair,fees,Caceis booked the fees for SD 08-12-2020. Integrata yet to book,1441832177,1441832177,4551456423,-590882299,2021-07-29
10057,,85_455783582_CACEIS,1185159285,OB,OB,No-pair,fx wire,Caceis booked the fx wire for SD 03-16-2020. Integrata yet to book,1185159285,1185159285,4551456423,-590882299,2021-07-29
10058,,86_4551232906_CACEIS,1780156377,OB,OB,No-pair,fx wire,Caceis booked the fx wire for SD 02-16-2021. Integrata yet to book,1780156377,1780156377,4551456423,-590882299,2021-07-29
10059,,52_4551020261_CACEIS,1495478302,OB,OB,No-pair,fx wire,Caceis booked the fx wire for SD 09-11-2020. Integrata yet to book,1495478302,1495478302,4551456423,-590882299,2021-07-29
10060,,38_4551239617_CACEIS,1789074716,OB,OB,No-pair,wire transfer,Caceis booked the wire transfer for SD 02-19-2021. Integrata yet to book,1789074716,1789074716,4551456423,-590882299,2021-07-29
10061,,255_4551149959_CACEIS,1667623073,OB,OB,No-pair,fx wire,Caceis booked the fx wire for SD 12-15-2020. Integrata yet to book,1667623073,1667623073,4551456423,-590882299,2021-07-29
10062,,34_455742022_CACEIS,1127725753,OB,OB,No-pair,wire transfer,Caceis booked the wire transfer for SD 02-12-2020. Integrata yet to book,1127725753,1127725753,4551456423,-590882299,2021-07-29
10063,,56_4551149959_CACEIS,1667622839,OB,OB,No-pair,fx wire,Caceis booked the fx wire for SD 12-15-2020. Integrata yet to book,1667622839,1667622839,4551456423,-590882299,2021-07-29
10064,,380_4551023983_CACEIS,1500214225,OB,OB,No-pair,fx wire,Caceis booked the fx wire for SD 09-15-2020. Integrata yet to book,1500214225,1500214225,4551456423,-590882299,2021-07-29
10065,,172_4551232906_CACEIS,1780156381,OB,OB,No-pair,fx wire,Caceis booked the fx wire for SD 02-16-2021. Integrata yet to book,1780156381,1780156381,4551456423,-590882299,2021-07-29
10066,,377_455643841_CACEIS,975323449,OB,OB,No-pair,fx wire,Caceis booked the fx wire for SD 11-15-2019. Integrata yet to book,975323449,975323449,4551456423,-590882299,2021-07-29
10067,,146_455862625_CACEIS,1287003222,OB,OB,No-pair,fx wire,Caceis booked the fx wire for SD 05-15-2020. Integrata yet to book,1287003222,1287003222,4551456423,-590882299,2021-07-29
10068,,283_4551149959_CACEIS,1667623083,OB,OB,No-pair,fx wire,Caceis booked the fx wire for SD 12-15-2020. Integrata yet to book,1667623083,1667623083,4551456423,-590882299,2021-07-29
10069,,1375_455643841_CACEIS,975324447,OB,OB,No-pair,fx wire,Caceis booked the fx wire for SD 11-15-2019. Integrata yet to book,975324447,975324447,4551456423,-590882299,2021-07-29
10070,,108_455590588_CACEIS,883858426,OB,OB,No-pair,fx wire,Caceis booked the fx wire for SD 10-15-2019. Integrata yet to book,883858426,883858426,4551456423,-590882299,2021-07-29
10071,,1338_455643841_CACEIS,975324410,OB,OB,No-pair,fx wire,Caceis booked the fx wire for SD 11-15-2019. Integrata yet to book,975324410,975324410,4551456423,-590882299,2021-07-29
10072,,552_4551109218_CACEIS,1613287123,OB,OB,No-pair,fx wire,Caceis booked the fx wire for SD 11-16-2020. Integrata yet to book,1613287123,1613287123,4551456423,-590882299,2021-07-29
10073,,23_455920273_CACEIS,1364559789,OB,OB,No-pair,monthend interest,Caceis booked the monthend interest for SD 07-01-2020. Integrata yet to book,1364559789,1364559789,4551456423,-590882299,2021-07-29
10074,,46_455748445_CACEIS,1136275160,OB,OB,No-pair,fx wire,Caceis booked the fx wire for SD 02-18-2020. Integrata yet to book,1136275160,1136275160,4551456423,-590882299,2021-07-29
10075,,13_4551324555_CACEIS,1898109401,OB,OB,No-pair,fx wire,Caceis booked the fx wire for SD 04-23-2021. Integrata yet to book,1898109401,1898109401,4551456423,-590882299,2021-07-29
10076,,25_455610697_CACEIS,917943289,OB,OB,No-pair,wire transfer,Caceis booked the wire transfer for SD 10-18-2019. Integrata yet to book,917943289,917943289,4551456423,-590882299,2021-07-29
10077,,486_4551109218_CACEIS,1613287108,OB,OB,No-pair,wire transfer,Caceis booked the wire transfer for SD 11-16-2020. Integrata yet to book,1613287108,1613287108,4551456423,-590882299,2021-07-29
10078,,5_455826113_CACEIS,1239393718,OB,OB,No-pair,wire transfer,Caceis booked the wire transfer for SD 04-17-2020. Integrata yet to book,1239393718,1239393718,4551456423,-590882299,2021-07-29
10079,,75_4551430779_CACEIS,2043021955,OB,OB,No-pair,wire transfer,Caceis booked the wire transfer for SD 07-12-2021. Integrata yet to book,2043021955,2043021955,4551456423,-590882299,2021-07-29
10080,,55_455963450_CACEIS,1421777916,OB,OB,No-pair,fx wire,Caceis booked the fx wire for SD 07-31-2020. Integrata yet to book,1421777916,1421777916,4551456423,-590882299,2021-07-29
10081,,534_4551109218_CACEIS,1613287152,OB,OB,No-pair,fx wire,Caceis booked the fx wire for SD 11-16-2020. Integrata yet to book,1613287152,1613287152,4551456423,-590882299,2021-07-29
10082,,9_455667500_CACEIS,1017540711,OB,OB,No-pair,fx wire,Caceis booked the fx wire for SD 12-13-2019. Integrata yet to book,1017540711,1017540711,4551456423,-590882299,2021-07-29
10083,,70_455900053_CACEIS,1336713112,OB,OB,No-pair,fx wire,Caceis booked the fx wire for SD 06-15-2020. Integrata yet to book,1336713112,1336713112,4551456423,-590882299,2021-07-29
10084,,178_455862625_CACEIS,1287002905,OB,OB,No-pair,fees,Caceis booked the fees for SD 05-13-2020. Integrata yet to book,1287002905,1287002905,4551456423,-590882299,2021-07-29
10085,,495_4551149959_CACEIS,1667623257,OB,OB,No-pair,fx wire,Caceis booked the fx wire for SD 12-15-2020. Integrata yet to book,1667623257,1667623257,4551456423,-590882299,2021-07-29
10086,,22_455547231_CACEIS,811491664,OB,OB,No-pair,wire transfer,Caceis booked the wire transfer for SD 09-11-2019. Integrata yet to book,811491664,811491664,4551456423,-590882299,2021-07-29
10087,,46_455879764_CACEIS,1309543768,OB,OB,No-pair,fx wire,Caceis booked the fx wire for SD 05-29-2020. Integrata yet to book,1309543768,1309543768,4551456423,-590882299,2021-07-29
10088,,360_455940640_CACEIS,1391596232,OB,OB,No-pair,fx wire,Caceis booked the fx wire for SD 07-15-2020. Integrata yet to book,1391596232,1391596232,4551456423,-590882299,2021-07-29
10089,,3_455525155_CACEIS,774691788,OB,OB,No-pair,fx wire,Caceis booked the fx wire for SD 08-23-2019. Integrata yet to book,774691788,774691788,4551456423,-590882299,2021-07-29
10090,,91_4551220415_CACEIS,1761956072,OB,OB,No-pair,fx wire,Caceis booked the fx wire for SD 02-05-2021. Integrata yet to book,1761956072,1761956072,4551456423,-590882299,2021-07-29
10091,,281_4551313388_CACEIS,1883527912,OB,OB,No-pair,fx wire,Caceis booked the fx wire for SD 04-15-2021. Integrata yet to book,1883527912,1883527912,4551456423,-590882299,2021-07-29
10092,,432_455985296_CACEIS,1449582169,OB,OB,No-pair,fx wire,Caceis booked the fx wire for SD 08-17-2020. Integrata yet to book,1449582169,1449582169,4551456423,-590882299,2021-07-29
10093,,27_4551144082_CACEIS,1659707107,OB,OB,No-pair,fees,Caceis booked the fees for SD 12-10-2020. Integrata yet to book,1659707107,1659707107,4551456423,-590882299,2021-07-29
10094,,64_4551254304_CACEIS,1807385721,OB,OB,No-pair,wire transfer,Caceis booked the wire transfer for SD 03-03-2021. Integrata yet to book,1807385721,1807385721,4551456423,-590882299,2021-07-29
10095,,139_4551248485_CACEIS,1800039419,OB,OB,No-pair,fx wire,Caceis booked the fx wire for SD 02-26-2021. Integrata yet to book,1800039419,1800039419,4551456423,-590882299,2021-07-29
10096,,14_455570278_CACEIS,849574831,OB,OB,No-pair,monthend interest,Caceis booked the monthend interest for SD 10-01-2019. Integrata yet to book,849574831,849574831,4551456423,-590882299,2021-07-29
10097,,407_4551232906_CACEIS,1780156805,OB,OB,No-pair,fx wire,Caceis booked the fx wire for SD 02-16-2021. Integrata yet to book,1780156805,1780156805,4551456423,-590882299,2021-07-29
10098,,42_455985296_CACEIS,1449581886,OB,OB,No-pair,fx wire,Caceis booked the fx wire for SD 08-17-2020. Integrata yet to book,1449581886,1449581886,4551456423,-590882299,2021-07-29
10099,,3_455914788_CACEIS,1356802600,OB,OB,No-pair,proceeds sell,Caceis booked the proceeds sell for SD 06-25-2020. Integrata yet to book,1356802600,1356802600,4551456423,-590882299,2021-07-29
10100,,93_455585083_CACEIS,874262501,OB,OB,No-pair,wire transfer,Caceis booked the wire transfer for SD 10-10-2019. Integrata yet to book,874262501,874262501,4551456423,-590882299,2021-07-29
10101,,525_455783582_CACEIS,1185159746,OB,OB,No-pair,fx wire,Caceis booked the fx wire for SD 03-16-2020. Integrata yet to book,1185159746,1185159746,4551456423,-590882299,2021-07-29
10102,,28_4551144082_CACEIS,1659707116,OB,OB,No-pair,fees,Caceis booked the fees for SD 12-10-2020. Integrata yet to book,1659707116,1659707116,4551456423,-590882299,2021-07-29
10103,,177_455862625_CACEIS,1287002851,OB,OB,No-pair,fees,Caceis booked the fees for SD 05-13-2020. Integrata yet to book,1287002851,1287002851,4551456423,-590882299,2021-07-29
10104,,52_4551136088_CACEIS,1649475202,OB,OB,No-pair,fx wire,Caceis booked the fx wire for SD 12-04-2020. Integrata yet to book,1649475202,1649475202,4551456423,-590882299,2021-07-29
10105,,132_455585083_CACEIS,874262443,OB,OB,No-pair,wire transfer,Caceis booked the wire transfer for SD 10-10-2019. Integrata yet to book,874262443,874262443,4551456423,-590882299,2021-07-29
10106,,93_4551269721_CACEIS,1827473811,OB,OB,No-pair,fx wire,Caceis booked the fx wire for SD 03-15-2021. Integrata yet to book,1827473811,1827473811,4551456423,-590882299,2021-07-29
10107,,5_455846205_CACEIS,1265566713,OB,OB,No-pair,wire transfer,Caceis booked the wire transfer for SD 05-04-2020. Integrata yet to book,1265566713,1265566713,4551456423,-590882299,2021-07-29
10108,,75_455985296_CACEIS,1449581789,OB,OB,No-pair,fx wire,Caceis booked the fx wire for SD 08-17-2020. Integrata yet to book,1449581789,1449581789,4551456423,-590882299,2021-07-29
10109,,182_455862625_CACEIS,1287002948,OB,OB,No-pair,fees,Caceis booked the fees for SD 05-13-2020. Integrata yet to book,1287002948,1287002948,4551456423,-590882299,2021-07-29
10110,,319_455669415_CACEIS,1020661842,OB,OB,No-pair,fx wire,Caceis booked the fx wire for SD 12-16-2019. Integrata yet to book,1020661842,1020661842,4551456423,-590882299,2021-07-29
10111,,92_4551060531_CACEIS,1548950717,OB,OB,No-pair,wire transfer,Caceis booked the wire transfer for SD 10-12-2020. Integrata yet to book,1548950717,1548950717,4551456423,-590882299,2021-07-29
10112,,105_4551430779_CACEIS,2043021947,OB,OB,No-pair,wire transfer,Caceis booked the wire transfer for SD 07-12-2021. Integrata yet to book,2043021947,2043021947,4551456423,-590882299,2021-07-29
10113,,336_455862625_CACEIS,1287003140,OB,OB,No-pair,fx wire,Caceis booked the fx wire for SD 05-15-2020. Integrata yet to book,1287003140,1287003140,4551456423,-590882299,2021-07-29
10114,,205_4551066313_CACEIS,1556876424,OB,OB,No-pair,fx wire,Caceis booked the fx wire for SD 10-15-2020. Integrata yet to book,1556876424,1556876424,4551456423,-590882299,2021-07-29
10115,,29_4551144082_CACEIS,1659707135,OB,OB,No-pair,fees,Caceis booked the fees for SD 12-10-2020. Integrata yet to book,1659707135,1659707135,4551456423,-590882299,2021-07-29
10116,,448_455985296_CACEIS,1449582180,OB,OB,No-pair,fx wire,Caceis booked the fx wire for SD 08-17-2020. Integrata yet to book,1449582180,1449582180,4551456423,-590882299,2021-07-29
10117,,272_4551109218_CACEIS,1613286740,OB,OB,No-pair,fx wire,Caceis booked the fx wire for SD 11-16-2020. Integrata yet to book,1613286740,1613286740,4551456423,-590882299,2021-07-29
10118,,302_455643841_CACEIS,975323374,OB,OB,No-pair,fx wire,Caceis booked the fx wire for SD 11-15-2019. Integrata yet to book,975323374,975323374,4551456423,-590882299,2021-07-29
10119,,77_455783582_CACEIS,1185159183,OB,OB,No-pair,fx wire,Caceis booked the fx wire for SD 03-16-2020. Integrata yet to book,1185159183,1185159183,4551456423,-590882299,2021-07-29
10120,,31_333062_CACEIS,479846760,OB,OB,No-pair,fx wire,Caceis booked the fx wire for SD 03-15-2019. Integrata yet to book,479846760,479846760,4551456423,-590882299,2021-07-29
10121,,1012_455643841_CACEIS,975324084,OB,OB,No-pair,fees,Caceis booked the fees for SD 11-13-2019. Integrata yet to book,975324084,975324084,4551456423,-590882299,2021-07-29
10122,,750_4551232906_CACEIS,1780156999,OB,OB,No-pair,fx wire,Caceis booked the fx wire for SD 02-16-2021. Integrata yet to book,1780156999,1780156999,4551456423,-590882299,2021-07-29
10123,,136_4551313388_CACEIS,1883527815,OB,OB,No-pair,fx wire,Caceis booked the fx wire for SD 04-15-2021. Integrata yet to book,1883527815,1883527815,4551456423,-590882299,2021-07-29
10124,,12_341093_CACEIS,490673986,OB,OB,No-pair,wire transfer,Caceis booked the wire transfer for SD 03-22-2019. Integrata yet to book,490673986,490673986,4551456423,-590882299,2021-07-29
10125,,466_455900053_CACEIS,1336713841,OB,OB,No-pair,fx wire,Caceis booked the fx wire for SD 06-15-2020. Integrata yet to book,1336713841,1336713841,4551456423,-590882299,2021-07-29
10126,,25_455944496_CACEIS,1396484610,OB,OB,No-pair,fx wire,Caceis booked the fx wire for SD 07-17-2020. Integrata yet to book,1396484610,1396484610,4551456423,-590882299,2021-07-29
10127,,2_4551014647_CACEIS,1487748719,OB,OB,No-pair,wire transfer,Caceis booked the wire transfer for SD 09-08-2020. Integrata yet to book,1487748719,1487748719,4551456423,-590882299,2021-07-29
10128,,1336_455643841_CACEIS,975324408,OB,OB,No-pair,fx wire,Caceis booked the fx wire for SD 11-15-2019. Integrata yet to book,975324408,975324408,4551456423,-590882299,2021-07-29
10129,,99_4551229444_CACEIS,1775243131,OB,OB,No-pair,fx wire,Caceis booked the fx wire for SD 02-12-2021. Integrata yet to book,1775243131,1775243131,4551456423,-590882299,2021-07-29
10130,,63_4551430779_CACEIS,2043021945,OB,OB,No-pair,wire transfer,Caceis booked the wire transfer for SD 07-12-2021. Integrata yet to book,2043021945,2043021945,4551456423,-590882299,2021-07-29
10131,,4_455925203_CACEIS,1371183609,OB,OB,No-pair,wire transfer,Caceis booked the wire transfer for SD 07-03-2020. Integrata yet to book,1371183609,1371183609,4551456423,-590882299,2021-07-29
10132,,65_455783582_CACEIS,1185159353,OB,OB,No-pair,fx wire,Caceis booked the fx wire for SD 03-16-2020. Integrata yet to book,1185159353,1185159353,4551456423,-590882299,2021-07-29
10133,,112_455978912_CACEIS,1441832147,OB,OB,No-pair,wire transfer,Caceis booked the wire transfer for SD 08-12-2020. Integrata yet to book,1441832147,1441832147,4551456423,-590882299,2021-07-29
10134,,442_4551191593_CACEIS,1722905525,OB,OB,No-pair,fx wire,Caceis booked the fx wire for SD 01-15-2021. Integrata yet to book,1722905525,1722905525,4551456423,-590882299,2021-07-29
10135,,267_4551313388_CACEIS,1883527901,OB,OB,No-pair,fx wire,Caceis booked the fx wire for SD 04-15-2021. Integrata yet to book,1883527901,1883527901,4551456423,-590882299,2021-07-29
10136,,96_4551229444_CACEIS,1775243206,OB,OB,No-pair,fx wire,Caceis booked the fx wire for SD 02-12-2021. Integrata yet to book,1775243206,1775243206,4551456423,-590882299,2021-07-29
10137,,683_455643841_CACEIS,975323755,OB,OB,No-pair,monthend interest,Caceis booked the monthend interest for SD 10-31-2019. Integrata yet to book,975323755,975323755,4551456423,-590882299,2021-07-29
10138,,748_4551232906_CACEIS,1780156990,OB,OB,No-pair,fx wire,Caceis booked the fx wire for SD 02-16-2021. Integrata yet to book,1780156990,1780156990,4551456423,-590882299,2021-07-29
10139,,326_455643841_CACEIS,975323398,OB,OB,No-pair,fx wire,Caceis booked the fx wire for SD 11-15-2019. Integrata yet to book,975323398,975323398,4551456423,-590882299,2021-07-29
10140,,5_4551144082_CACEIS,1659707020,OB,OB,No-pair,fees,Caceis booked the fees for SD 12-10-2020. Integrata yet to book,1659707020,1659707020,4551456423,-590882299,2021-07-29
10141,,240_4551354754_CACEIS,1942399632,OB,OB,No-pair,fx wire,Caceis booked the fx wire for SD 05-17-2021. Integrata yet to book,1942399632,1942399632,4551456423,-590882299,2021-07-29
10142,,43_455403345_CACEIS,582954883,OB,OB,No-pair,wire transfer,Caceis booked the wire transfer for SD 05-14-2019. Integrata yet to book,582954883,582954883,4551456423,-590882299,2021-07-29
10143,,52_4551430779_CACEIS,2043021994,OB,OB,No-pair,wire transfer,Caceis booked the wire transfer for SD 07-12-2021. Integrata yet to book,2043021994,2043021994,4551456423,-590882299,2021-07-29
10144,,70_4551060531_CACEIS,1548950728,OB,OB,No-pair,wire transfer,Caceis booked the wire transfer for SD 10-12-2020. Integrata yet to book,1548950728,1548950728,4551456423,-590882299,2021-07-29
10145,,784_455643841_CACEIS,975323856,OB,OB,No-pair,fx wire,Caceis booked the fx wire for SD 11-01-2019. Integrata yet to book,975323856,975323856,4551456423,-590882299,2021-07-29
10146,,122_455777858_CACEIS,1177395885,OB,OB,No-pair,fees,Caceis booked the fees for SD 03-11-2020. Integrata yet to book,1177395885,1177395885,4551456423,-590882299,2021-07-29
10147,,4_4551315208_CACEIS,1885912650,OB,OB,No-pair,wire transfer,Caceis booked the wire transfer for SD 04-16-2021. Integrata yet to book,1885912650,1885912650,4551456423,-590882299,2021-07-29
10148,,104_4551229444_CACEIS,1775243140,OB,OB,No-pair,fx wire,Caceis booked the fx wire for SD 02-12-2021. Integrata yet to book,1775243140,1775243140,4551456423,-590882299,2021-07-29
10149,,191_455862625_CACEIS,1287002761,OB,OB,No-pair,fx wire,Caceis booked the fx wire for SD 05-15-2020. Integrata yet to book,1287002761,1287002761,4551456423,-590882299,2021-07-29
10150,,70_455706635_CACEIS,1081907333,OB,OB,No-pair,fx wire,Caceis booked the fx wire for SD 01-15-2020. Integrata yet to book,1081907333,1081907333,4551456423,-590882299,2021-07-29
10151,,214_4551232906_CACEIS,1780156533,OB,OB,No-pair,fx wire,Caceis booked the fx wire for SD 02-16-2021. Integrata yet to book,1780156533,1780156533,4551456423,-590882299,2021-07-29
10152,,102_4551354754_CACEIS,1942399502,OB,OB,No-pair,fx wire,Caceis booked the fx wire for SD 05-17-2021. Integrata yet to book,1942399502,1942399502,4551456423,-590882299,2021-07-29
10153,,157_4551232906_CACEIS,1780156626,OB,OB,No-pair,fx wire,Caceis booked the fx wire for SD 02-16-2021. Integrata yet to book,1780156626,1780156626,4551456423,-590882299,2021-07-29
10154,,181_455762980_CACEIS,1156897816,OB,OB,No-pair,monthend interest,Caceis booked the monthend interest for SD 03-01-2020. Integrata yet to book,1156897816,1156897816,4551456423,-590882299,2021-07-29
10155,,3_455469998_CACEIS,680605512,OB,OB,No-pair,fees,Caceis booked the fees for SD 07-10-2019. Integrata yet to book,680605512,680605512,4551456423,-590882299,2021-07-29
10156,,6_455708279_CACEIS,1083909596,OB,OB,No-pair,wire transfer,Caceis booked the wire transfer for SD 01-16-2020. Integrata yet to book,1083909596,1083909596,4551456423,-590882299,2021-07-29
10157,,7_455920273_CACEIS,1364559769,OB,OB,No-pair,monthend interest,Caceis booked the monthend interest for SD 07-01-2020. Integrata yet to book,1364559769,1364559769,4551456423,-590882299,2021-07-29
10158,,77_4551060531_CACEIS,1548950655,OB,OB,No-pair,wire transfer,Caceis booked the wire transfer for SD 10-12-2020. Integrata yet to book,1548950655,1548950655,4551456423,-590882299,2021-07-29
10159,,41_4551334292_CACEIS,1911737202,OB,OB,No-pair,monthend interest,Caceis booked the monthend interest for SD 05-01-2021. Integrata yet to book,1911737202,1911737202,4551456423,-590882299,2021-07-29
10160,,291_4551191593_CACEIS,1722905295,OB,OB,No-pair,fx wire,Caceis booked the fx wire for SD 01-15-2021. Integrata yet to book,1722905295,1722905295,4551456423,-590882299,2021-07-29
10161,,32_333062_CACEIS,479846766,OB,OB,No-pair,fx wire,Caceis booked the fx wire for SD 03-15-2019. Integrata yet to book,479846766,479846766,4551456423,-590882299,2021-07-29
10162,,1141_455822501_CACEIS,1235307839,OB,OB,No-pair,proceeds sell,Caceis booked the proceeds sell for SD 04-14-2020. Integrata yet to book,1235307839,1235307839,4551456423,-590882299,2021-07-29
10163,,226_4551394628_CACEIS,1997244671,OB,OB,No-pair,fx wire,Caceis booked the fx wire for SD 06-15-2021. Integrata yet to book,1997244671,1997244671,4551456423,-590882299,2021-07-29
10164,,28_455803095_CACEIS,1210223529,OB,OB,No-pair,monthend interest,Caceis booked the monthend interest for SD 04-01-2020. Integrata yet to book,1210223529,1210223529,4551456423,-590882299,2021-07-29
10165,,46_4551003590_CACEIS,1473425980,OB,OB,No-pair,monthend interest,Caceis booked the monthend interest for SD 09-01-2020. Integrata yet to book,1473425980,1473425980,4551456423,-590882299,2021-07-29
10166,,354_455822501_CACEIS,1235308134,OB,OB,No-pair,fx wire,Caceis booked the fx wire for SD 04-15-2020. Integrata yet to book,1235308134,1235308134,4551456423,-590882299,2021-07-29
10167,,14_309411_CACEIS,439623718,OB,OB,No-pair,fx wire,Caceis booked the fx wire for SD 02-22-2019. Integrata yet to book,439623718,439623718,4551456423,-590882299,2021-07-29
10168,,53_455991947_CACEIS,1458093887,OB,OB,No-pair,fx wire,Caceis booked the fx wire for SD 08-21-2020. Integrata yet to book,1458093887,1458093887,4551456423,-590882299,2021-07-29
10169,,172_4551394628_CACEIS,1997244564,OB,OB,No-pair,wire transfer,Caceis booked the wire transfer for SD 06-15-2021. Integrata yet to book,1997244564,1997244564,4551456423,-590882299,2021-07-29
10170,,13_455772338_CACEIS,1169827533,OB,OB,No-pair,fx wire,Caceis booked the fx wire for SD 03-06-2020. Integrata yet to book,1169827533,1169827533,4551456423,-590882299,2021-07-29
10171,,66_455663909_CACEIS,1011570679,OB,OB,No-pair,fees,Caceis booked the fees for SD 12-11-2019. Integrata yet to book,1011570679,1011570679,4551456423,-590882299,2021-07-29
10172,,89_4551248485_CACEIS,1800039483,OB,OB,No-pair,wire transfer,Caceis booked the wire transfer for SD 02-25-2021. Integrata yet to book,1800039483,1800039483,4551456423,-590882299,2021-07-29
10173,,11_4551144082_CACEIS,1659707073,OB,OB,No-pair,fees,Caceis booked the fees for SD 12-10-2020. Integrata yet to book,1659707073,1659707073,4551456423,-590882299,2021-07-29
10174,,96_455745203_CACEIS,1132280377,OB,OB,No-pair,fx wire,Caceis booked the fx wire for SD 02-14-2020. Integrata yet to book,1132280377,1132280377,4551456423,-590882299,2021-07-29
10175,,28_455469998_CACEIS,680605584,OB,OB,No-pair,fees,Caceis booked the fees for SD 07-10-2019. Integrata yet to book,680605584,680605584,4551456423,-590882299,2021-07-29
10176,,157_455669415_CACEIS,1020661883,OB,OB,No-pair,fx wire,Caceis booked the fx wire for SD 12-16-2019. Integrata yet to book,1020661883,1020661883,4551456423,-590882299,2021-07-29
10177,,105_455585083_CACEIS,874262400,OB,OB,No-pair,wire transfer,Caceis booked the wire transfer for SD 10-10-2019. Integrata yet to book,874262400,874262400,4551456423,-590882299,2021-07-29
10178,,89_455663909_CACEIS,1011570659,OB,OB,No-pair,fees,Caceis booked the fees for SD 12-11-2019. Integrata yet to book,1011570659,1011570659,4551456423,-590882299,2021-07-29
10179,,61_455790609_CACEIS,1194036474,OB,OB,No-pair,fx wire,Caceis booked the fx wire for SD 03-20-2020. Integrata yet to book,1194036474,1194036474,4551456423,-590882299,2021-07-29
10180,,512_455822501_CACEIS,1235308383,OB,OB,No-pair,fx wire,Caceis booked the fx wire for SD 04-15-2020. Integrata yet to book,1235308383,1235308383,4551456423,-590882299,2021-07-29
10181,,67_455706635_CACEIS,1081907357,OB,OB,No-pair,fx wire,Caceis booked the fx wire for SD 01-15-2020. Integrata yet to book,1081907357,1081907357,4551456423,-590882299,2021-07-29
10182,,140_455748445_CACEIS,1136275081,OB,OB,No-pair,fx wire,Caceis booked the fx wire for SD 02-18-2020. Integrata yet to book,1136275081,1136275081,4551456423,-590882299,2021-07-29
10183,,119_4551436806_CACEIS,2049885910,OB,OB,No-pair,fx wire,Caceis booked the fx wire for SD 07-15-2021. Integrata yet to book,2049885910,2049885910,4551456423,-590882299,2021-07-29
10184,,525_4551149959_CACEIS,1667623267,OB,OB,No-pair,fx wire,Caceis booked the fx wire for SD 12-15-2020. Integrata yet to book,1667623267,1667623267,4551456423,-590882299,2021-07-29
10185,,82_4551354754_CACEIS,1942399474,OB,OB,No-pair,fx wire,Caceis booked the fx wire for SD 05-17-2021. Integrata yet to book,1942399474,1942399474,4551456423,-590882299,2021-07-29
10186,,8_4551147939_CACEIS,1664874606,OB,OB,No-pair,wire transfer,Caceis booked the wire transfer for SD 12-14-2020. Integrata yet to book,1664874606,1664874606,4551456423,-590882299,2021-07-29
10187,,45_455663909_CACEIS,1011570594,OB,OB,No-pair,fees,Caceis booked the fees for SD 12-11-2019. Integrata yet to book,1011570594,1011570594,4551456423,-590882299,2021-07-29
10188,,754_4551232906_CACEIS,1780157028,OB,OB,No-pair,fx wire,Caceis booked the fx wire for SD 02-16-2021. Integrata yet to book,1780157028,1780157028,4551456423,-590882299,2021-07-29
10189,,20_455973142_CACEIS,1434649966,OB,OB,No-pair,wire transfer,Caceis booked the wire transfer for SD 08-07-2020. Integrata yet to book,1434649966,1434649966,4551456423,-590882299,2021-07-29
10190,,524_4551149959_CACEIS,1667623290,OB,OB,No-pair,fx wire,Caceis booked the fx wire for SD 12-15-2020. Integrata yet to book,1667623290,1667623290,4551456423,-590882299,2021-07-29
10191,,53_4551020261_CACEIS,1495478247,OB,OB,No-pair,fx wire,Caceis booked the fx wire for SD 09-11-2020. Integrata yet to book,1495478247,1495478247,4551456423,-590882299,2021-07-29
10192,,45_4551400940_CACEIS,2004694238,OB,OB,No-pair,fx wire,Caceis booked the fx wire for SD 06-18-2021. Integrata yet to book,2004694238,2004694238,4551456423,-590882299,2021-07-29
10193,,27_4551352893_CACEIS,1939816947,OB,OB,No-pair,wire transfer,Caceis booked the wire transfer for SD 05-14-2021. Integrata yet to book,1939816947,1939816947,4551456423,-590882299,2021-07-29
10194,,640_4551232906_CACEIS,1780156997,OB,OB,No-pair,fx wire,Caceis booked the fx wire for SD 02-16-2021. Integrata yet to book,1780156997,1780156997,4551456423,-590882299,2021-07-29
10195,,975_455643841_CACEIS,975324047,OB,OB,No-pair,fees,Caceis booked the fees for SD 11-13-2019. Integrata yet to book,975324047,975324047,4551456423,-590882299,2021-07-29
10196,,28_4551352893_CACEIS,1939816948,OB,OB,No-pair,wire transfer,Caceis booked the wire transfer for SD 05-14-2021. Integrata yet to book,1939816948,1939816948,4551456423,-590882299,2021-07-29
10197,,83_4551087502_CACEIS,1584326642,OB,OB,No-pair,monthend interest,Caceis booked the monthend interest for SD 11-01-2020. Integrata yet to book,1584326642,1584326642,4551456423,-590882299,2021-07-29
10198,,1_294330_CACEIS,412596761,OB,OB,No-pair,fx wire,Caceis booked the fx wire for SD 02-08-2019. Integrata yet to book,412596761,412596761,4551456423,-590882299,2021-07-29
10199,,4_4551144082_CACEIS,1659707019,OB,OB,No-pair,fees,Caceis booked the fees for SD 12-10-2020. Integrata yet to book,1659707019,1659707019,4551456423,-590882299,2021-07-29
10200,,8_455709628_CACEIS,1085770917,OB,OB,No-pair,fx wire,Caceis booked the fx wire for SD 01-17-2020. Integrata yet to book,1085770917,1085770917,4551456423,-590882299,2021-07-29
10201,,683_4551232906_CACEIS,1780156994,OB,OB,No-pair,fx wire,Caceis booked the fx wire for SD 02-16-2021. Integrata yet to book,1780156994,1780156994,4551456423,-590882299,2021-07-29
10202,,12_4551210754_CACEIS,1748958208,OB,OB,No-pair,monthend interest,Caceis booked the monthend interest for SD 02-01-2021. Integrata yet to book,1748958208,1748958208,4551456423,-590882299,2021-07-29
10203,,788_4551232906_CACEIS,1780157141,OB,OB,No-pair,fx wire,Caceis booked the fx wire for SD 02-16-2021. Integrata yet to book,1780157141,1780157141,4551456423,-590882299,2021-07-29
10204,,3_294330_CACEIS,412596760,OB,OB,No-pair,fx wire,Caceis booked the fx wire for SD 02-08-2019. Integrata yet to book,412596760,412596760,4551456423,-590882299,2021-07-29
10205,,981_455643841_CACEIS,975324053,OB,OB,No-pair,fees,Caceis booked the fees for SD 11-13-2019. Integrata yet to book,975324053,975324053,4551456423,-590882299,2021-07-29
10206,,55_4551060531_CACEIS,1548950666,OB,OB,No-pair,wire transfer,Caceis booked the wire transfer for SD 10-12-2020. Integrata yet to book,1548950666,1548950666,4551456423,-590882299,2021-07-29
10207,,28_455676391_CACEIS,1031864563,OB,OB,No-pair,wire transfer,Caceis booked the wire transfer for SD 12-20-2019. Integrata yet to book,1031864563,1031864563,4551456423,-590882299,2021-07-29
10208,,6_455692818_CACEIS,1061966280,OB,OB,No-pair,wire transfer,Caceis booked the wire transfer for SD 01-03-2020. Integrata yet to book,1061966280,1061966280,4551456423,-590882299,2021-07-29
10209,,369_4551023983_CACEIS,1500214157,OB,OB,No-pair,fx wire,Caceis booked the fx wire for SD 09-15-2020. Integrata yet to book,1500214157,1500214157,4551456423,-590882299,2021-07-29
10210,,218_455726980_CACEIS,1107942679,OB,OB,No-pair,monthend interest,Caceis booked the monthend interest for SD 02-01-2020. Integrata yet to book,1107942679,1107942679,4551456423,-590882299,2021-07-29
10211,,7_4551125930_CACEIS,1635426487,OB,OB,No-pair,fx wire,Caceis booked the fx wire for SD 11-27-2020. Integrata yet to book,1635426487,1635426487,4551456423,-590882299,2021-07-29
10212,,6_455934920_CACEIS,1383926654,OB,OB,No-pair,fees,Caceis booked the fees for SD 07-10-2020. Integrata yet to book,1383926654,1383926654,4551456423,-590882299,2021-07-29
10213,,106_455879764_CACEIS,1309543777,OB,OB,No-pair,monthend interest,Caceis booked the monthend interest for SD 06-01-2020. Integrata yet to book,1309543777,1309543777,4551456423,-590882299,2021-07-29
10214,,3_4551144082_CACEIS,1659707014,OB,OB,No-pair,fees,Caceis booked the fees for SD 12-10-2020. Integrata yet to book,1659707014,1659707014,4551456423,-590882299,2021-07-29
10215,,50_4551343376_CACEIS,1925737817,OB,OB,No-pair,fx wire,Caceis booked the fx wire for SD 05-07-2021. Integrata yet to book,1925737817,1925737817,4551456423,-590882299,2021-07-29
10216,,18_455693832_CACEIS,1063035250,OB,OB,No-pair,fees,Caceis booked the fees for SD 01-06-2020. Integrata yet to book,1063035250,1063035250,4551456423,-590882299,2021-07-29
10217,,237_4551394628_CACEIS,1997244752,OB,OB,No-pair,fx wire,Caceis booked the fx wire for SD 06-15-2021. Integrata yet to book,1997244752,1997244752,4551456423,-590882299,2021-07-29
10218,,66_4551060531_CACEIS,1548950684,OB,OB,No-pair,wire transfer,Caceis booked the wire transfer for SD 10-12-2020. Integrata yet to book,1548950684,1548950684,4551456423,-590882299,2021-07-29
10219,,57_4551229444_CACEIS,1775243146,OB,OB,No-pair,fx wire,Caceis booked the fx wire for SD 02-12-2021. Integrata yet to book,1775243146,1775243146,4551456423,-590882299,2021-07-29
10220,,136_455777858_CACEIS,1177395905,OB,OB,No-pair,wire transfer,Caceis booked the wire transfer for SD 03-11-2020. Integrata yet to book,1177395905,1177395905,4551456423,-590882299,2021-07-29
10221,,35_455693832_CACEIS,1063035127,OB,OB,No-pair,fees,Caceis booked the fees for SD 01-06-2020. Integrata yet to book,1063035127,1063035127,4551456423,-590882299,2021-07-29
10222,,41_455403345_CACEIS,582954877,OB,OB,No-pair,wire transfer,Caceis booked the wire transfer for SD 05-14-2019. Integrata yet to book,582954877,582954877,4551456423,-590882299,2021-07-29
10223,,27_455676391_CACEIS,1031864559,OB,OB,No-pair,wire transfer,Caceis booked the wire transfer for SD 12-20-2019. Integrata yet to book,1031864559,1031864559,4551456423,-590882299,2021-07-29
10224,,492_455783582_CACEIS,1185159778,OB,OB,No-pair,fx wire,Caceis booked the fx wire for SD 03-16-2020. Integrata yet to book,1185159778,1185159778,4551456423,-590882299,2021-07-29
10225,,99_4551430779_CACEIS,2043022005,OB,OB,No-pair,wire transfer,Caceis booked the wire transfer for SD 07-12-2021. Integrata yet to book,2043022005,2043022005,4551456423,-590882299,2021-07-29
10226,,59_4551299798_CACEIS,1866915136,OB,OB,No-pair,fx wire,Caceis booked the fx wire for SD 04-06-2021. Integrata yet to book,1866915136,1866915136,4551456423,-590882299,2021-07-29
10227,,5_4551362459_CACEIS,1953424876,OB,OB,No-pair,fx wire,Caceis booked the fx wire for SD 05-21-2021. Integrata yet to book,1953424876,1953424876,4551456423,-590882299,2021-07-29
10228,,403_4551066313_CACEIS,1556876600,OB,OB,No-pair,fx wire,Caceis booked the fx wire for SD 10-15-2020. Integrata yet to book,1556876600,1556876600,4551456423,-590882299,2021-07-29
10229,,4_455934920_CACEIS,1383926647,OB,OB,No-pair,fees,Caceis booked the fees for SD 07-10-2020. Integrata yet to book,1383926647,1383926647,4551456423,-590882299,2021-07-29
10230,,381_455748445_CACEIS,1136275436,OB,OB,No-pair,fx wire,Caceis booked the fx wire for SD 02-18-2020. Integrata yet to book,1136275436,1136275436,4551456423,-590882299,2021-07-29
10231,,14_316753_CACEIS,453176739,OB,OB,No-pair,fx wire,Caceis booked the fx wire for SD 03-01-2019. Integrata yet to book,453176739,453176739,4551456423,-590882299,2021-07-29
10232,,159_455963450_CACEIS,1421777805,OB,OB,No-pair,monthend interest,Caceis booked the monthend interest for SD 08-01-2020. Integrata yet to book,1421777805,1421777805,4551456423,-590882299,2021-07-29
10233,,30_4551144082_CACEIS,1659707143,OB,OB,No-pair,fees,Caceis booked the fees for SD 12-10-2020. Integrata yet to book,1659707143,1659707143,4551456423,-590882299,2021-07-29
10234,,1183_455643841_CACEIS,975324255,OB,OB,No-pair,fx wire,Caceis booked the fx wire for SD 11-15-2019. Integrata yet to book,975324255,975324255,4551456423,-590882299,2021-07-29
10235,,92_4551430779_CACEIS,2043021977,OB,OB,No-pair,wire transfer,Caceis booked the wire transfer for SD 07-12-2021. Integrata yet to book,2043021977,2043021977,4551456423,-590882299,2021-07-29
10236,,41_455693832_CACEIS,1063035182,OB,OB,No-pair,fees,Caceis booked the fees for SD 01-06-2020. Integrata yet to book,1063035182,1063035182,4551456423,-590882299,2021-07-29
10237,,115_4551191593_CACEIS,1722905190,OB,OB,No-pair,fx wire,Caceis booked the fx wire for SD 01-15-2021. Integrata yet to book,1722905190,1722905190,4551456423,-590882299,2021-07-29
10238,,81_4551060531_CACEIS,1548950705,OB,OB,No-pair,wire transfer,Caceis booked the wire transfer for SD 10-12-2020. Integrata yet to book,1548950705,1548950705,4551456423,-590882299,2021-07-29
10239,,39_455581623_CACEIS,867680128,OB,OB,No-pair,fees,Caceis booked the fees for SD 10-07-2019. Integrata yet to book,867680128,867680128,4551456423,-590882299,2021-07-29
10240,,101_455985296_CACEIS,1449581730,OB,OB,No-pair,fx wire,Caceis booked the fx wire for SD 08-17-2020. Integrata yet to book,1449581730,1449581730,4551456423,-590882299,2021-07-29
10241,,80_4551430779_CACEIS,2043021970,OB,OB,No-pair,wire transfer,Caceis booked the wire transfer for SD 07-12-2021. Integrata yet to book,2043021970,2043021970,4551456423,-590882299,2021-07-29
10242,,543_455783582_CACEIS,1185159506,OB,OB,No-pair,fx wire,Caceis booked the fx wire for SD 03-16-2020. Integrata yet to book,1185159506,1185159506,4551456423,-590882299,2021-07-29
10243,,25_4551077732_CACEIS,1571717932,OB,OB,No-pair,fx wire,Caceis booked the fx wire for SD 10-23-2020. Integrata yet to book,1571717932,1571717932,4551456423,-590882299,2021-07-29
10244,,94_455554115_CACEIS,824384873,OB,OB,No-pair,fx wire,Caceis booked the fx wire for SD 09-17-2019. Integrata yet to book,824384873,824384873,4551456423,-590882299,2021-07-29
10245,,94_455706635_CACEIS,1081907475,OB,OB,No-pair,fx wire,Caceis booked the fx wire for SD 01-15-2020. Integrata yet to book,1081907475,1081907475,4551456423,-590882299,2021-07-29
10246,,115_455442954_CACEIS,637183786,OB,OB,No-pair,fx wire,Caceis booked the fx wire for SD 06-17-2019. Integrata yet to book,637183786,637183786,4551456423,-590882299,2021-07-29
10247,,725_455643841_CACEIS,975323797,OB,OB,No-pair,fx wire,Caceis booked the fx wire for SD 11-18-2019. Integrata yet to book,975323797,975323797,4551456423,-590882299,2021-07-29
10248,,51_455835232_CACEIS,1251293823,OB,OB,No-pair,fx wire,Caceis booked the fx wire for SD 04-24-2020. Integrata yet to book,1251293823,1251293823,4551456423,-590882299,2021-07-29
10249,,115_455900053_CACEIS,1336713087,OB,OB,No-pair,fx wire,Caceis booked the fx wire for SD 06-15-2020. Integrata yet to book,1336713087,1336713087,4551456423,-590882299,2021-07-29
10250,,16_4551127906_CACEIS,1637981937,OB,OB,No-pair,monthend interest,Caceis booked the monthend interest for SD 11-30-2020. Integrata yet to book,1637981937,1637981937,4551456423,-590882299,2021-07-29
10251,,64_4551430779_CACEIS,2043022009,OB,OB,No-pair,wire transfer,Caceis booked the wire transfer for SD 07-12-2021. Integrata yet to book,2043022009,2043022009,4551456423,-590882299,2021-07-29
10252,,55_455790609_CACEIS,1194036469,OB,OB,No-pair,fx wire,Caceis booked the fx wire for SD 03-20-2020. Integrata yet to book,1194036469,1194036469,4551456423,-590882299,2021-07-29
10253,,38_4551144082_CACEIS,1659707159,OB,OB,No-pair,fees,Caceis booked the fees for SD 12-10-2020. Integrata yet to book,1659707159,1659707159,4551456423,-590882299,2021-07-29
10254,,71_455736646_CACEIS,1120326839,OB,OB,No-pair,fx wire,Caceis booked the fx wire for SD 02-07-2020. Integrata yet to book,1120326839,1120326839,4551456423,-590882299,2021-07-29
10255,,157_455777858_CACEIS,1177395655,OB,OB,No-pair,wire transfer,Caceis booked the wire transfer for SD 03-11-2020. Integrata yet to book,1177395655,1177395655,4551456423,-590882299,2021-07-29
10256,,31_4551248485_CACEIS,1800039499,OB,OB,No-pair,monthend interest,Caceis booked the monthend interest for SD 03-01-2021. Integrata yet to book,1800039499,1800039499,4551456423,-590882299,2021-07-29
10257,,91_455585083_CACEIS,874262497,OB,OB,No-pair,wire transfer,Caceis booked the wire transfer for SD 10-10-2019. Integrata yet to book,874262497,874262497,4551456423,-590882299,2021-07-29
10258,,1_455922111_CACEIS,1367056766,OB,OB,No-pair,wire transfer,Caceis booked the wire transfer for SD 07-01-2020. Integrata yet to book,1367056766,1367056766,4551456423,-590882299,2021-07-29
10259,,726_455643841_CACEIS,975323798,OB,OB,No-pair,monthend interest,Caceis booked the monthend interest for SD 10-31-2019. Integrata yet to book,975323798,975323798,4551456423,-590882299,2021-07-29
10260,,473_455900053_CACEIS,1336714008,OB,OB,No-pair,fx wire,Caceis booked the fx wire for SD 06-15-2020. Integrata yet to book,1336714008,1336714008,4551456423,-590882299,2021-07-29
10261,,55_455753887_CACEIS,1143364850,OB,OB,No-pair,fx wire,Caceis booked the fx wire for SD 02-21-2020. Integrata yet to book,1143364850,1143364850,4551456423,-590882299,2021-07-29
10262,,5_455971354_CACEIS,1432288830,OB,OB,No-pair,wire transfer,Caceis booked the wire transfer for SD 08-06-2020. Integrata yet to book,1432288830,1432288830,4551456423,-590882299,2021-07-29
10263,,42_455404958_CACEIS,585162344,OB,OB,No-pair,fx wire,Caceis booked the fx wire for SD 05-15-2019. Integrata yet to book,585162344,585162344,4551456423,-590882299,2021-07-29
10264,,233_455783582_CACEIS,1185159502,OB,OB,No-pair,fx wire,Caceis booked the fx wire for SD 03-16-2020. Integrata yet to book,1185159502,1185159502,4551456423,-590882299,2021-07-29
10265,,72_455862625_CACEIS,1287002898,OB,OB,No-pair,wire transfer,Caceis booked the wire transfer for SD 05-13-2020. Integrata yet to book,1287002898,1287002898,4551456423,-590882299,2021-07-29
10266,,468_455783582_CACEIS,1185159635,OB,OB,No-pair,fx wire,Caceis booked the fx wire for SD 03-16-2020. Integrata yet to book,1185159635,1185159635,4551456423,-590882299,2021-07-29
10267,,728_455643841_CACEIS,975323800,OB,OB,No-pair,monthend interest,Caceis booked the monthend interest for SD 10-31-2019. Integrata yet to book,975323800,975323800,4551456423,-590882299,2021-07-29
10268,,214_455783582_CACEIS,1185159504,OB,OB,No-pair,fx wire,Caceis booked the fx wire for SD 03-16-2020. Integrata yet to book,1185159504,1185159504,4551456423,-590882299,2021-07-29
10269,,59_4551430779_CACEIS,2043022011,OB,OB,No-pair,wire transfer,Caceis booked the wire transfer for SD 07-12-2021. Integrata yet to book,2043022011,2043022011,4551456423,-590882299,2021-07-29
10270,,39_455693832_CACEIS,1063035161,OB,OB,No-pair,fees,Caceis booked the fees for SD 01-06-2020. Integrata yet to book,1063035161,1063035161,4551456423,-590882299,2021-07-29
10271,,1424_455643841_CACEIS,975324496,OB,OB,No-pair,fx wire,Caceis booked the fx wire for SD 11-15-2019. Integrata yet to book,975324496,975324496,4551456423,-590882299,2021-07-29
10272,,15_455803095_CACEIS,1210223538,OB,OB,No-pair,monthend interest,Caceis booked the monthend interest for SD 04-01-2020. Integrata yet to book,1210223538,1210223538,4551456423,-590882299,2021-07-29
10273,,17_4551144082_CACEIS,1659707084,OB,OB,No-pair,fees,Caceis booked the fees for SD 12-10-2020. Integrata yet to book,1659707084,1659707084,4551456423,-590882299,2021-07-29
10274,,67_4551430779_CACEIS,2043022014,OB,OB,No-pair,wire transfer,Caceis booked the wire transfer for SD 07-12-2021. Integrata yet to book,2043022014,2043022014,4551456423,-590882299,2021-07-29
10275,,33_455934920_CACEIS,1383926791,OB,OB,No-pair,fees,Caceis booked the fees for SD 07-10-2020. Integrata yet to book,1383926791,1383926791,4551456423,-590882299,2021-07-29
10276,,123_455777858_CACEIS,1177395849,OB,OB,No-pair,wire transfer,Caceis booked the wire transfer for SD 03-11-2020. Integrata yet to book,1177395849,1177395849,4551456423,-590882299,2021-07-29
10277,,50_455963450_CACEIS,1421777890,OB,OB,No-pair,fx wire,Caceis booked the fx wire for SD 07-31-2020. Integrata yet to book,1421777890,1421777890,4551456423,-590882299,2021-07-29
10278,,84_4551060531_CACEIS,1548950627,OB,OB,No-pair,wire transfer,Caceis booked the wire transfer for SD 10-12-2020. Integrata yet to book,1548950627,1548950627,4551456423,-590882299,2021-07-29
10279,,30_4551277470_CACEIS,1837468638,OB,OB,No-pair,fx wire,Caceis booked the fx wire for SD 03-19-2021. Integrata yet to book,1837468638,1837468638,4551456423,-590882299,2021-07-29
10280,,7_455649350_CACEIS,985331688,OB,OB,No-pair,fx wire,Caceis booked the fx wire for SD 11-29-2019. Integrata yet to book,985331688,985331688,4551456423,-590882299,2021-07-29
10281,,179_4551210754_CACEIS,1748958287,OB,OB,No-pair,monthend interest,Caceis booked the monthend interest for SD 02-01-2021. Integrata yet to book,1748958287,1748958287,4551456423,-590882299,2021-07-29
10282,,1_455797794_CACEIS,1203323425,OB,OB,No-pair,wire transfer,Caceis booked the wire transfer for SD 03-26-2020. Integrata yet to book,1203323425,1203323425,4551456423,-590882299,2021-07-29
10283,,22_455693832_CACEIS,1063035291,OB,OB,No-pair,fees,Caceis booked the fees for SD 01-06-2020. Integrata yet to book,1063035291,1063035291,4551456423,-590882299,2021-07-29
10284,,55_4551430779_CACEIS,2043022008,OB,OB,No-pair,wire transfer,Caceis booked the wire transfer for SD 07-12-2021. Integrata yet to book,2043022008,2043022008,4551456423,-590882299,2021-07-29
10285,,40_4551003590_CACEIS,1473425964,OB,OB,No-pair,monthend interest,Caceis booked the monthend interest for SD 09-01-2020. Integrata yet to book,1473425964,1473425964,4551456423,-590882299,2021-07-29
10286,,38_455879764_CACEIS,1309543781,OB,OB,No-pair,monthend interest,Caceis booked the monthend interest for SD 06-01-2020. Integrata yet to book,1309543781,1309543781,4551456423,-590882299,2021-07-29
10287,,351_455900053_CACEIS,1336713725,OB,OB,No-pair,fx wire,Caceis booked the fx wire for SD 06-15-2020. Integrata yet to book,1336713725,1336713725,4551456423,-590882299,2021-07-29
10288,,953_455822501_CACEIS,1235308776,OB,OB,No-pair,fees,Caceis booked the fees for SD 04-14-2020. Integrata yet to book,1235308776,1235308776,4551456423,-590882299,2021-07-29
10289,,95_306589_CACEIS,433998246,OB,OB,No-pair,fx wire,Caceis booked the fx wire for SD 02-15-2019. Integrata yet to book,433998246,433998246,4551456423,-590882299,2021-07-29
10290,,71_4551394628_CACEIS,1997244552,OB,OB,No-pair,fx wire,Caceis booked the fx wire for SD 06-15-2021. Integrata yet to book,1997244552,1997244552,4551456423,-590882299,2021-07-29
10291,,55_4551127906_CACEIS,1637981922,OB,OB,No-pair,monthend interest,Caceis booked the monthend interest for SD 12-01-2020. Integrata yet to book,1637981922,1637981922,4551456423,-590882299,2021-07-29
10292,,36_4551105378_CACEIS,1608089297,OB,OB,No-pair,fees,Caceis booked the fees for SD 11-12-2020. Integrata yet to book,1608089297,1608089297,4551456423,-590882299,2021-07-29
10293,,122_4551149959_CACEIS,1667623021,OB,OB,No-pair,fx wire,Caceis booked the fx wire for SD 12-15-2020. Integrata yet to book,1667623021,1667623021,4551456423,-590882299,2021-07-29
10294,,375_455643841_CACEIS,975323447,OB,OB,No-pair,fx wire,Caceis booked the fx wire for SD 11-15-2019. Integrata yet to book,975323447,975323447,4551456423,-590882299,2021-07-29
10295,,8_4551105378_CACEIS,1608089200,OB,OB,No-pair,fees,Caceis booked the fees for SD 11-12-2020. Integrata yet to book,1608089200,1608089200,4551456423,-590882299,2021-07-29
10296,,181_4551023983_CACEIS,1500213904,OB,OB,No-pair,fx wire,Caceis booked the fx wire for SD 09-15-2020. Integrata yet to book,1500213904,1500213904,4551456423,-590882299,2021-07-29
10297,,99_455590588_CACEIS,883858417,OB,OB,No-pair,fx wire,Caceis booked the fx wire for SD 10-15-2019. Integrata yet to book,883858417,883858417,4551456423,-590882299,2021-07-29
10298,,71_4551109218_CACEIS,1613286676,OB,OB,No-pair,fx wire,Caceis booked the fx wire for SD 11-16-2020. Integrata yet to book,1613286676,1613286676,4551456423,-590882299,2021-07-29
10299,,50_455643841_CACEIS,975323122,OB,OB,No-pair,fx wire,Caceis booked the fx wire for SD 11-01-2019. Integrata yet to book,975323122,975323122,4551456423,-590882299,2021-07-29
10300,,129_455693832_CACEIS,1063035209,OB,OB,No-pair,fees,Caceis booked the fees for SD 01-06-2020. Integrata yet to book,1063035209,1063035209,4551456423,-590882299,2021-07-29
10301,,79_455862625_CACEIS,1287002650,OB,OB,No-pair,wire transfer,Caceis booked the wire transfer for SD 05-13-2020. Integrata yet to book,1287002650,1287002650,4551456423,-590882299,2021-07-29
10302,,79_4551430779_CACEIS,2043021961,OB,OB,No-pair,wire transfer,Caceis booked the wire transfer for SD 07-12-2021. Integrata yet to book,2043021961,2043021961,4551456423,-590882299,2021-07-29
10303,,864_455822501_CACEIS,1235308744,OB,OB,No-pair,fees,Caceis booked the fees for SD 04-14-2020. Integrata yet to book,1235308744,1235308744,4551456423,-590882299,2021-07-29
10304,,60_455762980_CACEIS,1156897755,OB,OB,No-pair,monthend interest,Caceis booked the monthend interest for SD 03-01-2020. Integrata yet to book,1156897755,1156897755,4551456423,-590882299,2021-07-29
10305,,130_455693832_CACEIS,1063035164,OB,OB,No-pair,fees,Caceis booked the fees for SD 01-06-2020. Integrata yet to book,1063035164,1063035164,4551456423,-590882299,2021-07-29
10306,,52_4551220415_CACEIS,1761956106,OB,OB,No-pair,fx wire,Caceis booked the fx wire for SD 02-05-2021. Integrata yet to book,1761956106,1761956106,4551456423,-590882299,2021-07-29
10307,,70_455590588_CACEIS,883858516,OB,OB,No-pair,fx wire,Caceis booked the fx wire for SD 10-15-2019. Integrata yet to book,883858516,883858516,4551456423,-590882299,2021-07-29
10308,,1368_455643841_CACEIS,975324440,OB,OB,No-pair,fx wire,Caceis booked the fx wire for SD 11-15-2019. Integrata yet to book,975324440,975324440,4551456423,-590882299,2021-07-29
10309,,95_4551060531_CACEIS,1548950752,OB,OB,No-pair,wire transfer,Caceis booked the wire transfer for SD 10-12-2020. Integrata yet to book,1548950752,1548950752,4551456423,-590882299,2021-07-29
10310,,146_4551436806_CACEIS,2049885942,OB,OB,No-pair,fx wire,Caceis booked the fx wire for SD 07-15-2021. Integrata yet to book,2049885942,2049885942,4551456423,-590882299,2021-07-29
10311,,728_455862625_CACEIS,1287004991,OB,OB,No-pair,fx wire,Caceis booked the fx wire for SD 05-15-2020. Integrata yet to book,1287004991,1287004991,4551456423,-590882299,2021-07-29
10312,,202_455940640_CACEIS,1391596142,OB,OB,No-pair,fx wire,Caceis booked the fx wire for SD 07-15-2020. Integrata yet to book,1391596142,1391596142,4551456423,-590882299,2021-07-29
10313,,7_4551388882_CACEIS,1989667574,OB,OB,No-pair,fees,Caceis booked the fees for SD 06-10-2021. Integrata yet to book,1989667574,1989667574,4551456423,-590882299,2021-07-29
10314,,731_455862625_CACEIS,1287004956,OB,OB,No-pair,fx wire,Caceis booked the fx wire for SD 05-15-2020. Integrata yet to book,1287004956,1287004956,4551456423,-590882299,2021-07-29
10315,,23_4551001817_CACEIS,1470676021,OB,OB,No-pair,fx wire,Caceis booked the fx wire for SD 08-28-2020. Integrata yet to book,1470676021,1470676021,4551456423,-590882299,2021-07-29
10316,,26_4551388882_CACEIS,1989667646,OB,OB,No-pair,fees,Caceis booked the fees for SD 06-10-2021. Integrata yet to book,1989667646,1989667646,4551456423,-590882299,2021-07-29
10317,,168_4551023983_CACEIS,1500213942,OB,OB,No-pair,fx wire,Caceis booked the fx wire for SD 09-15-2020. Integrata yet to book,1500213942,1500213942,4551456423,-590882299,2021-07-29
10318,,124_455726980_CACEIS,1107942641,OB,OB,No-pair,monthend interest,Caceis booked the monthend interest for SD 02-01-2020. Integrata yet to book,1107942641,1107942641,4551456423,-590882299,2021-07-29
10319,,968_455643841_CACEIS,975324040,OB,OB,No-pair,fees,Caceis booked the fees for SD 11-13-2019. Integrata yet to book,975324040,975324040,4551456423,-590882299,2021-07-29
10320,,714_455862625_CACEIS,1287005015,OB,OB,No-pair,fx wire,Caceis booked the fx wire for SD 05-15-2020. Integrata yet to book,1287005015,1287005015,4551456423,-590882299,2021-07-29
10321,,78_4551349054_CACEIS,1933657889,OB,OB,No-pair,fees,Caceis booked the fees for SD 05-12-2021. Integrata yet to book,1933657889,1933657889,4551456423,-590882299,2021-07-29
10322,,898_455822501_CACEIS,1235308689,OB,OB,No-pair,fees,Caceis booked the fees for SD 04-14-2020. Integrata yet to book,1235308689,1235308689,4551456423,-590882299,2021-07-29
10323,,64_455783582_CACEIS,1185159212,OB,OB,No-pair,fx wire,Caceis booked the fx wire for SD 03-16-2020. Integrata yet to book,1185159212,1185159212,4551456423,-590882299,2021-07-29
10324,,7_455570278_CACEIS,849574809,OB,OB,No-pair,monthend interest,Caceis booked the monthend interest for SD 10-01-2019. Integrata yet to book,849574809,849574809,4551456423,-590882299,2021-07-29
10325,,10_455914788_CACEIS,1356802611,OB,OB,No-pair,proceeds sell,Caceis booked the proceeds sell for SD 06-22-2020. Integrata yet to book,1356802611,1356802611,4551456423,-590882299,2021-07-29
10326,,91_4551430779_CACEIS,2043022007,OB,OB,No-pair,wire transfer,Caceis booked the wire transfer for SD 07-12-2021. Integrata yet to book,2043022007,2043022007,4551456423,-590882299,2021-07-29
10327,,6_4551339728_CACEIS,1920020597,OB,OB,No-pair,wire transfer,Caceis booked the wire transfer for SD 05-05-2021. Integrata yet to book,1920020597,1920020597,4551456423,-590882299,2021-07-29
10328,,971_455822501_CACEIS,1235308616,OB,OB,No-pair,fx wire,Caceis booked the fx wire for SD 04-15-2020. Integrata yet to book,1235308616,1235308616,4551456423,-590882299,2021-07-29
10329,,897_455822501_CACEIS,1235308678,OB,OB,No-pair,fees,Caceis booked the fees for SD 04-14-2020. Integrata yet to book,1235308678,1235308678,4551456423,-590882299,2021-07-29
10330,,74_455822501_CACEIS,1235307976,OB,OB,No-pair,fx wire,Caceis booked the fx wire for SD 04-15-2020. Integrata yet to book,1235307976,1235307976,4551456423,-590882299,2021-07-29
10331,,1170_455643841_CACEIS,975324242,OB,OB,No-pair,fees,Caceis booked the fees for SD 11-13-2019. Integrata yet to book,975324242,975324242,4551456423,-590882299,2021-07-29
10332,,101_4551349054_CACEIS,1933657837,OB,OB,No-pair,fees,Caceis booked the fees for SD 05-12-2021. Integrata yet to book,1933657837,1933657837,4551456423,-590882299,2021-07-29
10333,,29_455842390_CACEIS,1260634973,OB,OB,No-pair,monthend interest,Caceis booked the monthend interest for SD 05-01-2020. Integrata yet to book,1260634973,1260634973,4551456423,-590882299,2021-07-29
10334,,397_455783582_CACEIS,1185159616,OB,OB,No-pair,fx wire,Caceis booked the fx wire for SD 03-16-2020. Integrata yet to book,1185159616,1185159616,4551456423,-590882299,2021-07-29
10335,,133_455585083_CACEIS,874262450,OB,OB,No-pair,wire transfer,Caceis booked the wire transfer for SD 10-10-2019. Integrata yet to book,874262450,874262450,4551456423,-590882299,2021-07-29
10336,,707_4551232906_CACEIS,1780157090,OB,OB,No-pair,fx wire,Caceis booked the fx wire for SD 02-16-2021. Integrata yet to book,1780157090,1780157090,4551456423,-590882299,2021-07-29
10337,,159_455822501_CACEIS,1235308013,OB,OB,No-pair,fx wire,Caceis booked the fx wire for SD 04-15-2020. Integrata yet to book,1235308013,1235308013,4551456423,-590882299,2021-07-29
10338,,132_4551109218_CACEIS,1613286681,OB,OB,No-pair,fx wire,Caceis booked the fx wire for SD 11-16-2020. Integrata yet to book,1613286681,1613286681,4551456423,-590882299,2021-07-29
10339,,13_4551415924_CACEIS,2024089328,OB,OB,No-pair,monthend interest,Caceis booked the monthend interest for SD 07-01-2021. Integrata yet to book,2024089328,2024089328,4551456423,-590882299,2021-07-29
10340,,32_455944496_CACEIS,1396484645,OB,OB,No-pair,fx wire,Caceis booked the fx wire for SD 07-17-2020. Integrata yet to book,1396484645,1396484645,4551456423,-590882299,2021-07-29
10341,,17_4551290904_CACEIS,1855014223,OB,OB,No-pair,wire transfer,Caceis booked the wire transfer for SD 03-30-2021. Integrata yet to book,1855014223,1855014223,4551456423,-590882299,2021-07-29
10342,,26_267975_CACEIS,368747249,OB,OB,No-pair,fx wire,Caceis booked the fx wire for SD 01-15-2019. Integrata yet to book,368747249,368747249,4551456423,-590882299,2021-07-29
10343,,48_455963450_CACEIS,1421777856,OB,OB,No-pair,fx wire,Caceis booked the fx wire for SD 07-31-2020. Integrata yet to book,1421777856,1421777856,4551456423,-590882299,2021-07-29
10344,,480_4551149959_CACEIS,1667623217,OB,OB,No-pair,fx wire,Caceis booked the fx wire for SD 12-15-2020. Integrata yet to book,1667623217,1667623217,4551456423,-590882299,2021-07-29
10345,,33_455554115_CACEIS,824384861,OB,OB,No-pair,fx wire,Caceis booked the fx wire for SD 09-17-2019. Integrata yet to book,824384861,824384861,4551456423,-590882299,2021-07-29
10346,,850_455822501_CACEIS,1235308719,OB,OB,No-pair,fees,Caceis booked the fees for SD 04-14-2020. Integrata yet to book,1235308719,1235308719,4551456423,-590882299,2021-07-29
10347,,14_4551347247_CACEIS,1931198820,OB,OB,No-pair,wire transfer,Caceis booked the wire transfer for SD 05-11-2021. Integrata yet to book,1931198820,1931198820,4551456423,-590882299,2021-07-29
10348,,230_4551210754_CACEIS,1748958357,OB,OB,No-pair,monthend interest,Caceis booked the monthend interest for SD 02-01-2021. Integrata yet to book,1748958357,1748958357,4551456423,-590882299,2021-07-29
10349,,1149_455643841_CACEIS,975324221,OB,OB,No-pair,fees,Caceis booked the fees for SD 11-13-2019. Integrata yet to book,975324221,975324221,4551456423,-590882299,2021-07-29
10350,,16_455718167_CACEIS,1096511626,OB,OB,No-pair,fx wire,Caceis booked the fx wire for SD 01-24-2020. Integrata yet to book,1096511626,1096511626,4551456423,-590882299,2021-07-29
10351,,142_455693832_CACEIS,1063035175,OB,OB,No-pair,fees,Caceis booked the fees for SD 01-06-2020. Integrata yet to book,1063035175,1063035175,4551456423,-590882299,2021-07-29
10352,,423_4551109218_CACEIS,1613286930,OB,OB,No-pair,fx wire,Caceis booked the fx wire for SD 11-16-2020. Integrata yet to book,1613286930,1613286930,4551456423,-590882299,2021-07-29
10353,,71_4551125930_CACEIS,1635426509,OB,OB,No-pair,fx wire,Caceis booked the fx wire for SD 11-27-2020. Integrata yet to book,1635426509,1635426509,4551456423,-590882299,2021-07-29
10354,,164_455862625_CACEIS,1287003373,OB,OB,No-pair,fx wire,Caceis booked the fx wire for SD 05-15-2020. Integrata yet to book,1287003373,1287003373,4551456423,-590882299,2021-07-29
10355,,144_455693832_CACEIS,1063035193,OB,OB,No-pair,fees,Caceis booked the fees for SD 01-06-2020. Integrata yet to book,1063035193,1063035193,4551456423,-590882299,2021-07-29
10356,,7_455957648_CACEIS,1414392004,OB,OB,No-pair,wire transfer,Caceis booked the wire transfer for SD 07-27-2020. Integrata yet to book,1414392004,1414392004,4551456423,-590882299,2021-07-29
10357,,10_4551299798_CACEIS,1866915113,OB,OB,No-pair,fx wire,Caceis booked the fx wire for SD 04-06-2021. Integrata yet to book,1866915113,1866915113,4551456423,-590882299,2021-07-29
10358,,346_455822501_CACEIS,1235308220,OB,OB,No-pair,fx wire,Caceis booked the fx wire for SD 04-15-2020. Integrata yet to book,1235308220,1235308220,4551456423,-590882299,2021-07-29
10359,,29_4551044906_CACEIS,1528403603,OB,OB,No-pair,wire transfer,Caceis booked the wire transfer for SD 09-21-2020. Integrata yet to book,1528403603,1528403603,4551456423,-590882299,2021-07-29
10360,,150_455693832_CACEIS,1063035203,OB,OB,No-pair,fees,Caceis booked the fees for SD 01-06-2020. Integrata yet to book,1063035203,1063035203,4551456423,-590882299,2021-07-29
10361,,29_455709628_CACEIS,1085770940,OB,OB,No-pair,fx wire,Caceis booked the fx wire for SD 01-17-2020. Integrata yet to book,1085770940,1085770940,4551456423,-590882299,2021-07-29
10362,,182_4551023983_CACEIS,1500213936,OB,OB,No-pair,fx wire,Caceis booked the fx wire for SD 09-15-2020. Integrata yet to book,1500213936,1500213936,4551456423,-590882299,2021-07-29
10363,,4_4551265958_CACEIS,1821950995,OB,OB,No-pair,fees,Caceis booked the fees for SD 03-10-2021. Integrata yet to book,1821950995,1821950995,4551456423,-590882299,2021-07-29
10364,,490_455783582_CACEIS,1185159721,OB,OB,No-pair,fx wire,Caceis booked the fx wire for SD 03-16-2020. Integrata yet to book,1185159721,1185159721,4551456423,-590882299,2021-07-29
10365,,113_4551109218_CACEIS,1613286638,OB,OB,No-pair,fx wire,Caceis booked the fx wire for SD 11-16-2020. Integrata yet to book,1613286638,1613286638,4551456423,-590882299,2021-07-29
10366,,54_4551430779_CACEIS,2043022001,OB,OB,No-pair,wire transfer,Caceis booked the wire transfer for SD 07-12-2021. Integrata yet to book,2043022001,2043022001,4551456423,-590882299,2021-07-29
10367,,109_4551109218_CACEIS,1613286785,OB,OB,No-pair,fx wire,Caceis booked the fx wire for SD 11-16-2020. Integrata yet to book,1613286785,1613286785,4551456423,-590882299,2021-07-29
10368,,129_455585083_CACEIS,874262430,OB,OB,No-pair,wire transfer,Caceis booked the wire transfer for SD 10-10-2019. Integrata yet to book,874262430,874262430,4551456423,-590882299,2021-07-29
10369,,55_455586694_CACEIS,876699140,OB,OB,No-pair,fx wire,Caceis booked the fx wire for SD 10-11-2019. Integrata yet to book,876699140,876699140,4551456423,-590882299,2021-07-29
10370,,37_4551044906_CACEIS,1528403613,OB,OB,No-pair,wire transfer,Caceis booked the wire transfer for SD 09-21-2020. Integrata yet to book,1528403613,1528403613,4551456423,-590882299,2021-07-29
10371,,33_4551039598_CACEIS,1521245936,OB,OB,No-pair,wire transfer,Caceis booked the wire transfer for SD 09-24-2020. Integrata yet to book,1521245936,1521245936,4551456423,-590882299,2021-07-29
10372,,13_4551408153_CACEIS,2013693309,OB,OB,No-pair,wire transfer,Caceis booked the wire transfer for SD 06-24-2021. Integrata yet to book,2013693309,2013693309,4551456423,-590882299,2021-07-29
10373,,66_455985296_CACEIS,1449581876,OB,OB,No-pair,fx wire,Caceis booked the fx wire for SD 08-17-2020. Integrata yet to book,1449581876,1449581876,4551456423,-590882299,2021-07-29
10374,,4_455688261_CACEIS,1053516701,OB,OB,No-pair,fx wire,Caceis booked the fx wire for SD 12-31-2019. Integrata yet to book,1053516701,1053516701,4551456423,-590882299,2021-07-29
10375,,383_4551023983_CACEIS,1500214156,OB,OB,No-pair,fx wire,Caceis booked the fx wire for SD 09-15-2020. Integrata yet to book,1500214156,1500214156,4551456423,-590882299,2021-07-29
10376,,39_4551388882_CACEIS,1989667609,OB,OB,No-pair,fees,Caceis booked the fees for SD 06-10-2021. Integrata yet to book,1989667609,1989667609,4551456423,-590882299,2021-07-29
10377,,106_455585083_CACEIS,874262401,OB,OB,No-pair,wire transfer,Caceis booked the wire transfer for SD 10-10-2019. Integrata yet to book,874262401,874262401,4551456423,-590882299,2021-07-29
10378,,7_4551138140_CACEIS,1652102180,OB,OB,No-pair,wire transfer,Caceis booked the wire transfer for SD 12-07-2020. Integrata yet to book,1652102180,1652102180,4551456423,-590882299,2021-07-29
10379,,83_4551313388_CACEIS,1883527672,OB,OB,No-pair,fx wire,Caceis booked the fx wire for SD 04-15-2021. Integrata yet to book,1883527672,1883527672,4551456423,-590882299,2021-07-29
10380,,4_4551068550_CACEIS,1559437419,OB,OB,No-pair,wire transfer,Caceis booked the wire transfer for SD 10-16-2020. Integrata yet to book,1559437419,1559437419,4551456423,-590882299,2021-07-29
10381,,20_4551242873_CACEIS,1793109153,OB,OB,No-pair,wire transfer,Caceis booked the wire transfer for SD 02-22-2021. Integrata yet to book,1793109153,1793109153,4551456423,-590882299,2021-07-29
10382,,3_455743848_CACEIS,1130319871,OB,OB,No-pair,fees,Caceis booked the fees for SD 02-12-2020. Integrata yet to book,1130319871,1130319871,4551456423,-590882299,2021-07-29
10383,,53_4551060531_CACEIS,1548950750,OB,OB,No-pair,fees,Caceis booked the fees for SD 10-12-2020. Integrata yet to book,1548950750,1548950750,4551456423,-590882299,2021-07-29
10384,,4_455676391_CACEIS,1031864544,OB,OB,No-pair,fx wire,Caceis booked the fx wire for SD 12-20-2019. Integrata yet to book,1031864544,1031864544,4551456423,-590882299,2021-07-29
10385,,296_455590588_CACEIS,883858707,OB,OB,No-pair,fx wire,Caceis booked the fx wire for SD 10-15-2019. Integrata yet to book,883858707,883858707,4551456423,-590882299,2021-07-29
10386,,15_455762980_CACEIS,1156897776,OB,OB,No-pair,fx wire,Caceis booked the fx wire for SD 02-28-2020. Integrata yet to book,1156897776,1156897776,4551456423,-590882299,2021-07-29
10387,,418_455940640_CACEIS,1391596267,OB,OB,No-pair,fx wire,Caceis booked the fx wire for SD 07-15-2020. Integrata yet to book,1391596267,1391596267,4551456423,-590882299,2021-07-29
10388,,7_4551428980_CACEIS,2040344590,OB,OB,No-pair,fx wire,Caceis booked the fx wire for SD 07-09-2021. Integrata yet to book,2040344590,2040344590,4551456423,-590882299,2021-07-29
10389,,78_4551060531_CACEIS,1548950708,OB,OB,No-pair,fees,Caceis booked the fees for SD 10-12-2020. Integrata yet to book,1548950708,1548950708,4551456423,-590882299,2021-07-29
10390,,5_455692818_CACEIS,1061966277,OB,OB,No-pair,wire transfer,Caceis booked the wire transfer for SD 01-03-2020. Integrata yet to book,1061966277,1061966277,4551456423,-590882299,2021-07-29
10391,,37_455916649_CACEIS,1359361405,OB,OB,No-pair,fx wire,Caceis booked the fx wire for SD 06-26-2020. Integrata yet to book,1359361405,1359361405,4551456423,-590882299,2021-07-29
10392,,110_4551313388_CACEIS,1883527751,OB,OB,No-pair,fx wire,Caceis booked the fx wire for SD 04-15-2021. Integrata yet to book,1883527751,1883527751,4551456423,-590882299,2021-07-29
10393,,60_4551349054_CACEIS,1933657852,OB,OB,No-pair,fees,Caceis booked the fees for SD 05-12-2021. Integrata yet to book,1933657852,1933657852,4551456423,-590882299,2021-07-29
10394,,3_455437952_CACEIS,629990781,OB,OB,No-pair,fees,Caceis booked the fees for SD 06-11-2019. Integrata yet to book,629990781,629990781,4551456423,-590882299,2021-07-29
10395,,57_455944496_CACEIS,1396484612,OB,OB,No-pair,fx wire,Caceis booked the fx wire for SD 07-17-2020. Integrata yet to book,1396484612,1396484612,4551456423,-590882299,2021-07-29
10396,,19_349816_CACEIS,505077754,OB,OB,No-pair,fx wire,Caceis booked the fx wire for SD 03-29-2019. Integrata yet to book,505077754,505077754,4551456423,-590882299,2021-07-29
10397,,427_455748445_CACEIS,1136275419,OB,OB,No-pair,fx wire,Caceis booked the fx wire for SD 02-18-2020. Integrata yet to book,1136275419,1136275419,4551456423,-590882299,2021-07-29
10398,,13_4551388882_CACEIS,1989667589,OB,OB,No-pair,fees,Caceis booked the fees for SD 06-10-2021. Integrata yet to book,1989667589,1989667589,4551456423,-590882299,2021-07-29
10399,,128_455748445_CACEIS,1136275137,OB,OB,No-pair,fx wire,Caceis booked the fx wire for SD 02-18-2020. Integrata yet to book,1136275137,1136275137,4551456423,-590882299,2021-07-29
10400,,1_4551295830_CACEIS,1861884213,OB,OB,No-pair,wire transfer,Caceis booked the wire transfer for SD 04-01-2021. Integrata yet to book,1861884213,1861884213,4551456423,-590882299,2021-07-29
10401,,701_455862625_CACEIS,1287005083,OB,OB,No-pair,fx wire,Caceis booked the fx wire for SD 05-15-2020. Integrata yet to book,1287005083,1287005083,4551456423,-590882299,2021-07-29
10402,,12_455799620_CACEIS,1205700395,OB,OB,No-pair,fx wire,Caceis booked the fx wire for SD 03-27-2020. Integrata yet to book,1205700395,1205700395,4551456423,-590882299,2021-07-29
10403,,131_455693832_CACEIS,1063035242,OB,OB,No-pair,fx wire,Caceis booked the fx wire for SD 01-06-2020. Integrata yet to book,1063035242,1063035242,4551456423,-590882299,2021-07-29
10404,,88_4551201062_CACEIS,1734566000,OB,OB,No-pair,proceeds sell,Caceis booked the proceeds sell for SD 01-22-2021. Integrata yet to book,1734566000,1734566000,4551456423,-590882299,2021-07-29
10405,,445_4551149959_CACEIS,1667623309,OB,OB,No-pair,fx wire,Caceis booked the fx wire for SD 12-15-2020. Integrata yet to book,1667623309,1667623309,4551456423,-590882299,2021-07-29
10406,,48_455846205_CACEIS,1265566695,OB,OB,No-pair,fx wire,Caceis booked the fx wire for SD 05-04-2020. Integrata yet to book,1265566695,1265566695,4551456423,-590882299,2021-07-29
10407,,83_455879764_CACEIS,1309543752,OB,OB,No-pair,fx wire,Caceis booked the fx wire for SD 05-29-2020. Integrata yet to book,1309543752,1309543752,4551456423,-590882299,2021-07-29
10408,,31_4551388882_CACEIS,1989667602,OB,OB,No-pair,fees,Caceis booked the fees for SD 06-10-2021. Integrata yet to book,1989667602,1989667602,4551456423,-590882299,2021-07-29
10409,,24_4551388882_CACEIS,1989667631,OB,OB,No-pair,fees,Caceis booked the fees for SD 06-10-2021. Integrata yet to book,1989667631,1989667631,4551456423,-590882299,2021-07-29
10410,,96_455822501_CACEIS,1235307933,OB,OB,No-pair,fx wire,Caceis booked the fx wire for SD 04-15-2020. Integrata yet to book,1235307933,1235307933,4551456423,-590882299,2021-07-29
10411,,223_4551269721_CACEIS,1827474032,OB,OB,No-pair,fx wire,Caceis booked the fx wire for SD 03-15-2021. Integrata yet to book,1827474032,1827474032,4551456423,-590882299,2021-07-29
10412,,8_455874345_CACEIS,1302176814,OB,OB,No-pair,fx wire,Caceis booked the fx wire for SD 05-26-2020. Integrata yet to book,1302176814,1302176814,4551456423,-590882299,2021-07-29
10413,,25_4551388882_CACEIS,1989667636,OB,OB,No-pair,fees,Caceis booked the fees for SD 06-10-2021. Integrata yet to book,1989667636,1989667636,4551456423,-590882299,2021-07-29
10414,,384_455590588_CACEIS,883858411,OB,OB,No-pair,fx wire,Caceis booked the fx wire for SD 10-15-2019. Integrata yet to book,883858411,883858411,4551456423,-590882299,2021-07-29
10415,,22_4551452666_CACEIS,2069926137,OB,OB,No-pair,wire transfer,Caceis booked the wire transfer for SD 07-27-2021. Integrata yet to book,2069926137,2069926137,4551456423,-590882299,2021-07-29
10416,,144_455649350_CACEIS,985331624,OB,OB,No-pair,monthend interest,Caceis booked the monthend interest for SD 12-01-2019. Integrata yet to book,985331624,985331624,4551456423,-590882299,2021-07-29
10417,,65_455898221_CACEIS,1334730787,OB,OB,No-pair,fx wire,Caceis booked the fx wire for SD 06-12-2020. Integrata yet to book,1334730787,1334730787,4551456423,-590882299,2021-07-29
10418,,125_455718167_CACEIS,1096511984,OB,OB,No-pair,fx wire,Caceis booked the fx wire for SD 01-24-2020. Integrata yet to book,1096511984,1096511984,4551456423,-590882299,2021-07-29
10419,,1249_455643841_CACEIS,975324321,OB,OB,No-pair,fx wire,Caceis booked the fx wire for SD 11-15-2019. Integrata yet to book,975324321,975324321,4551456423,-590882299,2021-07-29
10420,,51_455963450_CACEIS,1421777674,OB,OB,No-pair,fx wire,Caceis booked the fx wire for SD 07-31-2020. Integrata yet to book,1421777674,1421777674,4551456423,-590882299,2021-07-29
10421,,92_455745203_CACEIS,1132280303,OB,OB,No-pair,fx wire,Caceis booked the fx wire for SD 02-14-2020. Integrata yet to book,1132280303,1132280303,4551456423,-590882299,2021-07-29
10422,,439_455748445_CACEIS,1136275477,OB,OB,No-pair,fx wire,Caceis booked the fx wire for SD 02-18-2020. Integrata yet to book,1136275477,1136275477,4551456423,-590882299,2021-07-29
10423,,65_455577664_CACEIS,861360892,OB,OB,No-pair,proceeds sell,Caceis booked the proceeds sell for SD 09-30-2019. Integrata yet to book,861360892,861360892,4551456423,-590882299,2021-07-29
10424,,107_455585083_CACEIS,874262410,OB,OB,No-pair,wire transfer,Caceis booked the wire transfer for SD 10-10-2019. Integrata yet to book,874262410,874262410,4551456423,-590882299,2021-07-29
10425,,411_4551109218_CACEIS,1613287127,OB,OB,No-pair,fx wire,Caceis booked the fx wire for SD 11-16-2020. Integrata yet to book,1613287127,1613287127,4551456423,-590882299,2021-07-29
10426,,26_455547231_CACEIS,811491679,OB,OB,No-pair,wire transfer,Caceis booked the wire transfer for SD 09-11-2019. Integrata yet to book,811491679,811491679,4551456423,-590882299,2021-07-29
10427,,131_455777858_CACEIS,1177395892,OB,OB,No-pair,wire transfer,Caceis booked the wire transfer for SD 03-11-2020. Integrata yet to book,1177395892,1177395892,4551456423,-590882299,2021-07-29
10428,,18_455762980_CACEIS,1156897770,OB,OB,No-pair,fx wire,Caceis booked the fx wire for SD 02-28-2020. Integrata yet to book,1156897770,1156897770,4551456423,-590882299,2021-07-29
10429,,532_455783582_CACEIS,1185159776,OB,OB,No-pair,fx wire,Caceis booked the fx wire for SD 03-16-2020. Integrata yet to book,1185159776,1185159776,4551456423,-590882299,2021-07-29
10430,,1247_455822501_CACEIS,1235307714,OB,OB,No-pair,proceeds sell,Caceis booked the proceeds sell for SD 04-14-2020. Integrata yet to book,1235307714,1235307714,4551456423,-590882299,2021-07-29
10431,,166_455978912_CACEIS,1441832219,OB,OB,No-pair,fees,Caceis booked the fees for SD 08-12-2020. Integrata yet to book,1441832219,1441832219,4551456423,-590882299,2021-07-29
10432,,1_4551144082_CACEIS,1659707005,OB,OB,No-pair,fees,Caceis booked the fees for SD 12-10-2020. Integrata yet to book,1659707005,1659707005,4551456423,-590882299,2021-07-29
10433,,38_455808758_CACEIS,1217520395,OB,OB,No-pair,fx wire,Caceis booked the fx wire for SD 04-03-2020. Integrata yet to book,1217520395,1217520395,4551456423,-590882299,2021-07-29
10434,,54_4551020261_CACEIS,1495478254,OB,OB,No-pair,fees,Caceis booked the fees for SD 09-10-2020. Integrata yet to book,1495478254,1495478254,4551456423,-590882299,2021-07-29
10435,,47_4551400940_CACEIS,2004694241,OB,OB,No-pair,fx wire,Caceis booked the fx wire for SD 06-18-2021. Integrata yet to book,2004694241,2004694241,4551456423,-590882299,2021-07-29
10436,,277_455748445_CACEIS,1136275317,OB,OB,No-pair,fx wire,Caceis booked the fx wire for SD 02-18-2020. Integrata yet to book,1136275317,1136275317,4551456423,-590882299,2021-07-29
10437,,134_455978912_CACEIS,1441832204,OB,OB,No-pair,fees,Caceis booked the fees for SD 08-12-2020. Integrata yet to book,1441832204,1441832204,4551456423,-590882299,2021-07-29
10438,,445_455748445_CACEIS,1136275497,OB,OB,No-pair,fx wire,Caceis booked the fx wire for SD 02-18-2020. Integrata yet to book,1136275497,1136275497,4551456423,-590882299,2021-07-29
10439,,183_455940640_CACEIS,1391595937,OB,OB,No-pair,fx wire,Caceis booked the fx wire for SD 07-15-2020. Integrata yet to book,1391595937,1391595937,4551456423,-590882299,2021-07-29
10440,,43_455762980_CACEIS,1156897775,OB,OB,No-pair,monthend interest,Caceis booked the monthend interest for SD 03-01-2020. Integrata yet to book,1156897775,1156897775,4551456423,-590882299,2021-07-29
10441,,843_455822501_CACEIS,1235308815,OB,OB,No-pair,fx wire,Caceis booked the fx wire for SD 04-15-2020. Integrata yet to book,1235308815,1235308815,4551456423,-590882299,2021-07-29
10442,,30_455581623_CACEIS,876699081,OB,OB,No-pair,proceeds sell,Caceis booked the proceeds sell for SD 09-30-2019. Integrata yet to book,876699081,876699081,4551456423,-590882299,2021-07-29
10443,,194_4551066313_CACEIS,1556876455,OB,OB,No-pair,fx wire,Caceis booked the fx wire for SD 10-15-2020. Integrata yet to book,1556876455,1556876455,4551456423,-590882299,2021-07-29
10444,,58_4551343376_CACEIS,1925737837,OB,OB,No-pair,wire transfer,Caceis booked the wire transfer for SD 05-07-2021. Integrata yet to book,1925737837,1925737837,4551456423,-590882299,2021-07-29
10445,,25_4551400940_CACEIS,2004694265,OB,OB,No-pair,wire transfer,Caceis booked the wire transfer for SD 06-18-2021. Integrata yet to book,2004694265,2004694265,4551456423,-590882299,2021-07-29
10446,,130_455748445_CACEIS,1136275203,OB,OB,No-pair,fx wire,Caceis booked the fx wire for SD 02-18-2020. Integrata yet to book,1136275203,1136275203,4551456423,-590882299,2021-07-29
10447,,14_4551107328_CACEIS,1610764966,OB,OB,No-pair,fees,Caceis booked the fees for SD 11-12-2020. Integrata yet to book,1610764966,1610764966,4551456423,-590882299,2021-07-29
10448,,25_455547231_CACEIS,811491672,OB,OB,No-pair,wire transfer,Caceis booked the wire transfer for SD 09-11-2019. Integrata yet to book,811491672,811491672,4551456423,-590882299,2021-07-29
10449,,1158_455822501_CACEIS,1235307841,OB,OB,No-pair,proceeds sell,Caceis booked the proceeds sell for SD 04-13-2020. Integrata yet to book,1235307841,1235307841,4551456423,-590882299,2021-07-29
10450,,164_455726980_CACEIS,1107942591,OB,OB,No-pair,monthend interest,Caceis booked the monthend interest for SD 02-01-2020. Integrata yet to book,1107942591,1107942591,4551456423,-590882299,2021-07-29
10451,,243_4551354754_CACEIS,1942399644,OB,OB,No-pair,fx wire,Caceis booked the fx wire for SD 05-17-2021. Integrata yet to book,1942399644,1942399644,4551456423,-590882299,2021-07-29
10452,,765_4551232906_CACEIS,1780157176,OB,OB,No-pair,fx wire,Caceis booked the fx wire for SD 02-16-2021. Integrata yet to book,1780157176,1780157176,4551456423,-590882299,2021-07-29
10453,,94_4551232906_CACEIS,1780156551,OB,OB,No-pair,fx wire,Caceis booked the fx wire for SD 02-16-2021. Integrata yet to book,1780156551,1780156551,4551456423,-590882299,2021-07-29
10454,,1222_455643841_CACEIS,975324294,OB,OB,No-pair,fx wire,Caceis booked the fx wire for SD 11-15-2019. Integrata yet to book,975324294,975324294,4551456423,-590882299,2021-07-29
10455,,237_4551354754_CACEIS,1942399620,OB,OB,No-pair,fx wire,Caceis booked the fx wire for SD 05-17-2021. Integrata yet to book,1942399620,1942399620,4551456423,-590882299,2021-07-29
10456,,26_4551011052_CACEIS,1483359646,OB,OB,No-pair,fx wire,Caceis booked the fx wire for SD 09-04-2020. Integrata yet to book,1483359646,1483359646,4551456423,-590882299,2021-07-29
10457,,56_4551229444_CACEIS,1775243121,OB,OB,No-pair,wire transfer,Caceis booked the wire transfer for SD 02-12-2021. Integrata yet to book,1775243121,1775243121,4551456423,-590882299,2021-07-29
10458,,341_455822501_CACEIS,1235308178,OB,OB,No-pair,fx wire,Caceis booked the fx wire for SD 04-15-2020. Integrata yet to book,1235308178,1235308178,4551456423,-590882299,2021-07-29
10459,,2_455588740_CACEIS,880930201,OB,OB,No-pair,proceeds sell,Caceis booked the proceeds sell for SD 09-30-2019. Integrata yet to book,880930201,880930201,4551456423,-590882299,2021-07-29
10460,,6_455792433_CACEIS,1196149370,OB,OB,No-pair,wire transfer,Caceis booked the wire transfer for SD 03-23-2020. Integrata yet to book,1196149370,1196149370,4551456423,-590882299,2021-07-29
10461,,111_455748445_CACEIS,1136275184,OB,OB,No-pair,fx wire,Caceis booked the fx wire for SD 02-18-2020. Integrata yet to book,1136275184,1136275184,4551456423,-590882299,2021-07-29
10462,,8_4551011052_CACEIS,1483359676,OB,OB,No-pair,wire transfer,Caceis booked the wire transfer for SD 08-17-2020. Integrata yet to book,1483359676,1483359676,4551456423,-590882299,2021-07-29
10463,,20_455907521_CACEIS,1347197413,OB,OB,No-pair,fx wire,Caceis booked the fx wire for SD 06-19-2020. Integrata yet to book,1347197413,1347197413,4551456423,-590882299,2021-07-29
10464,,102_4551349054_CACEIS,1933657849,OB,OB,No-pair,fees,Caceis booked the fees for SD 05-12-2021. Integrata yet to book,1933657849,1933657849,4551456423,-590882299,2021-07-29
10465,,1292_455822501_CACEIS,1235307721,OB,OB,No-pair,proceeds sell,Caceis booked the proceeds sell for SD 04-14-2020. Integrata yet to book,1235307721,1235307721,4551456423,-590882299,2021-07-29
10466,,744_4551232906_CACEIS,1780156904,OB,OB,No-pair,fx wire,Caceis booked the fx wire for SD 02-16-2021. Integrata yet to book,1780156904,1780156904,4551456423,-590882299,2021-07-29
10467,,7_4551373621_CACEIS,1970229485,OB,OB,No-pair,monthend interest,Caceis booked the monthend interest for SD 06-01-2021. Integrata yet to book,1970229485,1970229485,4551456423,-590882299,2021-07-29
10468,,29_4551277470_CACEIS,1837468636,OB,OB,No-pair,wire transfer,Caceis booked the wire transfer for SD 03-19-2021. Integrata yet to book,1837468636,1837468636,4551456423,-590882299,2021-07-29
10469,,48_4551003590_CACEIS,1473425992,OB,OB,No-pair,monthend interest,Caceis booked the monthend interest for SD 09-01-2020. Integrata yet to book,1473425992,1473425992,4551456423,-590882299,2021-07-29
10470,,115_455777858_CACEIS,1177395863,OB,OB,No-pair,wire transfer,Caceis booked the wire transfer for SD 03-11-2020. Integrata yet to book,1177395863,1177395863,4551456423,-590882299,2021-07-29
10471,,163_455442954_CACEIS,637183842,OB,OB,No-pair,wire transfer,Caceis booked the wire transfer for SD 06-17-2019. Integrata yet to book,637183842,637183842,4551456423,-590882299,2021-07-29
10472,,119_4551349054_CACEIS,1933657806,OB,OB,No-pair,fees,Caceis booked the fees for SD 05-12-2021. Integrata yet to book,1933657806,1933657806,4551456423,-590882299,2021-07-29
10473,,2_455806818_CACEIS,1215188703,OB,OB,No-pair,wire transfer,Caceis booked the wire transfer for SD 04-02-2020. Integrata yet to book,1215188703,1215188703,4551456423,-590882299,2021-07-29
10474,,180_455985296_CACEIS,1449581830,OB,OB,No-pair,fx wire,Caceis booked the fx wire for SD 08-17-2020. Integrata yet to book,1449581830,1449581830,4551456423,-590882299,2021-07-29
10475,,127_4551354754_CACEIS,1942399501,OB,OB,No-pair,fx wire,Caceis booked the fx wire for SD 05-17-2021. Integrata yet to book,1942399501,1942399501,4551456423,-590882299,2021-07-29
10476,,175_455940640_CACEIS,1391596052,OB,OB,No-pair,fx wire,Caceis booked the fx wire for SD 07-15-2020. Integrata yet to book,1391596052,1391596052,4551456423,-590882299,2021-07-29
10477,,108_4551349054_CACEIS,1933657853,OB,OB,No-pair,fees,Caceis booked the fees for SD 05-12-2021. Integrata yet to book,1933657853,1933657853,4551456423,-590882299,2021-07-29
10478,,23_4551195338_CACEIS,1727684725,OB,OB,No-pair,wire transfer,Caceis booked the wire transfer for SD 01-19-2021. Integrata yet to book,1727684725,1727684725,4551456423,-590882299,2021-07-29
10479,,112_4551354754_CACEIS,1942399497,OB,OB,No-pair,fx wire,Caceis booked the fx wire for SD 05-17-2021. Integrata yet to book,1942399497,1942399497,4551456423,-590882299,2021-07-29
10480,,1228_455822501_CACEIS,1235307860,OB,OB,No-pair,proceeds sell,Caceis booked the proceeds sell for SD 04-14-2020. Integrata yet to book,1235307860,1235307860,4551456423,-590882299,2021-07-29
10481,,199_4551269721_CACEIS,1827473993,OB,OB,No-pair,fx wire,Caceis booked the fx wire for SD 03-15-2021. Integrata yet to book,1827473993,1827473993,4551456423,-590882299,2021-07-29
10482,,56_4551269721_CACEIS,1827473873,OB,OB,No-pair,fx wire,Caceis booked the fx wire for SD 03-15-2021. Integrata yet to book,1827473873,1827473873,4551456423,-590882299,2021-07-29
10483,,22_455643841_CACEIS,975323094,OB,OB,No-pair,monthend interest,Caceis booked the monthend interest for SD 10-31-2019. Integrata yet to book,975323094,975323094,4551456423,-590882299,2021-07-29
10484,,74_455748445_CACEIS,1136275168,OB,OB,No-pair,fx wire,Caceis booked the fx wire for SD 02-18-2020. Integrata yet to book,1136275168,1136275168,4551456423,-590882299,2021-07-29
10485,,63_4551349054_CACEIS,1933657883,OB,OB,No-pair,fees,Caceis booked the fees for SD 05-12-2021. Integrata yet to book,1933657883,1933657883,4551456423,-590882299,2021-07-29
10486,,8_324834_CACEIS,466999399,OB,OB,No-pair,wire transfer,Caceis booked the wire transfer for SD 03-08-2019. Integrata yet to book,466999399,466999399,4551456423,-590882299,2021-07-29
10487,,59_455748445_CACEIS,1136275050,OB,OB,No-pair,fx wire,Caceis booked the fx wire for SD 02-18-2020. Integrata yet to book,1136275050,1136275050,4551456423,-590882299,2021-07-29
10488,,27_4551396696_CACEIS,1999487070,OB,OB,No-pair,proceeds sell,Caceis booked the proceeds sell for SD 06-11-2021. Integrata yet to book,1999487070,1999487070,4551456423,-590882299,2021-07-29
10489,,204_455940640_CACEIS,1391596179,OB,OB,No-pair,fx wire,Caceis booked the fx wire for SD 07-15-2020. Integrata yet to book,1391596179,1391596179,4551456423,-590882299,2021-07-29
10490,,541_4551109218_CACEIS,1613287049,OB,OB,No-pair,fx wire,Caceis booked the fx wire for SD 11-16-2020. Integrata yet to book,1613287049,1613287049,4551456423,-590882299,2021-07-29
10491,,4_4551113260_CACEIS,1618326652,OB,OB,No-pair,wire transfer,Caceis booked the wire transfer for SD 11-18-2020. Integrata yet to book,1618326652,1618326652,4551456423,-590882299,2021-07-29
10492,,144_455777858_CACEIS,1177395823,OB,OB,No-pair,wire transfer,Caceis booked the wire transfer for SD 03-11-2020. Integrata yet to book,1177395823,1177395823,4551456423,-590882299,2021-07-29
10493,,84_455822501_CACEIS,1235307913,OB,OB,No-pair,fx wire,Caceis booked the fx wire for SD 04-15-2020. Integrata yet to book,1235307913,1235307913,4551456423,-590882299,2021-07-29
10494,,749_455643841_CACEIS,975323821,OB,OB,No-pair,monthend interest,Caceis booked the monthend interest for SD 10-31-2019. Integrata yet to book,975323821,975323821,4551456423,-590882299,2021-07-29
10495,,67_455799620_CACEIS,1205700402,OB,OB,No-pair,fx wire,Caceis booked the fx wire for SD 03-27-2020. Integrata yet to book,1205700402,1205700402,4551456423,-590882299,2021-07-29
10496,,34_455934920_CACEIS,1383926800,OB,OB,No-pair,fees,Caceis booked the fees for SD 07-10-2020. Integrata yet to book,1383926800,1383926800,4551456423,-590882299,2021-07-29
10497,,57_4551430779_CACEIS,2043021997,OB,OB,No-pair,wire transfer,Caceis booked the wire transfer for SD 07-12-2021. Integrata yet to book,2043021997,2043021997,4551456423,-590882299,2021-07-29
10498,,5_455957648_CACEIS,1414392001,OB,OB,No-pair,wire transfer,Caceis booked the wire transfer for SD 07-27-2020. Integrata yet to book,1414392001,1414392001,4551456423,-590882299,2021-07-29
10499,,7_455934920_CACEIS,1383926659,OB,OB,No-pair,fees,Caceis booked the fees for SD 07-10-2020. Integrata yet to book,1383926659,1383926659,4551456423,-590882299,2021-07-29
10500,,212_455985296_CACEIS,1449582018,OB,OB,No-pair,fx wire,Caceis booked the fx wire for SD 08-17-2020. Integrata yet to book,1449582018,1449582018,4551456423,-590882299,2021-07-29
10501,,478_455900053_CACEIS,1336714021,OB,OB,No-pair,fx wire,Caceis booked the fx wire for SD 06-15-2020. Integrata yet to book,1336714021,1336714021,4551456423,-590882299,2021-07-29
10502,,117_4551436806_CACEIS,2049885800,OB,OB,No-pair,fx wire,Caceis booked the fx wire for SD 07-15-2021. Integrata yet to book,2049885800,2049885800,4551456423,-590882299,2021-07-29
10503,,9_455846205_CACEIS,1265566756,OB,OB,No-pair,fx wire,Caceis booked the fx wire for SD 05-04-2020. Integrata yet to book,1265566756,1265566756,4551456423,-590882299,2021-07-29
10504,,5_455892672_CACEIS,1327457334,OB,OB,No-pair,wire transfer,Caceis booked the wire transfer for SD 06-09-2020. Integrata yet to book,1327457334,1327457334,4551456423,-590882299,2021-07-29
10505,,20_4551197321_CACEIS,1730233493,OB,OB,No-pair,proceeds sell,Caceis booked the proceeds sell for SD 01-20-2021. Integrata yet to book,1730233493,1730233493,4551456423,-590882299,2021-07-29
10506,,607_455643841_CACEIS,975323679,OB,OB,No-pair,wire transfer,Caceis booked the wire transfer for SD 11-18-2019. Integrata yet to book,975323679,975323679,4551456423,-590882299,2021-07-29
10507,,7_4551014647_CACEIS,1487748728,OB,OB,No-pair,wire transfer,Caceis booked the wire transfer for SD 09-08-2020. Integrata yet to book,1487748728,1487748728,4551456423,-590882299,2021-07-29
10508,,9_455408517_CACEIS,589855174,OB,OB,No-pair,wire transfer,Caceis booked the wire transfer for SD 05-17-2019. Integrata yet to book,589855174,589855174,4551456423,-590882299,2021-07-29
10509,,597_4551232906_CACEIS,1780156939,OB,OB,No-pair,fx wire,Caceis booked the fx wire for SD 02-16-2021. Integrata yet to book,1780156939,1780156939,4551456423,-590882299,2021-07-29
10510,,231_455985296_CACEIS,1449581982,OB,OB,No-pair,fx wire,Caceis booked the fx wire for SD 08-17-2020. Integrata yet to book,1449581982,1449581982,4551456423,-590882299,2021-07-29
10511,,30_4551155693_CACEIS,1675163287,OB,OB,No-pair,fx wire,Caceis booked the fx wire for SD 12-18-2020. Integrata yet to book,1675163287,1675163287,4551456423,-590882299,2021-07-29
10512,,6_278910_CACEIS,390854434,OB,OB,No-pair,fx wire,Caceis booked the fx wire for SD 01-25-2019. Integrata yet to book,390854434,390854434,4551456423,-590882299,2021-07-29
10513,,498_4551149959_CACEIS,1667623388,OB,OB,No-pair,fx wire,Caceis booked the fx wire for SD 12-15-2020. Integrata yet to book,1667623388,1667623388,4551456423,-590882299,2021-07-29
10514,,127_455777858_CACEIS,1177395775,OB,OB,No-pair,wire transfer,Caceis booked the wire transfer for SD 03-11-2020. Integrata yet to book,1177395775,1177395775,4551456423,-590882299,2021-07-29
10515,,321_455822501_CACEIS,1235308221,OB,OB,No-pair,wire transfer,Caceis booked the wire transfer for SD 04-14-2020. Integrata yet to book,1235308221,1235308221,4551456423,-590882299,2021-07-29
10516,,10_455846205_CACEIS,1265566762,OB,OB,No-pair,fx wire,Caceis booked the fx wire for SD 05-04-2020. Integrata yet to book,1265566762,1265566762,4551456423,-590882299,2021-07-29
10517,,102_4551430779_CACEIS,2043021941,OB,OB,No-pair,wire transfer,Caceis booked the wire transfer for SD 07-12-2021. Integrata yet to book,2043021941,2043021941,4551456423,-590882299,2021-07-29
10518,,183_455706635_CACEIS,1081907515,OB,OB,No-pair,fx wire,Caceis booked the fx wire for SD 01-15-2020. Integrata yet to book,1081907515,1081907515,4551456423,-590882299,2021-07-29
10519,,438_455940640_CACEIS,1391596342,OB,OB,No-pair,fx wire,Caceis booked the fx wire for SD 07-15-2020. Integrata yet to book,1391596342,1391596342,4551456423,-590882299,2021-07-29
10520,,431_455822501_CACEIS,1235308149,OB,OB,No-pair,wire transfer,Caceis booked the wire transfer for SD 04-14-2020. Integrata yet to book,1235308149,1235308149,4551456423,-590882299,2021-07-29
10521,,52_455991947_CACEIS,1458093884,OB,OB,No-pair,fx wire,Caceis booked the fx wire for SD 08-21-2020. Integrata yet to book,1458093884,1458093884,4551456423,-590882299,2021-07-29
10522,,90_455726980_CACEIS,1107942698,OB,OB,No-pair,monthend interest,Caceis booked the monthend interest for SD 02-01-2020. Integrata yet to book,1107942698,1107942698,4551456423,-590882299,2021-07-29
10523,,67_455516633_CACEIS,760048282,OB,OB,No-pair,fx wire,Caceis booked the fx wire for SD 08-16-2019. Integrata yet to book,760048282,760048282,4551456423,-590882299,2021-07-29
10524,,10_4551087502_CACEIS,1584326610,OB,OB,No-pair,wire transfer,Caceis booked the wire transfer for SD 10-30-2020. Integrata yet to book,1584326610,1584326610,4551456423,-590882299,2021-07-29
10525,,30_455706635_CACEIS,1081907276,OB,OB,No-pair,fx wire,Caceis booked the fx wire for SD 01-15-2020. Integrata yet to book,1081907276,1081907276,4551456423,-590882299,2021-07-29
10526,,339_455862625_CACEIS,1287003172,OB,OB,No-pair,fx wire,Caceis booked the fx wire for SD 05-15-2020. Integrata yet to book,1287003172,1287003172,4551456423,-590882299,2021-07-29
10527,,34_455667500_CACEIS,1017540708,OB,OB,No-pair,fx wire,Caceis booked the fx wire for SD 12-13-2019. Integrata yet to book,1017540708,1017540708,4551456423,-590882299,2021-07-29
10528,,694_4551232906_CACEIS,1780157129,OB,OB,No-pair,fx wire,Caceis booked the fx wire for SD 02-16-2021. Integrata yet to book,1780157129,1780157129,4551456423,-590882299,2021-07-29
10529,,469_455783582_CACEIS,1185159633,OB,OB,No-pair,fx wire,Caceis booked the fx wire for SD 03-16-2020. Integrata yet to book,1185159633,1185159633,4551456423,-590882299,2021-07-29
10530,,39_455585083_CACEIS,874262420,OB,OB,No-pair,proceeds sell,Caceis booked the proceeds sell for SD 10-10-2019. Integrata yet to book,874262420,874262420,4551456423,-590882299,2021-07-29
10531,,5_455667500_CACEIS,1017540687,OB,OB,No-pair,fx wire,Caceis booked the fx wire for SD 12-13-2019. Integrata yet to book,1017540687,1017540687,4551456423,-590882299,2021-07-29
10532,,631_4551232906_CACEIS,1780157103,OB,OB,No-pair,fx wire,Caceis booked the fx wire for SD 02-16-2021. Integrata yet to book,1780157103,1780157103,4551456423,-590882299,2021-07-29
10533,,5_455507970_CACEIS,745225894,OB,OB,No-pair,fx wire,Caceis booked the fx wire for SD 08-09-2019. Integrata yet to book,745225894,745225894,4551456423,-590882299,2021-07-29
10534,,51_4551127906_CACEIS,1637981957,OB,OB,No-pair,monthend interest,Caceis booked the monthend interest for SD 12-01-2020. Integrata yet to book,1637981957,1637981957,4551456423,-590882299,2021-07-29
10535,,422_455822501_CACEIS,1235308266,OB,OB,No-pair,wire transfer,Caceis booked the wire transfer for SD 04-14-2020. Integrata yet to book,1235308266,1235308266,4551456423,-590882299,2021-07-29
10536,,13_455803095_CACEIS,1210223530,OB,OB,No-pair,monthend interest,Caceis booked the monthend interest for SD 04-01-2020. Integrata yet to book,1210223530,1210223530,4551456423,-590882299,2021-07-29
10537,,479_455783582_CACEIS,1185159740,OB,OB,No-pair,fx wire,Caceis booked the fx wire for SD 03-16-2020. Integrata yet to book,1185159740,1185159740,4551456423,-590882299,2021-07-29
10538,,59_4551136088_CACEIS,1649475113,OB,OB,No-pair,fx wire,Caceis booked the fx wire for SD 12-04-2020. Integrata yet to book,1649475113,1649475113,4551456423,-590882299,2021-07-29
10539,,72_4551430779_CACEIS,2043021940,OB,OB,No-pair,wire transfer,Caceis booked the wire transfer for SD 07-12-2021. Integrata yet to book,2043021940,2043021940,4551456423,-590882299,2021-07-29
10540,,97_368123_CACEIS,532374170,OB,OB,No-pair,fx wire,Caceis booked the fx wire for SD 04-15-2019. Integrata yet to book,532374170,532374170,4551456423,-590882299,2021-07-29
10541,,386_455822501_CACEIS,1235308253,OB,OB,No-pair,wire transfer,Caceis booked the wire transfer for SD 04-14-2020. Integrata yet to book,1235308253,1235308253,4551456423,-590882299,2021-07-29
10542,,102_455748445_CACEIS,1136275214,OB,OB,No-pair,fx wire,Caceis booked the fx wire for SD 02-18-2020. Integrata yet to book,1136275214,1136275214,4551456423,-590882299,2021-07-29
10543,,24_4551411869_CACEIS,2018959425,OB,OB,No-pair,wire transfer,Caceis booked the wire transfer for SD 06-28-2021. Integrata yet to book,2018959425,2018959425,4551456423,-590882299,2021-07-29
10544,,29_455898221_CACEIS,1334730709,OB,OB,No-pair,fees,Caceis booked the fees for SD 06-12-2020. Integrata yet to book,1334730709,1334730709,4551456423,-590882299,2021-07-29
10545,,480_455862625_CACEIS,1287003814,OB,OB,No-pair,fx wire,Caceis booked the fx wire for SD 05-15-2020. Integrata yet to book,1287003814,1287003814,4551456423,-590882299,2021-07-29
10546,,335_455590588_CACEIS,883858731,OB,OB,No-pair,fx wire,Caceis booked the fx wire for SD 10-15-2019. Integrata yet to book,883858731,883858731,4551456423,-590882299,2021-07-29
10547,,19_455864447_CACEIS,1289293345,OB,OB,No-pair,fees,Caceis booked the fees for SD 05-18-2020. Integrata yet to book,1289293345,1289293345,4551456423,-590882299,2021-07-29
10548,,57_455889377_CACEIS,1323110221,OB,OB,No-pair,fx wire,Caceis booked the fx wire for SD 06-05-2020. Integrata yet to book,1323110221,1323110221,4551456423,-590882299,2021-07-29
10549,,467_455862625_CACEIS,1287003197,OB,OB,No-pair,fx wire,Caceis booked the fx wire for SD 05-15-2020. Integrata yet to book,1287003197,1287003197,4551456423,-590882299,2021-07-29
10550,,10_4551239617_CACEIS,1789074719,OB,OB,No-pair,fx wire,Caceis booked the fx wire for SD 02-19-2021. Integrata yet to book,1789074719,1789074719,4551456423,-590882299,2021-07-29
10551,,478_455822501_CACEIS,1235308153,OB,OB,No-pair,wire transfer,Caceis booked the wire transfer for SD 04-14-2020. Integrata yet to book,1235308153,1235308153,4551456423,-590882299,2021-07-29
10552,,93_4551060531_CACEIS,1548950734,OB,OB,No-pair,wire transfer,Caceis booked the wire transfer for SD 10-12-2020. Integrata yet to book,1548950734,1548950734,4551456423,-590882299,2021-07-29
10553,,159_4551232906_CACEIS,1780156544,OB,OB,No-pair,fx wire,Caceis booked the fx wire for SD 02-16-2021. Integrata yet to book,1780156544,1780156544,4551456423,-590882299,2021-07-29
10554,,432_455783582_CACEIS,1185159713,OB,OB,No-pair,fx wire,Caceis booked the fx wire for SD 03-16-2020. Integrata yet to book,1185159713,1185159713,4551456423,-590882299,2021-07-29
10555,,530_455862625_CACEIS,1287003521,OB,OB,No-pair,wire transfer,Caceis booked the wire transfer for SD 05-13-2020. Integrata yet to book,1287003521,1287003521,4551456423,-590882299,2021-07-29
10556,,63_455610697_CACEIS,917943327,OB,OB,No-pair,fx wire,Caceis booked the fx wire for SD 10-18-2019. Integrata yet to book,917943327,917943327,4551456423,-590882299,2021-07-29
10557,,88_4551060531_CACEIS,1548950679,OB,OB,No-pair,wire transfer,Caceis booked the wire transfer for SD 10-12-2020. Integrata yet to book,1548950679,1548950679,4551456423,-590882299,2021-07-29
10558,,60_4551430779_CACEIS,2043022013,OB,OB,No-pair,wire transfer,Caceis booked the wire transfer for SD 07-12-2021. Integrata yet to book,2043022013,2043022013,4551456423,-590882299,2021-07-29
10559,,4_455961594_CACEIS,1419470974,OB,OB,No-pair,wire transfer,Caceis booked the wire transfer for SD 07-30-2020. Integrata yet to book,1419470974,1419470974,4551456423,-590882299,2021-07-29
10560,,409_455862625_CACEIS,1287003593,OB,OB,No-pair,fx wire,Caceis booked the fx wire for SD 05-15-2020. Integrata yet to book,1287003593,1287003593,4551456423,-590882299,2021-07-29
10561,,129_4551232906_CACEIS,1780156534,OB,OB,No-pair,fx wire,Caceis booked the fx wire for SD 02-16-2021. Integrata yet to book,1780156534,1780156534,4551456423,-590882299,2021-07-29
10562,,75_4551060531_CACEIS,1548950635,OB,OB,No-pair,wire transfer,Caceis booked the wire transfer for SD 10-12-2020. Integrata yet to book,1548950635,1548950635,4551456423,-590882299,2021-07-29
10563,,470_455985296_CACEIS,1449582151,OB,OB,No-pair,fx wire,Caceis booked the fx wire for SD 08-17-2020. Integrata yet to book,1449582151,1449582151,4551456423,-590882299,2021-07-29
10564,,23_455646278_CACEIS,979597515,OB,OB,No-pair,fx wire,Caceis booked the fx wire for SD 11-27-2019. Integrata yet to book,979597515,979597515,4551456423,-590882299,2021-07-29
10565,,1_4551131887_CACEIS,1643730711,OB,OB,No-pair,wire transfer,Caceis booked the wire transfer for SD 12-02-2020. Integrata yet to book,1643730711,1643730711,4551456423,-590882299,2021-07-29
10566,,38_306589_CACEIS,433998204,OB,OB,No-pair,fx wire,Caceis booked the fx wire for SD 02-15-2019. Integrata yet to book,433998204,433998204,4551456423,-590882299,2021-07-29
10567,,89_455404958_CACEIS,585162391,OB,OB,No-pair,fx wire,Caceis booked the fx wire for SD 05-15-2019. Integrata yet to book,585162391,585162391,4551456423,-590882299,2021-07-29
10568,,81_4551430779_CACEIS,2043021975,OB,OB,No-pair,wire transfer,Caceis booked the wire transfer for SD 07-12-2021. Integrata yet to book,2043021975,2043021975,4551456423,-590882299,2021-07-29
10569,,38_455820754_CACEIS,1233177764,OB,OB,No-pair,fx wire,Caceis booked the fx wire for SD 04-14-2020. Integrata yet to book,1233177764,1233177764,4551456423,-590882299,2021-07-29
10570,,89_455753887_CACEIS,1143364842,OB,OB,No-pair,fx wire,Caceis booked the fx wire for SD 02-21-2020. Integrata yet to book,1143364842,1143364842,4551456423,-590882299,2021-07-29
10571,,6_4551068550_CACEIS,1559437421,OB,OB,No-pair,fx wire,Caceis booked the fx wire for SD 10-16-2020. Integrata yet to book,1559437421,1559437421,4551456423,-590882299,2021-07-29
10572,,85_4551381021_CACEIS,1979694301,OB,OB,No-pair,fx wire,Caceis booked the fx wire for SD 06-04-2021. Integrata yet to book,1979694301,1979694301,4551456423,-590882299,2021-07-29
10573,,12_4551289089_CACEIS,1852875969,OB,OB,No-pair,wire transfer,Caceis booked the wire transfer for SD 03-26-2021. Integrata yet to book,1852875969,1852875969,4551456423,-590882299,2021-07-29
10574,,75_4551381021_CACEIS,1979694279,OB,OB,No-pair,fx wire,Caceis booked the fx wire for SD 06-04-2021. Integrata yet to book,1979694279,1979694279,4551456423,-590882299,2021-07-29
10575,,2_455920273_CACEIS,1364559741,OB,OB,No-pair,monthend interest,Caceis booked the monthend interest for SD 07-01-2020. Integrata yet to book,1364559741,1364559741,4551456423,-590882299,2021-07-29
10576,,232_4551109218_CACEIS,1613286863,OB,OB,No-pair,fx wire,Caceis booked the fx wire for SD 11-16-2020. Integrata yet to book,1613286863,1613286863,4551456423,-590882299,2021-07-29
10577,,5_455963450_CACEIS,1421777706,OB,OB,No-pair,monthend interest,Caceis booked the monthend interest for SD 08-01-2020. Integrata yet to book,1421777706,1421777706,4551456423,-590882299,2021-07-29
10578,,13_341093_CACEIS,490673987,OB,OB,No-pair,wire transfer,Caceis booked the wire transfer for SD 03-22-2019. Integrata yet to book,490673987,490673987,4551456423,-590882299,2021-07-29
10579,,94_455822501_CACEIS,1235307874,OB,OB,No-pair,fx wire,Caceis booked the fx wire for SD 04-15-2020. Integrata yet to book,1235307874,1235307874,4551456423,-590882299,2021-07-29
10580,,158_455643841_CACEIS,975323230,OB,OB,No-pair,fx wire,Caceis booked the fx wire for SD 11-08-2019. Integrata yet to book,975323230,975323230,4551456423,-590882299,2021-07-29
10581,,1289_455643841_CACEIS,975324361,OB,OB,No-pair,fx wire,Caceis booked the fx wire for SD 11-15-2019. Integrata yet to book,975324361,975324361,4551456423,-590882299,2021-07-29
10582,,75_455940640_CACEIS,1391595939,OB,OB,No-pair,fx wire,Caceis booked the fx wire for SD 07-15-2020. Integrata yet to book,1391595939,1391595939,4551456423,-590882299,2021-07-29
10583,,3_455977022_CACEIS,1439406722,OB,OB,No-pair,wire transfer,Caceis booked the wire transfer for SD 08-11-2020. Integrata yet to book,1439406722,1439406722,4551456423,-590882299,2021-07-29
10584,,712_4551232906_CACEIS,1780157148,OB,OB,No-pair,fx wire,Caceis booked the fx wire for SD 02-16-2021. Integrata yet to book,1780157148,1780157148,4551456423,-590882299,2021-07-29
10585,,8_4551127906_CACEIS,1637981913,OB,OB,No-pair,monthend interest,Caceis booked the monthend interest for SD 12-01-2020. Integrata yet to book,1637981913,1637981913,4551456423,-590882299,2021-07-29
10586,,8_4551201062_CACEIS,1734565929,OB,OB,No-pair,wire transfer,Caceis booked the wire transfer for SD 01-22-2021. Integrata yet to book,1734565929,1734565929,4551456423,-590882299,2021-07-29
10587,,281_4551109218_CACEIS,1613286852,OB,OB,No-pair,fx wire,Caceis booked the fx wire for SD 11-16-2020. Integrata yet to book,1613286852,1613286852,4551456423,-590882299,2021-07-29
10588,,437_455862625_CACEIS,1287003569,OB,OB,No-pair,fx wire,Caceis booked the fx wire for SD 05-15-2020. Integrata yet to book,1287003569,1287003569,4551456423,-590882299,2021-07-29
10589,,109_455862625_CACEIS,1287003143,OB,OB,No-pair,fx wire,Caceis booked the fx wire for SD 05-15-2020. Integrata yet to book,1287003143,1287003143,4551456423,-590882299,2021-07-29
10590,,91_4551060531_CACEIS,1548950722,OB,OB,No-pair,fees,Caceis booked the fees for SD 10-12-2020. Integrata yet to book,1548950722,1548950722,4551456423,-590882299,2021-07-29
10591,,14_4551171343_CACEIS,1696929206,OB,OB,No-pair,monthend interest,Caceis booked the monthend interest for SD 01-01-2021. Integrata yet to book,1696929206,1696929206,4551456423,-590882299,2021-07-29
10592,,46_455783582_CACEIS,1185159342,OB,OB,No-pair,fx wire,Caceis booked the fx wire for SD 03-16-2020. Integrata yet to book,1185159342,1185159342,4551456423,-590882299,2021-07-29
10593,,59_455688261_CACEIS,1053516671,OB,OB,No-pair,fx wire,Caceis booked the fx wire for SD 12-31-2019. Integrata yet to book,1053516671,1053516671,4551456423,-590882299,2021-07-29
10594,,432_455748445_CACEIS,1136275439,OB,OB,No-pair,fx wire,Caceis booked the fx wire for SD 02-18-2020. Integrata yet to book,1136275439,1136275439,4551456423,-590882299,2021-07-29
10595,,118_306589_CACEIS,433998295,OB,OB,No-pair,fx wire,Caceis booked the fx wire for SD 02-15-2019. Integrata yet to book,433998295,433998295,4551456423,-590882299,2021-07-29
10596,,61_455688261_CACEIS,1053516694,OB,OB,No-pair,fx wire,Caceis booked the fx wire for SD 12-31-2019. Integrata yet to book,1053516694,1053516694,4551456423,-590882299,2021-07-29
10597,,459_455862625_CACEIS,1287003597,OB,OB,No-pair,fx wire,Caceis booked the fx wire for SD 05-15-2020. Integrata yet to book,1287003597,1287003597,4551456423,-590882299,2021-07-29
10598,,975_455822501_CACEIS,1235307960,OB,OB,No-pair,fx wire,Caceis booked the fx wire for SD 04-15-2020. Integrata yet to book,1235307960,1235307960,4551456423,-590882299,2021-07-29
10599,,35_4551105378_CACEIS,1608089287,OB,OB,No-pair,fees,Caceis booked the fees for SD 11-12-2020. Integrata yet to book,1608089287,1608089287,4551456423,-590882299,2021-07-29
10600,,9_455820754_CACEIS,1233177628,OB,OB,No-pair,fx wire,Caceis booked the fx wire for SD 04-14-2020. Integrata yet to book,1233177628,1233177628,4551456423,-590882299,2021-07-29
10601,,487_4551109218_CACEIS,1613286987,OB,OB,No-pair,fx wire,Caceis booked the fx wire for SD 11-16-2020. Integrata yet to book,1613286987,1613286987,4551456423,-590882299,2021-07-29
10602,,2_455690056_CACEIS,1057181219,OB,OB,No-pair,wire transfer,Caceis booked the wire transfer for SD 01-02-2020. Integrata yet to book,1057181219,1057181219,4551456423,-590882299,2021-07-29
10603,,24_4551105378_CACEIS,1608089247,OB,OB,No-pair,fees,Caceis booked the fees for SD 11-12-2020. Integrata yet to book,1608089247,1608089247,4551456423,-590882299,2021-07-29
10604,,29_4551023983_CACEIS,1500213879,OB,OB,No-pair,fx wire,Caceis booked the fx wire for SD 09-15-2020. Integrata yet to book,1500213879,1500213879,4551456423,-590882299,2021-07-29
10605,,68_455940640_CACEIS,1391595990,OB,OB,No-pair,fx wire,Caceis booked the fx wire for SD 07-15-2020. Integrata yet to book,1391595990,1391595990,4551456423,-590882299,2021-07-29
10606,,89_4551430779_CACEIS,2043022003,OB,OB,No-pair,wire transfer,Caceis booked the wire transfer for SD 07-12-2021. Integrata yet to book,2043022003,2043022003,4551456423,-590882299,2021-07-29
10607,,157_455693832_CACEIS,1063035204,OB,OB,No-pair,fees,Caceis booked the fees for SD 01-06-2020. Integrata yet to book,1063035204,1063035204,4551456423,-590882299,2021-07-29
10608,,52_4551060531_CACEIS,1548950740,OB,OB,No-pair,fees,Caceis booked the fees for SD 10-12-2020. Integrata yet to book,1548950740,1548950740,4551456423,-590882299,2021-07-29
10609,,1342_455643841_CACEIS,975324414,OB,OB,No-pair,fx wire,Caceis booked the fx wire for SD 11-15-2019. Integrata yet to book,975324414,975324414,4551456423,-590882299,2021-07-29
10610,,520_455862625_CACEIS,1287004842,OB,OB,No-pair,fx wire,Caceis booked the fx wire for SD 05-15-2020. Integrata yet to book,1287004842,1287004842,4551456423,-590882299,2021-07-29
10611,,204_455783582_CACEIS,1185159326,OB,OB,No-pair,fx wire,Caceis booked the fx wire for SD 03-16-2020. Integrata yet to book,1185159326,1185159326,4551456423,-590882299,2021-07-29
10612,,112_455822501_CACEIS,1235308025,OB,OB,No-pair,fx wire,Caceis booked the fx wire for SD 04-15-2020. Integrata yet to book,1235308025,1235308025,4551456423,-590882299,2021-07-29
10613,,67_455663909_CACEIS,1011570717,OB,OB,No-pair,fees,Caceis booked the fees for SD 12-11-2019. Integrata yet to book,1011570717,1011570717,4551456423,-590882299,2021-07-29
10614,,6_4551003590_CACEIS,1473425958,OB,OB,No-pair,monthend interest,Caceis booked the monthend interest for SD 09-01-2020. Integrata yet to book,1473425958,1473425958,4551456423,-590882299,2021-07-29
10615,,4_4551105378_CACEIS,1608089158,OB,OB,No-pair,fees,Caceis booked the fees for SD 11-12-2020. Integrata yet to book,1608089158,1608089158,4551456423,-590882299,2021-07-29
10616,,108_455862625_CACEIS,1287003122,OB,OB,No-pair,fx wire,Caceis booked the fx wire for SD 05-15-2020. Integrata yet to book,1287003122,1287003122,4551456423,-590882299,2021-07-29
10617,,439_455783582_CACEIS,1185159691,OB,OB,No-pair,fx wire,Caceis booked the fx wire for SD 03-16-2020. Integrata yet to book,1185159691,1185159691,4551456423,-590882299,2021-07-29
10618,,76_4551430779_CACEIS,2043021966,OB,OB,No-pair,wire transfer,Caceis booked the wire transfer for SD 07-12-2021. Integrata yet to book,2043021966,2043021966,4551456423,-590882299,2021-07-29
10619,,207_4551023983_CACEIS,1500214062,OB,OB,No-pair,fx wire,Caceis booked the fx wire for SD 09-15-2020. Integrata yet to book,1500214062,1500214062,4551456423,-590882299,2021-07-29
10620,,232_4551023983_CACEIS,1500214018,OB,OB,No-pair,fx wire,Caceis booked the fx wire for SD 09-15-2020. Integrata yet to book,1500214018,1500214018,4551456423,-590882299,2021-07-29
10621,,1501_455643841_CACEIS,975324573,OB,OB,No-pair,monthend interest,Caceis booked the monthend interest for SD 11-18-2019. Integrata yet to book,975324573,975324573,4551456423,-590882299,2021-07-29
10622,,11_455449139_CACEIS,646003522,OB,OB,No-pair,fx wire,Caceis booked the fx wire for SD 06-21-2019. Integrata yet to book,646003522,646003522,4551456423,-590882299,2021-07-29
10623,,247_4551313388_CACEIS,1883527947,OB,OB,No-pair,fx wire,Caceis booked the fx wire for SD 04-15-2021. Integrata yet to book,1883527947,1883527947,4551456423,-590882299,2021-07-29
10624,,5_455975272_CACEIS,1437188651,OB,OB,No-pair,wire transfer,Caceis booked the wire transfer for SD 08-10-2020. Integrata yet to book,1437188651,1437188651,4551456423,-590882299,2021-07-29
10625,,278_4551149959_CACEIS,1667623144,OB,OB,No-pair,fx wire,Caceis booked the fx wire for SD 12-15-2020. Integrata yet to book,1667623144,1667623144,4551456423,-590882299,2021-07-29
10626,,32_4551023983_CACEIS,1500213800,OB,OB,No-pair,fx wire,Caceis booked the fx wire for SD 09-15-2020. Integrata yet to book,1500213800,1500213800,4551456423,-590882299,2021-07-29
10627,,12_4551299798_CACEIS,1866915123,OB,OB,No-pair,fx wire,Caceis booked the fx wire for SD 04-06-2021. Integrata yet to book,1866915123,1866915123,4551456423,-590882299,2021-07-29
10628,,497_455643841_CACEIS,975323569,OB,OB,No-pair,fx wire,Caceis booked the fx wire for SD 11-15-2019. Integrata yet to book,975323569,975323569,4551456423,-590882299,2021-07-29
10629,,424_4551109218_CACEIS,1613286979,OB,OB,No-pair,fx wire,Caceis booked the fx wire for SD 11-16-2020. Integrata yet to book,1613286979,1613286979,4551456423,-590882299,2021-07-29
10630,,367_455985296_CACEIS,1449582012,OB,OB,No-pair,fx wire,Caceis booked the fx wire for SD 08-17-2020. Integrata yet to book,1449582012,1449582012,4551456423,-590882299,2021-07-29
10631,,83_4551060531_CACEIS,1548950617,OB,OB,No-pair,wire transfer,Caceis booked the wire transfer for SD 10-12-2020. Integrata yet to book,1548950617,1548950617,4551456423,-590882299,2021-07-29
10632,,528_455783582_CACEIS,1185159611,OB,OB,No-pair,fx wire,Caceis booked the fx wire for SD 03-16-2020. Integrata yet to book,1185159611,1185159611,4551456423,-590882299,2021-07-29
10633,,1_455855307_CACEIS,1277546933,OB,OB,No-pair,wire transfer,Caceis booked the wire transfer for SD 05-11-2020. Integrata yet to book,1277546933,1277546933,4551456423,-590882299,2021-07-29
10634,,380_4551232906_CACEIS,1780156749,OB,OB,No-pair,fx wire,Caceis booked the fx wire for SD 02-16-2021. Integrata yet to book,1780156749,1780156749,4551456423,-590882299,2021-07-29
10635,,28_455934920_CACEIS,1383926758,OB,OB,No-pair,fees,Caceis booked the fees for SD 07-10-2020. Integrata yet to book,1383926758,1383926758,4551456423,-590882299,2021-07-29
10636,,2_455934920_CACEIS,1383926820,OB,OB,No-pair,fees,Caceis booked the fees for SD 07-10-2020. Integrata yet to book,1383926820,1383926820,4551456423,-590882299,2021-07-29
10637,,94_4551430779_CACEIS,2043021996,OB,OB,No-pair,wire transfer,Caceis booked the wire transfer for SD 07-12-2021. Integrata yet to book,2043021996,2043021996,4551456423,-590882299,2021-07-29
10638,,120_455442954_CACEIS,637183899,OB,OB,No-pair,fx wire,Caceis booked the fx wire for SD 06-17-2019. Integrata yet to book,637183899,637183899,4551456423,-590882299,2021-07-29
10639,,140_455688261_CACEIS,1053516649,OB,OB,No-pair,monthend interest,Caceis booked the monthend interest for SD 01-01-2020. Integrata yet to book,1053516649,1053516649,4551456423,-590882299,2021-07-29
10640,,42_4551060531_CACEIS,1548950639,OB,OB,No-pair,wire transfer,Caceis booked the wire transfer for SD 10-12-2020. Integrata yet to book,1548950639,1548950639,4551456423,-590882299,2021-07-29
10641,,59_455554115_CACEIS,824385060,OB,OB,No-pair,fx wire,Caceis booked the fx wire for SD 09-17-2019. Integrata yet to book,824385060,824385060,4551456423,-590882299,2021-07-29
10642,,82_455706635_CACEIS,1081907271,OB,OB,No-pair,fx wire,Caceis booked the fx wire for SD 01-15-2020. Integrata yet to book,1081907271,1081907271,4551456423,-590882299,2021-07-29
10643,,38_455693832_CACEIS,1063035152,OB,OB,No-pair,fees,Caceis booked the fees for SD 01-06-2020. Integrata yet to book,1063035152,1063035152,4551456423,-590882299,2021-07-29
10644,,444_4551066313_CACEIS,1556876696,OB,OB,No-pair,fx wire,Caceis booked the fx wire for SD 10-15-2020. Integrata yet to book,1556876696,1556876696,4551456423,-590882299,2021-07-29
10645,,80_4551060531_CACEIS,1548950689,OB,OB,No-pair,wire transfer,Caceis booked the wire transfer for SD 10-12-2020. Integrata yet to book,1548950689,1548950689,4551456423,-590882299,2021-07-29
10646,,99_4551060531_CACEIS,1548950631,OB,OB,No-pair,fees,Caceis booked the fees for SD 10-12-2020. Integrata yet to book,1548950631,1548950631,4551456423,-590882299,2021-07-29
10647,,388_455643841_CACEIS,975323460,OB,OB,No-pair,fx wire,Caceis booked the fx wire for SD 11-15-2019. Integrata yet to book,975323460,975323460,4551456423,-590882299,2021-07-29
10648,,65_4551430779_CACEIS,2043022010,OB,OB,No-pair,wire transfer,Caceis booked the wire transfer for SD 07-12-2021. Integrata yet to book,2043022010,2043022010,4551456423,-590882299,2021-07-29
10649,,45_267975_CACEIS,368747217,OB,OB,No-pair,fx wire,Caceis booked the fx wire for SD 01-15-2019. Integrata yet to book,368747217,368747217,4551456423,-590882299,2021-07-29
10650,,343_455900053_CACEIS,1336713601,OB,OB,No-pair,fx wire,Caceis booked the fx wire for SD 06-15-2020. Integrata yet to book,1336713601,1336713601,4551456423,-590882299,2021-07-29
10651,,8_455934920_CACEIS,1383926681,OB,OB,No-pair,fees,Caceis booked the fees for SD 07-10-2020. Integrata yet to book,1383926681,1383926681,4551456423,-590882299,2021-07-29
10652,,554_455783582_CACEIS,1185159623,OB,OB,No-pair,fx wire,Caceis booked the fx wire for SD 03-16-2020. Integrata yet to book,1185159623,1185159623,4551456423,-590882299,2021-07-29
10653,,42_4551260237_CACEIS,1815145581,OB,OB,No-pair,wire transfer,Caceis booked the wire transfer for SD 03-08-2021. Integrata yet to book,1815145581,1815145581,4551456423,-590882299,2021-07-29
10654,,210_455862625_CACEIS,1287002819,OB,OB,No-pair,fees,Caceis booked the fees for SD 05-13-2020. Integrata yet to book,1287002819,1287002819,4551456423,-590882299,2021-07-29
10655,,15_455934920_CACEIS,1383926692,OB,OB,No-pair,fees,Caceis booked the fees for SD 07-10-2020. Integrata yet to book,1383926692,1383926692,4551456423,-590882299,2021-07-29
10656,,50_4551248485_CACEIS,1800039368,OB,OB,No-pair,wire transfer,Caceis booked the wire transfer for SD 02-25-2021. Integrata yet to book,1800039368,1800039368,4551456423,-590882299,2021-07-29
10657,,243_455783582_CACEIS,1185159417,OB,OB,No-pair,fx wire,Caceis booked the fx wire for SD 03-16-2020. Integrata yet to book,1185159417,1185159417,4551456423,-590882299,2021-07-29
10658,,47_4551003590_CACEIS,1473425988,OB,OB,No-pair,monthend interest,Caceis booked the monthend interest for SD 09-01-2020. Integrata yet to book,1473425988,1473425988,4551456423,-590882299,2021-07-29
10659,,42_4551066313_CACEIS,1556876394,OB,OB,No-pair,fx wire,Caceis booked the fx wire for SD 10-15-2020. Integrata yet to book,1556876394,1556876394,4551456423,-590882299,2021-07-29
10660,,40_455693832_CACEIS,1063035170,OB,OB,No-pair,fees,Caceis booked the fees for SD 01-06-2020. Integrata yet to book,1063035170,1063035170,4551456423,-590882299,2021-07-29
10661,,86_455590588_CACEIS,883858357,OB,OB,No-pair,fx wire,Caceis booked the fx wire for SD 10-15-2019. Integrata yet to book,883858357,883858357,4551456423,-590882299,2021-07-29
10662,,32_4551182476_CACEIS,1710215375,OB,OB,No-pair,fx wire,Caceis booked the fx wire for SD 01-08-2021. Integrata yet to book,1710215375,1710215375,4551456423,-590882299,2021-07-29
10663,,863_455822501_CACEIS,1235308732,OB,OB,No-pair,fees,Caceis booked the fees for SD 04-14-2020. Integrata yet to book,1235308732,1235308732,4551456423,-590882299,2021-07-29
10664,,3_4551039598_CACEIS,1521245897,OB,OB,No-pair,fx wire,Caceis booked the fx wire for SD 09-25-2020. Integrata yet to book,1521245897,1521245897,4551456423,-590882299,2021-07-29
10665,,33_455693832_CACEIS,1063035299,OB,OB,No-pair,fees,Caceis booked the fees for SD 01-06-2020. Integrata yet to book,1063035299,1063035299,4551456423,-590882299,2021-07-29
10666,,8_455586694_CACEIS,876699128,OB,OB,No-pair,fx wire,Caceis booked the fx wire for SD 10-11-2019. Integrata yet to book,876699128,876699128,4551456423,-590882299,2021-07-29
10667,,482_455822501_CACEIS,1235308191,OB,OB,No-pair,wire transfer,Caceis booked the wire transfer for SD 04-14-2020. Integrata yet to book,1235308191,1235308191,4551456423,-590882299,2021-07-29
10668,,37_4551125930_CACEIS,1635426469,OB,OB,No-pair,fx wire,Caceis booked the fx wire for SD 11-27-2020. Integrata yet to book,1635426469,1635426469,4551456423,-590882299,2021-07-29
10669,,230_455783582_CACEIS,1185159457,OB,OB,No-pair,fx wire,Caceis booked the fx wire for SD 03-16-2020. Integrata yet to book,1185159457,1185159457,4551456423,-590882299,2021-07-29
10670,,32_4551157661_CACEIS,1677770283,OB,OB,No-pair,wire transfer,Caceis booked the wire transfer for SD 12-21-2020. Integrata yet to book,1677770283,1677770283,4551456423,-590882299,2021-07-29
10671,,338_455669415_CACEIS,1020662060,OB,OB,No-pair,fx wire,Caceis booked the fx wire for SD 12-16-2019. Integrata yet to book,1020662060,1020662060,4551456423,-590882299,2021-07-29
10672,,479_455822501_CACEIS,1235308164,OB,OB,No-pair,wire transfer,Caceis booked the wire transfer for SD 04-14-2020. Integrata yet to book,1235308164,1235308164,4551456423,-590882299,2021-07-29
10673,,334_455590588_CACEIS,883858416,OB,OB,No-pair,fx wire,Caceis booked the fx wire for SD 10-15-2019. Integrata yet to book,883858416,883858416,4551456423,-590882299,2021-07-29
10674,,44_455476582_CACEIS,691187903,OB,OB,No-pair,fx wire,Caceis booked the fx wire for SD 07-16-2019. Integrata yet to book,691187903,691187903,4551456423,-590882299,2021-07-29
10675,,923_455822501_CACEIS,1235308764,OB,OB,No-pair,fees,Caceis booked the fees for SD 04-14-2020. Integrata yet to book,1235308764,1235308764,4551456423,-590882299,2021-07-29
10676,,2_455485058_CACEIS,705788274,OB,OB,No-pair,proceeds sell,Caceis booked the proceeds sell for SD 07-23-2019. Integrata yet to book,705788274,705788274,4551456423,-590882299,2021-07-29
10677,,302_455590588_CACEIS,883858557,OB,OB,No-pair,fx wire,Caceis booked the fx wire for SD 10-15-2019. Integrata yet to book,883858557,883858557,4551456423,-590882299,2021-07-29
10678,,58_455663909_CACEIS,1011570725,OB,OB,No-pair,wire transfer,Caceis booked the wire transfer for SD 12-11-2019. Integrata yet to book,1011570725,1011570725,4551456423,-590882299,2021-07-29
10679,,24_455753887_CACEIS,1143364775,OB,OB,No-pair,fx wire,Caceis booked the fx wire for SD 02-21-2020. Integrata yet to book,1143364775,1143364775,4551456423,-590882299,2021-07-29
10680,,92_4551248485_CACEIS,1800039494,OB,OB,No-pair,wire transfer,Caceis booked the wire transfer for SD 02-25-2021. Integrata yet to book,1800039494,1800039494,4551456423,-590882299,2021-07-29
10681,,55_368123_CACEIS,532374068,OB,OB,No-pair,fx wire,Caceis booked the fx wire for SD 04-15-2019. Integrata yet to book,532374068,532374068,4551456423,-590882299,2021-07-29
10682,,7_455501001_CACEIS,732848917,OB,OB,No-pair,fx wire,Caceis booked the fx wire for SD 08-05-2019. Integrata yet to book,732848917,732848917,4551456423,-590882299,2021-07-29
10683,,3_4551035437_CACEIS,1516099527,OB,OB,No-pair,wire transfer,Caceis booked the wire transfer for SD 09-23-2020. Integrata yet to book,1516099527,1516099527,4551456423,-590882299,2021-07-29
10684,,258_455748445_CACEIS,1136275251,OB,OB,No-pair,fx wire,Caceis booked the fx wire for SD 02-18-2020. Integrata yet to book,1136275251,1136275251,4551456423,-590882299,2021-07-29
10685,,24_4551001817_CACEIS,1470676029,OB,OB,No-pair,fx wire,Caceis booked the fx wire for SD 08-28-2020. Integrata yet to book,1470676029,1470676029,4551456423,-590882299,2021-07-29
10686,,15_4551254304_CACEIS,1807385718,OB,OB,No-pair,wire transfer,Caceis booked the wire transfer for SD 03-02-2021. Integrata yet to book,1807385718,1807385718,4551456423,-590882299,2021-07-29
10687,,30_455469998_CACEIS,680605609,OB,OB,No-pair,wire transfer,Caceis booked the wire transfer for SD 03-20-2019. Integrata yet to book,680605609,680605609,4551456423,-590882299,2021-07-29
10688,,14_4551205068_CACEIS,1740582736,OB,OB,No-pair,wire transfer,Caceis booked the wire transfer for SD 01-26-2021. Integrata yet to book,1740582736,1740582736,4551456423,-590882299,2021-07-29
10689,,54_455907521_CACEIS,1347197489,OB,OB,No-pair,fx wire,Caceis booked the fx wire for SD 06-19-2020. Integrata yet to book,1347197489,1347197489,4551456423,-590882299,2021-07-29
10690,,465_4551066313_CACEIS,1556876630,OB,OB,No-pair,fx wire,Caceis booked the fx wire for SD 10-15-2020. Integrata yet to book,1556876630,1556876630,4551456423,-590882299,2021-07-29
10691,,84_4551191593_CACEIS,1722905101,OB,OB,No-pair,fx wire,Caceis booked the fx wire for SD 01-15-2021. Integrata yet to book,1722905101,1722905101,4551456423,-590882299,2021-07-29
10692,,9_341093_CACEIS,490673976,OB,OB,No-pair,fx wire,Caceis booked the fx wire for SD 03-22-2019. Integrata yet to book,490673976,490673976,4551456423,-590882299,2021-07-29
10693,,50_4551254304_CACEIS,1807385719,OB,OB,No-pair,wire transfer,Caceis booked the wire transfer for SD 03-03-2021. Integrata yet to book,1807385719,1807385719,4551456423,-590882299,2021-07-29
10694,,487_455822501_CACEIS,1235308251,OB,OB,No-pair,wire transfer,Caceis booked the wire transfer for SD 04-14-2020. Integrata yet to book,1235308251,1235308251,4551456423,-590882299,2021-07-29
10695,,78_455663909_CACEIS,1011570607,OB,OB,No-pair,wire transfer,Caceis booked the wire transfer for SD 12-11-2019. Integrata yet to book,1011570607,1011570607,4551456423,-590882299,2021-07-29
10696,,918_455822501_CACEIS,1235308725,OB,OB,No-pair,fees,Caceis booked the fees for SD 04-14-2020. Integrata yet to book,1235308725,1235308725,4551456423,-590882299,2021-07-29
10697,,471_455783582_CACEIS,1185159592,OB,OB,No-pair,fx wire,Caceis booked the fx wire for SD 03-16-2020. Integrata yet to book,1185159592,1185159592,4551456423,-590882299,2021-07-29
10698,,12_455824379_CACEIS,1237534491,OB,OB,No-pair,wire transfer,Caceis booked the wire transfer for SD 04-16-2020. Integrata yet to book,1237534491,1237534491,4551456423,-590882299,2021-07-29
10699,,15_4551205068_CACEIS,1740582738,OB,OB,No-pair,wire transfer,Caceis booked the wire transfer for SD 01-26-2021. Integrata yet to book,1740582738,1740582738,4551456423,-590882299,2021-07-29
10700,,109_4551191593_CACEIS,1722905076,OB,OB,No-pair,fx wire,Caceis booked the fx wire for SD 01-15-2021. Integrata yet to book,1722905076,1722905076,4551456423,-590882299,2021-07-29
10701,,7_267975_CACEIS,368747167,OB,OB,No-pair,fx wire,Caceis booked the fx wire for SD 01-15-2019. Integrata yet to book,368747167,368747167,4551456423,-590882299,2021-07-29
10702,,188_455669415_CACEIS,1020662056,OB,OB,No-pair,fx wire,Caceis booked the fx wire for SD 12-16-2019. Integrata yet to book,1020662056,1020662056,4551456423,-590882299,2021-07-29
10703,,23_4551265958_CACEIS,1821951000,OB,OB,No-pair,wire transfer,Caceis booked the wire transfer for SD 03-10-2021. Integrata yet to book,1821951000,1821951000,4551456423,-590882299,2021-07-29
10704,,10_4551415924_CACEIS,2024089327,OB,OB,No-pair,monthend interest,Caceis booked the monthend interest for SD 07-01-2021. Integrata yet to book,2024089327,2024089327,4551456423,-590882299,2021-07-29
10705,,146_455693832_CACEIS,1063035163,OB,OB,No-pair,fees,Caceis booked the fees for SD 01-06-2020. Integrata yet to book,1063035163,1063035163,4551456423,-590882299,2021-07-29
10706,,25_4551315208_CACEIS,1885912666,OB,OB,No-pair,wire transfer,Caceis booked the wire transfer for SD 04-15-2021. Integrata yet to book,1885912666,1885912666,4551456423,-590882299,2021-07-29
10707,,8_455665664_CACEIS,1014464235,OB,OB,No-pair,wire transfer,Caceis booked the wire transfer for SD 09-30-2019. Integrata yet to book,1014464235,1014464235,4551456423,-590882299,2021-07-29
10708,,5_455955831_CACEIS,1412132596,OB,OB,No-pair,wire transfer,Caceis booked the wire transfer for SD 07-22-2020. Integrata yet to book,1412132596,1412132596,4551456423,-590882299,2021-07-29
10709,,43_455516633_CACEIS,760048468,OB,OB,No-pair,fx wire,Caceis booked the fx wire for SD 08-16-2019. Integrata yet to book,760048468,760048468,4551456423,-590882299,2021-07-29
10710,,9_455676391_CACEIS,1031864565,OB,OB,No-pair,fx wire,Caceis booked the fx wire for SD 12-20-2019. Integrata yet to book,1031864565,1031864565,4551456423,-590882299,2021-07-29
10711,,36_455706635_CACEIS,1081907288,OB,OB,No-pair,fx wire,Caceis booked the fx wire for SD 01-15-2020. Integrata yet to book,1081907288,1081907288,4551456423,-590882299,2021-07-29
10712,,7_4551362459_CACEIS,1953424883,OB,OB,No-pair,fx wire,Caceis booked the fx wire for SD 05-21-2021. Integrata yet to book,1953424883,1953424883,4551456423,-590882299,2021-07-29
10713,,51_455985296_CACEIS,1449581733,OB,OB,No-pair,fx wire,Caceis booked the fx wire for SD 08-17-2020. Integrata yet to book,1449581733,1449581733,4551456423,-590882299,2021-07-29
10714,,194_455590588_CACEIS,883858530,OB,OB,No-pair,fx wire,Caceis booked the fx wire for SD 10-15-2019. Integrata yet to book,883858530,883858530,4551456423,-590882299,2021-07-29
10715,,146_4551191593_CACEIS,1722905069,OB,OB,No-pair,fx wire,Caceis booked the fx wire for SD 01-15-2021. Integrata yet to book,1722905069,1722905069,4551456423,-590882299,2021-07-29
10716,,7_286427_CACEIS,402006258,OB,OB,No-pair,fx wire,Caceis booked the fx wire for SD 02-01-2019. Integrata yet to book,402006258,402006258,4551456423,-590882299,2021-07-29
10717,,367_455900053_CACEIS,1336713635,OB,OB,No-pair,fx wire,Caceis booked the fx wire for SD 06-15-2020. Integrata yet to book,1336713635,1336713635,4551456423,-590882299,2021-07-29
10718,,23_4551117124_CACEIS,1623224452,OB,OB,No-pair,wire transfer,Caceis booked the wire transfer for SD 11-20-2020. Integrata yet to book,1623224452,1623224452,4551456423,-590882299,2021-07-29
10719,,77_455940640_CACEIS,1391595974,OB,OB,No-pair,fx wire,Caceis booked the fx wire for SD 07-15-2020. Integrata yet to book,1391595974,1391595974,4551456423,-590882299,2021-07-29
10720,,33_455516633_CACEIS,760048452,OB,OB,No-pair,fx wire,Caceis booked the fx wire for SD 08-16-2019. Integrata yet to book,760048452,760048452,4551456423,-590882299,2021-07-29
10721,,7_455550632_CACEIS,818475531,OB,OB,No-pair,fx wire,Caceis booked the fx wire for SD 09-13-2019. Integrata yet to book,818475531,818475531,4551456423,-590882299,2021-07-29
10722,,64_4551381021_CACEIS,1979694263,OB,OB,No-pair,fx wire,Caceis booked the fx wire for SD 06-04-2021. Integrata yet to book,1979694263,1979694263,4551456423,-590882299,2021-07-29
10723,,5_455752143_CACEIS,1141004392,OB,OB,No-pair,wire transfer,Caceis booked the wire transfer for SD 02-19-2020. Integrata yet to book,1141004392,1141004392,4551456423,-590882299,2021-07-29
10724,,65_455748445_CACEIS,1136275200,OB,OB,No-pair,fx wire,Caceis booked the fx wire for SD 02-18-2020. Integrata yet to book,1136275200,1136275200,4551456423,-590882299,2021-07-29
10725,,28_4551343376_CACEIS,1925737853,OB,OB,No-pair,wire transfer,Caceis booked the wire transfer for SD 05-07-2021. Integrata yet to book,1925737853,1925737853,4551456423,-590882299,2021-07-29
10726,,4_455499153_CACEIS,729733307,OB,OB,No-pair,wire transfer,Caceis booked the wire transfer for SD 08-02-2019. Integrata yet to book,729733307,729733307,4551456423,-590882299,2021-07-29
10727,,127_455822501_CACEIS,1235308146,OB,OB,No-pair,fx wire,Caceis booked the fx wire for SD 04-15-2020. Integrata yet to book,1235308146,1235308146,4551456423,-590882299,2021-07-29
10728,,202_455590588_CACEIS,883858384,OB,OB,No-pair,fx wire,Caceis booked the fx wire for SD 10-15-2019. Integrata yet to book,883858384,883858384,4551456423,-590882299,2021-07-29
10729,,8_455499153_CACEIS,729733311,OB,OB,No-pair,wire transfer,Caceis booked the wire transfer for SD 08-02-2019. Integrata yet to book,729733311,729733311,4551456423,-590882299,2021-07-29
10730,,1_455473263_CACEIS,686152165,OB,OB,No-pair,fx wire,Caceis booked the fx wire for SD 07-12-2019. Integrata yet to book,686152165,686152165,4551456423,-590882299,2021-07-29
10731,,28_4551285256_CACEIS,1847792962,OB,OB,No-pair,proceeds sell,Caceis booked the proceeds sell for SD 03-25-2021. Integrata yet to book,1847792962,1847792962,4551456423,-590882299,2021-07-29
10732,,113_4551239617_CACEIS,1789074762,OB,OB,No-pair,fx wire,Caceis booked the fx wire for SD 02-19-2021. Integrata yet to book,1789074762,1789074762,4551456423,-590882299,2021-07-29
10733,,1_455750273_CACEIS,1138650223,OB,OB,No-pair,wire transfer,Caceis booked the wire transfer for SD 02-19-2020. Integrata yet to book,1138650223,1138650223,4551456423,-590882299,2021-07-29
10734,,88_455900053_CACEIS,1336713297,OB,OB,No-pair,fx wire,Caceis booked the fx wire for SD 06-15-2020. Integrata yet to book,1336713297,1336713297,4551456423,-590882299,2021-07-29
10735,,391_455783582_CACEIS,1185159492,OB,OB,No-pair,fx wire,Caceis booked the fx wire for SD 03-16-2020. Integrata yet to book,1185159492,1185159492,4551456423,-590882299,2021-07-29
10736,,18_4551287241_CACEIS,1850449290,OB,OB,No-pair,wire transfer,Caceis booked the wire transfer for SD 03-26-2021. Integrata yet to book,1850449290,1850449290,4551456423,-590882299,2021-07-29
10737,,208_455940640_CACEIS,1391596073,OB,OB,No-pair,fx wire,Caceis booked the fx wire for SD 07-15-2020. Integrata yet to book,1391596073,1391596073,4551456423,-590882299,2021-07-29
10738,,133_455762980_CACEIS,1156897720,OB,OB,No-pair,fx wire,Caceis booked the fx wire for SD 02-28-2020. Integrata yet to book,1156897720,1156897720,4551456423,-590882299,2021-07-29
10739,,29_4551117124_CACEIS,1623224459,OB,OB,No-pair,wire transfer,Caceis booked the wire transfer for SD 11-20-2020. Integrata yet to book,1623224459,1623224459,4551456423,-590882299,2021-07-29
10740,,102_4551229444_CACEIS,1775243214,OB,OB,No-pair,fx wire,Caceis booked the fx wire for SD 02-12-2021. Integrata yet to book,1775243214,1775243214,4551456423,-590882299,2021-07-29
10741,,76_455940640_CACEIS,1391595962,OB,OB,No-pair,fx wire,Caceis booked the fx wire for SD 07-15-2020. Integrata yet to book,1391595962,1391595962,4551456423,-590882299,2021-07-29
10742,,15_455378188_CACEIS,548739507,OB,OB,No-pair,fx wire,Caceis booked the fx wire for SD 04-23-2019. Integrata yet to book,548739507,548739507,4551456423,-590882299,2021-07-29
10743,,50_4551354754_CACEIS,1942399469,OB,OB,No-pair,fx wire,Caceis booked the fx wire for SD 05-17-2021. Integrata yet to book,1942399469,1942399469,4551456423,-590882299,2021-07-29
10744,,28_455449139_CACEIS,646003535,OB,OB,No-pair,proceeds sell,Caceis booked the proceeds sell for SD 06-21-2019. Integrata yet to book,646003535,646003535,4551456423,-590882299,2021-07-29
10745,,5_4551042956_CACEIS,1525553080,OB,OB,No-pair,wire transfer,Caceis booked the wire transfer for SD 09-29-2020. Integrata yet to book,1525553080,1525553080,4551456423,-590882299,2021-07-29
10746,,67_4551394628_CACEIS,1997244542,OB,OB,No-pair,fx wire,Caceis booked the fx wire for SD 06-15-2021. Integrata yet to book,1997244542,1997244542,4551456423,-590882299,2021-07-29
10747,,239_455783582_CACEIS,1185159532,OB,OB,No-pair,fx wire,Caceis booked the fx wire for SD 03-16-2020. Integrata yet to book,1185159532,1185159532,4551456423,-590882299,2021-07-29
10748,,33_455701234_CACEIS,1075203701,OB,OB,No-pair,wire transfer,Caceis booked the wire transfer for SD 01-10-2020. Integrata yet to book,1075203701,1075203701,4551456423,-590882299,2021-07-29
10749,,113_455879764_CACEIS,1309543700,OB,OB,No-pair,monthend interest,Caceis booked the monthend interest for SD 06-01-2020. Integrata yet to book,1309543700,1309543700,4551456423,-590882299,2021-07-29
10750,,117_4551313388_CACEIS,1883527752,OB,OB,No-pair,fx wire,Caceis booked the fx wire for SD 04-15-2021. Integrata yet to book,1883527752,1883527752,4551456423,-590882299,2021-07-29
10751,,65_4551060531_CACEIS,1548950674,OB,OB,No-pair,wire transfer,Caceis booked the wire transfer for SD 10-12-2020. Integrata yet to book,1548950674,1548950674,4551456423,-590882299,2021-07-29
10752,,487_4551066313_CACEIS,1556876758,OB,OB,No-pair,fx wire,Caceis booked the fx wire for SD 10-15-2020. Integrata yet to book,1556876758,1556876758,4551456423,-590882299,2021-07-29
10753,,915_455822501_CACEIS,1235307971,OB,OB,No-pair,fx wire,Caceis booked the fx wire for SD 04-15-2020. Integrata yet to book,1235307971,1235307971,4551456423,-590882299,2021-07-29
10754,,672_4551232906_CACEIS,1780156986,OB,OB,No-pair,fx wire,Caceis booked the fx wire for SD 02-16-2021. Integrata yet to book,1780156986,1780156986,4551456423,-590882299,2021-07-29
10755,,476_4551191593_CACEIS,1722905400,OB,OB,No-pair,fx wire,Caceis booked the fx wire for SD 01-15-2021. Integrata yet to book,1722905400,1722905400,4551456423,-590882299,2021-07-29
10756,,247_455748445_CACEIS,1136275352,OB,OB,No-pair,fx wire,Caceis booked the fx wire for SD 02-18-2020. Integrata yet to book,1136275352,1136275352,4551456423,-590882299,2021-07-29
10757,,482_4551066313_CACEIS,1556876688,OB,OB,No-pair,fx wire,Caceis booked the fx wire for SD 10-15-2020. Integrata yet to book,1556876688,1556876688,4551456423,-590882299,2021-07-29
10758,,13_4551003590_CACEIS,1473425982,OB,OB,No-pair,monthend interest,Caceis booked the monthend interest for SD 09-01-2020. Integrata yet to book,1473425982,1473425982,4551456423,-590882299,2021-07-29
10759,,324_455822501_CACEIS,1235308232,OB,OB,No-pair,wire transfer,Caceis booked the wire transfer for SD 04-14-2020. Integrata yet to book,1235308232,1235308232,4551456423,-590882299,2021-07-29
10760,,10_4551287241_CACEIS,1850449284,OB,OB,No-pair,wire transfer,Caceis booked the wire transfer for SD 03-26-2021. Integrata yet to book,1850449284,1850449284,4551456423,-590882299,2021-07-29
10761,,47_4551258322_CACEIS,1812652672,OB,OB,No-pair,fx wire,Caceis booked the fx wire for SD 03-05-2021. Integrata yet to book,1812652672,1812652672,4551456423,-590882299,2021-07-29
10762,,54_455748445_CACEIS,1136275150,OB,OB,No-pair,fx wire,Caceis booked the fx wire for SD 02-18-2020. Integrata yet to book,1136275150,1136275150,4551456423,-590882299,2021-07-29
10763,,9_455610697_CACEIS,917943273,OB,OB,No-pair,fx wire,Caceis booked the fx wire for SD 10-18-2019. Integrata yet to book,917943273,917943273,4551456423,-590882299,2021-07-29
10764,,4_455649350_CACEIS,985331667,OB,OB,No-pair,fx wire,Caceis booked the fx wire for SD 11-29-2019. Integrata yet to book,985331667,985331667,4551456423,-590882299,2021-07-29
10765,,16_4551001817_CACEIS,1470676042,OB,OB,No-pair,fx wire,Caceis booked the fx wire for SD 08-28-2020. Integrata yet to book,1470676042,1470676042,4551456423,-590882299,2021-07-29
10766,,145_4551232906_CACEIS,1780156658,OB,OB,No-pair,fx wire,Caceis booked the fx wire for SD 02-16-2021. Integrata yet to book,1780156658,1780156658,4551456423,-590882299,2021-07-29
10767,,86_455442954_CACEIS,637183824,OB,OB,No-pair,fx wire,Caceis booked the fx wire for SD 06-17-2019. Integrata yet to book,637183824,637183824,4551456423,-590882299,2021-07-29
10768,,40_4551419402_CACEIS,2029730698,OB,OB,No-pair,fx wire,Caceis booked the fx wire for SD 07-02-2021. Integrata yet to book,2029730698,2029730698,4551456423,-590882299,2021-07-29
10769,,7_455699362_CACEIS,1072295554,OB,OB,No-pair,wire transfer,Caceis booked the wire transfer for SD 01-09-2020. Integrata yet to book,1072295554,1072295554,4551456423,-590882299,2021-07-29
10770,,37_4551388882_CACEIS,1989667596,OB,OB,No-pair,fees,Caceis booked the fees for SD 06-10-2021. Integrata yet to book,1989667596,1989667596,4551456423,-590882299,2021-07-29
10771,,10_4551373621_CACEIS,1970229490,OB,OB,No-pair,monthend interest,Caceis booked the monthend interest for SD 06-01-2021. Integrata yet to book,1970229490,1970229490,4551456423,-590882299,2021-07-29
10772,,64_455898221_CACEIS,1334730776,OB,OB,No-pair,fx wire,Caceis booked the fx wire for SD 06-12-2020. Integrata yet to book,1334730776,1334730776,4551456423,-590882299,2021-07-29
10773,,4_4551073975_CACEIS,1566704349,OB,OB,No-pair,proceeds sell,Caceis booked the proceeds sell for SD 10-20-2020. Integrata yet to book,1566704349,1566704349,4551456423,-590882299,2021-07-29
10774,,13_309411_CACEIS,439623717,OB,OB,No-pair,fx wire,Caceis booked the fx wire for SD 02-22-2019. Integrata yet to book,439623717,439623717,4551456423,-590882299,2021-07-29
10775,,212_4551269721_CACEIS,1827474034,OB,OB,No-pair,fx wire,Caceis booked the fx wire for SD 03-15-2021. Integrata yet to book,1827474034,1827474034,4551456423,-590882299,2021-07-29
10776,,172_4551191593_CACEIS,1722905170,OB,OB,No-pair,fx wire,Caceis booked the fx wire for SD 01-15-2021. Integrata yet to book,1722905170,1722905170,4551456423,-590882299,2021-07-29
10777,,721_4551232906_CACEIS,1780157171,OB,OB,No-pair,fx wire,Caceis booked the fx wire for SD 02-16-2021. Integrata yet to book,1780157171,1780157171,4551456423,-590882299,2021-07-29
10778,,7_4551111173_CACEIS,1615781824,OB,OB,No-pair,wire transfer,Caceis booked the wire transfer for SD 11-17-2020. Integrata yet to book,1615781824,1615781824,4551456423,-590882299,2021-07-29
10779,,7_4551144082_CACEIS,1659707039,OB,OB,No-pair,fees,Caceis booked the fees for SD 12-10-2020. Integrata yet to book,1659707039,1659707039,4551456423,-590882299,2021-07-29
10780,,84_4551349054_CACEIS,1933657800,OB,OB,No-pair,fees,Caceis booked the fees for SD 05-12-2021. Integrata yet to book,1933657800,1933657800,4551456423,-590882299,2021-07-29
10781,,7_4551117124_CACEIS,1623224457,OB,OB,No-pair,fx wire,Caceis booked the fx wire for SD 11-20-2020. Integrata yet to book,1623224457,1623224457,4551456423,-590882299,2021-07-29
10782,,37_455663909_CACEIS,1011570695,OB,OB,No-pair,wire transfer,Caceis booked the wire transfer for SD 12-11-2019. Integrata yet to book,1011570695,1011570695,4551456423,-590882299,2021-07-29
10783,,59_4551060531_CACEIS,1548950711,OB,OB,No-pair,wire transfer,Caceis booked the wire transfer for SD 10-12-2020. Integrata yet to book,1548950711,1548950711,4551456423,-590882299,2021-07-29
10784,,368_455748445_CACEIS,1136275414,OB,OB,No-pair,fx wire,Caceis booked the fx wire for SD 02-18-2020. Integrata yet to book,1136275414,1136275414,4551456423,-590882299,2021-07-29
10785,,39_4551144082_CACEIS,1659707167,OB,OB,No-pair,fees,Caceis booked the fees for SD 12-10-2020. Integrata yet to book,1659707167,1659707167,4551456423,-590882299,2021-07-29
10786,,12_455577664_CACEIS,861360929,OB,OB,No-pair,wire transfer,Caceis booked the wire transfer for SD 09-30-2019. Integrata yet to book,861360929,861360929,4551456423,-590882299,2021-07-29
10787,,154_455862625_CACEIS,1287002785,OB,OB,No-pair,wire transfer,Caceis booked the wire transfer for SD 05-13-2020. Integrata yet to book,1287002785,1287002785,4551456423,-590882299,2021-07-29
10788,,41_4551292839_CACEIS,1857221941,OB,OB,No-pair,monthend interest,Caceis booked the monthend interest for SD 04-01-2021. Integrata yet to book,1857221941,1857221941,4551456423,-590882299,2021-07-29
10789,,50_455940640_CACEIS,1391595981,OB,OB,No-pair,fx wire,Caceis booked the fx wire for SD 07-15-2020. Integrata yet to book,1391595981,1391595981,4551456423,-590882299,2021-07-29
10790,,1_4551208898_CACEIS,1746080548,OB,OB,No-pair,wire transfer,Caceis booked the wire transfer for SD 01-28-2021. Integrata yet to book,1746080548,1746080548,4551456423,-590882299,2021-07-29
10791,,122_4551436806_CACEIS,2049885798,OB,OB,No-pair,fx wire,Caceis booked the fx wire for SD 07-15-2021. Integrata yet to book,2049885798,2049885798,4551456423,-590882299,2021-07-29
10792,,208_455862625_CACEIS,1287002760,OB,OB,No-pair,wire transfer,Caceis booked the wire transfer for SD 05-13-2020. Integrata yet to book,1287002760,1287002760,4551456423,-590882299,2021-07-29
10793,,26_4551206835_CACEIS,1743521228,OB,OB,No-pair,proceeds sell,Caceis booked the proceeds sell for SD 01-27-2021. Integrata yet to book,1743521228,1743521228,4551456423,-590882299,2021-07-29
10794,,294_4551191593_CACEIS,1722905380,OB,OB,No-pair,fx wire,Caceis booked the fx wire for SD 01-15-2021. Integrata yet to book,1722905380,1722905380,4551456423,-590882299,2021-07-29
10795,,524_455822501_CACEIS,1235308192,OB,OB,No-pair,wire transfer,Caceis booked the wire transfer for SD 04-14-2020. Integrata yet to book,1235308192,1235308192,4551456423,-590882299,2021-07-29
10796,,166_455777858_CACEIS,1177395913,OB,OB,No-pair,wire transfer,Caceis booked the wire transfer for SD 03-11-2020. Integrata yet to book,1177395913,1177395913,4551456423,-590882299,2021-07-29
10797,,402_455985296_CACEIS,1449582104,OB,OB,No-pair,fx wire,Caceis booked the fx wire for SD 08-17-2020. Integrata yet to book,1449582104,1449582104,4551456423,-590882299,2021-07-29
10798,,159_455862625_CACEIS,1287002872,OB,OB,No-pair,wire transfer,Caceis booked the wire transfer for SD 05-13-2020. Integrata yet to book,1287002872,1287002872,4551456423,-590882299,2021-07-29
10799,,33_455889377_CACEIS,1323110285,OB,OB,No-pair,wire transfer,Caceis booked the wire transfer for SD 06-05-2020. Integrata yet to book,1323110285,1323110285,4551456423,-590882299,2021-07-29
10800,,54_4551436806_CACEIS,2049885771,OB,OB,No-pair,fx wire,Caceis booked the fx wire for SD 07-15-2021. Integrata yet to book,2049885771,2049885771,4551456423,-590882299,2021-07-29
10801,,805_455822501_CACEIS,1235308736,OB,OB,No-pair,fx wire,Caceis booked the fx wire for SD 04-15-2020. Integrata yet to book,1235308736,1235308736,4551456423,-590882299,2021-07-29
10802,,81_455442954_CACEIS,637183813,OB,OB,No-pair,fx wire,Caceis booked the fx wire for SD 06-17-2019. Integrata yet to book,637183813,637183813,4551456423,-590882299,2021-07-29
10803,,434_455748445_CACEIS,1136275446,OB,OB,No-pair,fx wire,Caceis booked the fx wire for SD 02-18-2020. Integrata yet to book,1136275446,1136275446,4551456423,-590882299,2021-07-29
10804,,217_4551066313_CACEIS,1556876580,OB,OB,No-pair,fx wire,Caceis booked the fx wire for SD 10-15-2020. Integrata yet to book,1556876580,1556876580,4551456423,-590882299,2021-07-29
10805,,15_455718167_CACEIS,1096512188,OB,OB,No-pair,wire transfer,Caceis booked the wire transfer for SD 01-24-2020. Integrata yet to book,1096512188,1096512188,4551456423,-590882299,2021-07-29
10806,,124_455748445_CACEIS,1136275068,OB,OB,No-pair,fx wire,Caceis booked the fx wire for SD 02-18-2020. Integrata yet to book,1136275068,1136275068,4551456423,-590882299,2021-07-29
10807,,7_455866165_CACEIS,1291480005,OB,OB,No-pair,wire transfer,Caceis booked the wire transfer for SD 05-19-2020. Integrata yet to book,1291480005,1291480005,4551456423,-590882299,2021-07-29
10808,,19_455726980_CACEIS,1107942630,OB,OB,No-pair,fx wire,Caceis booked the fx wire for SD 01-31-2020. Integrata yet to book,1107942630,1107942630,4551456423,-590882299,2021-07-29
10809,,4_455441282_CACEIS,634490257,OB,OB,No-pair,fx wire,Caceis booked the fx wire for SD 06-14-2019. Integrata yet to book,634490257,634490257,4551456423,-590882299,2021-07-29
10810,,130_4551436806_CACEIS,2049885785,OB,OB,No-pair,fx wire,Caceis booked the fx wire for SD 07-15-2021. Integrata yet to book,2049885785,2049885785,4551456423,-590882299,2021-07-29
10811,,7_4551301826_CACEIS,1869069197,OB,OB,No-pair,wire transfer,Caceis booked the wire transfer for SD 04-07-2021. Integrata yet to book,1869069197,1869069197,4551456423,-590882299,2021-07-29
10812,,47_455577664_CACEIS,861360895,OB,OB,No-pair,fx wire,Caceis booked the fx wire for SD 10-04-2019. Integrata yet to book,861360895,861360895,4551456423,-590882299,2021-07-29
10813,,20_4551136088_CACEIS,1649475204,OB,OB,No-pair,wire transfer,Caceis booked the wire transfer for SD 12-03-2020. Integrata yet to book,1649475204,1649475204,4551456423,-590882299,2021-07-29
10814,,34_4551144082_CACEIS,1659707126,OB,OB,No-pair,fees,Caceis booked the fees for SD 12-10-2020. Integrata yet to book,1659707126,1659707126,4551456423,-590882299,2021-07-29
10815,,532_455822501_CACEIS,1235308181,OB,OB,No-pair,wire transfer,Caceis booked the wire transfer for SD 04-14-2020. Integrata yet to book,1235308181,1235308181,4551456423,-590882299,2021-07-29
10816,,200_455726980_CACEIS,1107942560,OB,OB,No-pair,monthend interest,Caceis booked the monthend interest for SD 02-01-2020. Integrata yet to book,1107942560,1107942560,4551456423,-590882299,2021-07-29
10817,,38_455581623_CACEIS,867680126,OB,OB,No-pair,fees,Caceis booked the fees for SD 10-07-2019. Integrata yet to book,867680126,867680126,4551456423,-590882299,2021-07-29
10818,,323_455706635_CACEIS,1081907805,OB,OB,No-pair,fx wire,Caceis booked the fx wire for SD 01-15-2020. Integrata yet to book,1081907805,1081907805,4551456423,-590882299,2021-07-29
10819,,785_455643841_CACEIS,975323857,OB,OB,No-pair,fx wire,Caceis booked the fx wire for SD 11-01-2019. Integrata yet to book,975323857,975323857,4551456423,-590882299,2021-07-29
10820,,475_455822501_CACEIS,1235308276,OB,OB,No-pair,wire transfer,Caceis booked the wire transfer for SD 04-14-2020. Integrata yet to book,1235308276,1235308276,4551456423,-590882299,2021-07-29
10821,,15_4551239617_CACEIS,1789074733,OB,OB,No-pair,wire transfer,Caceis booked the wire transfer for SD 02-19-2021. Integrata yet to book,1789074733,1789074733,4551456423,-590882299,2021-07-29
10822,,75_455554115_CACEIS,824384994,OB,OB,No-pair,fx wire,Caceis booked the fx wire for SD 09-17-2019. Integrata yet to book,824384994,824384994,4551456423,-590882299,2021-07-29
10823,,494_455783582_CACEIS,1185159732,OB,OB,No-pair,fx wire,Caceis booked the fx wire for SD 03-16-2020. Integrata yet to book,1185159732,1185159732,4551456423,-590882299,2021-07-29
10824,,179_455862625_CACEIS,1287002958,OB,OB,No-pair,wire transfer,Caceis booked the wire transfer for SD 05-13-2020. Integrata yet to book,1287002958,1287002958,4551456423,-590882299,2021-07-29
10825,,14_4551446567_CACEIS,2061724332,OB,OB,No-pair,wire transfer,Caceis booked the wire transfer for SD 07-22-2021. Integrata yet to book,2061724332,2061724332,4551456423,-590882299,2021-07-29
10826,,20_4551248485_CACEIS,1800039357,OB,OB,No-pair,wire transfer,Caceis booked the wire transfer for SD 02-26-2021. Integrata yet to book,1800039357,1800039357,4551456423,-590882299,2021-07-29
10827,,74_4551381021_CACEIS,1979694274,OB,OB,No-pair,fx wire,Caceis booked the fx wire for SD 06-04-2021. Integrata yet to book,1979694274,1979694274,4551456423,-590882299,2021-07-29
10828,,8_4551144082_CACEIS,1659707056,OB,OB,No-pair,fees,Caceis booked the fees for SD 12-10-2020. Integrata yet to book,1659707056,1659707056,4551456423,-590882299,2021-07-29
10829,,82_4551381021_CACEIS,1979694265,OB,OB,No-pair,fx wire,Caceis booked the fx wire for SD 06-04-2021. Integrata yet to book,1979694265,1979694265,4551456423,-590882299,2021-07-29
10830,,161_455862625_CACEIS,1287002700,OB,OB,No-pair,wire transfer,Caceis booked the wire transfer for SD 05-13-2020. Integrata yet to book,1287002700,1287002700,4551456423,-590882299,2021-07-29
10831,,78_4551097416_CACEIS,1597270283,OB,OB,No-pair,fx wire,Caceis booked the fx wire for SD 11-06-2020. Integrata yet to book,1597270283,1597270283,4551456423,-590882299,2021-07-29
10832,,99_455585083_CACEIS,874262503,OB,OB,No-pair,fees,Caceis booked the fees for SD 10-10-2019. Integrata yet to book,874262503,874262503,4551456423,-590882299,2021-07-29
10833,,95_4551394628_CACEIS,1997244607,OB,OB,No-pair,fx wire,Caceis booked the fx wire for SD 06-15-2021. Integrata yet to book,1997244607,1997244607,4551456423,-590882299,2021-07-29
10834,,399_4551023983_CACEIS,1500214255,OB,OB,No-pair,fx wire,Caceis booked the fx wire for SD 09-15-2020. Integrata yet to book,1500214255,1500214255,4551456423,-590882299,2021-07-29
10835,,371_4551232906_CACEIS,1780156735,OB,OB,No-pair,fx wire,Caceis booked the fx wire for SD 02-16-2021. Integrata yet to book,1780156735,1780156735,4551456423,-590882299,2021-07-29
10836,,86_455748445_CACEIS,1136275169,OB,OB,No-pair,fx wire,Caceis booked the fx wire for SD 02-18-2020. Integrata yet to book,1136275169,1136275169,4551456423,-590882299,2021-07-29
10837,,1_4551072061_CACEIS,1564185609,OB,OB,No-pair,wire transfer,Caceis booked the wire transfer for SD 10-20-2020. Integrata yet to book,1564185609,1564185609,4551456423,-590882299,2021-07-29
10838,,54_4551060531_CACEIS,1548950759,OB,OB,No-pair,fees,Caceis booked the fees for SD 10-12-2020. Integrata yet to book,1548950759,1548950759,4551456423,-590882299,2021-07-29
10839,,6_4551362459_CACEIS,1953424880,OB,OB,No-pair,fx wire,Caceis booked the fx wire for SD 05-21-2021. Integrata yet to book,1953424880,1953424880,4551456423,-590882299,2021-07-29
10840,,34_455649350_CACEIS,985331725,OB,OB,No-pair,monthend interest,Caceis booked the monthend interest for SD 12-01-2019. Integrata yet to book,985331725,985331725,4551456423,-590882299,2021-07-29
10841,,507_455900053_CACEIS,1336713970,OB,OB,No-pair,fx wire,Caceis booked the fx wire for SD 06-15-2020. Integrata yet to book,1336713970,1336713970,4551456423,-590882299,2021-07-29
10842,,139_455762980_CACEIS,1156897874,OB,OB,No-pair,fx wire,Caceis booked the fx wire for SD 02-28-2020. Integrata yet to book,1156897874,1156897874,4551456423,-590882299,2021-07-29
10843,,1_4551274209_CACEIS,1833900577,OB,OB,No-pair,wire transfer,Caceis booked the wire transfer for SD 03-17-2021. Integrata yet to book,1833900577,1833900577,4551456423,-590882299,2021-07-29
10844,,63_4551381021_CACEIS,1979694259,OB,OB,No-pair,fx wire,Caceis booked the fx wire for SD 06-04-2021. Integrata yet to book,1979694259,1979694259,4551456423,-590882299,2021-07-29
10845,,28_455743848_CACEIS,1130319875,OB,OB,No-pair,fees,Caceis booked the fees for SD 02-12-2020. Integrata yet to book,1130319875,1130319875,4551456423,-590882299,2021-07-29
10846,,254_455783582_CACEIS,1185159427,OB,OB,No-pair,fx wire,Caceis booked the fx wire for SD 03-16-2020. Integrata yet to book,1185159427,1185159427,4551456423,-590882299,2021-07-29
10847,,23_4551248485_CACEIS,1800039362,OB,OB,No-pair,wire transfer,Caceis booked the wire transfer for SD 02-26-2021. Integrata yet to book,1800039362,1800039362,4551456423,-590882299,2021-07-29
10848,,12_455920273_CACEIS,1364559742,OB,OB,No-pair,monthend interest,Caceis booked the monthend interest for SD 07-01-2020. Integrata yet to book,1364559742,1364559742,4551456423,-590882299,2021-07-29
10849,,463_455783582_CACEIS,1185159718,OB,OB,No-pair,fx wire,Caceis booked the fx wire for SD 03-16-2020. Integrata yet to book,1185159718,1185159718,4551456423,-590882299,2021-07-29
10850,,257_4551436806_CACEIS,2049886002,OB,OB,No-pair,fx wire,Caceis booked the fx wire for SD 07-15-2021. Integrata yet to book,2049886002,2049886002,4551456423,-590882299,2021-07-29
10851,,21_4551011052_CACEIS,1483359838,OB,OB,No-pair,fx wire,Caceis booked the fx wire for SD 09-04-2020. Integrata yet to book,1483359838,1483359838,4551456423,-590882299,2021-07-29
10852,,102_4551060531_CACEIS,1548950742,OB,OB,No-pair,fees,Caceis booked the fees for SD 10-12-2020. Integrata yet to book,1548950742,1548950742,4551456423,-590882299,2021-07-29
10853,,2_4551072061_CACEIS,1564185611,OB,OB,No-pair,wire transfer,Caceis booked the wire transfer for SD 10-20-2020. Integrata yet to book,1564185611,1564185611,4551456423,-590882299,2021-07-29
10854,,2_455855307_CACEIS,1277546935,OB,OB,No-pair,wire transfer,Caceis booked the wire transfer for SD 05-11-2020. Integrata yet to book,1277546935,1277546935,4551456423,-590882299,2021-07-29
10855,,8_455654897_CACEIS,995724069,OB,OB,No-pair,proceeds sell,Caceis booked the proceeds sell for SD 12-04-2019. Integrata yet to book,995724069,995724069,4551456423,-590882299,2021-07-29
10856,,19_4551388882_CACEIS,1989667610,OB,OB,No-pair,fees,Caceis booked the fees for SD 06-10-2021. Integrata yet to book,1989667610,1989667610,4551456423,-590882299,2021-07-29
10857,,171_455726980_CACEIS,1107942556,OB,OB,No-pair,monthend interest,Caceis booked the monthend interest for SD 02-01-2020. Integrata yet to book,1107942556,1107942556,4551456423,-590882299,2021-07-29
10858,,779_455862625_CACEIS,1287005268,OB,OB,No-pair,fx wire,Caceis booked the fx wire for SD 05-15-2020. Integrata yet to book,1287005268,1287005268,4551456423,-590882299,2021-07-29
10859,,276_455706635_CACEIS,1081907602,OB,OB,No-pair,fx wire,Caceis booked the fx wire for SD 01-15-2020. Integrata yet to book,1081907602,1081907602,4551456423,-590882299,2021-07-29
10860,,27_4551388882_CACEIS,1989667653,OB,OB,No-pair,fees,Caceis booked the fees for SD 06-10-2021. Integrata yet to book,1989667653,1989667653,4551456423,-590882299,2021-07-29
10861,,36_455782293_CACEIS,1183562978,OB,OB,No-pair,fx wire,Caceis booked the fx wire for SD 03-13-2020. Integrata yet to book,1183562978,1183562978,4551456423,-590882299,2021-07-29
10862,,1_455734639_CACEIS,1118103066,OB,OB,No-pair,wire transfer,Caceis booked the wire transfer for SD 02-06-2020. Integrata yet to book,1118103066,1118103066,4551456423,-590882299,2021-07-29
10863,,485_455783582_CACEIS,1185159665,OB,OB,No-pair,fx wire,Caceis booked the fx wire for SD 03-16-2020. Integrata yet to book,1185159665,1185159665,4551456423,-590882299,2021-07-29
10864,,195_455985296_CACEIS,1449581888,OB,OB,No-pair,fx wire,Caceis booked the fx wire for SD 08-17-2020. Integrata yet to book,1449581888,1449581888,4551456423,-590882299,2021-07-29
10865,,42_455940640_CACEIS,1391595983,OB,OB,No-pair,fx wire,Caceis booked the fx wire for SD 07-15-2020. Integrata yet to book,1391595983,1391595983,4551456423,-590882299,2021-07-29
10866,,10_455864447_CACEIS,1289293338,OB,OB,No-pair,wire transfer,Caceis booked the wire transfer for SD 03-16-2020. Integrata yet to book,1289293338,1289293338,4551456423,-590882299,2021-07-29
10867,,4_4551072061_CACEIS,1564185615,OB,OB,No-pair,wire transfer,Caceis booked the wire transfer for SD 10-20-2020. Integrata yet to book,1564185615,1564185615,4551456423,-590882299,2021-07-29
10868,,172_455934920_CACEIS,1383926710,OB,OB,No-pair,wire transfer,Caceis booked the wire transfer for SD 07-10-2020. Integrata yet to book,1383926710,1383926710,4551456423,-590882299,2021-07-29
10869,,42_4551254304_CACEIS,1807385736,OB,OB,No-pair,wire transfer,Caceis booked the wire transfer for SD 03-02-2021. Integrata yet to book,1807385736,1807385736,4551456423,-590882299,2021-07-29
10870,,68_4551060531_CACEIS,1548950642,OB,OB,No-pair,fees,Caceis booked the fees for SD 10-12-2020. Integrata yet to book,1548950642,1548950642,4551456423,-590882299,2021-07-29
10871,,53_455985296_CACEIS,1449581786,OB,OB,No-pair,fx wire,Caceis booked the fx wire for SD 08-17-2020. Integrata yet to book,1449581786,1449581786,4551456423,-590882299,2021-07-29
10872,,27_455404958_CACEIS,585162323,OB,OB,No-pair,fx wire,Caceis booked the fx wire for SD 05-15-2019. Integrata yet to book,585162323,585162323,4551456423,-590882299,2021-07-29
10873,,891_455822501_CACEIS,1235308713,OB,OB,No-pair,fees,Caceis booked the fees for SD 04-14-2020. Integrata yet to book,1235308713,1235308713,4551456423,-590882299,2021-07-29
10874,,470_4551191593_CACEIS,1722905444,OB,OB,No-pair,fx wire,Caceis booked the fx wire for SD 01-15-2021. Integrata yet to book,1722905444,1722905444,4551456423,-590882299,2021-07-29
10875,,81_455783582_CACEIS,1185159253,OB,OB,No-pair,fx wire,Caceis booked the fx wire for SD 03-16-2020. Integrata yet to book,1185159253,1185159253,4551456423,-590882299,2021-07-29
10876,,56_4551060531_CACEIS,1548950624,OB,OB,No-pair,fees,Caceis booked the fees for SD 10-12-2020. Integrata yet to book,1548950624,1548950624,4551456423,-590882299,2021-07-29
10877,,112_4551239617_CACEIS,1789074740,OB,OB,No-pair,fx wire,Caceis booked the fx wire for SD 02-19-2021. Integrata yet to book,1789074740,1789074740,4551456423,-590882299,2021-07-29
10878,,84_455940640_CACEIS,1391596089,OB,OB,No-pair,fx wire,Caceis booked the fx wire for SD 07-15-2020. Integrata yet to book,1391596089,1391596089,4551456423,-590882299,2021-07-29
10879,,20_455753887_CACEIS,1143364738,OB,OB,No-pair,fx wire,Caceis booked the fx wire for SD 02-21-2020. Integrata yet to book,1143364738,1143364738,4551456423,-590882299,2021-07-29
10880,,113_4551436806_CACEIS,2049885813,OB,OB,No-pair,fx wire,Caceis booked the fx wire for SD 07-15-2021. Integrata yet to book,2049885813,2049885813,4551456423,-590882299,2021-07-29
10881,,241_455783582_CACEIS,1185159378,OB,OB,No-pair,fx wire,Caceis booked the fx wire for SD 03-16-2020. Integrata yet to book,1185159378,1185159378,4551456423,-590882299,2021-07-29
10882,,22_4551388882_CACEIS,1989667623,OB,OB,No-pair,fees,Caceis booked the fees for SD 06-10-2021. Integrata yet to book,1989667623,1989667623,4551456423,-590882299,2021-07-29
10883,,23_4551011052_CACEIS,1483359864,OB,OB,No-pair,fx wire,Caceis booked the fx wire for SD 09-04-2020. Integrata yet to book,1483359864,1483359864,4551456423,-590882299,2021-07-29
10884,,210_455590588_CACEIS,883858612,OB,OB,No-pair,fx wire,Caceis booked the fx wire for SD 10-15-2019. Integrata yet to book,883858612,883858612,4551456423,-590882299,2021-07-29
10885,,18_4551210754_CACEIS,1748958228,OB,OB,No-pair,wire transfer,Caceis booked the wire transfer for SD 01-29-2021. Integrata yet to book,1748958228,1748958228,4551456423,-590882299,2021-07-29
10886,,389_4551066313_CACEIS,1556876527,OB,OB,No-pair,fx wire,Caceis booked the fx wire for SD 10-15-2020. Integrata yet to book,1556876527,1556876527,4551456423,-590882299,2021-07-29
10887,,333_4551354754_CACEIS,1942399748,OB,OB,No-pair,proceeds sell,Caceis booked the proceeds sell for SD 05-17-2021. Integrata yet to book,1942399748,1942399748,4551456423,-590882299,2021-07-29
10888,,11_4551388882_CACEIS,1989667580,OB,OB,No-pair,fees,Caceis booked the fees for SD 06-10-2021. Integrata yet to book,1989667580,1989667580,4551456423,-590882299,2021-07-29
10889,,415_455748445_CACEIS,1136275158,OB,OB,No-pair,fx wire,Caceis booked the fx wire for SD 02-18-2020. Integrata yet to book,1136275158,1136275158,4551456423,-590882299,2021-07-29
10890,,20_455963450_CACEIS,1421777906,OB,OB,No-pair,monthend interest,Caceis booked the monthend interest for SD 08-01-2020. Integrata yet to book,1421777906,1421777906,4551456423,-590882299,2021-07-29
10891,,41_455782293_CACEIS,1183562984,OB,OB,No-pair,fx wire,Caceis booked the fx wire for SD 03-13-2020. Integrata yet to book,1183562984,1183562984,4551456423,-590882299,2021-07-29
10892,,22_4551287241_CACEIS,1850449293,OB,OB,No-pair,wire transfer,Caceis booked the wire transfer for SD 03-26-2021. Integrata yet to book,1850449293,1850449293,4551456423,-590882299,2021-07-29
10893,,55_455709628_CACEIS,1085770919,OB,OB,No-pair,wire transfer,Caceis booked the wire transfer for SD 01-17-2020. Integrata yet to book,1085770919,1085770919,4551456423,-590882299,2021-07-29
10894,,73_455404958_CACEIS,585162403,OB,OB,No-pair,fx wire,Caceis booked the fx wire for SD 05-15-2019. Integrata yet to book,585162403,585162403,4551456423,-590882299,2021-07-29
10895,,49_455610697_CACEIS,917943313,OB,OB,No-pair,fx wire,Caceis booked the fx wire for SD 10-18-2019. Integrata yet to book,917943313,917943313,4551456423,-590882299,2021-07-29
10896,,289_455669415_CACEIS,1020661943,OB,OB,No-pair,fx wire,Caceis booked the fx wire for SD 12-16-2019. Integrata yet to book,1020661943,1020661943,4551456423,-590882299,2021-07-29
10897,,960_455822501_CACEIS,1235308818,OB,OB,No-pair,fees,Caceis booked the fees for SD 04-14-2020. Integrata yet to book,1235308818,1235308818,4551456423,-590882299,2021-07-29
10898,,158_455934920_CACEIS,1383926675,OB,OB,No-pair,wire transfer,Caceis booked the wire transfer for SD 07-10-2020. Integrata yet to book,1383926675,1383926675,4551456423,-590882299,2021-07-29
10899,,1227_455643841_CACEIS,975324299,OB,OB,No-pair,fx wire,Caceis booked the fx wire for SD 11-15-2019. Integrata yet to book,975324299,975324299,4551456423,-590882299,2021-07-29
10900,,107_4551349054_CACEIS,1933657843,OB,OB,No-pair,fees,Caceis booked the fees for SD 05-12-2021. Integrata yet to book,1933657843,1933657843,4551456423,-590882299,2021-07-29
10901,,187_455669415_CACEIS,1020662021,OB,OB,No-pair,fx wire,Caceis booked the fx wire for SD 12-16-2019. Integrata yet to book,1020662021,1020662021,4551456423,-590882299,2021-07-29
10902,,34_4551334292_CACEIS,1911737183,OB,OB,No-pair,monthend interest,Caceis booked the monthend interest for SD 05-01-2021. Integrata yet to book,1911737183,1911737183,4551456423,-590882299,2021-07-29
10903,,381_4551066313_CACEIS,1556876663,OB,OB,No-pair,fx wire,Caceis booked the fx wire for SD 10-15-2020. Integrata yet to book,1556876663,1556876663,4551456423,-590882299,2021-07-29
10904,,933_455822501_CACEIS,1235307984,OB,OB,No-pair,fx wire,Caceis booked the fx wire for SD 04-15-2020. Integrata yet to book,1235307984,1235307984,4551456423,-590882299,2021-07-29
10905,,1390_455643841_CACEIS,975324462,OB,OB,No-pair,fx wire,Caceis booked the fx wire for SD 11-15-2019. Integrata yet to book,975324462,975324462,4551456423,-590882299,2021-07-29
10906,,5_4551388882_CACEIS,1989667562,OB,OB,No-pair,fees,Caceis booked the fees for SD 06-10-2021. Integrata yet to book,1989667562,1989667562,4551456423,-590882299,2021-07-29
10907,,178_455934920_CACEIS,1383926794,OB,OB,No-pair,wire transfer,Caceis booked the wire transfer for SD 07-10-2020. Integrata yet to book,1383926794,1383926794,4551456423,-590882299,2021-07-29
10908,,161_4551144082_CACEIS,1659707105,OB,OB,No-pair,wire transfer,Caceis booked the wire transfer for SD 12-10-2020. Integrata yet to book,1659707105,1659707105,4551456423,-590882299,2021-07-29
10909,,236_4551066313_CACEIS,1556876564,OB,OB,No-pair,fx wire,Caceis booked the fx wire for SD 10-15-2020. Integrata yet to book,1556876564,1556876564,4551456423,-590882299,2021-07-29
10910,,351_455643841_CACEIS,975323423,OB,OB,No-pair,fx wire,Caceis booked the fx wire for SD 11-15-2019. Integrata yet to book,975323423,975323423,4551456423,-590882299,2021-07-29
10911,,1332_455643841_CACEIS,975324404,OB,OB,No-pair,fx wire,Caceis booked the fx wire for SD 11-15-2019. Integrata yet to book,975324404,975324404,4551456423,-590882299,2021-07-29
10912,,71_455726980_CACEIS,1107942675,OB,OB,No-pair,monthend interest,Caceis booked the monthend interest for SD 02-01-2020. Integrata yet to book,1107942675,1107942675,4551456423,-590882299,2021-07-29
10913,,36_455658450_CACEIS,1002374625,OB,OB,No-pair,wire transfer,Caceis booked the wire transfer for SD 12-06-2019. Integrata yet to book,1002374625,1002374625,4551456423,-590882299,2021-07-29
10914,,59_455709628_CACEIS,1085770932,OB,OB,No-pair,wire transfer,Caceis booked the wire transfer for SD 01-17-2020. Integrata yet to book,1085770932,1085770932,4551456423,-590882299,2021-07-29
10915,,63_4551018409_CACEIS,1492757201,OB,OB,No-pair,fees,Caceis booked the fees for SD 09-10-2020. Integrata yet to book,1492757201,1492757201,4551456423,-590882299,2021-07-29
10916,,78_455985296_CACEIS,1449581865,OB,OB,No-pair,fx wire,Caceis booked the fx wire for SD 08-17-2020. Integrata yet to book,1449581865,1449581865,4551456423,-590882299,2021-07-29
10917,,45_4551018409_CACEIS,1492757195,OB,OB,No-pair,fees,Caceis booked the fees for SD 09-10-2020. Integrata yet to book,1492757195,1492757195,4551456423,-590882299,2021-07-29
10918,,113_4551349054_CACEIS,1933657869,OB,OB,No-pair,fees,Caceis booked the fees for SD 05-12-2021. Integrata yet to book,1933657869,1933657869,4551456423,-590882299,2021-07-29
10919,,70_4551018409_CACEIS,1492757215,OB,OB,No-pair,fees,Caceis booked the fees for SD 09-10-2020. Integrata yet to book,1492757215,1492757215,4551456423,-590882299,2021-07-29
10920,,870_455822501_CACEIS,1235308790,OB,OB,No-pair,fees,Caceis booked the fees for SD 04-14-2020. Integrata yet to book,1235308790,1235308790,4551456423,-590882299,2021-07-29
10921,,504_455643841_CACEIS,975323576,OB,OB,No-pair,fx wire,Caceis booked the fx wire for SD 11-15-2019. Integrata yet to book,975323576,975323576,4551456423,-590882299,2021-07-29
10922,,5_455671061_CACEIS,1023554988,OB,OB,No-pair,proceeds sell,Caceis booked the proceeds sell for SD 12-17-2019. Integrata yet to book,1023554988,1023554988,4551456423,-590882299,2021-07-29
10923,,27_455920273_CACEIS,1364559757,OB,OB,No-pair,monthend interest,Caceis booked the monthend interest for SD 07-01-2020. Integrata yet to book,1364559757,1364559757,4551456423,-590882299,2021-07-29
10924,,13_455579662_CACEIS,864621629,OB,OB,No-pair,wire transfer,Caceis booked the wire transfer for SD 10-07-2019. Integrata yet to book,864621629,864621629,4551456423,-590882299,2021-07-29
10925,,159_455934920_CACEIS,1383926688,OB,OB,No-pair,wire transfer,Caceis booked the wire transfer for SD 07-10-2020. Integrata yet to book,1383926688,1383926688,4551456423,-590882299,2021-07-29
10926,,13_4551125930_CACEIS,1635426523,OB,OB,No-pair,fx wire,Caceis booked the fx wire for SD 11-27-2020. Integrata yet to book,1635426523,1635426523,4551456423,-590882299,2021-07-29
10927,,514_455900053_CACEIS,1336713956,OB,OB,No-pair,fx wire,Caceis booked the fx wire for SD 06-15-2020. Integrata yet to book,1336713956,1336713956,4551456423,-590882299,2021-07-29
10928,,27_455688261_CACEIS,1053516726,OB,OB,No-pair,monthend interest,Caceis booked the monthend interest for SD 01-01-2020. Integrata yet to book,1053516726,1053516726,4551456423,-590882299,2021-07-29
10929,,2_455994077_CACEIS,1460756844,OB,OB,No-pair,wire transfer,Caceis booked the wire transfer for SD 08-24-2020. Integrata yet to book,1460756844,1460756844,4551456423,-590882299,2021-07-29
10930,,41_4551254304_CACEIS,1807385735,OB,OB,No-pair,wire transfer,Caceis booked the wire transfer for SD 03-02-2021. Integrata yet to book,1807385735,1807385735,4551456423,-590882299,2021-07-29
10931,,469_455862625_CACEIS,1287003642,OB,OB,No-pair,fx wire,Caceis booked the fx wire for SD 05-15-2020. Integrata yet to book,1287003642,1287003642,4551456423,-590882299,2021-07-29
10932,,361_455643841_CACEIS,975323433,OB,OB,No-pair,fx wire,Caceis booked the fx wire for SD 11-15-2019. Integrata yet to book,975323433,975323433,4551456423,-590882299,2021-07-29
10933,,165_455940640_CACEIS,1391596021,OB,OB,No-pair,fx wire,Caceis booked the fx wire for SD 07-15-2020. Integrata yet to book,1391596021,1391596021,4551456423,-590882299,2021-07-29
10934,,97_4551060531_CACEIS,1548950751,OB,OB,No-pair,fees,Caceis booked the fees for SD 10-12-2020. Integrata yet to book,1548950751,1548950751,4551456423,-590882299,2021-07-29
10935,,21_455701234_CACEIS,1075203714,OB,OB,No-pair,fees,Caceis booked the fees for SD 01-09-2020. Integrata yet to book,1075203714,1075203714,4551456423,-590882299,2021-07-29
10936,,4_4551136088_CACEIS,1649475123,OB,OB,No-pair,fx wire,Caceis booked the fx wire for SD 12-04-2020. Integrata yet to book,1649475123,1649475123,4551456423,-590882299,2021-07-29
10937,,28_4551362459_CACEIS,1953424879,OB,OB,No-pair,wire transfer,Caceis booked the wire transfer for SD 05-21-2021. Integrata yet to book,1953424879,1953424879,4551456423,-590882299,2021-07-29
10938,,265_4551354754_CACEIS,1942399692,OB,OB,No-pair,fx wire,Caceis booked the fx wire for SD 05-17-2021. Integrata yet to book,1942399692,1942399692,4551456423,-590882299,2021-07-29
10939,,240_4551248485_CACEIS,1800039538,OB,OB,No-pair,fx wire,Caceis booked the fx wire for SD 02-26-2021. Integrata yet to book,1800039538,1800039538,4551456423,-590882299,2021-07-29
10940,,117_455862625_CACEIS,1287002908,OB,OB,No-pair,fx wire,Caceis booked the fx wire for SD 05-15-2020. Integrata yet to book,1287002908,1287002908,4551456423,-590882299,2021-07-29
10941,,1545_455643841_CACEIS,975324617,OB,OB,No-pair,monthend interest,Caceis booked the monthend interest for SD 11-18-2019. Integrata yet to book,975324617,975324617,4551456423,-590882299,2021-07-29
10942,,300_455900053_CACEIS,1336713616,OB,OB,No-pair,fx wire,Caceis booked the fx wire for SD 06-15-2020. Integrata yet to book,1336713616,1336713616,4551456423,-590882299,2021-07-29
10943,,119_4551191593_CACEIS,1722905059,OB,OB,No-pair,fx wire,Caceis booked the fx wire for SD 01-15-2021. Integrata yet to book,1722905059,1722905059,4551456423,-590882299,2021-07-29
10944,,106_4551311496_CACEIS,1881179963,OB,OB,No-pair,fees,Caceis booked the fees for SD 04-14-2021. Integrata yet to book,1881179963,1881179963,4551456423,-590882299,2021-07-29
10945,,11_455803095_CACEIS,1210223526,OB,OB,No-pair,monthend interest,Caceis booked the monthend interest for SD 04-01-2020. Integrata yet to book,1210223526,1210223526,4551456423,-590882299,2021-07-29
10946,,49_4551060531_CACEIS,1548950723,OB,OB,No-pair,fees,Caceis booked the fees for SD 10-12-2020. Integrata yet to book,1548950723,1548950723,4551456423,-590882299,2021-07-29
10947,,8_455408517_CACEIS,589855171,OB,OB,No-pair,wire transfer,Caceis booked the wire transfer for SD 05-17-2019. Integrata yet to book,589855171,589855171,4551456423,-590882299,2021-07-29
10948,,143_4551184426_CACEIS,1712749819,OB,OB,No-pair,fees,Caceis booked the fees for SD 01-11-2021. Integrata yet to book,1712749819,1712749819,4551456423,-590882299,2021-07-29
10949,,40_4551125930_CACEIS,1635426496,OB,OB,No-pair,fx wire,Caceis booked the fx wire for SD 11-27-2020. Integrata yet to book,1635426496,1635426496,4551456423,-590882299,2021-07-29
10950,,400_455783582_CACEIS,1185159563,OB,OB,No-pair,fx wire,Caceis booked the fx wire for SD 03-16-2020. Integrata yet to book,1185159563,1185159563,4551456423,-590882299,2021-07-29
10951,,234_4551109218_CACEIS,1613286769,OB,OB,No-pair,fx wire,Caceis booked the fx wire for SD 11-16-2020. Integrata yet to book,1613286769,1613286769,4551456423,-590882299,2021-07-29
10952,,1405_455643841_CACEIS,975324477,OB,OB,No-pair,fx wire,Caceis booked the fx wire for SD 11-15-2019. Integrata yet to book,975324477,975324477,4551456423,-590882299,2021-07-29
10953,,5_4551428980_CACEIS,2040344581,OB,OB,No-pair,wire transfer,Caceis booked the wire transfer for SD 07-09-2021. Integrata yet to book,2040344581,2040344581,4551456423,-590882299,2021-07-29
10954,,133_4551210754_CACEIS,1748958326,OB,OB,No-pair,fx wire,Caceis booked the fx wire for SD 01-29-2021. Integrata yet to book,1748958326,1748958326,4551456423,-590882299,2021-07-29
10955,,83_4551349054_CACEIS,1933657899,OB,OB,No-pair,fees,Caceis booked the fees for SD 05-12-2021. Integrata yet to book,1933657899,1933657899,4551456423,-590882299,2021-07-29
10956,,74_4551060531_CACEIS,1548950690,OB,OB,No-pair,fees,Caceis booked the fees for SD 10-12-2020. Integrata yet to book,1548950690,1548950690,4551456423,-590882299,2021-07-29
10957,,357_455940640_CACEIS,1391596148,OB,OB,No-pair,fx wire,Caceis booked the fx wire for SD 07-15-2020. Integrata yet to book,1391596148,1391596148,4551456423,-590882299,2021-07-29
10958,,40_4551144082_CACEIS,1659707029,OB,OB,No-pair,wire transfer,Caceis booked the wire transfer for SD 12-10-2020. Integrata yet to book,1659707029,1659707029,4551456423,-590882299,2021-07-29
10959,,40_4551060531_CACEIS,1548950651,OB,OB,No-pair,fees,Caceis booked the fees for SD 10-12-2020. Integrata yet to book,1548950651,1548950651,4551456423,-590882299,2021-07-29
10960,,46_4551145900_CACEIS,1662179002,OB,OB,No-pair,fx wire,Caceis booked the fx wire for SD 12-11-2020. Integrata yet to book,1662179002,1662179002,4551456423,-590882299,2021-07-29
10961,,116_4551087502_CACEIS,1584326663,OB,OB,No-pair,monthend interest,Caceis booked the monthend interest for SD 11-01-2020. Integrata yet to book,1584326663,1584326663,4551456423,-590882299,2021-07-29
10962,,19_455541826_CACEIS,801870157,OB,OB,No-pair,fx wire,Caceis booked the fx wire for SD 09-06-2019. Integrata yet to book,801870157,801870157,4551456423,-590882299,2021-07-29
10963,,762_4551232906_CACEIS,1780157117,OB,OB,No-pair,fx wire,Caceis booked the fx wire for SD 02-16-2021. Integrata yet to book,1780157117,1780157117,4551456423,-590882299,2021-07-29
10964,,76_4551060531_CACEIS,1548950700,OB,OB,No-pair,fees,Caceis booked the fees for SD 10-12-2020. Integrata yet to book,1548950700,1548950700,4551456423,-590882299,2021-07-29
10965,,70_4551349054_CACEIS,1933657879,OB,OB,No-pair,fees,Caceis booked the fees for SD 05-12-2021. Integrata yet to book,1933657879,1933657879,4551456423,-590882299,2021-07-29
10966,,55_455404958_CACEIS,585162348,OB,OB,No-pair,fx wire,Caceis booked the fx wire for SD 05-15-2019. Integrata yet to book,585162348,585162348,4551456423,-590882299,2021-07-29
10967,,73_4551060531_CACEIS,1548950670,OB,OB,No-pair,fees,Caceis booked the fees for SD 10-12-2020. Integrata yet to book,1548950670,1548950670,4551456423,-590882299,2021-07-29
10968,,6_455408517_CACEIS,589855168,OB,OB,No-pair,wire transfer,Caceis booked the wire transfer for SD 05-17-2019. Integrata yet to book,589855168,589855168,4551456423,-590882299,2021-07-29
10969,,73_4551066313_CACEIS,1556876420,OB,OB,No-pair,fx wire,Caceis booked the fx wire for SD 10-15-2020. Integrata yet to book,1556876420,1556876420,4551456423,-590882299,2021-07-29
10970,,60_4551066313_CACEIS,1556876348,OB,OB,No-pair,fx wire,Caceis booked the fx wire for SD 10-15-2020. Integrata yet to book,1556876348,1556876348,4551456423,-590882299,2021-07-29
10971,,29_4551388882_CACEIS,1989667554,OB,OB,No-pair,fees,Caceis booked the fees for SD 06-10-2021. Integrata yet to book,1989667554,1989667554,4551456423,-590882299,2021-07-29
10972,,62_4551145900_CACEIS,1662179048,OB,OB,No-pair,fx wire,Caceis booked the fx wire for SD 12-11-2020. Integrata yet to book,1662179048,1662179048,4551456423,-590882299,2021-07-29
10973,,42_4551044906_CACEIS,1528403658,OB,OB,No-pair,monthend interest,Caceis booked the monthend interest for SD 10-01-2020. Integrata yet to book,1528403658,1528403658,4551456423,-590882299,2021-07-29
10974,,68_4551117124_CACEIS,1623224508,OB,OB,No-pair,fx wire,Caceis booked the fx wire for SD 11-20-2020. Integrata yet to book,1623224508,1623224508,4551456423,-590882299,2021-07-29
10975,,86_4551349054_CACEIS,1933657810,OB,OB,No-pair,fees,Caceis booked the fees for SD 05-12-2021. Integrata yet to book,1933657810,1933657810,4551456423,-590882299,2021-07-29
10976,,1316_455643841_CACEIS,975324388,OB,OB,No-pair,fx wire,Caceis booked the fx wire for SD 11-15-2019. Integrata yet to book,975324388,975324388,4551456423,-590882299,2021-07-29
10977,,24_455577664_CACEIS,861360934,OB,OB,No-pair,wire transfer,Caceis booked the wire transfer for SD 10-04-2019. Integrata yet to book,861360934,861360934,4551456423,-590882299,2021-07-29
10978,,24_4551210754_CACEIS,1748958345,OB,OB,No-pair,fx wire,Caceis booked the fx wire for SD 01-29-2021. Integrata yet to book,1748958345,1748958345,4551456423,-590882299,2021-07-29
10979,,71_4551060531_CACEIS,1548950650,OB,OB,No-pair,fees,Caceis booked the fees for SD 10-12-2020. Integrata yet to book,1548950650,1548950650,4551456423,-590882299,2021-07-29
10980,,18_4551203153_CACEIS,1737813342,OB,OB,No-pair,wire transfer,Caceis booked the wire transfer for SD 01-25-2021. Integrata yet to book,1737813342,1737813342,4551456423,-590882299,2021-07-29
10981,,96_455590588_CACEIS,883858351,OB,OB,No-pair,fx wire,Caceis booked the fx wire for SD 10-15-2019. Integrata yet to book,883858351,883858351,4551456423,-590882299,2021-07-29
10982,,89_455669415_CACEIS,1020661817,OB,OB,No-pair,fx wire,Caceis booked the fx wire for SD 12-16-2019. Integrata yet to book,1020661817,1020661817,4551456423,-590882299,2021-07-29
10983,,57_4551060531_CACEIS,1548950634,OB,OB,No-pair,fees,Caceis booked the fees for SD 10-12-2020. Integrata yet to book,1548950634,1548950634,4551456423,-590882299,2021-07-29
10984,,1_4551085502_CACEIS,1581818034,OB,OB,No-pair,wire transfer,Caceis booked the wire transfer for SD 10-29-2020. Integrata yet to book,1581818034,1581818034,4551456423,-590882299,2021-07-29
10985,,1_455994077_CACEIS,1460756843,OB,OB,No-pair,wire transfer,Caceis booked the wire transfer for SD 08-24-2020. Integrata yet to book,1460756843,1460756843,4551456423,-590882299,2021-07-29
10986,,52_455879764_CACEIS,1309543758,OB,OB,No-pair,wire transfer,Caceis booked the wire transfer for SD 05-29-2020. Integrata yet to book,1309543758,1309543758,4551456423,-590882299,2021-07-29
10987,,5_455394905_CACEIS,571131240,OB,OB,No-pair,fx wire,Caceis booked the fx wire for SD 05-07-2019. Integrata yet to book,571131240,571131240,4551456423,-590882299,2021-07-29
10988,,371_455900053_CACEIS,1336713712,OB,OB,No-pair,fx wire,Caceis booked the fx wire for SD 06-15-2020. Integrata yet to book,1336713712,1336713712,4551456423,-590882299,2021-07-29
10989,,125_455777858_CACEIS,1177395666,OB,OB,No-pair,wire transfer,Caceis booked the wire transfer for SD 03-11-2020. Integrata yet to book,1177395666,1177395666,4551456423,-590882299,2021-07-29
10990,,41_4551060531_CACEIS,1548950662,OB,OB,No-pair,fees,Caceis booked the fees for SD 10-12-2020. Integrata yet to book,1548950662,1548950662,4551456423,-590882299,2021-07-29
10991,,46_4551343376_CACEIS,1925737858,OB,OB,No-pair,fx wire,Caceis booked the fx wire for SD 05-07-2021. Integrata yet to book,1925737858,1925737858,4551456423,-590882299,2021-07-29
10992,,70_4551220415_CACEIS,1761955871,OB,OB,No-pair,fx wire,Caceis booked the fx wire for SD 02-05-2021. Integrata yet to book,1761955871,1761955871,4551456423,-590882299,2021-07-29
10993,,288_455900053_CACEIS,1336713677,OB,OB,No-pair,fx wire,Caceis booked the fx wire for SD 06-15-2020. Integrata yet to book,1336713677,1336713677,4551456423,-590882299,2021-07-29
10994,,21_4551214580_CACEIS,1754128758,OB,OB,No-pair,wire transfer,Caceis booked the wire transfer for SD 02-02-2021. Integrata yet to book,1754128758,1754128758,4551456423,-590882299,2021-07-29
10995,,60_455907521_CACEIS,1347197334,OB,OB,No-pair,fx wire,Caceis booked the fx wire for SD 06-19-2020. Integrata yet to book,1347197334,1347197334,4551456423,-590882299,2021-07-29
10996,,59_455590588_CACEIS,883858375,OB,OB,No-pair,fx wire,Caceis booked the fx wire for SD 10-15-2019. Integrata yet to book,883858375,883858375,4551456423,-590882299,2021-07-29
10997,,11_324834_CACEIS,466999395,OB,OB,No-pair,fx wire,Caceis booked the fx wire for SD 03-08-2019. Integrata yet to book,466999395,466999395,4551456423,-590882299,2021-07-29
10998,,431_4551109218_CACEIS,1613287105,OB,OB,No-pair,fx wire,Caceis booked the fx wire for SD 11-16-2020. Integrata yet to book,1613287105,1613287105,4551456423,-590882299,2021-07-29
10999,,34_455404958_CACEIS,585162349,OB,OB,No-pair,fx wire,Caceis booked the fx wire for SD 05-15-2019. Integrata yet to book,585162349,585162349,4551456423,-590882299,2021-07-29
11000,,110_4551184426_CACEIS,1712749719,OB,OB,No-pair,fees,Caceis booked the fees for SD 01-11-2021. Integrata yet to book,1712749719,1712749719,4551456423,-590882299,2021-07-29
11001,,40_4551254304_CACEIS,1807385733,OB,OB,No-pair,wire transfer,Caceis booked the wire transfer for SD 03-02-2021. Integrata yet to book,1807385733,1807385733,4551456423,-590882299,2021-07-29
11002,,37_455404958_CACEIS,585162331,OB,OB,No-pair,fx wire,Caceis booked the fx wire for SD 05-15-2019. Integrata yet to book,585162331,585162331,4551456423,-590882299,2021-07-29
11003,,69_455762980_CACEIS,1156897732,OB,OB,No-pair,monthend interest,Caceis booked the monthend interest for SD 03-01-2020. Integrata yet to book,1156897732,1156897732,4551456423,-590882299,2021-07-29
11004,,6_4551400940_CACEIS,2004694237,OB,OB,No-pair,fx wire,Caceis booked the fx wire for SD 06-18-2021. Integrata yet to book,2004694237,2004694237,4551456423,-590882299,2021-07-29
11005,,546_4551109218_CACEIS,1613287072,OB,OB,No-pair,fx wire,Caceis booked the fx wire for SD 11-16-2020. Integrata yet to book,1613287072,1613287072,4551456423,-590882299,2021-07-29
11006,,79_4551311496_CACEIS,1881179951,OB,OB,No-pair,fees,Caceis booked the fees for SD 04-14-2021. Integrata yet to book,1881179951,1881179951,4551456423,-590882299,2021-07-29
11007,,525_4551109218_CACEIS,1613287165,OB,OB,No-pair,fx wire,Caceis booked the fx wire for SD 11-16-2020. Integrata yet to book,1613287165,1613287165,4551456423,-590882299,2021-07-29
11008,,73_455862625_CACEIS,1287002877,OB,OB,No-pair,fees,Caceis booked the fees for SD 05-13-2020. Integrata yet to book,1287002877,1287002877,4551456423,-590882299,2021-07-29
11009,,14_4551258322_CACEIS,1812652686,OB,OB,No-pair,fx wire,Caceis booked the fx wire for SD 03-05-2021. Integrata yet to book,1812652686,1812652686,4551456423,-590882299,2021-07-29
11010,,3_4551041118_CACEIS,1523324127,OB,OB,No-pair,wire transfer,Caceis booked the wire transfer for SD 09-28-2020. Integrata yet to book,1523324127,1523324127,4551456423,-590882299,2021-07-29
11011,,468_4551109218_CACEIS,1613287096,OB,OB,No-pair,fx wire,Caceis booked the fx wire for SD 11-16-2020. Integrata yet to book,1613287096,1613287096,4551456423,-590882299,2021-07-29
11012,,483_455985296_CACEIS,1449582124,OB,OB,No-pair,fx wire,Caceis booked the fx wire for SD 08-17-2020. Integrata yet to book,1449582124,1449582124,4551456423,-590882299,2021-07-29
11013,,41_4551269721_CACEIS,1827473904,OB,OB,No-pair,fx wire,Caceis booked the fx wire for SD 03-15-2021. Integrata yet to book,1827473904,1827473904,4551456423,-590882299,2021-07-29
11014,,96_455762980_CACEIS,1156897871,OB,OB,No-pair,monthend interest,Caceis booked the monthend interest for SD 03-01-2020. Integrata yet to book,1156897871,1156897871,4551456423,-590882299,2021-07-29
11015,,75_4551349054_CACEIS,1933657898,OB,OB,No-pair,fees,Caceis booked the fees for SD 05-12-2021. Integrata yet to book,1933657898,1933657898,4551456423,-590882299,2021-07-29
11016,,179_455669415_CACEIS,1020662041,OB,OB,No-pair,fx wire,Caceis booked the fx wire for SD 12-16-2019. Integrata yet to book,1020662041,1020662041,4551456423,-590882299,2021-07-29
11017,,118_455822501_CACEIS,1235307962,OB,OB,No-pair,fx wire,Caceis booked the fx wire for SD 04-15-2020. Integrata yet to book,1235307962,1235307962,4551456423,-590882299,2021-07-29
11018,,96_4551436806_CACEIS,2049885783,OB,OB,No-pair,fx wire,Caceis booked the fx wire for SD 07-15-2021. Integrata yet to book,2049885783,2049885783,4551456423,-590882299,2021-07-29
11019,,169_455862625_CACEIS,1287002896,OB,OB,No-pair,fx wire,Caceis booked the fx wire for SD 05-15-2020. Integrata yet to book,1287002896,1287002896,4551456423,-590882299,2021-07-29
11020,,49_455783582_CACEIS,1185159213,OB,OB,No-pair,fx wire,Caceis booked the fx wire for SD 03-16-2020. Integrata yet to book,1185159213,1185159213,4551456423,-590882299,2021-07-29
11021,,277_4551313388_CACEIS,1883527967,OB,OB,No-pair,fx wire,Caceis booked the fx wire for SD 04-15-2021. Integrata yet to book,1883527967,1883527967,4551456423,-590882299,2021-07-29
11022,,28_4551155693_CACEIS,1675163274,OB,OB,No-pair,fx wire,Caceis booked the fx wire for SD 12-18-2020. Integrata yet to book,1675163274,1675163274,4551456423,-590882299,2021-07-29
11023,,88_4551191593_CACEIS,1722905091,OB,OB,No-pair,fx wire,Caceis booked the fx wire for SD 01-15-2021. Integrata yet to book,1722905091,1722905091,4551456423,-590882299,2021-07-29
11024,,107_306589_CACEIS,433998256,OB,OB,No-pair,fx wire,Caceis booked the fx wire for SD 02-15-2019. Integrata yet to book,433998256,433998256,4551456423,-590882299,2021-07-29
11025,,420_4551109218_CACEIS,1613287048,OB,OB,No-pair,fx wire,Caceis booked the fx wire for SD 11-16-2020. Integrata yet to book,1613287048,1613287048,4551456423,-590882299,2021-07-29
11026,,378_455822501_CACEIS,1235308190,OB,OB,No-pair,fx wire,Caceis booked the fx wire for SD 04-15-2020. Integrata yet to book,1235308190,1235308190,4551456423,-590882299,2021-07-29
11027,,27_455547231_CACEIS,811491687,OB,OB,No-pair,wire transfer,Caceis booked the wire transfer for SD 09-11-2019. Integrata yet to book,811491687,811491687,4551456423,-590882299,2021-07-29
11028,,49_455404958_CACEIS,585162335,OB,OB,No-pair,fx wire,Caceis booked the fx wire for SD 05-15-2019. Integrata yet to book,585162335,585162335,4551456423,-590882299,2021-07-29
11029,,778_4551232906_CACEIS,1780157154,OB,OB,No-pair,fx wire,Caceis booked the fx wire for SD 02-16-2021. Integrata yet to book,1780157154,1780157154,4551456423,-590882299,2021-07-29
11030,,421_455643841_CACEIS,975323493,OB,OB,No-pair,fx wire,Caceis booked the fx wire for SD 11-15-2019. Integrata yet to book,975323493,975323493,4551456423,-590882299,2021-07-29
11031,,13_455547231_CACEIS,811491632,OB,OB,No-pair,wire transfer,Caceis booked the wire transfer for SD 09-11-2019. Integrata yet to book,811491632,811491632,4551456423,-590882299,2021-07-29
11032,,11_4551072061_CACEIS,1564185617,OB,OB,No-pair,wire transfer,Caceis booked the wire transfer for SD 10-20-2020. Integrata yet to book,1564185617,1564185617,4551456423,-590882299,2021-07-29
11033,,6_455782293_CACEIS,1183562987,OB,OB,No-pair,fx wire,Caceis booked the fx wire for SD 03-13-2020. Integrata yet to book,1183562987,1183562987,4551456423,-590882299,2021-07-29
11034,,189_455862625_CACEIS,1287002847,OB,OB,No-pair,fx wire,Caceis booked the fx wire for SD 05-15-2020. Integrata yet to book,1287002847,1287002847,4551456423,-590882299,2021-07-29
11035,,15_455547231_CACEIS,811491649,OB,OB,No-pair,wire transfer,Caceis booked the wire transfer for SD 09-11-2019. Integrata yet to book,811491649,811491649,4551456423,-590882299,2021-07-29
11036,,28_455547231_CACEIS,811491693,OB,OB,No-pair,wire transfer,Caceis booked the wire transfer for SD 09-11-2019. Integrata yet to book,811491693,811491693,4551456423,-590882299,2021-07-29
11037,,44_455803095_CACEIS,1210223492,OB,OB,No-pair,wire transfer,Caceis booked the wire transfer for SD 03-31-2020. Integrata yet to book,1210223492,1210223492,4551456423,-590882299,2021-07-29
11038,,40_455476582_CACEIS,691189381,OB,OB,No-pair,fx wire,Caceis booked the fx wire for SD 07-16-2019. Integrata yet to book,691189381,691189381,4551456423,-590882299,2021-07-29
11039,,93_4551436806_CACEIS,2049885772,OB,OB,No-pair,fx wire,Caceis booked the fx wire for SD 07-15-2021. Integrata yet to book,2049885772,2049885772,4551456423,-590882299,2021-07-29
11040,,543_4551109218_CACEIS,1613286988,OB,OB,No-pair,wire transfer,Caceis booked the wire transfer for SD 11-16-2020. Integrata yet to book,1613286988,1613286988,4551456423,-590882299,2021-07-29
11041,,49_4551343376_CACEIS,1925737861,OB,OB,No-pair,fx wire,Caceis booked the fx wire for SD 05-07-2021. Integrata yet to book,1925737861,1925737861,4551456423,-590882299,2021-07-29
11042,,118_455978912_CACEIS,1441832190,OB,OB,No-pair,fees,Caceis booked the fees for SD 08-12-2020. Integrata yet to book,1441832190,1441832190,4551456423,-590882299,2021-07-29
11043,,29_455476582_CACEIS,691189270,OB,OB,No-pair,fx wire,Caceis booked the fx wire for SD 07-16-2019. Integrata yet to book,691189270,691189270,4551456423,-590882299,2021-07-29
11044,,171_455822501_CACEIS,1235307891,OB,OB,No-pair,fx wire,Caceis booked the fx wire for SD 04-15-2020. Integrata yet to book,1235307891,1235307891,4551456423,-590882299,2021-07-29
11045,,353_4551023983_CACEIS,1500214030,OB,OB,No-pair,fx wire,Caceis booked the fx wire for SD 09-15-2020. Integrata yet to book,1500214030,1500214030,4551456423,-590882299,2021-07-29
11046,,73_455963450_CACEIS,1421777783,OB,OB,No-pair,fx wire,Caceis booked the fx wire for SD 07-31-2020. Integrata yet to book,1421777783,1421777783,4551456423,-590882299,2021-07-29
11047,,58_4551066313_CACEIS,1556876318,OB,OB,No-pair,fx wire,Caceis booked the fx wire for SD 10-15-2020. Integrata yet to book,1556876318,1556876318,4551456423,-590882299,2021-07-29
11048,,178_455762980_CACEIS,1156897827,OB,OB,No-pair,monthend interest,Caceis booked the monthend interest for SD 03-01-2020. Integrata yet to book,1156897827,1156897827,4551456423,-590882299,2021-07-29
11049,,503_455862625_CACEIS,1287003707,OB,OB,No-pair,wire transfer,Caceis booked the wire transfer for SD 05-15-2020. Integrata yet to book,1287003707,1287003707,4551456423,-590882299,2021-07-29
11050,,426_455940640_CACEIS,1391596385,OB,OB,No-pair,fx wire,Caceis booked the fx wire for SD 07-15-2020. Integrata yet to book,1391596385,1391596385,4551456423,-590882299,2021-07-29
11051,,5_4551208898_CACEIS,1746080549,OB,OB,No-pair,wire transfer,Caceis booked the wire transfer for SD 01-20-2021. Integrata yet to book,1746080549,1746080549,4551456423,-590882299,2021-07-29
11052,,66_455862625_CACEIS,1287002765,OB,OB,No-pair,fx wire,Caceis booked the fx wire for SD 05-15-2020. Integrata yet to book,1287002765,1287002765,4551456423,-590882299,2021-07-29
11053,,81_455862625_CACEIS,1287003013,OB,OB,No-pair,fees,Caceis booked the fees for SD 05-13-2020. Integrata yet to book,1287003013,1287003013,4551456423,-590882299,2021-07-29
11054,,31_4551097416_CACEIS,1597270290,OB,OB,No-pair,proceeds sell,Caceis booked the proceeds sell for SD 11-06-2020. Integrata yet to book,1597270290,1597270290,4551456423,-590882299,2021-07-29
11055,,100_4551060531_CACEIS,1548950732,OB,OB,No-pair,fees,Caceis booked the fees for SD 10-12-2020. Integrata yet to book,1548950732,1548950732,4551456423,-590882299,2021-07-29
11056,,5_4551229444_CACEIS,1775243135,OB,OB,No-pair,fx wire,Caceis booked the fx wire for SD 02-12-2021. Integrata yet to book,1775243135,1775243135,4551456423,-590882299,2021-07-29
11057,,27_455940640_CACEIS,1391596009,OB,OB,No-pair,fx wire,Caceis booked the fx wire for SD 07-15-2020. Integrata yet to book,1391596009,1391596009,4551456423,-590882299,2021-07-29
11058,,293_455900053_CACEIS,1336713778,OB,OB,No-pair,fx wire,Caceis booked the fx wire for SD 06-15-2020. Integrata yet to book,1336713778,1336713778,4551456423,-590882299,2021-07-29
11059,,77_455554115_CACEIS,824385034,OB,OB,No-pair,fx wire,Caceis booked the fx wire for SD 09-17-2019. Integrata yet to book,824385034,824385034,4551456423,-590882299,2021-07-29
11060,,313_455669415_CACEIS,1020661963,OB,OB,No-pair,fx wire,Caceis booked the fx wire for SD 12-16-2019. Integrata yet to book,1020661963,1020661963,4551456423,-590882299,2021-07-29
11061,,8_455887206_CACEIS,1320167955,OB,OB,No-pair,wire transfer,Caceis booked the wire transfer for SD 06-04-2020. Integrata yet to book,1320167955,1320167955,4551456423,-590882299,2021-07-29
11062,,99_455862625_CACEIS,1287003248,OB,OB,No-pair,fx wire,Caceis booked the fx wire for SD 05-15-2020. Integrata yet to book,1287003248,1287003248,4551456423,-590882299,2021-07-29
11063,,271_4551436806_CACEIS,2049885999,OB,OB,No-pair,fx wire,Caceis booked the fx wire for SD 07-15-2021. Integrata yet to book,2049885999,2049885999,4551456423,-590882299,2021-07-29
11064,,38_455826113_CACEIS,1239393757,OB,OB,No-pair,fx wire,Caceis booked the fx wire for SD 04-17-2020. Integrata yet to book,1239393757,1239393757,4551456423,-590882299,2021-07-29
11065,,346_4551023983_CACEIS,1500214053,OB,OB,No-pair,fx wire,Caceis booked the fx wire for SD 09-15-2020. Integrata yet to book,1500214053,1500214053,4551456423,-590882299,2021-07-29
11066,,64_4551060531_CACEIS,1548950613,OB,OB,No-pair,fees,Caceis booked the fees for SD 10-12-2020. Integrata yet to book,1548950613,1548950613,4551456423,-590882299,2021-07-29
11067,,236_4551436806_CACEIS,2049885994,OB,OB,No-pair,fx wire,Caceis booked the fx wire for SD 07-15-2021. Integrata yet to book,2049885994,2049885994,4551456423,-590882299,2021-07-29
11068,,13_4551208898_CACEIS,1746080550,OB,OB,No-pair,wire transfer,Caceis booked the wire transfer for SD 01-20-2021. Integrata yet to book,1746080550,1746080550,4551456423,-590882299,2021-07-29
11069,,1_4551093457_CACEIS,1592135323,OB,OB,No-pair,wire transfer,Caceis booked the wire transfer for SD 11-04-2020. Integrata yet to book,1592135323,1592135323,4551456423,-590882299,2021-07-29
11070,,98_4551060531_CACEIS,1548950622,OB,OB,No-pair,fees,Caceis booked the fees for SD 10-12-2020. Integrata yet to book,1548950622,1548950622,4551456423,-590882299,2021-07-29
11071,,274_4551191593_CACEIS,1722905204,OB,OB,No-pair,fx wire,Caceis booked the fx wire for SD 01-15-2021. Integrata yet to book,1722905204,1722905204,4551456423,-590882299,2021-07-29
11072,,5_4551005548_CACEIS,1476092815,OB,OB,No-pair,monthend interest,Caceis booked the monthend interest for SD 09-01-2020. Integrata yet to book,1476092815,1476092815,4551456423,-590882299,2021-07-29
11073,,52_455753887_CACEIS,1143364764,OB,OB,No-pair,fx wire,Caceis booked the fx wire for SD 02-21-2020. Integrata yet to book,1143364764,1143364764,4551456423,-590882299,2021-07-29
11074,,38_333062_CACEIS,479846773,OB,OB,No-pair,fx wire,Caceis booked the fx wire for SD 03-15-2019. Integrata yet to book,479846773,479846773,4551456423,-590882299,2021-07-29
11075,,50_4551066313_CACEIS,1556876305,OB,OB,No-pair,fx wire,Caceis booked the fx wire for SD 10-15-2020. Integrata yet to book,1556876305,1556876305,4551456423,-590882299,2021-07-29
11076,,2_455532005_CACEIS,785746414,OB,OB,No-pair,wire transfer,Caceis booked the wire transfer for SD 08-26-2019. Integrata yet to book,785746414,785746414,4551456423,-590882299,2021-07-29
11077,,150_4551191593_CACEIS,1722905131,OB,OB,No-pair,fx wire,Caceis booked the fx wire for SD 01-15-2021. Integrata yet to book,1722905131,1722905131,4551456423,-590882299,2021-07-29
11078,,128_4551436806_CACEIS,2049885874,OB,OB,No-pair,fx wire,Caceis booked the fx wire for SD 07-15-2021. Integrata yet to book,2049885874,2049885874,4551456423,-590882299,2021-07-29
11079,,74_455900053_CACEIS,1336713505,OB,OB,No-pair,fx wire,Caceis booked the fx wire for SD 06-15-2020. Integrata yet to book,1336713505,1336713505,4551456423,-590882299,2021-07-29
11080,,135_4551201062_CACEIS,1734565939,OB,OB,No-pair,wire transfer,Caceis booked the wire transfer for SD 01-22-2021. Integrata yet to book,1734565939,1734565939,4551456423,-590882299,2021-07-29
11081,,78_455808758_CACEIS,1217520429,OB,OB,No-pair,wire transfer,Caceis booked the wire transfer for SD 04-03-2020. Integrata yet to book,1217520429,1217520429,4551456423,-590882299,2021-07-29
11082,,120_455649350_CACEIS,985331694,OB,OB,No-pair,monthend interest,Caceis booked the monthend interest for SD 12-01-2019. Integrata yet to book,985331694,985331694,4551456423,-590882299,2021-07-29
11083,,154_4551184426_CACEIS,1712749675,OB,OB,No-pair,fees,Caceis booked the fees for SD 01-11-2021. Integrata yet to book,1712749675,1712749675,4551456423,-590882299,2021-07-29
11084,,62_4551060531_CACEIS,1548950660,OB,OB,No-pair,fees,Caceis booked the fees for SD 10-12-2020. Integrata yet to book,1548950660,1548950660,4551456423,-590882299,2021-07-29
11085,,144_4551436806_CACEIS,2049885864,OB,OB,No-pair,fx wire,Caceis booked the fx wire for SD 07-15-2021. Integrata yet to book,2049885864,2049885864,4551456423,-590882299,2021-07-29
11086,,9_455424626_CACEIS,610989045,OB,OB,No-pair,wire transfer,Caceis booked the wire transfer for SD 05-31-2019. Integrata yet to book,610989045,610989045,4551456423,-590882299,2021-07-29
11087,,542_4551149959_CACEIS,1667623233,OB,OB,No-pair,fx wire,Caceis booked the fx wire for SD 12-15-2020. Integrata yet to book,1667623233,1667623233,4551456423,-590882299,2021-07-29
11088,,75_4551127906_CACEIS,1637981961,OB,OB,No-pair,monthend interest,Caceis booked the monthend interest for SD 12-01-2020. Integrata yet to book,1637981961,1637981961,4551456423,-590882299,2021-07-29
11089,,485_455822501_CACEIS,1235308224,OB,OB,No-pair,wire transfer,Caceis booked the wire transfer for SD 04-14-2020. Integrata yet to book,1235308224,1235308224,4551456423,-590882299,2021-07-29
11090,,19_455509747_CACEIS,748668119,OB,OB,No-pair,fees,Caceis booked the fees for SD 08-12-2019. Integrata yet to book,748668119,748668119,4551456423,-590882299,2021-07-29
11091,,110_4551436806_CACEIS,2049885885,OB,OB,No-pair,fx wire,Caceis booked the fx wire for SD 07-15-2021. Integrata yet to book,2049885885,2049885885,4551456423,-590882299,2021-07-29
11092,,142_4551105378_CACEIS,1608089275,OB,OB,No-pair,fees,Caceis booked the fees for SD 11-12-2020. Integrata yet to book,1608089275,1608089275,4551456423,-590882299,2021-07-29
11093,,51_4551020261_CACEIS,1495478300,OB,OB,No-pair,fx wire,Caceis booked the fx wire for SD 09-11-2020. Integrata yet to book,1495478300,1495478300,4551456423,-590882299,2021-07-29
11094,,39_4551324555_CACEIS,1898109347,OB,OB,No-pair,fx wire,Caceis booked the fx wire for SD 04-23-2021. Integrata yet to book,1898109347,1898109347,4551456423,-590882299,2021-07-29
11095,,12_4551093457_CACEIS,1592135554,OB,OB,No-pair,wire transfer,Caceis booked the wire transfer for SD 11-04-2020. Integrata yet to book,1592135554,1592135554,4551456423,-590882299,2021-07-29
11096,,159_455900053_CACEIS,1336713090,OB,OB,No-pair,fx wire,Caceis booked the fx wire for SD 06-15-2020. Integrata yet to book,1336713090,1336713090,4551456423,-590882299,2021-07-29
11097,,7_455695744_CACEIS,1066435825,OB,OB,No-pair,wire transfer,Caceis booked the wire transfer for SD 01-07-2020. Integrata yet to book,1066435825,1066435825,4551456423,-590882299,2021-07-29
11098,,148_4551184426_CACEIS,1712749729,OB,OB,No-pair,fees,Caceis booked the fees for SD 01-11-2021. Integrata yet to book,1712749729,1712749729,4551456423,-590882299,2021-07-29
11099,,45_4551246640_CACEIS,1797846210,OB,OB,No-pair,monthend interest,Caceis booked the monthend interest for SD 02-26-2021. Integrata yet to book,1797846210,1797846210,4551456423,-590882299,2021-07-29
11100,,267_4551109218_CACEIS,1613286860,OB,OB,No-pair,fx wire,Caceis booked the fx wire for SD 11-16-2020. Integrata yet to book,1613286860,1613286860,4551456423,-590882299,2021-07-29
11101,,59_4551020261_CACEIS,1495478289,OB,OB,No-pair,wire transfer,Caceis booked the wire transfer for SD 09-11-2020. Integrata yet to book,1495478289,1495478289,4551456423,-590882299,2021-07-29
11102,,33_455944496_CACEIS,1396484648,OB,OB,No-pair,proceeds sell,Caceis booked the proceeds sell for SD 07-17-2020. Integrata yet to book,1396484648,1396484648,4551456423,-590882299,2021-07-29
11103,,500_455783582_CACEIS,1185159745,OB,OB,No-pair,fx wire,Caceis booked the fx wire for SD 03-16-2020. Integrata yet to book,1185159745,1185159745,4551456423,-590882299,2021-07-29
11104,,85_4551394628_CACEIS,1997244686,OB,OB,No-pair,fx wire,Caceis booked the fx wire for SD 06-15-2021. Integrata yet to book,1997244686,1997244686,4551456423,-590882299,2021-07-29
11105,,15_455721813_CACEIS,1101209616,OB,OB,No-pair,wire transfer,Caceis booked the wire transfer for SD 01-20-2020. Integrata yet to book,1101209616,1101209616,4551456423,-590882299,2021-07-29
11106,,11_455740199_CACEIS,1125344811,OB,OB,No-pair,wire transfer,Caceis booked the wire transfer for SD 02-11-2020. Integrata yet to book,1125344811,1125344811,4551456423,-590882299,2021-07-29
11107,,28_455688261_CACEIS,1053516706,OB,OB,No-pair,monthend interest,Caceis booked the monthend interest for SD 01-01-2020. Integrata yet to book,1053516706,1053516706,4551456423,-590882299,2021-07-29
11108,,14_455851677_CACEIS,1272856290,OB,OB,No-pair,proceeds sell,Caceis booked the proceeds sell for SD 05-07-2020. Integrata yet to book,1272856290,1272856290,4551456423,-590882299,2021-07-29
11109,,10_455547231_CACEIS,811491607,OB,OB,No-pair,wire transfer,Caceis booked the wire transfer for SD 09-11-2019. Integrata yet to book,811491607,811491607,4551456423,-590882299,2021-07-29
11110,,530_4551149959_CACEIS,1667623224,OB,OB,No-pair,fx wire,Caceis booked the fx wire for SD 12-15-2020. Integrata yet to book,1667623224,1667623224,4551456423,-590882299,2021-07-29
11111,,52_4551287241_CACEIS,1850449303,OB,OB,No-pair,wire transfer,Caceis booked the wire transfer for SD 03-26-2021. Integrata yet to book,1850449303,1850449303,4551456423,-590882299,2021-07-29
11112,,434_455940640_CACEIS,1391596262,OB,OB,No-pair,fx wire,Caceis booked the fx wire for SD 07-15-2020. Integrata yet to book,1391596262,1391596262,4551456423,-590882299,2021-07-29
11113,,111_4551349054_CACEIS,1933657863,OB,OB,No-pair,fees,Caceis booked the fees for SD 05-12-2021. Integrata yet to book,1933657863,1933657863,4551456423,-590882299,2021-07-29
11114,,28_4551184426_CACEIS,1712749805,OB,OB,No-pair,wire transfer,Caceis booked the wire transfer for SD 01-11-2021. Integrata yet to book,1712749805,1712749805,4551456423,-590882299,2021-07-29
11115,,537_4551109218_CACEIS,1613287136,OB,OB,No-pair,fx wire,Caceis booked the fx wire for SD 11-16-2020. Integrata yet to book,1613287136,1613287136,4551456423,-590882299,2021-07-29
11116,,11_455547231_CACEIS,811491608,OB,OB,No-pair,wire transfer,Caceis booked the wire transfer for SD 09-11-2019. Integrata yet to book,811491608,811491608,4551456423,-590882299,2021-07-29
11117,,483_455783582_CACEIS,1185159680,OB,OB,No-pair,fx wire,Caceis booked the fx wire for SD 03-16-2020. Integrata yet to book,1185159680,1185159680,4551456423,-590882299,2021-07-29
11118,,80_455879764_CACEIS,1309543763,OB,OB,No-pair,fx wire,Caceis booked the fx wire for SD 05-29-2020. Integrata yet to book,1309543763,1309543763,4551456423,-590882299,2021-07-29
11119,,377_455940640_CACEIS,1391596305,OB,OB,No-pair,fx wire,Caceis booked the fx wire for SD 07-15-2020. Integrata yet to book,1391596305,1391596305,4551456423,-590882299,2021-07-29
11120,,35_455554115_CACEIS,824384876,OB,OB,No-pair,fx wire,Caceis booked the fx wire for SD 09-17-2019. Integrata yet to book,824384876,824384876,4551456423,-590882299,2021-07-29
11121,,8_4551390838_CACEIS,1992497439,OB,OB,No-pair,fx wire,Caceis booked the fx wire for SD 06-11-2021. Integrata yet to book,1992497439,1992497439,4551456423,-590882299,2021-07-29
11122,,89_4551269721_CACEIS,1827473951,OB,OB,No-pair,fx wire,Caceis booked the fx wire for SD 03-15-2021. Integrata yet to book,1827473951,1827473951,4551456423,-590882299,2021-07-29
11123,,95_455688261_CACEIS,1053516721,OB,OB,No-pair,fx wire,Caceis booked the fx wire for SD 12-31-2019. Integrata yet to book,1053516721,1053516721,4551456423,-590882299,2021-07-29
11124,,341_455900053_CACEIS,1336713846,OB,OB,No-pair,fx wire,Caceis booked the fx wire for SD 06-15-2020. Integrata yet to book,1336713846,1336713846,4551456423,-590882299,2021-07-29
11125,,32_455940640_CACEIS,1391596104,OB,OB,No-pair,fx wire,Caceis booked the fx wire for SD 07-15-2020. Integrata yet to book,1391596104,1391596104,4551456423,-590882299,2021-07-29
11126,,61_4551149959_CACEIS,1667622867,OB,OB,No-pair,fx wire,Caceis booked the fx wire for SD 12-15-2020. Integrata yet to book,1667622867,1667622867,4551456423,-590882299,2021-07-29
11127,,183_4551232906_CACEIS,1780156465,OB,OB,No-pair,fx wire,Caceis booked the fx wire for SD 02-16-2021. Integrata yet to book,1780156465,1780156465,4551456423,-590882299,2021-07-29
11128,,322_455669415_CACEIS,1020661761,OB,OB,No-pair,fx wire,Caceis booked the fx wire for SD 12-16-2019. Integrata yet to book,1020661761,1020661761,4551456423,-590882299,2021-07-29
11129,,4_4551400940_CACEIS,2004694234,OB,OB,No-pair,fx wire,Caceis booked the fx wire for SD 06-18-2021. Integrata yet to book,2004694234,2004694234,4551456423,-590882299,2021-07-29
11130,,320_455669415_CACEIS,1020661851,OB,OB,No-pair,fx wire,Caceis booked the fx wire for SD 12-16-2019. Integrata yet to book,1020661851,1020661851,4551456423,-590882299,2021-07-29
11131,,50_306589_CACEIS,433998215,OB,OB,No-pair,fx wire,Caceis booked the fx wire for SD 02-15-2019. Integrata yet to book,433998215,433998215,4551456423,-590882299,2021-07-29
11132,,49_267975_CACEIS,368747259,OB,OB,No-pair,fx wire,Caceis booked the fx wire for SD 01-15-2019. Integrata yet to book,368747259,368747259,4551456423,-590882299,2021-07-29
11133,,48_4551354754_CACEIS,1942399456,OB,OB,No-pair,fx wire,Caceis booked the fx wire for SD 05-17-2021. Integrata yet to book,1942399456,1942399456,4551456423,-590882299,2021-07-29
11134,,161_455669415_CACEIS,1020662007,OB,OB,No-pair,fx wire,Caceis booked the fx wire for SD 12-16-2019. Integrata yet to book,1020662007,1020662007,4551456423,-590882299,2021-07-29
11135,,155_4551191593_CACEIS,1722905120,OB,OB,No-pair,fx wire,Caceis booked the fx wire for SD 01-15-2021. Integrata yet to book,1722905120,1722905120,4551456423,-590882299,2021-07-29
11136,,435_4551149959_CACEIS,1667623249,OB,OB,No-pair,fx wire,Caceis booked the fx wire for SD 12-15-2020. Integrata yet to book,1667623249,1667623249,4551456423,-590882299,2021-07-29
11137,,4_4551009589_CACEIS,1480921564,OB,OB,No-pair,wire transfer,Caceis booked the wire transfer for SD 09-03-2020. Integrata yet to book,1480921564,1480921564,4551456423,-590882299,2021-07-29
11138,,747_4551232906_CACEIS,1780157029,OB,OB,No-pair,fx wire,Caceis booked the fx wire for SD 02-16-2021. Integrata yet to book,1780157029,1780157029,4551456423,-590882299,2021-07-29
11139,,402_455748445_CACEIS,1136275295,OB,OB,No-pair,fx wire,Caceis booked the fx wire for SD 02-18-2020. Integrata yet to book,1136275295,1136275295,4551456423,-590882299,2021-07-29
11140,,204_4551269721_CACEIS,1827473967,OB,OB,No-pair,fx wire,Caceis booked the fx wire for SD 03-15-2021. Integrata yet to book,1827473967,1827473967,4551456423,-590882299,2021-07-29
11141,,21_252450_CACEIS,338978055,OB,OB,No-pair,monthend interest,Caceis booked the monthend interest for SD 01-01-2019. Integrata yet to book,338978055,338978055,4551456423,-590882299,2021-07-29
11142,,70_455862625_CACEIS,1287002827,OB,OB,No-pair,fees,Caceis booked the fees for SD 05-13-2020. Integrata yet to book,1287002827,1287002827,4551456423,-590882299,2021-07-29
11143,,310_455669415_CACEIS,1020661764,OB,OB,No-pair,fx wire,Caceis booked the fx wire for SD 12-16-2019. Integrata yet to book,1020661764,1020661764,4551456423,-590882299,2021-07-29
11144,,205_455862625_CACEIS,1287002695,OB,OB,No-pair,fees,Caceis booked the fees for SD 05-13-2020. Integrata yet to book,1287002695,1287002695,4551456423,-590882299,2021-07-29
11145,,46_455442954_CACEIS,637183905,OB,OB,No-pair,fx wire,Caceis booked the fx wire for SD 06-17-2019. Integrata yet to book,637183905,637183905,4551456423,-590882299,2021-07-29
11146,,87_455554115_CACEIS,824384907,OB,OB,No-pair,fx wire,Caceis booked the fx wire for SD 09-17-2019. Integrata yet to book,824384907,824384907,4551456423,-590882299,2021-07-29
11147,,17_4551326398_CACEIS,1900587951,OB,OB,No-pair,proceeds sell,Caceis booked the proceeds sell for SD 04-26-2021. Integrata yet to book,1900587951,1900587951,4551456423,-590882299,2021-07-29
11148,,101_4551229444_CACEIS,1775243199,OB,OB,No-pair,fx wire,Caceis booked the fx wire for SD 02-12-2021. Integrata yet to book,1775243199,1775243199,4551456423,-590882299,2021-07-29
11149,,40_455658450_CACEIS,1002374629,OB,OB,No-pair,wire transfer,Caceis booked the wire transfer for SD 12-06-2019. Integrata yet to book,1002374629,1002374629,4551456423,-590882299,2021-07-29
11150,,45_455476582_CACEIS,691188008,OB,OB,No-pair,fx wire,Caceis booked the fx wire for SD 07-16-2019. Integrata yet to book,691188008,691188008,4551456423,-590882299,2021-07-29
11151,,103_4551229444_CACEIS,1775243123,OB,OB,No-pair,fx wire,Caceis booked the fx wire for SD 02-12-2021. Integrata yet to book,1775243123,1775243123,4551456423,-590882299,2021-07-29
11152,,74_455442954_CACEIS,637183893,OB,OB,No-pair,fx wire,Caceis booked the fx wire for SD 06-17-2019. Integrata yet to book,637183893,637183893,4551456423,-590882299,2021-07-29
11153,,6_4551199693_CACEIS,1732878168,OB,OB,No-pair,wire transfer,Caceis booked the wire transfer for SD 01-20-2021. Integrata yet to book,1732878168,1732878168,4551456423,-590882299,2021-07-29
11154,,9_333062_CACEIS,479846748,OB,OB,No-pair,fx wire,Caceis booked the fx wire for SD 03-15-2019. Integrata yet to book,479846748,479846748,4551456423,-590882299,2021-07-29
11155,,260_455783582_CACEIS,1185159395,OB,OB,No-pair,fx wire,Caceis booked the fx wire for SD 03-16-2020. Integrata yet to book,1185159395,1185159395,4551456423,-590882299,2021-07-29
11156,,19_4551362459_CACEIS,1953424878,OB,OB,No-pair,fx wire,Caceis booked the fx wire for SD 05-21-2021. Integrata yet to book,1953424878,1953424878,4551456423,-590882299,2021-07-29
11157,,400_455748445_CACEIS,1136275277,OB,OB,No-pair,fx wire,Caceis booked the fx wire for SD 02-18-2020. Integrata yet to book,1136275277,1136275277,4551456423,-590882299,2021-07-29
11158,,130_4551210754_CACEIS,1748958261,OB,OB,No-pair,fx wire,Caceis booked the fx wire for SD 01-29-2021. Integrata yet to book,1748958261,1748958261,4551456423,-590882299,2021-07-29
11159,,63_4551254304_CACEIS,1807385750,OB,OB,No-pair,wire transfer,Caceis booked the wire transfer for SD 03-02-2021. Integrata yet to book,1807385750,1807385750,4551456423,-590882299,2021-07-29
11160,,9_455824379_CACEIS,1237534482,OB,OB,No-pair,wire transfer,Caceis booked the wire transfer for SD 04-16-2020. Integrata yet to book,1237534482,1237534482,4551456423,-590882299,2021-07-29
11161,,632_4551232906_CACEIS,1780157093,OB,OB,No-pair,fx wire,Caceis booked the fx wire for SD 02-16-2021. Integrata yet to book,1780157093,1780157093,4551456423,-590882299,2021-07-29
11162,,115_4551436806_CACEIS,2049885782,OB,OB,No-pair,fx wire,Caceis booked the fx wire for SD 07-15-2021. Integrata yet to book,2049885782,2049885782,4551456423,-590882299,2021-07-29
11163,,48_4551149959_CACEIS,1667622843,OB,OB,No-pair,fx wire,Caceis booked the fx wire for SD 12-15-2020. Integrata yet to book,1667622843,1667622843,4551456423,-590882299,2021-07-29
11164,,61_4551220415_CACEIS,1761956015,OB,OB,No-pair,fx wire,Caceis booked the fx wire for SD 02-05-2021. Integrata yet to book,1761956015,1761956015,4551456423,-590882299,2021-07-29
11165,,194_455706635_CACEIS,1081907297,OB,OB,No-pair,fx wire,Caceis booked the fx wire for SD 01-15-2020. Integrata yet to book,1081907297,1081907297,4551456423,-590882299,2021-07-29
11166,,33_4551184426_CACEIS,1712749828,OB,OB,No-pair,wire transfer,Caceis booked the wire transfer for SD 01-11-2021. Integrata yet to book,1712749828,1712749828,4551456423,-590882299,2021-07-29
11167,,96_4551060531_CACEIS,1548950761,OB,OB,No-pair,wire transfer,Caceis booked the wire transfer for SD 10-12-2020. Integrata yet to book,1548950761,1548950761,4551456423,-590882299,2021-07-29
11168,,3_455879764_CACEIS,1309543687,OB,OB,No-pair,monthend interest,Caceis booked the monthend interest for SD 06-01-2020. Integrata yet to book,1309543687,1309543687,4551456423,-590882299,2021-07-29
11169,,161_455777858_CACEIS,1177395692,OB,OB,No-pair,wire transfer,Caceis booked the wire transfer for SD 03-11-2020. Integrata yet to book,1177395692,1177395692,4551456423,-590882299,2021-07-29
11170,,462_4551109218_CACEIS,1613287125,OB,OB,No-pair,fx wire,Caceis booked the fx wire for SD 11-16-2020. Integrata yet to book,1613287125,1613287125,4551456423,-590882299,2021-07-29
11171,,476_455822501_CACEIS,1235308285,OB,OB,No-pair,wire transfer,Caceis booked the wire transfer for SD 04-14-2020. Integrata yet to book,1235308285,1235308285,4551456423,-590882299,2021-07-29
11172,,202_455898221_CACEIS,1334730911,OB,OB,No-pair,wire transfer,Caceis booked the wire transfer for SD 06-12-2020. Integrata yet to book,1334730911,1334730911,4551456423,-590882299,2021-07-29
11173,,58_4551254304_CACEIS,1807385743,OB,OB,No-pair,wire transfer,Caceis booked the wire transfer for SD 03-02-2021. Integrata yet to book,1807385743,1807385743,4551456423,-590882299,2021-07-29
11174,,59_4551254304_CACEIS,1807385749,OB,OB,No-pair,wire transfer,Caceis booked the wire transfer for SD 03-02-2021. Integrata yet to book,1807385749,1807385749,4551456423,-590882299,2021-07-29
11175,,260_4551149959_CACEIS,1667623095,OB,OB,No-pair,fx wire,Caceis booked the fx wire for SD 12-15-2020. Integrata yet to book,1667623095,1667623095,4551456423,-590882299,2021-07-29
11176,,119_4551184426_CACEIS,1712749731,OB,OB,No-pair,fees,Caceis booked the fees for SD 01-11-2021. Integrata yet to book,1712749731,1712749731,4551456423,-590882299,2021-07-29
11177,,84_4551354754_CACEIS,1942399486,OB,OB,No-pair,fx wire,Caceis booked the fx wire for SD 05-17-2021. Integrata yet to book,1942399486,1942399486,4551456423,-590882299,2021-07-29
11178,,38_455554115_CACEIS,824384891,OB,OB,No-pair,fx wire,Caceis booked the fx wire for SD 09-17-2019. Integrata yet to book,824384891,824384891,4551456423,-590882299,2021-07-29
11179,,4_455401727_CACEIS,580740948,OB,OB,No-pair,fx wire,Caceis booked the fx wire for SD 05-13-2019. Integrata yet to book,580740948,580740948,4551456423,-590882299,2021-07-29
11180,,321_455900053_CACEIS,1336713781,OB,OB,No-pair,fx wire,Caceis booked the fx wire for SD 06-15-2020. Integrata yet to book,1336713781,1336713781,4551456423,-590882299,2021-07-29
11181,,144_4551184426_CACEIS,1712749829,OB,OB,No-pair,fees,Caceis booked the fees for SD 01-11-2021. Integrata yet to book,1712749829,1712749829,4551456423,-590882299,2021-07-29
11182,,6_455401727_CACEIS,580740942,OB,OB,No-pair,fx wire,Caceis booked the fx wire for SD 05-13-2019. Integrata yet to book,580740942,580740942,4551456423,-590882299,2021-07-29
11183,,65_4551254304_CACEIS,1807385717,OB,OB,No-pair,wire transfer,Caceis booked the wire transfer for SD 03-02-2021. Integrata yet to book,1807385717,1807385717,4551456423,-590882299,2021-07-29
11184,,36_455940640_CACEIS,1391595906,OB,OB,No-pair,wire transfer,Caceis booked the wire transfer for SD 07-15-2020. Integrata yet to book,1391595906,1391595906,4551456423,-590882299,2021-07-29
11185,,375_455822501_CACEIS,1235308231,OB,OB,No-pair,fx wire,Caceis booked the fx wire for SD 04-15-2020. Integrata yet to book,1235308231,1235308231,4551456423,-590882299,2021-07-29
11186,,156_4551184426_CACEIS,1712749701,OB,OB,No-pair,fees,Caceis booked the fees for SD 01-11-2021. Integrata yet to book,1712749701,1712749701,4551456423,-590882299,2021-07-29
11187,,33_455669415_CACEIS,1020661805,OB,OB,No-pair,fx wire,Caceis booked the fx wire for SD 12-16-2019. Integrata yet to book,1020661805,1020661805,4551456423,-590882299,2021-07-29
11188,,128_455777858_CACEIS,1177395787,OB,OB,No-pair,wire transfer,Caceis booked the wire transfer for SD 03-11-2020. Integrata yet to book,1177395787,1177395787,4551456423,-590882299,2021-07-29
11189,,62_4551254304_CACEIS,1807385747,OB,OB,No-pair,wire transfer,Caceis booked the wire transfer for SD 03-02-2021. Integrata yet to book,1807385747,1807385747,4551456423,-590882299,2021-07-29
11190,,17_4551184426_CACEIS,1712749753,OB,OB,No-pair,wire transfer,Caceis booked the wire transfer for SD 01-11-2021. Integrata yet to book,1712749753,1712749753,4551456423,-590882299,2021-07-29
11191,,19_455585083_CACEIS,874262476,OB,OB,No-pair,fees,Caceis booked the fees for SD 10-10-2019. Integrata yet to book,874262476,874262476,4551456423,-590882299,2021-07-29
11192,,24_4551117124_CACEIS,1623224463,OB,OB,No-pair,fx wire,Caceis booked the fx wire for SD 11-20-2020. Integrata yet to book,1623224463,1623224463,4551456423,-590882299,2021-07-29
11193,,188_455985296_CACEIS,1449581778,OB,OB,No-pair,fx wire,Caceis booked the fx wire for SD 08-17-2020. Integrata yet to book,1449581778,1449581778,4551456423,-590882299,2021-07-29
11194,,144_455900053_CACEIS,1336713126,OB,OB,No-pair,fx wire,Caceis booked the fx wire for SD 06-15-2020. Integrata yet to book,1336713126,1336713126,4551456423,-590882299,2021-07-29
11195,,174_4551066313_CACEIS,1556876353,OB,OB,No-pair,fx wire,Caceis booked the fx wire for SD 10-15-2020. Integrata yet to book,1556876353,1556876353,4551456423,-590882299,2021-07-29
11196,,441_455748445_CACEIS,1136275491,OB,OB,No-pair,fx wire,Caceis booked the fx wire for SD 02-18-2020. Integrata yet to book,1136275491,1136275491,4551456423,-590882299,2021-07-29
11197,,102_455590588_CACEIS,883858396,OB,OB,No-pair,fx wire,Caceis booked the fx wire for SD 10-15-2019. Integrata yet to book,883858396,883858396,4551456423,-590882299,2021-07-29
11198,,150_4551105378_CACEIS,1608089263,OB,OB,No-pair,fees,Caceis booked the fees for SD 11-12-2020. Integrata yet to book,1608089263,1608089263,4551456423,-590882299,2021-07-29
11199,,483_455822501_CACEIS,1235308200,OB,OB,No-pair,wire transfer,Caceis booked the wire transfer for SD 04-14-2020. Integrata yet to book,1235308200,1235308200,4551456423,-590882299,2021-07-29
11200,,493_455985296_CACEIS,1449582199,OB,OB,No-pair,fx wire,Caceis booked the fx wire for SD 08-17-2020. Integrata yet to book,1449582199,1449582199,4551456423,-590882299,2021-07-29
11201,,52_4551244633_CACEIS,1795375922,OB,OB,No-pair,monthend interest,Caceis booked the monthend interest for SD 02-25-2021. Integrata yet to book,1795375922,1795375922,4551456423,-590882299,2021-07-29
11202,,48_4551394628_CACEIS,1997244606,OB,OB,No-pair,fx wire,Caceis booked the fx wire for SD 06-15-2021. Integrata yet to book,1997244606,1997244606,4551456423,-590882299,2021-07-29
11203,,155_4551105378_CACEIS,1608089254,OB,OB,No-pair,fees,Caceis booked the fees for SD 11-12-2020. Integrata yet to book,1608089254,1608089254,4551456423,-590882299,2021-07-29
11204,,391_4551232906_CACEIS,1780156783,OB,OB,No-pair,fx wire,Caceis booked the fx wire for SD 02-16-2021. Integrata yet to book,1780156783,1780156783,4551456423,-590882299,2021-07-29
11205,,5_455585083_CACEIS,874262414,OB,OB,No-pair,fees,Caceis booked the fees for SD 10-10-2019. Integrata yet to book,874262414,874262414,4551456423,-590882299,2021-07-29
11206,,695_4551232906_CACEIS,1780157015,OB,OB,No-pair,fx wire,Caceis booked the fx wire for SD 02-16-2021. Integrata yet to book,1780157015,1780157015,4551456423,-590882299,2021-07-29
11207,,19_4551248485_CACEIS,1800039356,OB,OB,No-pair,wire transfer,Caceis booked the wire transfer for SD 02-26-2021. Integrata yet to book,1800039356,1800039356,4551456423,-590882299,2021-07-29
11208,,106_4551239617_CACEIS,1789074725,OB,OB,No-pair,fx wire,Caceis booked the fx wire for SD 02-19-2021. Integrata yet to book,1789074725,1789074725,4551456423,-590882299,2021-07-29
11209,,366_4551066313_CACEIS,1556876595,OB,OB,No-pair,fx wire,Caceis booked the fx wire for SD 10-15-2020. Integrata yet to book,1556876595,1556876595,4551456423,-590882299,2021-07-29
11210,,465_4551191593_CACEIS,1722905492,OB,OB,No-pair,fx wire,Caceis booked the fx wire for SD 01-15-2021. Integrata yet to book,1722905492,1722905492,4551456423,-590882299,2021-07-29
11211,,120_4551105378_CACEIS,1608089248,OB,OB,No-pair,fees,Caceis booked the fees for SD 11-12-2020. Integrata yet to book,1608089248,1608089248,4551456423,-590882299,2021-07-29
11212,,6_4551117124_CACEIS,1623224455,OB,OB,No-pair,fx wire,Caceis booked the fx wire for SD 11-20-2020. Integrata yet to book,1623224455,1623224455,4551456423,-590882299,2021-07-29
11213,,443_455748445_CACEIS,1136275506,OB,OB,No-pair,fx wire,Caceis booked the fx wire for SD 02-18-2020. Integrata yet to book,1136275506,1136275506,4551456423,-590882299,2021-07-29
11214,,16_333062_CACEIS,479846749,OB,OB,No-pair,fx wire,Caceis booked the fx wire for SD 03-15-2019. Integrata yet to book,479846749,479846749,4551456423,-590882299,2021-07-29
11215,,291_455900053_CACEIS,1336713758,OB,OB,No-pair,fx wire,Caceis booked the fx wire for SD 06-15-2020. Integrata yet to book,1336713758,1336713758,4551456423,-590882299,2021-07-29
11216,,474_455783582_CACEIS,1185159678,OB,OB,No-pair,fx wire,Caceis booked the fx wire for SD 03-16-2020. Integrata yet to book,1185159678,1185159678,4551456423,-590882299,2021-07-29
11217,,3_455570278_CACEIS,849574782,OB,OB,No-pair,monthend interest,Caceis booked the monthend interest for SD 10-01-2019. Integrata yet to book,849574782,849574782,4551456423,-590882299,2021-07-29
11218,,430_455822501_CACEIS,1235308137,OB,OB,No-pair,wire transfer,Caceis booked the wire transfer for SD 04-14-2020. Integrata yet to book,1235308137,1235308137,4551456423,-590882299,2021-07-29
11219,,1_4551384874_CACEIS,1984665983,OB,OB,No-pair,wire transfer,Caceis booked the wire transfer for SD 06-08-2021. Integrata yet to book,1984665983,1984665983,4551456423,-590882299,2021-07-29
11220,,48_4551343376_CACEIS,1925737871,OB,OB,No-pair,fx wire,Caceis booked the fx wire for SD 05-07-2021. Integrata yet to book,1925737871,1925737871,4551456423,-590882299,2021-07-29
11221,,80_455404958_CACEIS,585162326,OB,OB,No-pair,fx wire,Caceis booked the fx wire for SD 05-15-2019. Integrata yet to book,585162326,585162326,4551456423,-590882299,2021-07-29
11222,,310_455900053_CACEIS,1336713708,OB,OB,No-pair,fx wire,Caceis booked the fx wire for SD 06-15-2020. Integrata yet to book,1336713708,1336713708,4551456423,-590882299,2021-07-29
11223,,2_455828048_CACEIS,1241932134,OB,OB,No-pair,wire transfer,Caceis booked the wire transfer for SD 04-20-2020. Integrata yet to book,1241932134,1241932134,4551456423,-590882299,2021-07-29
11224,,185_4551023983_CACEIS,1500213849,OB,OB,No-pair,fx wire,Caceis booked the fx wire for SD 09-15-2020. Integrata yet to book,1500213849,1500213849,4551456423,-590882299,2021-07-29
11225,,590_4551232906_CACEIS,1780157019,OB,OB,No-pair,fx wire,Caceis booked the fx wire for SD 02-16-2021. Integrata yet to book,1780157019,1780157019,4551456423,-590882299,2021-07-29
11226,,2_4551153712_CACEIS,1672409228,OB,OB,No-pair,proceeds sell,Caceis booked the proceeds sell for SD 12-17-2020. Integrata yet to book,1672409228,1672409228,4551456423,-590882299,2021-07-29
11227,,21_4551248485_CACEIS,1800039360,OB,OB,No-pair,wire transfer,Caceis booked the wire transfer for SD 02-26-2021. Integrata yet to book,1800039360,1800039360,4551456423,-590882299,2021-07-29
11228,,7_4551265958_CACEIS,1821950996,OB,OB,No-pair,fees,Caceis booked the fees for SD 03-10-2021. Integrata yet to book,1821950996,1821950996,4551456423,-590882299,2021-07-29
11229,,36_4551097416_CACEIS,1597270325,OB,OB,No-pair,fx wire,Caceis booked the fx wire for SD 11-06-2020. Integrata yet to book,1597270325,1597270325,4551456423,-590882299,2021-07-29
11230,,72_4551436806_CACEIS,2049885790,OB,OB,No-pair,fx wire,Caceis booked the fx wire for SD 07-15-2021. Integrata yet to book,2049885790,2049885790,4551456423,-590882299,2021-07-29
11231,,236_4551269721_CACEIS,1827473981,OB,OB,No-pair,fx wire,Caceis booked the fx wire for SD 03-15-2021. Integrata yet to book,1827473981,1827473981,4551456423,-590882299,2021-07-29
11232,,1_4551277470_CACEIS,1837468607,OB,OB,No-pair,fx wire,Caceis booked the fx wire for SD 03-19-2021. Integrata yet to book,1837468607,1837468607,4551456423,-590882299,2021-07-29
11233,,11_4551248485_CACEIS,1800039354,OB,OB,No-pair,wire transfer,Caceis booked the wire transfer for SD 02-26-2021. Integrata yet to book,1800039354,1800039354,4551456423,-590882299,2021-07-29
11234,,44_4551066313_CACEIS,1556876293,OB,OB,No-pair,fx wire,Caceis booked the fx wire for SD 10-15-2020. Integrata yet to book,1556876293,1556876293,4551456423,-590882299,2021-07-29
11235,,15_4551248485_CACEIS,1800039355,OB,OB,No-pair,wire transfer,Caceis booked the wire transfer for SD 02-26-2021. Integrata yet to book,1800039355,1800039355,4551456423,-590882299,2021-07-29
11236,,340_455822501_CACEIS,1235308121,OB,OB,No-pair,fx wire,Caceis booked the fx wire for SD 04-15-2020. Integrata yet to book,1235308121,1235308121,4551456423,-590882299,2021-07-29
11237,,198_455590588_CACEIS,883858349,OB,OB,No-pair,fx wire,Caceis booked the fx wire for SD 10-15-2019. Integrata yet to book,883858349,883858349,4551456423,-590882299,2021-07-29
11238,,66_455822501_CACEIS,1235308106,OB,OB,No-pair,fx wire,Caceis booked the fx wire for SD 04-15-2020. Integrata yet to book,1235308106,1235308106,4551456423,-590882299,2021-07-29
11239,,40_455782293_CACEIS,1183562998,OB,OB,No-pair,fx wire,Caceis booked the fx wire for SD 03-13-2020. Integrata yet to book,1183562998,1183562998,4551456423,-590882299,2021-07-29
11240,,38_4551023983_CACEIS,1500213974,OB,OB,No-pair,fx wire,Caceis booked the fx wire for SD 09-15-2020. Integrata yet to book,1500213974,1500213974,4551456423,-590882299,2021-07-29
11241,,47_455782293_CACEIS,1183563005,OB,OB,No-pair,fx wire,Caceis booked the fx wire for SD 03-13-2020. Integrata yet to book,1183563005,1183563005,4551456423,-590882299,2021-07-29
11242,,3_455386356_CACEIS,560114399,OB,OB,No-pair,monthend interest,Caceis booked the monthend interest for SD 05-01-2019. Integrata yet to book,560114399,560114399,4551456423,-590882299,2021-07-29
11243,,31_455934920_CACEIS,1383926768,OB,OB,No-pair,fees,Caceis booked the fees for SD 07-10-2020. Integrata yet to book,1383926768,1383926768,4551456423,-590882299,2021-07-29
11244,,8_4551265958_CACEIS,1821950997,OB,OB,No-pair,fees,Caceis booked the fees for SD 03-10-2021. Integrata yet to book,1821950997,1821950997,4551456423,-590882299,2021-07-29
11245,,55_455590588_CACEIS,883858453,OB,OB,No-pair,fx wire,Caceis booked the fx wire for SD 10-15-2019. Integrata yet to book,883858453,883858453,4551456423,-590882299,2021-07-29
11246,,62_455934920_CACEIS,1383926704,OB,OB,No-pair,fx wire,Caceis booked the fx wire for SD 07-10-2020. Integrata yet to book,1383926704,1383926704,4551456423,-590882299,2021-07-29
11247,,87_455590588_CACEIS,883858390,OB,OB,No-pair,fx wire,Caceis booked the fx wire for SD 10-15-2019. Integrata yet to book,883858390,883858390,4551456423,-590882299,2021-07-29
11248,,63_455991947_CACEIS,1458093888,OB,OB,No-pair,fx wire,Caceis booked the fx wire for SD 08-21-2020. Integrata yet to book,1458093888,1458093888,4551456423,-590882299,2021-07-29
11249,,4_4551299798_CACEIS,1866915093,OB,OB,No-pair,fx wire,Caceis booked the fx wire for SD 04-06-2021. Integrata yet to book,1866915093,1866915093,4551456423,-590882299,2021-07-29
11250,,24_4551299798_CACEIS,1866915105,OB,OB,No-pair,wire transfer,Caceis booked the wire transfer for SD 04-06-2021. Integrata yet to book,1866915105,1866915105,4551456423,-590882299,2021-07-29
11251,,172_455693832_CACEIS,1063035275,OB,OB,No-pair,fx wire,Caceis booked the fx wire for SD 01-06-2020. Integrata yet to book,1063035275,1063035275,4551456423,-590882299,2021-07-29
11252,,91_4551149959_CACEIS,1667622890,OB,OB,No-pair,fx wire,Caceis booked the fx wire for SD 12-15-2020. Integrata yet to book,1667622890,1667622890,4551456423,-590882299,2021-07-29
11253,,87_4551060531_CACEIS,1548950669,OB,OB,No-pair,wire transfer,Caceis booked the wire transfer for SD 10-12-2020. Integrata yet to book,1548950669,1548950669,4551456423,-590882299,2021-07-29
11254,,345_455862625_CACEIS,1287003647,OB,OB,No-pair,fx wire,Caceis booked the fx wire for SD 05-15-2020. Integrata yet to book,1287003647,1287003647,4551456423,-590882299,2021-07-29
11255,,61_4551254304_CACEIS,1807385745,OB,OB,No-pair,wire transfer,Caceis booked the wire transfer for SD 03-02-2021. Integrata yet to book,1807385745,1807385745,4551456423,-590882299,2021-07-29
11256,,20_4551228190_CACEIS,1773079456,OB,OB,No-pair,wire transfer,Caceis booked the wire transfer for SD 02-11-2021. Integrata yet to book,1773079456,1773079456,4551456423,-590882299,2021-07-29
11257,,24_4551248485_CACEIS,1800039365,OB,OB,No-pair,wire transfer,Caceis booked the wire transfer for SD 02-26-2021. Integrata yet to book,1800039365,1800039365,4551456423,-590882299,2021-07-29
11258,,284_455900053_CACEIS,1336713745,OB,OB,No-pair,fx wire,Caceis booked the fx wire for SD 06-15-2020. Integrata yet to book,1336713745,1336713745,4551456423,-590882299,2021-07-29
11259,,10_4551428980_CACEIS,2040344593,OB,OB,No-pair,fx wire,Caceis booked the fx wire for SD 07-09-2021. Integrata yet to book,2040344593,2040344593,4551456423,-590882299,2021-07-29
11260,,93_4551149959_CACEIS,1667622932,OB,OB,No-pair,fx wire,Caceis booked the fx wire for SD 12-15-2020. Integrata yet to book,1667622932,1667622932,4551456423,-590882299,2021-07-29
11261,,15_4551184426_CACEIS,1712749735,OB,OB,No-pair,wire transfer,Caceis booked the wire transfer for SD 01-11-2021. Integrata yet to book,1712749735,1712749735,4551456423,-590882299,2021-07-29
11262,,100_455900053_CACEIS,1336713512,OB,OB,No-pair,fx wire,Caceis booked the fx wire for SD 06-15-2020. Integrata yet to book,1336713512,1336713512,4551456423,-590882299,2021-07-29
11263,,2_455842390_CACEIS,1260634946,OB,OB,No-pair,monthend interest,Caceis booked the monthend interest for SD 05-01-2020. Integrata yet to book,1260634946,1260634946,4551456423,-590882299,2021-07-29
11264,,50_455782293_CACEIS,1183563012,OB,OB,No-pair,fx wire,Caceis booked the fx wire for SD 03-13-2020. Integrata yet to book,1183563012,1183563012,4551456423,-590882299,2021-07-29
11265,,6_257865_CACEIS,352549406,OB,OB,No-pair,fx wire,Caceis booked the fx wire for SD 01-04-2019. Integrata yet to book,352549406,352549406,4551456423,-590882299,2021-07-29
11266,,433_455940640_CACEIS,1391596328,OB,OB,No-pair,fx wire,Caceis booked the fx wire for SD 07-15-2020. Integrata yet to book,1391596328,1391596328,4551456423,-590882299,2021-07-29
11267,,18_455509747_CACEIS,748668109,OB,OB,No-pair,fees,Caceis booked the fees for SD 08-12-2019. Integrata yet to book,748668109,748668109,4551456423,-590882299,2021-07-29
11268,,166_4551239617_CACEIS,1789074834,OB,OB,No-pair,fx wire,Caceis booked the fx wire for SD 02-19-2021. Integrata yet to book,1789074834,1789074834,4551456423,-590882299,2021-07-29
11269,,75_455590588_CACEIS,883858465,OB,OB,No-pair,fx wire,Caceis booked the fx wire for SD 10-15-2019. Integrata yet to book,883858465,883858465,4551456423,-590882299,2021-07-29
11270,,52_455586694_CACEIS,876699131,OB,OB,No-pair,fx wire,Caceis booked the fx wire for SD 10-11-2019. Integrata yet to book,876699131,876699131,4551456423,-590882299,2021-07-29
11271,,469_455822501_CACEIS,1235308440,OB,OB,No-pair,fx wire,Caceis booked the fx wire for SD 04-15-2020. Integrata yet to book,1235308440,1235308440,4551456423,-590882299,2021-07-29
11272,,401_4551023983_CACEIS,1500214143,OB,OB,No-pair,fx wire,Caceis booked the fx wire for SD 09-15-2020. Integrata yet to book,1500214143,1500214143,4551456423,-590882299,2021-07-29
11273,,102_455963450_CACEIS,1421777884,OB,OB,No-pair,monthend interest,Caceis booked the monthend interest for SD 08-01-2020. Integrata yet to book,1421777884,1421777884,4551456423,-590882299,2021-07-29
11274,,4_455853613_CACEIS,1275438434,OB,OB,No-pair,fx wire,Caceis booked the fx wire for SD 05-08-2020. Integrata yet to book,1275438434,1275438434,4551456423,-590882299,2021-07-29
11275,,65_455900053_CACEIS,1336713228,OB,OB,No-pair,fx wire,Caceis booked the fx wire for SD 06-15-2020. Integrata yet to book,1336713228,1336713228,4551456423,-590882299,2021-07-29
11276,,297_455900053_CACEIS,1336713806,OB,OB,No-pair,fx wire,Caceis booked the fx wire for SD 06-15-2020. Integrata yet to book,1336713806,1336713806,4551456423,-590882299,2021-07-29
11277,,786_455822501_CACEIS,1235308716,OB,OB,No-pair,fx wire,Caceis booked the fx wire for SD 04-15-2020. Integrata yet to book,1235308716,1235308716,4551456423,-590882299,2021-07-29
11278,,60_4551254304_CACEIS,1807385741,OB,OB,No-pair,wire transfer,Caceis booked the wire transfer for SD 03-02-2021. Integrata yet to book,1807385741,1807385741,4551456423,-590882299,2021-07-29
11279,,698_4551232906_CACEIS,1780157020,OB,OB,No-pair,fx wire,Caceis booked the fx wire for SD 02-16-2021. Integrata yet to book,1780157020,1780157020,4551456423,-590882299,2021-07-29
11280,,1466_455643841_CACEIS,975324538,OB,OB,No-pair,fx wire,Caceis booked the fx wire for SD 11-18-2019. Integrata yet to book,975324538,975324538,4551456423,-590882299,2021-07-29
11281,,42_455782293_CACEIS,1183563032,OB,OB,No-pair,fx wire,Caceis booked the fx wire for SD 03-13-2020. Integrata yet to book,1183563032,1183563032,4551456423,-590882299,2021-07-29
11282,,143_4551149959_CACEIS,1667622941,OB,OB,No-pair,fx wire,Caceis booked the fx wire for SD 12-15-2020. Integrata yet to book,1667622941,1667622941,4551456423,-590882299,2021-07-29
11283,,113_455748445_CACEIS,1136275062,OB,OB,No-pair,fx wire,Caceis booked the fx wire for SD 02-18-2020. Integrata yet to book,1136275062,1136275062,4551456423,-590882299,2021-07-29
11284,,19_455693832_CACEIS,1063035262,OB,OB,No-pair,fees,Caceis booked the fees for SD 01-06-2020. Integrata yet to book,1063035262,1063035262,4551456423,-590882299,2021-07-29
11285,,103_4551060531_CACEIS,1548950743,OB,OB,No-pair,wire transfer,Caceis booked the wire transfer for SD 10-12-2020. Integrata yet to book,1548950743,1548950743,4551456423,-590882299,2021-07-29
11286,,66_4551254304_CACEIS,1807385751,OB,OB,No-pair,wire transfer,Caceis booked the wire transfer for SD 03-02-2021. Integrata yet to book,1807385751,1807385751,4551456423,-590882299,2021-07-29
11287,,30_4551246640_CACEIS,1797846195,OB,OB,No-pair,monthend interest,Caceis booked the monthend interest for SD 02-26-2021. Integrata yet to book,1797846195,1797846195,4551456423,-590882299,2021-07-29
11288,,138_455777858_CACEIS,1177395700,OB,OB,No-pair,wire transfer,Caceis booked the wire transfer for SD 03-11-2020. Integrata yet to book,1177395700,1177395700,4551456423,-590882299,2021-07-29
11289,,76_455808758_CACEIS,1217520435,OB,OB,No-pair,wire transfer,Caceis booked the wire transfer for SD 04-03-2020. Integrata yet to book,1217520435,1217520435,4551456423,-590882299,2021-07-29
11290,,83_4551354754_CACEIS,1942399478,OB,OB,No-pair,fx wire,Caceis booked the fx wire for SD 05-17-2021. Integrata yet to book,1942399478,1942399478,4551456423,-590882299,2021-07-29
11291,,32_455934920_CACEIS,1383926780,OB,OB,No-pair,fees,Caceis booked the fees for SD 07-10-2020. Integrata yet to book,1383926780,1383926780,4551456423,-590882299,2021-07-29
11292,,26_4551184426_CACEIS,1712749797,OB,OB,No-pair,wire transfer,Caceis booked the wire transfer for SD 01-11-2021. Integrata yet to book,1712749797,1712749797,4551456423,-590882299,2021-07-29
11293,,67_4551191593_CACEIS,1722905081,OB,OB,No-pair,fx wire,Caceis booked the fx wire for SD 01-15-2021. Integrata yet to book,1722905081,1722905081,4551456423,-590882299,2021-07-29
11294,,85_455900053_CACEIS,1336713461,OB,OB,No-pair,fx wire,Caceis booked the fx wire for SD 06-15-2020. Integrata yet to book,1336713461,1336713461,4551456423,-590882299,2021-07-29
11295,,195_455862625_CACEIS,1287003162,OB,OB,No-pair,fx wire,Caceis booked the fx wire for SD 05-15-2020. Integrata yet to book,1287003162,1287003162,4551456423,-590882299,2021-07-29
11296,,61_4551136088_CACEIS,1649475149,OB,OB,No-pair,wire transfer,Caceis booked the wire transfer for SD 12-04-2020. Integrata yet to book,1649475149,1649475149,4551456423,-590882299,2021-07-29
11297,,63_4551060531_CACEIS,1548950754,OB,OB,No-pair,wire transfer,Caceis booked the wire transfer for SD 10-12-2020. Integrata yet to book,1548950754,1548950754,4551456423,-590882299,2021-07-29
11298,,14_455927788_CACEIS,1374347985,OB,OB,No-pair,fx wire,Caceis booked the fx wire for SD 07-06-2020. Integrata yet to book,1374347985,1374347985,4551456423,-590882299,2021-07-29
11299,,24_455509747_CACEIS,748668151,OB,OB,No-pair,fees,Caceis booked the fees for SD 08-12-2019. Integrata yet to book,748668151,748668151,4551456423,-590882299,2021-07-29
11300,,64_455991947_CACEIS,1458085292,OB,OB,No-pair,fx wire,Caceis booked the fx wire for SD 08-21-2020. Integrata yet to book,1458085292,1458085292,4551456423,-590882299,2021-07-29
11301,,489_455783582_CACEIS,1185159708,OB,OB,No-pair,fx wire,Caceis booked the fx wire for SD 03-16-2020. Integrata yet to book,1185159708,1185159708,4551456423,-590882299,2021-07-29
11302,,7_455782293_CACEIS,1183562992,OB,OB,No-pair,fx wire,Caceis booked the fx wire for SD 03-13-2020. Integrata yet to book,1183562992,1183562992,4551456423,-590882299,2021-07-29
11303,,4_455975272_CACEIS,1437188637,OB,OB,No-pair,wire transfer,Caceis booked the wire transfer for SD 08-10-2020. Integrata yet to book,1437188637,1437188637,4551456423,-590882299,2021-07-29
11304,,36_4551184426_CACEIS,1712749711,OB,OB,No-pair,wire transfer,Caceis booked the wire transfer for SD 01-11-2021. Integrata yet to book,1712749711,1712749711,4551456423,-590882299,2021-07-29
11305,,2_4551107328_CACEIS,1610764955,OB,OB,No-pair,fx wire,Caceis booked the fx wire for SD 11-13-2020. Integrata yet to book,1610764955,1610764955,4551456423,-590882299,2021-07-29
11306,,747_455822501_CACEIS,1235308679,OB,OB,No-pair,fx wire,Caceis booked the fx wire for SD 04-15-2020. Integrata yet to book,1235308679,1235308679,4551456423,-590882299,2021-07-29
11307,,3_455990300_CACEIS,1455760316,OB,OB,No-pair,wire transfer,Caceis booked the wire transfer for SD 08-20-2020. Integrata yet to book,1455760316,1455760316,4551456423,-590882299,2021-07-29
11308,,10_455718167_CACEIS,1096511851,OB,OB,No-pair,fx wire,Caceis booked the fx wire for SD 01-24-2020. Integrata yet to book,1096511851,1096511851,4551456423,-590882299,2021-07-29
11309,,324_455706635_CACEIS,1081907810,OB,OB,No-pair,fx wire,Caceis booked the fx wire for SD 01-15-2020. Integrata yet to book,1081907810,1081907810,4551456423,-590882299,2021-07-29
11310,,1_455779682_CACEIS,1179968823,OB,OB,No-pair,wire transfer,Caceis booked the wire transfer for SD 03-11-2020. Integrata yet to book,1179968823,1179968823,4551456423,-590882299,2021-07-29
11311,,490_455822501_CACEIS,1235308296,OB,OB,No-pair,wire transfer,Caceis booked the wire transfer for SD 04-14-2020. Integrata yet to book,1235308296,1235308296,4551456423,-590882299,2021-07-29
11312,,420_455748445_CACEIS,1136275458,OB,OB,No-pair,fx wire,Caceis booked the fx wire for SD 02-18-2020. Integrata yet to book,1136275458,1136275458,4551456423,-590882299,2021-07-29
11313,,31_455853613_CACEIS,1275438483,OB,OB,No-pair,fx wire,Caceis booked the fx wire for SD 05-08-2020. Integrata yet to book,1275438483,1275438483,4551456423,-590882299,2021-07-29
11314,,73_455442954_CACEIS,637183846,OB,OB,No-pair,fx wire,Caceis booked the fx wire for SD 06-17-2019. Integrata yet to book,637183846,637183846,4551456423,-590882299,2021-07-29
11315,,185_455862625_CACEIS,1287002733,OB,OB,No-pair,fx wire,Caceis booked the fx wire for SD 05-15-2020. Integrata yet to book,1287002733,1287002733,4551456423,-590882299,2021-07-29
11316,,64_455953995_CACEIS,1409848194,OB,OB,No-pair,wire transfer,Caceis booked the wire transfer for SD 07-24-2020. Integrata yet to book,1409848194,1409848194,4551456423,-590882299,2021-07-29
11317,,146_4551105378_CACEIS,1608089183,OB,OB,No-pair,fees,Caceis booked the fees for SD 11-12-2020. Integrata yet to book,1608089183,1608089183,4551456423,-590882299,2021-07-29
11318,,23_455509747_CACEIS,748668141,OB,OB,No-pair,fees,Caceis booked the fees for SD 08-12-2019. Integrata yet to book,748668141,748668141,4551456423,-590882299,2021-07-29
11319,,15_349816_CACEIS,505077792,OB,OB,No-pair,fx wire,Caceis booked the fx wire for SD 03-29-2019. Integrata yet to book,505077792,505077792,4551456423,-590882299,2021-07-29
11320,,203_455783582_CACEIS,1185159470,OB,OB,No-pair,fx wire,Caceis booked the fx wire for SD 03-16-2020. Integrata yet to book,1185159470,1185159470,4551456423,-590882299,2021-07-29
11321,,423_455822501_CACEIS,1235308277,OB,OB,No-pair,wire transfer,Caceis booked the wire transfer for SD 04-14-2020. Integrata yet to book,1235308277,1235308277,4551456423,-590882299,2021-07-29
11322,,404_4551232906_CACEIS,1780156692,OB,OB,No-pair,fx wire,Caceis booked the fx wire for SD 02-16-2021. Integrata yet to book,1780156692,1780156692,4551456423,-590882299,2021-07-29
11323,,23_455762980_CACEIS,1156897714,OB,OB,No-pair,wire transfer,Caceis booked the wire transfer for SD 02-28-2020. Integrata yet to book,1156897714,1156897714,4551456423,-590882299,2021-07-29
11324,,243_4551269721_CACEIS,1827474033,OB,OB,No-pair,fx wire,Caceis booked the fx wire for SD 03-15-2021. Integrata yet to book,1827474033,1827474033,4551456423,-590882299,2021-07-29
11325,,218_4551269721_CACEIS,1827474038,OB,OB,No-pair,fx wire,Caceis booked the fx wire for SD 03-15-2021. Integrata yet to book,1827474038,1827474038,4551456423,-590882299,2021-07-29
11326,,10_4551184426_CACEIS,1712749715,OB,OB,No-pair,wire transfer,Caceis booked the wire transfer for SD 01-11-2021. Integrata yet to book,1712749715,1712749715,4551456423,-590882299,2021-07-29
11327,,70_455554115_CACEIS,824384931,OB,OB,No-pair,fx wire,Caceis booked the fx wire for SD 09-17-2019. Integrata yet to book,824384931,824384931,4551456423,-590882299,2021-07-29
11328,,58_4551149959_CACEIS,1667622918,OB,OB,No-pair,fx wire,Caceis booked the fx wire for SD 12-15-2020. Integrata yet to book,1667622918,1667622918,4551456423,-590882299,2021-07-29
11329,,64_4551109218_CACEIS,1613286623,OB,OB,No-pair,fx wire,Caceis booked the fx wire for SD 11-16-2020. Integrata yet to book,1613286623,1613286623,4551456423,-590882299,2021-07-29
11330,,14_4551438780_CACEIS,2052260373,OB,OB,No-pair,fx wire,Caceis booked the fx wire for SD 07-16-2021. Integrata yet to book,2052260373,2052260373,4551456423,-590882299,2021-07-29
11331,,99_368123_CACEIS,532374176,OB,OB,No-pair,fx wire,Caceis booked the fx wire for SD 04-15-2019. Integrata yet to book,532374176,532374176,4551456423,-590882299,2021-07-29
11332,,74_4551066313_CACEIS,1556876268,OB,OB,No-pair,fx wire,Caceis booked the fx wire for SD 10-15-2020. Integrata yet to book,1556876268,1556876268,4551456423,-590882299,2021-07-29
11333,,100_4551149959_CACEIS,1667622989,OB,OB,No-pair,fx wire,Caceis booked the fx wire for SD 12-15-2020. Integrata yet to book,1667622989,1667622989,4551456423,-590882299,2021-07-29
11334,,9_455509747_CACEIS,748668179,OB,OB,No-pair,fees,Caceis booked the fees for SD 08-12-2019. Integrata yet to book,748668179,748668179,4551456423,-590882299,2021-07-29
11335,,486_455822501_CACEIS,1235308238,OB,OB,No-pair,wire transfer,Caceis booked the wire transfer for SD 04-14-2020. Integrata yet to book,1235308238,1235308238,4551456423,-590882299,2021-07-29
11336,,5_4551438780_CACEIS,2052260372,OB,OB,No-pair,fx wire,Caceis booked the fx wire for SD 07-16-2021. Integrata yet to book,2052260372,2052260372,4551456423,-590882299,2021-07-29
11337,,31_4551184426_CACEIS,1712749814,OB,OB,No-pair,wire transfer,Caceis booked the wire transfer for SD 01-11-2021. Integrata yet to book,1712749814,1712749814,4551456423,-590882299,2021-07-29
11338,,35_4551166054_CACEIS,1689088073,OB,OB,No-pair,fx wire,Caceis booked the fx wire for SD 12-28-2020. Integrata yet to book,1689088073,1689088073,4551456423,-590882299,2021-07-29
11339,,491_455985296_CACEIS,1449582153,OB,OB,No-pair,fx wire,Caceis booked the fx wire for SD 08-17-2020. Integrata yet to book,1449582153,1449582153,4551456423,-590882299,2021-07-29
11340,,6_455688261_CACEIS,1053516693,OB,OB,No-pair,fx wire,Caceis booked the fx wire for SD 12-31-2019. Integrata yet to book,1053516693,1053516693,4551456423,-590882299,2021-07-29
11341,,301_455590588_CACEIS,883858543,OB,OB,No-pair,fx wire,Caceis booked the fx wire for SD 10-15-2019. Integrata yet to book,883858543,883858543,4551456423,-590882299,2021-07-29
11342,,94_455726980_CACEIS,1107942704,OB,OB,No-pair,fx wire,Caceis booked the fx wire for SD 01-31-2020. Integrata yet to book,1107942704,1107942704,4551456423,-590882299,2021-07-29
11343,,34_4551184426_CACEIS,1712749699,OB,OB,No-pair,wire transfer,Caceis booked the wire transfer for SD 01-11-2021. Integrata yet to book,1712749699,1712749699,4551456423,-590882299,2021-07-29
11344,,387_4551232906_CACEIS,1780156678,OB,OB,No-pair,fx wire,Caceis booked the fx wire for SD 02-16-2021. Integrata yet to book,1780156678,1780156678,4551456423,-590882299,2021-07-29
11345,,198_4551269721_CACEIS,1827473982,OB,OB,No-pair,fx wire,Caceis booked the fx wire for SD 03-15-2021. Integrata yet to book,1827473982,1827473982,4551456423,-590882299,2021-07-29
11346,,50_4551068550_CACEIS,1559437456,OB,OB,No-pair,fx wire,Caceis booked the fx wire for SD 10-16-2020. Integrata yet to book,1559437456,1559437456,4551456423,-590882299,2021-07-29
11347,,356_4551023983_CACEIS,1500214165,OB,OB,No-pair,fx wire,Caceis booked the fx wire for SD 09-15-2020. Integrata yet to book,1500214165,1500214165,4551456423,-590882299,2021-07-29
11348,,20_455509747_CACEIS,748668127,OB,OB,No-pair,fees,Caceis booked the fees for SD 08-12-2019. Integrata yet to book,748668127,748668127,4551456423,-590882299,2021-07-29
11349,,29_455736646_CACEIS,1120326853,OB,OB,No-pair,wire transfer,Caceis booked the wire transfer for SD 02-06-2020. Integrata yet to book,1120326853,1120326853,4551456423,-590882299,2021-07-29
11350,,191_4551210754_CACEIS,1748958302,OB,OB,No-pair,fx wire,Caceis booked the fx wire for SD 01-29-2021. Integrata yet to book,1748958302,1748958302,4551456423,-590882299,2021-07-29
11351,,40_4551068550_CACEIS,1559437453,OB,OB,No-pair,fx wire,Caceis booked the fx wire for SD 10-16-2020. Integrata yet to book,1559437453,1559437453,4551456423,-590882299,2021-07-29
11352,,149_4551248485_CACEIS,1800039548,OB,OB,No-pair,fx wire,Caceis booked the fx wire for SD 02-26-2021. Integrata yet to book,1800039548,1800039548,4551456423,-590882299,2021-07-29
11353,,408_455822501_CACEIS,1235308358,OB,OB,No-pair,fx wire,Caceis booked the fx wire for SD 04-15-2020. Integrata yet to book,1235308358,1235308358,4551456423,-590882299,2021-07-29
11354,,88_4551239617_CACEIS,1789074736,OB,OB,No-pair,fx wire,Caceis booked the fx wire for SD 02-19-2021. Integrata yet to book,1789074736,1789074736,4551456423,-590882299,2021-07-29
11355,,4_455957648_CACEIS,1414391999,OB,OB,No-pair,proceeds sell,Caceis booked the proceeds sell for SD 07-28-2020. Integrata yet to book,1414391999,1414391999,4551456423,-590882299,2021-07-29
11356,,1_455876125_CACEIS,1304457644,OB,OB,No-pair,wire transfer,Caceis booked the wire transfer for SD 05-27-2020. Integrata yet to book,1304457644,1304457644,4551456423,-590882299,2021-07-29
11357,,24_455934920_CACEIS,1383926746,OB,OB,No-pair,fees,Caceis booked the fees for SD 07-10-2020. Integrata yet to book,1383926746,1383926746,4551456423,-590882299,2021-07-29
11358,,33_4551166054_CACEIS,1689088100,OB,OB,No-pair,fx wire,Caceis booked the fx wire for SD 12-28-2020. Integrata yet to book,1689088100,1689088100,4551456423,-590882299,2021-07-29
11359,,3_455934920_CACEIS,1383926639,OB,OB,No-pair,fees,Caceis booked the fees for SD 07-10-2020. Integrata yet to book,1383926639,1383926639,4551456423,-590882299,2021-07-29
11360,,102_455783582_CACEIS,1185159291,OB,OB,No-pair,fx wire,Caceis booked the fx wire for SD 03-16-2020. Integrata yet to book,1185159291,1185159291,4551456423,-590882299,2021-07-29
11361,,171_455862625_CACEIS,1287002694,OB,OB,No-pair,fx wire,Caceis booked the fx wire for SD 05-15-2020. Integrata yet to book,1287002694,1287002694,4551456423,-590882299,2021-07-29
11362,,32_455853613_CACEIS,1275438451,OB,OB,No-pair,fx wire,Caceis booked the fx wire for SD 05-08-2020. Integrata yet to book,1275438451,1275438451,4551456423,-590882299,2021-07-29
11363,,16_4551184426_CACEIS,1712749743,OB,OB,No-pair,wire transfer,Caceis booked the wire transfer for SD 01-11-2021. Integrata yet to book,1712749743,1712749743,4551456423,-590882299,2021-07-29
11364,,101_4551060531_CACEIS,1548950725,OB,OB,No-pair,wire transfer,Caceis booked the wire transfer for SD 10-12-2020. Integrata yet to book,1548950725,1548950725,4551456423,-590882299,2021-07-29
11365,,19_4551184426_CACEIS,1712749761,OB,OB,No-pair,wire transfer,Caceis booked the wire transfer for SD 01-11-2021. Integrata yet to book,1712749761,1712749761,4551456423,-590882299,2021-07-29
11366,,203_455934920_CACEIS,1383926667,OB,OB,No-pair,wire transfer,Caceis booked the wire transfer for SD 07-10-2020. Integrata yet to book,1383926667,1383926667,4551456423,-590882299,2021-07-29
11367,,118_4551232906_CACEIS,1780156440,OB,OB,No-pair,fx wire,Caceis booked the fx wire for SD 02-16-2021. Integrata yet to book,1780156440,1780156440,4551456423,-590882299,2021-07-29
11368,,438_4551149959_CACEIS,1667623272,OB,OB,No-pair,fx wire,Caceis booked the fx wire for SD 12-15-2020. Integrata yet to book,1667623272,1667623272,4551456423,-590882299,2021-07-29
11369,,178_4551023983_CACEIS,1500213820,OB,OB,No-pair,fx wire,Caceis booked the fx wire for SD 09-15-2020. Integrata yet to book,1500213820,1500213820,4551456423,-590882299,2021-07-29
11370,,23_455934920_CACEIS,1383926736,OB,OB,No-pair,fees,Caceis booked the fees for SD 07-10-2020. Integrata yet to book,1383926736,1383926736,4551456423,-590882299,2021-07-29
11371,,429_455940640_CACEIS,1391596336,OB,OB,No-pair,fx wire,Caceis booked the fx wire for SD 07-15-2020. Integrata yet to book,1391596336,1391596336,4551456423,-590882299,2021-07-29
11372,,8_4551184426_CACEIS,1712749709,OB,OB,No-pair,wire transfer,Caceis booked the wire transfer for SD 01-11-2021. Integrata yet to book,1712749709,1712749709,4551456423,-590882299,2021-07-29
11373,,154_4551191593_CACEIS,1722905097,OB,OB,No-pair,fx wire,Caceis booked the fx wire for SD 01-15-2021. Integrata yet to book,1722905097,1722905097,4551456423,-590882299,2021-07-29
11374,,370_455748445_CACEIS,1136275429,OB,OB,No-pair,fx wire,Caceis booked the fx wire for SD 02-18-2020. Integrata yet to book,1136275429,1136275429,4551456423,-590882299,2021-07-29
11375,,11_455728881_CACEIS,1110507080,OB,OB,No-pair,wire transfer,Caceis booked the wire transfer for SD 02-03-2020. Integrata yet to book,1110507080,1110507080,4551456423,-590882299,2021-07-29
11376,,253_4551354754_CACEIS,1942399590,OB,OB,No-pair,fx wire,Caceis booked the fx wire for SD 05-17-2021. Integrata yet to book,1942399590,1942399590,4551456423,-590882299,2021-07-29
11377,,299_4551191593_CACEIS,1722905207,OB,OB,No-pair,fx wire,Caceis booked the fx wire for SD 01-15-2021. Integrata yet to book,1722905207,1722905207,4551456423,-590882299,2021-07-29
11378,,116_4551149959_CACEIS,1667622845,OB,OB,No-pair,fx wire,Caceis booked the fx wire for SD 12-15-2020. Integrata yet to book,1667622845,1667622845,4551456423,-590882299,2021-07-29
11379,,78_455748445_CACEIS,1136275138,OB,OB,No-pair,fx wire,Caceis booked the fx wire for SD 02-18-2020. Integrata yet to book,1136275138,1136275138,4551456423,-590882299,2021-07-29
11380,,87_4551354754_CACEIS,1942399499,OB,OB,No-pair,fx wire,Caceis booked the fx wire for SD 05-17-2021. Integrata yet to book,1942399499,1942399499,4551456423,-590882299,2021-07-29
11381,,81_4551313388_CACEIS,1883527692,OB,OB,No-pair,fx wire,Caceis booked the fx wire for SD 04-15-2021. Integrata yet to book,1883527692,1883527692,4551456423,-590882299,2021-07-29
11382,,20_4551184426_CACEIS,1712749776,OB,OB,No-pair,wire transfer,Caceis booked the wire transfer for SD 01-11-2021. Integrata yet to book,1712749776,1712749776,4551456423,-590882299,2021-07-29
11383,,6_455676391_CACEIS,1031864554,OB,OB,No-pair,wire transfer,Caceis booked the wire transfer for SD 12-20-2019. Integrata yet to book,1031864554,1031864554,4551456423,-590882299,2021-07-29
11384,,25_4551184426_CACEIS,1712749787,OB,OB,No-pair,wire transfer,Caceis booked the wire transfer for SD 01-11-2021. Integrata yet to book,1712749787,1712749787,4551456423,-590882299,2021-07-29
11385,,49_455577664_CACEIS,861360904,OB,OB,No-pair,fx wire,Caceis booked the fx wire for SD 10-04-2019. Integrata yet to book,861360904,861360904,4551456423,-590882299,2021-07-29
11386,,1_4551303755_CACEIS,1871563038,OB,OB,No-pair,wire transfer,Caceis booked the wire transfer for SD 04-08-2021. Integrata yet to book,1871563038,1871563038,4551456423,-590882299,2021-07-29
11387,,486_455985296_CACEIS,1449582090,OB,OB,No-pair,fx wire,Caceis booked the fx wire for SD 08-17-2020. Integrata yet to book,1449582090,1449582090,4551456423,-590882299,2021-07-29
11388,,152_455649350_CACEIS,985331632,OB,OB,No-pair,monthend interest,Caceis booked the monthend interest for SD 12-01-2019. Integrata yet to book,985331632,985331632,4551456423,-590882299,2021-07-29
11389,,2_4551309694_CACEIS,1879044555,OB,OB,No-pair,fees,Caceis booked the fees for SD 04-12-2021. Integrata yet to book,1879044555,1879044555,4551456423,-590882299,2021-07-29
11390,,21_455693832_CACEIS,1063035282,OB,OB,No-pair,fees,Caceis booked the fees for SD 01-06-2020. Integrata yet to book,1063035282,1063035282,4551456423,-590882299,2021-07-29
11391,,20_455934920_CACEIS,1383926726,OB,OB,No-pair,fees,Caceis booked the fees for SD 07-10-2020. Integrata yet to book,1383926726,1383926726,4551456423,-590882299,2021-07-29
11392,,26_4551171343_CACEIS,1696929190,OB,OB,No-pair,monthend interest,Caceis booked the monthend interest for SD 01-01-2021. Integrata yet to book,1696929190,1696929190,4551456423,-590882299,2021-07-29
11393,,248_4551354754_CACEIS,1942399583,OB,OB,No-pair,fx wire,Caceis booked the fx wire for SD 05-17-2021. Integrata yet to book,1942399583,1942399583,4551456423,-590882299,2021-07-29
11394,,135_455748445_CACEIS,1136275109,OB,OB,No-pair,fx wire,Caceis booked the fx wire for SD 02-18-2020. Integrata yet to book,1136275109,1136275109,4551456423,-590882299,2021-07-29
11395,,31_455585083_CACEIS,874262502,OB,OB,No-pair,fees,Caceis booked the fees for SD 10-10-2019. Integrata yet to book,874262502,874262502,4551456423,-590882299,2021-07-29
11396,,2_4551162554_CACEIS,1685149825,OB,OB,No-pair,wire transfer,Caceis booked the wire transfer for SD 12-15-2020. Integrata yet to book,1685149825,1685149825,4551456423,-590882299,2021-07-29
11397,,51_4551060531_CACEIS,1548950658,OB,OB,No-pair,wire transfer,Caceis booked the wire transfer for SD 10-12-2020. Integrata yet to book,1548950658,1548950658,4551456423,-590882299,2021-07-29
11398,,405_455940640_CACEIS,1391596367,OB,OB,No-pair,fx wire,Caceis booked the fx wire for SD 07-15-2020. Integrata yet to book,1391596367,1391596367,4551456423,-590882299,2021-07-29
11399,,36_455693832_CACEIS,1063035135,OB,OB,No-pair,fees,Caceis booked the fees for SD 01-06-2020. Integrata yet to book,1063035135,1063035135,4551456423,-590882299,2021-07-29
11400,,21_4551197321_CACEIS,1730233494,OB,OB,No-pair,wire transfer,Caceis booked the wire transfer for SD 01-20-2021. Integrata yet to book,1730233494,1730233494,4551456423,-590882299,2021-07-29
11401,,69_4551109218_CACEIS,1613286635,OB,OB,No-pair,fx wire,Caceis booked the fx wire for SD 11-16-2020. Integrata yet to book,1613286635,1613286635,4551456423,-590882299,2021-07-29
11402,,62_455663909_CACEIS,1011570588,OB,OB,No-pair,wire transfer,Caceis booked the wire transfer for SD 12-11-2019. Integrata yet to book,1011570588,1011570588,4551456423,-590882299,2021-07-29
11403,,183_4551269721_CACEIS,1827473886,OB,OB,No-pair,fx wire,Caceis booked the fx wire for SD 03-15-2021. Integrata yet to book,1827473886,1827473886,4551456423,-590882299,2021-07-29
11404,,198_4551232906_CACEIS,1780156729,OB,OB,No-pair,fx wire,Caceis booked the fx wire for SD 02-16-2021. Integrata yet to book,1780156729,1780156729,4551456423,-590882299,2021-07-29
11405,,53_4551354754_CACEIS,1942399488,OB,OB,No-pair,fx wire,Caceis booked the fx wire for SD 05-17-2021. Integrata yet to book,1942399488,1942399488,4551456423,-590882299,2021-07-29
11406,,30_455585083_CACEIS,874262498,OB,OB,No-pair,fees,Caceis booked the fees for SD 10-10-2019. Integrata yet to book,874262498,874262498,4551456423,-590882299,2021-07-29
11407,,78_4551394628_CACEIS,1997244699,OB,OB,No-pair,fx wire,Caceis booked the fx wire for SD 06-15-2021. Integrata yet to book,1997244699,1997244699,4551456423,-590882299,2021-07-29
11408,,26_455509747_CACEIS,748668164,OB,OB,No-pair,fees,Caceis booked the fees for SD 08-12-2019. Integrata yet to book,748668164,748668164,4551456423,-590882299,2021-07-29
11409,,5_4551083561_CACEIS,1579309182,OB,OB,No-pair,wire transfer,Caceis booked the wire transfer for SD 10-28-2020. Integrata yet to book,1579309182,1579309182,4551456423,-590882299,2021-07-29
11410,,204_455862625_CACEIS,1287002728,OB,OB,No-pair,wire transfer,Caceis booked the wire transfer for SD 05-13-2020. Integrata yet to book,1287002728,1287002728,4551456423,-590882299,2021-07-29
11411,,167_455934920_CACEIS,1383926662,OB,OB,No-pair,wire transfer,Caceis booked the wire transfer for SD 07-10-2020. Integrata yet to book,1383926662,1383926662,4551456423,-590882299,2021-07-29
11412,,165_455822501_CACEIS,1235308065,OB,OB,No-pair,fx wire,Caceis booked the fx wire for SD 04-15-2020. Integrata yet to book,1235308065,1235308065,4551456423,-590882299,2021-07-29
11413,,781_4551232906_CACEIS,1780157221,OB,OB,No-pair,fx wire,Caceis booked the fx wire for SD 02-16-2021. Integrata yet to book,1780157221,1780157221,4551456423,-590882299,2021-07-29
11414,,22_4551228190_CACEIS,1773079468,OB,OB,No-pair,wire transfer,Caceis booked the wire transfer for SD 02-11-2021. Integrata yet to book,1773079468,1773079468,4551456423,-590882299,2021-07-29
11415,,127_4551149959_CACEIS,1667622868,OB,OB,No-pair,fx wire,Caceis booked the fx wire for SD 12-15-2020. Integrata yet to book,1667622868,1667622868,4551456423,-590882299,2021-07-29
11416,,66_4551149959_CACEIS,1667622909,OB,OB,No-pair,fx wire,Caceis booked the fx wire for SD 12-15-2020. Integrata yet to book,1667622909,1667622909,4551456423,-590882299,2021-07-29
11417,,86_455663909_CACEIS,1011570616,OB,OB,No-pair,wire transfer,Caceis booked the wire transfer for SD 12-11-2019. Integrata yet to book,1011570616,1011570616,4551456423,-590882299,2021-07-29
11418,,153_455822501_CACEIS,1235308052,OB,OB,No-pair,fx wire,Caceis booked the fx wire for SD 04-15-2020. Integrata yet to book,1235308052,1235308052,4551456423,-590882299,2021-07-29
11419,,429_455822501_CACEIS,1235308125,OB,OB,No-pair,wire transfer,Caceis booked the wire transfer for SD 04-14-2020. Integrata yet to book,1235308125,1235308125,4551456423,-590882299,2021-07-29
11420,,53_4551269721_CACEIS,1827473887,OB,OB,No-pair,fx wire,Caceis booked the fx wire for SD 03-15-2021. Integrata yet to book,1827473887,1827473887,4551456423,-590882299,2021-07-29
11421,,777_4551232906_CACEIS,1780157135,OB,OB,No-pair,fx wire,Caceis booked the fx wire for SD 02-16-2021. Integrata yet to book,1780157135,1780157135,4551456423,-590882299,2021-07-29
11422,,58_4551060531_CACEIS,1548950692,OB,OB,No-pair,wire transfer,Caceis booked the wire transfer for SD 10-12-2020. Integrata yet to book,1548950692,1548950692,4551456423,-590882299,2021-07-29
11423,,174_4551191593_CACEIS,1722905049,OB,OB,No-pair,fx wire,Caceis booked the fx wire for SD 01-15-2021. Integrata yet to book,1722905049,1722905049,4551456423,-590882299,2021-07-29
11424,,12_455846205_CACEIS,1265566772,OB,OB,No-pair,fx wire,Caceis booked the fx wire for SD 05-04-2020. Integrata yet to book,1265566772,1265566772,4551456423,-590882299,2021-07-29
11425,,702_4551232906_CACEIS,1780157160,OB,OB,No-pair,fx wire,Caceis booked the fx wire for SD 02-16-2021. Integrata yet to book,1780157160,1780157160,4551456423,-590882299,2021-07-29
11426,,234_4551269721_CACEIS,1827473897,OB,OB,No-pair,fx wire,Caceis booked the fx wire for SD 03-15-2021. Integrata yet to book,1827473897,1827473897,4551456423,-590882299,2021-07-29
11427,,164_4551201062_CACEIS,1734565986,OB,OB,No-pair,fx wire,Caceis booked the fx wire for SD 01-22-2021. Integrata yet to book,1734565986,1734565986,4551456423,-590882299,2021-07-29
11428,,7_455761196_CACEIS,1154270080,OB,OB,No-pair,wire transfer,Caceis booked the wire transfer for SD 02-26-2020. Integrata yet to book,1154270080,1154270080,4551456423,-590882299,2021-07-29
11429,,305_455706635_CACEIS,1081907700,OB,OB,No-pair,fx wire,Caceis booked the fx wire for SD 01-15-2020. Integrata yet to book,1081907700,1081907700,4551456423,-590882299,2021-07-29
11430,,427_455822501_CACEIS,1235308115,OB,OB,No-pair,wire transfer,Caceis booked the wire transfer for SD 04-14-2020. Integrata yet to book,1235308115,1235308115,4551456423,-590882299,2021-07-29
11431,,483_455862625_CACEIS,1287003715,OB,OB,No-pair,fx wire,Caceis booked the fx wire for SD 05-15-2020. Integrata yet to book,1287003715,1287003715,4551456423,-590882299,2021-07-29
11432,,685_4551232906_CACEIS,1780157152,OB,OB,No-pair,fx wire,Caceis booked the fx wire for SD 02-16-2021. Integrata yet to book,1780157152,1780157152,4551456423,-590882299,2021-07-29
11433,,51_455663909_CACEIS,1011570675,OB,OB,No-pair,wire transfer,Caceis booked the wire transfer for SD 12-11-2019. Integrata yet to book,1011570675,1011570675,4551456423,-590882299,2021-07-29
11434,,44_4551254304_CACEIS,1807385740,OB,OB,No-pair,wire transfer,Caceis booked the wire transfer for SD 03-02-2021. Integrata yet to book,1807385740,1807385740,4551456423,-590882299,2021-07-29
11435,,89_4551060531_CACEIS,1548950696,OB,OB,No-pair,wire transfer,Caceis booked the wire transfer for SD 10-12-2020. Integrata yet to book,1548950696,1548950696,4551456423,-590882299,2021-07-29
11436,,337_455822501_CACEIS,1235308028,OB,OB,No-pair,fx wire,Caceis booked the fx wire for SD 04-15-2020. Integrata yet to book,1235308028,1235308028,4551456423,-590882299,2021-07-29
11437,,180_455669415_CACEIS,1020662058,OB,OB,No-pair,fx wire,Caceis booked the fx wire for SD 12-16-2019. Integrata yet to book,1020662058,1020662058,4551456423,-590882299,2021-07-29
11438,,352_455862625_CACEIS,1287003665,OB,OB,No-pair,fx wire,Caceis booked the fx wire for SD 05-15-2020. Integrata yet to book,1287003665,1287003665,4551456423,-590882299,2021-07-29
11439,,20_455581623_CACEIS,867680117,OB,OB,No-pair,fees,Caceis booked the fees for SD 10-07-2019. Integrata yet to book,867680117,867680117,4551456423,-590882299,2021-07-29
11440,,14_4551044906_CACEIS,1528403650,OB,OB,No-pair,monthend interest,Caceis booked the monthend interest for SD 10-01-2020. Integrata yet to book,1528403650,1528403650,4551456423,-590882299,2021-07-29
11441,,60_455991947_CACEIS,1458093843,OB,OB,No-pair,wire transfer,Caceis booked the wire transfer for SD 08-21-2020. Integrata yet to book,1458093843,1458093843,4551456423,-590882299,2021-07-29
11442,,107_4551354754_CACEIS,1942399587,OB,OB,No-pair,fx wire,Caceis booked the fx wire for SD 05-17-2021. Integrata yet to book,1942399587,1942399587,4551456423,-590882299,2021-07-29
11443,,31_455649350_CACEIS,985331704,OB,OB,No-pair,monthend interest,Caceis booked the monthend interest for SD 12-01-2019. Integrata yet to book,985331704,985331704,4551456423,-590882299,2021-07-29
11444,,343_455822501_CACEIS,1235308252,OB,OB,No-pair,fx wire,Caceis booked the fx wire for SD 04-15-2020. Integrata yet to book,1235308252,1235308252,4551456423,-590882299,2021-07-29
11445,,35_4551254304_CACEIS,1807385720,OB,OB,No-pair,wire transfer,Caceis booked the wire transfer for SD 03-02-2021. Integrata yet to book,1807385720,1807385720,4551456423,-590882299,2021-07-29
11446,,66_455442954_CACEIS,637183884,OB,OB,No-pair,fx wire,Caceis booked the fx wire for SD 06-17-2019. Integrata yet to book,637183884,637183884,4551456423,-590882299,2021-07-29
11447,,819_455822501_CACEIS,1235308614,OB,OB,No-pair,fx wire,Caceis booked the fx wire for SD 04-15-2020. Integrata yet to book,1235308614,1235308614,4551456423,-590882299,2021-07-29
11448,,1_455898221_CACEIS,1334730708,OB,OB,No-pair,fees,Caceis booked the fees for SD 06-12-2020. Integrata yet to book,1334730708,1334730708,4551456423,-590882299,2021-07-29
11449,,65_455991947_CACEIS,1458093846,OB,OB,No-pair,wire transfer,Caceis booked the wire transfer for SD 08-21-2020. Integrata yet to book,1458093846,1458093846,4551456423,-590882299,2021-07-29
11450,,89_455442954_CACEIS,637183912,OB,OB,No-pair,fx wire,Caceis booked the fx wire for SD 06-17-2019. Integrata yet to book,637183912,637183912,4551456423,-590882299,2021-07-29
11451,,284_4551354754_CACEIS,1942399652,OB,OB,No-pair,fx wire,Caceis booked the fx wire for SD 05-17-2021. Integrata yet to book,1942399652,1942399652,4551456423,-590882299,2021-07-29
11452,,13_4551077732_CACEIS,1571717937,OB,OB,No-pair,fx wire,Caceis booked the fx wire for SD 10-23-2020. Integrata yet to book,1571717937,1571717937,4551456423,-590882299,2021-07-29
11453,,28_455920273_CACEIS,1364559763,OB,OB,No-pair,monthend interest,Caceis booked the monthend interest for SD 07-01-2020. Integrata yet to book,1364559763,1364559763,4551456423,-590882299,2021-07-29
11454,,180_455862625_CACEIS,1287002990,OB,OB,No-pair,wire transfer,Caceis booked the wire transfer for SD 05-13-2020. Integrata yet to book,1287002990,1287002990,4551456423,-590882299,2021-07-29
11455,,26_455920273_CACEIS,1364559753,OB,OB,No-pair,monthend interest,Caceis booked the monthend interest for SD 07-01-2020. Integrata yet to book,1364559753,1364559753,4551456423,-590882299,2021-07-29
11456,,11_4551077732_CACEIS,1571717935,OB,OB,No-pair,fx wire,Caceis booked the fx wire for SD 10-23-2020. Integrata yet to book,1571717935,1571717935,4551456423,-590882299,2021-07-29
11457,,37_4551246640_CACEIS,1797846203,OB,OB,No-pair,monthend interest,Caceis booked the monthend interest for SD 02-26-2021. Integrata yet to book,1797846203,1797846203,4551456423,-590882299,2021-07-29
11458,,1523_455643841_CACEIS,975324595,OB,OB,No-pair,fx wire,Caceis booked the fx wire for SD 11-18-2019. Integrata yet to book,975324595,975324595,4551456423,-590882299,2021-07-29
11459,,66_455718167_CACEIS,1096512109,OB,OB,No-pair,fx wire,Caceis booked the fx wire for SD 01-24-2020. Integrata yet to book,1096512109,1096512109,4551456423,-590882299,2021-07-29
11460,,87_4551394628_CACEIS,1997244695,OB,OB,No-pair,fx wire,Caceis booked the fx wire for SD 06-15-2021. Integrata yet to book,1997244695,1997244695,4551456423,-590882299,2021-07-29
11461,,766_455822501_CACEIS,1235308603,OB,OB,No-pair,fx wire,Caceis booked the fx wire for SD 04-15-2020. Integrata yet to book,1235308603,1235308603,4551456423,-590882299,2021-07-29
11462,,488_455822501_CACEIS,1235308263,OB,OB,No-pair,wire transfer,Caceis booked the wire transfer for SD 04-14-2020. Integrata yet to book,1235308263,1235308263,4551456423,-590882299,2021-07-29
11463,,33_4551254304_CACEIS,1807385713,OB,OB,No-pair,wire transfer,Caceis booked the wire transfer for SD 03-02-2021. Integrata yet to book,1807385713,1807385713,4551456423,-590882299,2021-07-29
11464,,87_455900053_CACEIS,1336713499,OB,OB,No-pair,fx wire,Caceis booked the fx wire for SD 06-15-2020. Integrata yet to book,1336713499,1336713499,4551456423,-590882299,2021-07-29
11465,,376_455985296_CACEIS,1449582118,OB,OB,No-pair,fx wire,Caceis booked the fx wire for SD 08-17-2020. Integrata yet to book,1449582118,1449582118,4551456423,-590882299,2021-07-29
11466,,132_4551018409_CACEIS,1492757227,OB,OB,No-pair,fees,Caceis booked the fees for SD 09-10-2020. Integrata yet to book,1492757227,1492757227,4551456423,-590882299,2021-07-29
11467,,404_455748445_CACEIS,1136275318,OB,OB,No-pair,fx wire,Caceis booked the fx wire for SD 02-18-2020. Integrata yet to book,1136275318,1136275318,4551456423,-590882299,2021-07-29
11468,,4_455879764_CACEIS,1309543688,OB,OB,No-pair,fx wire,Caceis booked the fx wire for SD 05-29-2020. Integrata yet to book,1309543688,1309543688,4551456423,-590882299,2021-07-29
11469,,37_4551254304_CACEIS,1807385726,OB,OB,No-pair,wire transfer,Caceis booked the wire transfer for SD 03-02-2021. Integrata yet to book,1807385726,1807385726,4551456423,-590882299,2021-07-29
11470,,722_455862625_CACEIS,1287004911,OB,OB,No-pair,fx wire,Caceis booked the fx wire for SD 05-15-2020. Integrata yet to book,1287004911,1287004911,4551456423,-590882299,2021-07-29
11471,,158_455862625_CACEIS,1287002848,OB,OB,No-pair,wire transfer,Caceis booked the wire transfer for SD 05-13-2020. Integrata yet to book,1287002848,1287002848,4551456423,-590882299,2021-07-29
11472,,38_455982783_CACEIS,1446489009,OB,OB,No-pair,wire transfer,Caceis booked the wire transfer for SD 08-14-2020. Integrata yet to book,1446489009,1446489009,4551456423,-590882299,2021-07-29
11473,,101_455783582_CACEIS,1185159251,OB,OB,No-pair,fx wire,Caceis booked the fx wire for SD 03-16-2020. Integrata yet to book,1185159251,1185159251,4551456423,-590882299,2021-07-29
11474,,47_306589_CACEIS,433998206,OB,OB,No-pair,fx wire,Caceis booked the fx wire for SD 02-15-2019. Integrata yet to book,433998206,433998206,4551456423,-590882299,2021-07-29
11475,,487_455643841_CACEIS,975323559,OB,OB,No-pair,fx wire,Caceis booked the fx wire for SD 11-15-2019. Integrata yet to book,975323559,975323559,4551456423,-590882299,2021-07-29
11476,,445_4551066313_CACEIS,1556876713,OB,OB,No-pair,fx wire,Caceis booked the fx wire for SD 10-15-2020. Integrata yet to book,1556876713,1556876713,4551456423,-590882299,2021-07-29
11477,,408_4551023983_CACEIS,1500214217,OB,OB,No-pair,fx wire,Caceis booked the fx wire for SD 09-15-2020. Integrata yet to book,1500214217,1500214217,4551456423,-590882299,2021-07-29
11478,,406_455822501_CACEIS,1235308309,OB,OB,No-pair,fx wire,Caceis booked the fx wire for SD 04-15-2020. Integrata yet to book,1235308309,1235308309,4551456423,-590882299,2021-07-29
11479,,192_4551023983_CACEIS,1500213893,OB,OB,No-pair,fx wire,Caceis booked the fx wire for SD 09-15-2020. Integrata yet to book,1500213893,1500213893,4551456423,-590882299,2021-07-29
11480,,181_455862625_CACEIS,1287003032,OB,OB,No-pair,wire transfer,Caceis booked the wire transfer for SD 05-13-2020. Integrata yet to book,1287003032,1287003032,4551456423,-590882299,2021-07-29
11481,,100_4551232906_CACEIS,1780156395,OB,OB,No-pair,fx wire,Caceis booked the fx wire for SD 02-16-2021. Integrata yet to book,1780156395,1780156395,4551456423,-590882299,2021-07-29
11482,,45_455783582_CACEIS,1185159332,OB,OB,No-pair,fx wire,Caceis booked the fx wire for SD 03-16-2020. Integrata yet to book,1185159332,1185159332,4551456423,-590882299,2021-07-29
11483,,405_4551232906_CACEIS,1780156896,OB,OB,No-pair,fx wire,Caceis booked the fx wire for SD 02-16-2021. Integrata yet to book,1780156896,1780156896,4551456423,-590882299,2021-07-29
11484,,5_455959742_CACEIS,1417073511,OB,OB,No-pair,proceeds sell,Caceis booked the proceeds sell for SD 07-29-2020. Integrata yet to book,1417073511,1417073511,4551456423,-590882299,2021-07-29
11485,,69_455516633_CACEIS,760048445,OB,OB,No-pair,wire transfer,Caceis booked the wire transfer for SD 08-16-2019. Integrata yet to book,760048445,760048445,4551456423,-590882299,2021-07-29
11486,,77_455862625_CACEIS,1287003058,OB,OB,No-pair,wire transfer,Caceis booked the wire transfer for SD 05-13-2020. Integrata yet to book,1287003058,1287003058,4551456423,-590882299,2021-07-29
11487,,61_4551060531_CACEIS,1548950737,OB,OB,No-pair,wire transfer,Caceis booked the wire transfer for SD 10-12-2020. Integrata yet to book,1548950737,1548950737,4551456423,-590882299,2021-07-29
11488,,185_455985296_CACEIS,1449581793,OB,OB,No-pair,fx wire,Caceis booked the fx wire for SD 08-17-2020. Integrata yet to book,1449581793,1449581793,4551456423,-590882299,2021-07-29
11489,,43_455688261_CACEIS,1053516734,OB,OB,No-pair,monthend interest,Caceis booked the monthend interest for SD 01-01-2020. Integrata yet to book,1053516734,1053516734,4551456423,-590882299,2021-07-29
11490,,54_455590588_CACEIS,883858339,OB,OB,No-pair,fx wire,Caceis booked the fx wire for SD 10-15-2019. Integrata yet to book,883858339,883858339,4551456423,-590882299,2021-07-29
11491,,227_4551023983_CACEIS,1500213973,OB,OB,No-pair,fx wire,Caceis booked the fx wire for SD 09-15-2020. Integrata yet to book,1500213973,1500213973,4551456423,-590882299,2021-07-29
11492,,172_455822501_CACEIS,1235307952,OB,OB,No-pair,fx wire,Caceis booked the fx wire for SD 04-15-2020. Integrata yet to book,1235307952,1235307952,4551456423,-590882299,2021-07-29
11493,,80_4551394628_CACEIS,1997244707,OB,OB,No-pair,fx wire,Caceis booked the fx wire for SD 06-15-2021. Integrata yet to book,1997244707,1997244707,4551456423,-590882299,2021-07-29
11494,,41_4551239617_CACEIS,1789074794,OB,OB,No-pair,fx wire,Caceis booked the fx wire for SD 02-19-2021. Integrata yet to book,1789074794,1789074794,4551456423,-590882299,2021-07-29
11495,,146_4551232906_CACEIS,1780156449,OB,OB,No-pair,fx wire,Caceis booked the fx wire for SD 02-16-2021. Integrata yet to book,1780156449,1780156449,4551456423,-590882299,2021-07-29
11496,,100_455748445_CACEIS,1136275171,OB,OB,No-pair,fx wire,Caceis booked the fx wire for SD 02-18-2020. Integrata yet to book,1136275171,1136275171,4551456423,-590882299,2021-07-29
11497,,69_4551060531_CACEIS,1548950720,OB,OB,No-pair,wire transfer,Caceis booked the wire transfer for SD 10-12-2020. Integrata yet to book,1548950720,1548950720,4551456423,-590882299,2021-07-29
11498,,494_455862625_CACEIS,1287003903,OB,OB,No-pair,fx wire,Caceis booked the fx wire for SD 05-15-2020. Integrata yet to book,1287003903,1287003903,4551456423,-590882299,2021-07-29
11499,,106_4551354754_CACEIS,1942399504,OB,OB,No-pair,fx wire,Caceis booked the fx wire for SD 05-17-2021. Integrata yet to book,1942399504,1942399504,4551456423,-590882299,2021-07-29
11500,,80_4551232906_CACEIS,1780156573,OB,OB,No-pair,fx wire,Caceis booked the fx wire for SD 02-16-2021. Integrata yet to book,1780156573,1780156573,4551456423,-590882299,2021-07-29
11501,,718_4551232906_CACEIS,1780157095,OB,OB,No-pair,fx wire,Caceis booked the fx wire for SD 02-16-2021. Integrata yet to book,1780157095,1780157095,4551456423,-590882299,2021-07-29
11502,,17_4551265958_CACEIS,1821951001,OB,OB,No-pair,proceeds sell,Caceis booked the proceeds sell for SD 03-11-2021. Integrata yet to book,1821951001,1821951001,4551456423,-590882299,2021-07-29
11503,,11_4551239617_CACEIS,1789074727,OB,OB,No-pair,wire transfer,Caceis booked the wire transfer for SD 02-19-2021. Integrata yet to book,1789074727,1789074727,4551456423,-590882299,2021-07-29
11504,,59_455663909_CACEIS,1011570589,OB,OB,No-pair,fees,Caceis booked the fees for SD 12-11-2019. Integrata yet to book,1011570589,1011570589,4551456423,-590882299,2021-07-29
11505,,48_455554115_CACEIS,824384917,OB,OB,No-pair,fx wire,Caceis booked the fx wire for SD 09-17-2019. Integrata yet to book,824384917,824384917,4551456423,-590882299,2021-07-29
11506,,18_4551083561_CACEIS,1579309198,OB,OB,No-pair,wire transfer,Caceis booked the wire transfer for SD 10-28-2020. Integrata yet to book,1579309198,1579309198,4551456423,-590882299,2021-07-29
11507,,36_455669415_CACEIS,1020661906,OB,OB,No-pair,fx wire,Caceis booked the fx wire for SD 12-16-2019. Integrata yet to book,1020661906,1020661906,4551456423,-590882299,2021-07-29
11508,,7_455585083_CACEIS,874262423,OB,OB,No-pair,fees,Caceis booked the fees for SD 10-10-2019. Integrata yet to book,874262423,874262423,4551456423,-590882299,2021-07-29
11509,,336_455669415_CACEIS,1020661867,OB,OB,No-pair,fx wire,Caceis booked the fx wire for SD 12-16-2019. Integrata yet to book,1020661867,1020661867,4551456423,-590882299,2021-07-29
11510,,479_4551149959_CACEIS,1667623393,OB,OB,No-pair,fx wire,Caceis booked the fx wire for SD 12-15-2020. Integrata yet to book,1667623393,1667623393,4551456423,-590882299,2021-07-29
11511,,70_455663909_CACEIS,1011570688,OB,OB,No-pair,fees,Caceis booked the fees for SD 12-11-2019. Integrata yet to book,1011570688,1011570688,4551456423,-590882299,2021-07-29
11512,,79_455706635_CACEIS,1081907259,OB,OB,No-pair,fx wire,Caceis booked the fx wire for SD 01-15-2020. Integrata yet to book,1081907259,1081907259,4551456423,-590882299,2021-07-29
11513,,965_455822501_CACEIS,1235308627,OB,OB,No-pair,fx wire,Caceis booked the fx wire for SD 04-15-2020. Integrata yet to book,1235308627,1235308627,4551456423,-590882299,2021-07-29
11514,,23_455701234_CACEIS,1075203715,OB,OB,No-pair,fees,Caceis booked the fees for SD 01-09-2020. Integrata yet to book,1075203715,1075203715,4551456423,-590882299,2021-07-29
11515,,58_455944496_CACEIS,1396484629,OB,OB,No-pair,fx wire,Caceis booked the fx wire for SD 07-17-2020. Integrata yet to book,1396484629,1396484629,4551456423,-590882299,2021-07-29
11516,,38_4551097416_CACEIS,1597270349,OB,OB,No-pair,fx wire,Caceis booked the fx wire for SD 11-06-2020. Integrata yet to book,1597270349,1597270349,4551456423,-590882299,2021-07-29
11517,,492_4551066313_CACEIS,1556876675,OB,OB,No-pair,fx wire,Caceis booked the fx wire for SD 10-15-2020. Integrata yet to book,1556876675,1556876675,4551456423,-590882299,2021-07-29
11518,,194_455940640_CACEIS,1391596078,OB,OB,No-pair,fx wire,Caceis booked the fx wire for SD 07-15-2020. Integrata yet to book,1391596078,1391596078,4551456423,-590882299,2021-07-29
11519,,17_455585083_CACEIS,874262469,OB,OB,No-pair,fees,Caceis booked the fees for SD 10-10-2019. Integrata yet to book,874262469,874262469,4551456423,-590882299,2021-07-29
11520,,14_455585083_CACEIS,874262455,OB,OB,No-pair,fees,Caceis booked the fees for SD 10-10-2019. Integrata yet to book,874262455,874262455,4551456423,-590882299,2021-07-29
11521,,374_455985296_CACEIS,1449582142,OB,OB,No-pair,fx wire,Caceis booked the fx wire for SD 08-17-2020. Integrata yet to book,1449582142,1449582142,4551456423,-590882299,2021-07-29
11522,,114_455726980_CACEIS,1107942530,OB,OB,No-pair,monthend interest,Caceis booked the monthend interest for SD 02-01-2020. Integrata yet to book,1107942530,1107942530,4551456423,-590882299,2021-07-29
11523,,25_455688261_CACEIS,1053516683,OB,OB,No-pair,monthend interest,Caceis booked the monthend interest for SD 01-01-2020. Integrata yet to book,1053516683,1053516683,4551456423,-590882299,2021-07-29
11524,,2_455864447_CACEIS,1289293323,OB,OB,No-pair,wire transfer,Caceis booked the wire transfer for SD 05-12-2020. Integrata yet to book,1289293323,1289293323,4551456423,-590882299,2021-07-29
11525,,236_4551394628_CACEIS,1997244769,OB,OB,No-pair,fx wire,Caceis booked the fx wire for SD 06-15-2021. Integrata yet to book,1997244769,1997244769,4551456423,-590882299,2021-07-29
11526,,12_4551258322_CACEIS,1812652680,OB,OB,No-pair,fx wire,Caceis booked the fx wire for SD 03-05-2021. Integrata yet to book,1812652680,1812652680,4551456423,-590882299,2021-07-29
11527,,190_455706635_CACEIS,1081907513,OB,OB,No-pair,fx wire,Caceis booked the fx wire for SD 01-15-2020. Integrata yet to book,1081907513,1081907513,4551456423,-590882299,2021-07-29
11528,,134_4551201062_CACEIS,1734566018,OB,OB,No-pair,fx wire,Caceis booked the fx wire for SD 01-22-2021. Integrata yet to book,1734566018,1734566018,4551456423,-590882299,2021-07-29
11529,,82_455442954_CACEIS,637183869,OB,OB,No-pair,fx wire,Caceis booked the fx wire for SD 06-17-2019. Integrata yet to book,637183869,637183869,4551456423,-590882299,2021-07-29
11530,,507_4551066313_CACEIS,1556876686,OB,OB,No-pair,fx wire,Caceis booked the fx wire for SD 10-15-2020. Integrata yet to book,1556876686,1556876686,4551456423,-590882299,2021-07-29
11531,,49_4551438780_CACEIS,2052260377,OB,OB,No-pair,wire transfer,Caceis booked the wire transfer for SD 07-16-2021. Integrata yet to book,2052260377,2052260377,4551456423,-590882299,2021-07-29
11532,,31_4551242873_CACEIS,1793109164,OB,OB,No-pair,wire transfer,Caceis booked the wire transfer for SD 02-22-2021. Integrata yet to book,1793109164,1793109164,4551456423,-590882299,2021-07-29
11533,,29_455585083_CACEIS,874262492,OB,OB,No-pair,fees,Caceis booked the fees for SD 10-10-2019. Integrata yet to book,874262492,874262492,4551456423,-590882299,2021-07-29
11534,,696_4551232906_CACEIS,1780157118,OB,OB,No-pair,fx wire,Caceis booked the fx wire for SD 02-16-2021. Integrata yet to book,1780157118,1780157118,4551456423,-590882299,2021-07-29
11535,,49_4551087502_CACEIS,1584326625,OB,OB,No-pair,wire transfer,Caceis booked the wire transfer for SD 10-30-2020. Integrata yet to book,1584326625,1584326625,4551456423,-590882299,2021-07-29
11536,,104_4551220415_CACEIS,1761955900,OB,OB,No-pair,wire transfer,Caceis booked the wire transfer for SD 02-05-2021. Integrata yet to book,1761955900,1761955900,4551456423,-590882299,2021-07-29
11537,,42_4551311496_CACEIS,1881179954,OB,OB,No-pair,wire transfer,Caceis booked the wire transfer for SD 04-13-2021. Integrata yet to book,1881179954,1881179954,4551456423,-590882299,2021-07-29
11538,,106_4551313388_CACEIS,1883527715,OB,OB,No-pair,fx wire,Caceis booked the fx wire for SD 04-15-2021. Integrata yet to book,1883527715,1883527715,4551456423,-590882299,2021-07-29
11539,,57_455745203_CACEIS,1132280418,OB,OB,No-pair,wire transfer,Caceis booked the wire transfer for SD 02-14-2020. Integrata yet to book,1132280418,1132280418,4551456423,-590882299,2021-07-29
11540,,3_455447623_CACEIS,643172493,OB,OB,No-pair,proceeds sell,Caceis booked the proceeds sell for SD 06-20-2019. Integrata yet to book,643172493,643172493,4551456423,-590882299,2021-07-29
11541,,58_4551191593_CACEIS,1722905084,OB,OB,No-pair,fx wire,Caceis booked the fx wire for SD 01-15-2021. Integrata yet to book,1722905084,1722905084,4551456423,-590882299,2021-07-29
11542,,182_455706635_CACEIS,1081907511,OB,OB,No-pair,fx wire,Caceis booked the fx wire for SD 01-15-2020. Integrata yet to book,1081907511,1081907511,4551456423,-590882299,2021-07-29
11543,,489_4551109218_CACEIS,1613287012,OB,OB,No-pair,fx wire,Caceis booked the fx wire for SD 11-16-2020. Integrata yet to book,1613287012,1613287012,4551456423,-590882299,2021-07-29
11544,,17_455745203_CACEIS,1132280361,OB,OB,No-pair,fx wire,Caceis booked the fx wire for SD 02-14-2020. Integrata yet to book,1132280361,1132280361,4551456423,-590882299,2021-07-29
11545,,202_4551269721_CACEIS,1827474026,OB,OB,No-pair,fx wire,Caceis booked the fx wire for SD 03-15-2021. Integrata yet to book,1827474026,1827474026,4551456423,-590882299,2021-07-29
11546,,97_455442954_CACEIS,637183765,OB,OB,No-pair,fx wire,Caceis booked the fx wire for SD 06-17-2019. Integrata yet to book,637183765,637183765,4551456423,-590882299,2021-07-29
11547,,54_4551058652_CACEIS,1546340384,OB,OB,No-pair,wire transfer,Caceis booked the wire transfer for SD 10-09-2020. Integrata yet to book,1546340384,1546340384,4551456423,-590882299,2021-07-29
11548,,448_4551191593_CACEIS,1722905517,OB,OB,No-pair,fx wire,Caceis booked the fx wire for SD 01-15-2021. Integrata yet to book,1722905517,1722905517,4551456423,-590882299,2021-07-29
11549,,194_455862625_CACEIS,1287002982,OB,OB,No-pair,fx wire,Caceis booked the fx wire for SD 05-15-2020. Integrata yet to book,1287002982,1287002982,4551456423,-590882299,2021-07-29
11550,,1_455585083_CACEIS,874262397,OB,OB,No-pair,fees,Caceis booked the fees for SD 10-10-2019. Integrata yet to book,874262397,874262397,4551456423,-590882299,2021-07-29
11551,,1_4551248485_CACEIS,1800039339,OB,OB,No-pair,monthend interest,Caceis booked the monthend interest for SD 03-01-2021. Integrata yet to book,1800039339,1800039339,4551456423,-590882299,2021-07-29
11552,,120_455585083_CACEIS,874262453,OB,OB,No-pair,wire transfer,Caceis booked the wire transfer for SD 10-10-2019. Integrata yet to book,874262453,874262453,4551456423,-590882299,2021-07-29
11553,,47_455879764_CACEIS,1309543797,OB,OB,No-pair,fx wire,Caceis booked the fx wire for SD 05-29-2020. Integrata yet to book,1309543797,1309543797,4551456423,-590882299,2021-07-29
11554,,8_455761196_CACEIS,1154270081,OB,OB,No-pair,wire transfer,Caceis booked the wire transfer for SD 02-27-2020. Integrata yet to book,1154270081,1154270081,4551456423,-590882299,2021-07-29
11555,,261_455783582_CACEIS,1185159434,OB,OB,No-pair,fx wire,Caceis booked the fx wire for SD 03-16-2020. Integrata yet to book,1185159434,1185159434,4551456423,-590882299,2021-07-29
11556,,593_4551232906_CACEIS,1780156956,OB,OB,No-pair,fx wire,Caceis booked the fx wire for SD 02-16-2021. Integrata yet to book,1780156956,1780156956,4551456423,-590882299,2021-07-29
11557,,621_4551232906_CACEIS,1780157026,OB,OB,No-pair,fx wire,Caceis booked the fx wire for SD 02-16-2021. Integrata yet to book,1780157026,1780157026,4551456423,-590882299,2021-07-29
11558,,108_4551220415_CACEIS,1761955974,OB,OB,No-pair,wire transfer,Caceis booked the wire transfer for SD 02-05-2021. Integrata yet to book,1761955974,1761955974,4551456423,-590882299,2021-07-29
11559,,9_4551265958_CACEIS,1821950998,OB,OB,No-pair,proceeds sell,Caceis booked the proceeds sell for SD 03-11-2021. Integrata yet to book,1821950998,1821950998,4551456423,-590882299,2021-07-29
11560,,163_455669415_CACEIS,1020661927,OB,OB,No-pair,fx wire,Caceis booked the fx wire for SD 12-16-2019. Integrata yet to book,1020661927,1020661927,4551456423,-590882299,2021-07-29
11561,,28_455585083_CACEIS,874262488,OB,OB,No-pair,fees,Caceis booked the fees for SD 10-10-2019. Integrata yet to book,874262488,874262488,4551456423,-590882299,2021-07-29
11562,,3_455457456_CACEIS,662167848,OB,OB,No-pair,monthend interest,Caceis booked the monthend interest for SD 07-01-2019. Integrata yet to book,662167848,662167848,4551456423,-590882299,2021-07-29
11563,,422_4551109218_CACEIS,1613287003,OB,OB,No-pair,fx wire,Caceis booked the fx wire for SD 11-16-2020. Integrata yet to book,1613287003,1613287003,4551456423,-590882299,2021-07-29
11564,,47_368123_CACEIS,532374045,OB,OB,No-pair,fx wire,Caceis booked the fx wire for SD 04-15-2019. Integrata yet to book,532374045,532374045,4551456423,-590882299,2021-07-29
11565,,24_4551254304_CACEIS,1807385759,OB,OB,No-pair,wire transfer,Caceis booked the wire transfer for SD 03-02-2021. Integrata yet to book,1807385759,1807385759,4551456423,-590882299,2021-07-29
11566,,81_455748445_CACEIS,1136275159,OB,OB,No-pair,fx wire,Caceis booked the fx wire for SD 02-18-2020. Integrata yet to book,1136275159,1136275159,4551456423,-590882299,2021-07-29
11567,,2_455490220_CACEIS,714934068,OB,OB,No-pair,wire transfer,Caceis booked the wire transfer for SD 07-26-2019. Integrata yet to book,714934068,714934068,4551456423,-590882299,2021-07-29
11568,,61_4551066313_CACEIS,1556876332,OB,OB,No-pair,fx wire,Caceis booked the fx wire for SD 10-15-2020. Integrata yet to book,1556876332,1556876332,4551456423,-590882299,2021-07-29
11569,,66_455898221_CACEIS,1334730828,OB,OB,No-pair,fx wire,Caceis booked the fx wire for SD 06-12-2020. Integrata yet to book,1334730828,1334730828,4551456423,-590882299,2021-07-29
11570,,13_4551414063_CACEIS,2021656555,OB,OB,No-pair,wire transfer,Caceis booked the wire transfer for SD 06-29-2021. Integrata yet to book,2021656555,2021656555,4551456423,-590882299,2021-07-29
11571,,27_333062_CACEIS,479846750,OB,OB,No-pair,fx wire,Caceis booked the fx wire for SD 03-15-2019. Integrata yet to book,479846750,479846750,4551456423,-590882299,2021-07-29
11572,,22_4551248485_CACEIS,1800039359,OB,OB,No-pair,wire transfer,Caceis booked the wire transfer for SD 02-26-2021. Integrata yet to book,1800039359,1800039359,4551456423,-590882299,2021-07-29
11573,,464_455783582_CACEIS,1185159595,OB,OB,No-pair,fx wire,Caceis booked the fx wire for SD 03-16-2020. Integrata yet to book,1185159595,1185159595,4551456423,-590882299,2021-07-29
11574,,202_455669415_CACEIS,1020661940,OB,OB,No-pair,fx wire,Caceis booked the fx wire for SD 12-16-2019. Integrata yet to book,1020661940,1020661940,4551456423,-590882299,2021-07-29
11575,,238_4551269721_CACEIS,1827473955,OB,OB,No-pair,fx wire,Caceis booked the fx wire for SD 03-15-2021. Integrata yet to book,1827473955,1827473955,4551456423,-590882299,2021-07-29
11576,,21_455790609_CACEIS,1194036430,OB,OB,No-pair,wire transfer,Caceis booked the wire transfer for SD 03-20-2020. Integrata yet to book,1194036430,1194036430,4551456423,-590882299,2021-07-29
11577,,18_4551388882_CACEIS,1989667605,OB,OB,No-pair,fees,Caceis booked the fees for SD 06-10-2021. Integrata yet to book,1989667605,1989667605,4551456423,-590882299,2021-07-29
11578,,28_455853613_CACEIS,1275438468,OB,OB,No-pair,wire transfer,Caceis booked the wire transfer for SD 03-20-2020. Integrata yet to book,1275438468,1275438468,4551456423,-590882299,2021-07-29
11579,,82_455663909_CACEIS,1011570723,OB,OB,No-pair,wire transfer,Caceis booked the wire transfer for SD 12-11-2019. Integrata yet to book,1011570723,1011570723,4551456423,-590882299,2021-07-29
11580,,142_455688261_CACEIS,1053516708,OB,OB,No-pair,monthend interest,Caceis booked the monthend interest for SD 01-01-2020. Integrata yet to book,1053516708,1053516708,4551456423,-590882299,2021-07-29
11581,,27_455509747_CACEIS,748668170,OB,OB,No-pair,fees,Caceis booked the fees for SD 08-12-2019. Integrata yet to book,748668170,748668170,4551456423,-590882299,2021-07-29
11582,,9_4551037369_CACEIS,1518452139,OB,OB,No-pair,proceeds sell,Caceis booked the proceeds sell for SD 09-24-2020. Integrata yet to book,1518452139,1518452139,4551456423,-590882299,2021-07-29
11583,,96_455783582_CACEIS,1185159260,OB,OB,No-pair,fx wire,Caceis booked the fx wire for SD 03-16-2020. Integrata yet to book,1185159260,1185159260,4551456423,-590882299,2021-07-29
11584,,97_4551220415_CACEIS,1761956159,OB,OB,No-pair,wire transfer,Caceis booked the wire transfer for SD 02-05-2021. Integrata yet to book,1761956159,1761956159,4551456423,-590882299,2021-07-29
11585,,40_455706635_CACEIS,1081907314,OB,OB,No-pair,fx wire,Caceis booked the fx wire for SD 01-15-2020. Integrata yet to book,1081907314,1081907314,4551456423,-590882299,2021-07-29
11586,,112_4551349054_CACEIS,1933657874,OB,OB,No-pair,fees,Caceis booked the fees for SD 05-12-2021. Integrata yet to book,1933657874,1933657874,4551456423,-590882299,2021-07-29
11587,,50_455554115_CACEIS,824384977,OB,OB,No-pair,fx wire,Caceis booked the fx wire for SD 09-17-2019. Integrata yet to book,824384977,824384977,4551456423,-590882299,2021-07-29
11588,,221_4551210754_CACEIS,1748958283,OB,OB,No-pair,monthend interest,Caceis booked the monthend interest for SD 02-01-2021. Integrata yet to book,1748958283,1748958283,4551456423,-590882299,2021-07-29
11589,,26_4551352893_CACEIS,1939816946,OB,OB,No-pair,wire transfer,Caceis booked the wire transfer for SD 05-13-2021. Integrata yet to book,1939816946,1939816946,4551456423,-590882299,2021-07-29
11590,,427_4551109218_CACEIS,1613286956,OB,OB,No-pair,fx wire,Caceis booked the fx wire for SD 11-16-2020. Integrata yet to book,1613286956,1613286956,4551456423,-590882299,2021-07-29
11591,,215_455762980_CACEIS,1156897857,OB,OB,No-pair,monthend interest,Caceis booked the monthend interest for SD 03-01-2020. Integrata yet to book,1156897857,1156897857,4551456423,-590882299,2021-07-29
11592,,20_4551388882_CACEIS,1989667615,OB,OB,No-pair,fees,Caceis booked the fees for SD 06-10-2021. Integrata yet to book,1989667615,1989667615,4551456423,-590882299,2021-07-29
11593,,79_455822501_CACEIS,1235307991,OB,OB,No-pair,fx wire,Caceis booked the fx wire for SD 04-15-2020. Integrata yet to book,1235307991,1235307991,4551456423,-590882299,2021-07-29
11594,,52_455590588_CACEIS,883858440,OB,OB,No-pair,fx wire,Caceis booked the fx wire for SD 10-15-2019. Integrata yet to book,883858440,883858440,4551456423,-590882299,2021-07-29
11595,,26_4551029716_CACEIS,1508201962,OB,OB,No-pair,fx wire,Caceis booked the fx wire for SD 09-18-2020. Integrata yet to book,1508201962,1508201962,4551456423,-590882299,2021-07-29
11596,,22_455790609_CACEIS,1194036437,OB,OB,No-pair,wire transfer,Caceis booked the wire transfer for SD 03-20-2020. Integrata yet to book,1194036437,1194036437,4551456423,-590882299,2021-07-29
11597,,16_455803095_CACEIS,1210223541,OB,OB,No-pair,monthend interest,Caceis booked the monthend interest for SD 04-01-2020. Integrata yet to book,1210223541,1210223541,4551456423,-590882299,2021-07-29
11598,,88_455726980_CACEIS,1107942696,OB,OB,No-pair,monthend interest,Caceis booked the monthend interest for SD 02-01-2020. Integrata yet to book,1107942696,1107942696,4551456423,-590882299,2021-07-29
11599,,6_4551299798_CACEIS,1866915094,OB,OB,No-pair,fx wire,Caceis booked the fx wire for SD 04-06-2021. Integrata yet to book,1866915094,1866915094,4551456423,-590882299,2021-07-29
11600,,15_455509747_CACEIS,748668191,OB,OB,No-pair,fx wire,Caceis booked the fx wire for SD 08-12-2019. Integrata yet to book,748668191,748668191,4551456423,-590882299,2021-07-29
11601,,726_4551232906_CACEIS,1780157086,OB,OB,No-pair,fx wire,Caceis booked the fx wire for SD 02-16-2021. Integrata yet to book,1780157086,1780157086,4551456423,-590882299,2021-07-29
11602,,24_4551145900_CACEIS,1662179008,OB,OB,No-pair,fx wire,Caceis booked the fx wire for SD 12-11-2020. Integrata yet to book,1662179008,1662179008,4551456423,-590882299,2021-07-29
11603,,249_4551436806_CACEIS,2049885993,OB,OB,No-pair,fx wire,Caceis booked the fx wire for SD 07-15-2021. Integrata yet to book,2049885993,2049885993,4551456423,-590882299,2021-07-29
11604,,68_4551349054_CACEIS,1933657859,OB,OB,No-pair,fees,Caceis booked the fees for SD 05-12-2021. Integrata yet to book,1933657859,1933657859,4551456423,-590882299,2021-07-29
11605,,10_306589_CACEIS,433998172,OB,OB,No-pair,fx wire,Caceis booked the fx wire for SD 02-15-2019. Integrata yet to book,433998172,433998172,4551456423,-590882299,2021-07-29
11606,,73_455824379_CACEIS,1237534487,OB,OB,No-pair,wire transfer,Caceis booked the wire transfer for SD 04-16-2020. Integrata yet to book,1237534487,1237534487,4551456423,-590882299,2021-07-29
11607,,69_4551313388_CACEIS,1883527741,OB,OB,No-pair,fx wire,Caceis booked the fx wire for SD 04-15-2021. Integrata yet to book,1883527741,1883527741,4551456423,-590882299,2021-07-29
11608,,297_4551149959_CACEIS,1667623101,OB,OB,No-pair,fx wire,Caceis booked the fx wire for SD 12-15-2020. Integrata yet to book,1667623101,1667623101,4551456423,-590882299,2021-07-29
11609,,27_4551246640_CACEIS,1797846194,OB,OB,No-pair,wire transfer,Caceis booked the wire transfer for SD 02-25-2021. Integrata yet to book,1797846194,1797846194,4551456423,-590882299,2021-07-29
11610,,213_4551269721_CACEIS,1827474043,OB,OB,No-pair,fx wire,Caceis booked the fx wire for SD 03-15-2021. Integrata yet to book,1827474043,1827474043,4551456423,-590882299,2021-07-29
11611,,66_4551349054_CACEIS,1933657848,OB,OB,No-pair,fees,Caceis booked the fees for SD 05-12-2021. Integrata yet to book,1933657848,1933657848,4551456423,-590882299,2021-07-29
11612,,29_455547231_CACEIS,811491700,OB,OB,No-pair,wire transfer,Caceis booked the wire transfer for SD 09-11-2019. Integrata yet to book,811491700,811491700,4551456423,-590882299,2021-07-29
11613,,44_455663909_CACEIS,1011570727,OB,OB,No-pair,wire transfer,Caceis booked the wire transfer for SD 12-11-2019. Integrata yet to book,1011570727,1011570727,4551456423,-590882299,2021-07-29
11614,,63_455978912_CACEIS,1441832110,OB,OB,No-pair,fees,Caceis booked the fees for SD 08-12-2020. Integrata yet to book,1441832110,1441832110,4551456423,-590882299,2021-07-29
11615,,324_455900053_CACEIS,1336713799,OB,OB,No-pair,fx wire,Caceis booked the fx wire for SD 06-15-2020. Integrata yet to book,1336713799,1336713799,4551456423,-590882299,2021-07-29
11616,,527_455862625_CACEIS,1287004906,OB,OB,No-pair,fx wire,Caceis booked the fx wire for SD 05-15-2020. Integrata yet to book,1287004906,1287004906,4551456423,-590882299,2021-07-29
11617,,202_4551066313_CACEIS,1556876338,OB,OB,No-pair,fx wire,Caceis booked the fx wire for SD 10-15-2020. Integrata yet to book,1556876338,1556876338,4551456423,-590882299,2021-07-29
11618,,11_4551125930_CACEIS,1635426510,OB,OB,No-pair,fx wire,Caceis booked the fx wire for SD 11-27-2020. Integrata yet to book,1635426510,1635426510,4551456423,-590882299,2021-07-29
11619,,438_455748445_CACEIS,1136275471,OB,OB,No-pair,fx wire,Caceis booked the fx wire for SD 02-18-2020. Integrata yet to book,1136275471,1136275471,4551456423,-590882299,2021-07-29
11620,,18_455424626_CACEIS,610989079,OB,OB,No-pair,monthend interest,Caceis booked the monthend interest for SD 06-01-2019. Integrata yet to book,610989079,610989079,4551456423,-590882299,2021-07-29
11621,,44_455978912_CACEIS,1441832141,OB,OB,No-pair,fees,Caceis booked the fees for SD 08-11-2020. Integrata yet to book,1441832141,1441832141,4551456423,-590882299,2021-07-29
11622,,437_455643841_CACEIS,975323509,OB,OB,No-pair,fx wire,Caceis booked the fx wire for SD 11-15-2019. Integrata yet to book,975323509,975323509,4551456423,-590882299,2021-07-29
11623,,256_4551269721_CACEIS,1827474048,OB,OB,No-pair,fx wire,Caceis booked the fx wire for SD 03-15-2021. Integrata yet to book,1827474048,1827474048,4551456423,-590882299,2021-07-29
11624,,13_4551182476_CACEIS,1710215374,OB,OB,No-pair,fx wire,Caceis booked the fx wire for SD 01-08-2021. Integrata yet to book,1710215374,1710215374,4551456423,-590882299,2021-07-29
11625,,12_455547231_CACEIS,811491618,OB,OB,No-pair,wire transfer,Caceis booked the wire transfer for SD 09-11-2019. Integrata yet to book,811491618,811491618,4551456423,-590882299,2021-07-29
11626,,434_4551066313_CACEIS,1556876636,OB,OB,No-pair,fx wire,Caceis booked the fx wire for SD 10-15-2020. Integrata yet to book,1556876636,1556876636,4551456423,-590882299,2021-07-29
11627,,457_4551149959_CACEIS,1667623230,OB,OB,No-pair,fx wire,Caceis booked the fx wire for SD 12-15-2020. Integrata yet to book,1667623230,1667623230,4551456423,-590882299,2021-07-29
11628,,25_4551428980_CACEIS,2040344582,OB,OB,No-pair,wire transfer,Caceis booked the wire transfer for SD 07-09-2021. Integrata yet to book,2040344582,2040344582,4551456423,-590882299,2021-07-29
11629,,46_455663909_CACEIS,1011570631,OB,OB,No-pair,wire transfer,Caceis booked the wire transfer for SD 12-11-2019. Integrata yet to book,1011570631,1011570631,4551456423,-590882299,2021-07-29
11630,,256_4551313388_CACEIS,1883527861,OB,OB,No-pair,fx wire,Caceis booked the fx wire for SD 04-15-2021. Integrata yet to book,1883527861,1883527861,4551456423,-590882299,2021-07-29
11631,,96_4551191593_CACEIS,1722905100,OB,OB,No-pair,fx wire,Caceis booked the fx wire for SD 01-15-2021. Integrata yet to book,1722905100,1722905100,4551456423,-590882299,2021-07-29
11632,,59_455944496_CACEIS,1396484635,OB,OB,No-pair,fx wire,Caceis booked the fx wire for SD 07-17-2020. Integrata yet to book,1396484635,1396484635,4551456423,-590882299,2021-07-29
11633,,43_455978912_CACEIS,1441832133,OB,OB,No-pair,fees,Caceis booked the fees for SD 08-11-2020. Integrata yet to book,1441832133,1441832133,4551456423,-590882299,2021-07-29
11634,,801_455643841_CACEIS,975323873,OB,OB,No-pair,wire transfer,Caceis booked the wire transfer for SD 11-06-2019. Integrata yet to book,975323873,975323873,4551456423,-590882299,2021-07-29
11635,,910_455822501_CACEIS,1235308766,OB,OB,No-pair,fx wire,Caceis booked the fx wire for SD 04-15-2020. Integrata yet to book,1235308766,1235308766,4551456423,-590882299,2021-07-29
11636,,100_455963450_CACEIS,1421777678,OB,OB,No-pair,monthend interest,Caceis booked the monthend interest for SD 08-01-2020. Integrata yet to book,1421777678,1421777678,4551456423,-590882299,2021-07-29
11637,,4_455547231_CACEIS,811491606,OB,OB,No-pair,wire transfer,Caceis booked the wire transfer for SD 09-11-2019. Integrata yet to book,811491606,811491606,4551456423,-590882299,2021-07-29
11638,,47_455963450_CACEIS,1421777849,OB,OB,No-pair,fx wire,Caceis booked the fx wire for SD 07-31-2020. Integrata yet to book,1421777849,1421777849,4551456423,-590882299,2021-07-29
11639,,216_455762980_CACEIS,1156897870,OB,OB,No-pair,monthend interest,Caceis booked the monthend interest for SD 03-01-2020. Integrata yet to book,1156897870,1156897870,4551456423,-590882299,2021-07-29
11640,,659_4551232906_CACEIS,1780157066,OB,OB,No-pair,fx wire,Caceis booked the fx wire for SD 02-16-2021. Integrata yet to book,1780157066,1780157066,4551456423,-590882299,2021-07-29
11641,,287_4551149959_CACEIS,1667623088,OB,OB,No-pair,fx wire,Caceis booked the fx wire for SD 12-15-2020. Integrata yet to book,1667623088,1667623088,4551456423,-590882299,2021-07-29
11642,,723_455643841_CACEIS,975323795,OB,OB,No-pair,monthend interest,Caceis booked the monthend interest for SD 10-31-2019. Integrata yet to book,975323795,975323795,4551456423,-590882299,2021-07-29
11643,,241_455748445_CACEIS,1136275247,OB,OB,No-pair,fx wire,Caceis booked the fx wire for SD 02-18-2020. Integrata yet to book,1136275247,1136275247,4551456423,-590882299,2021-07-29
11644,,7_455853613_CACEIS,1275438457,OB,OB,No-pair,fx wire,Caceis booked the fx wire for SD 05-08-2020. Integrata yet to book,1275438457,1275438457,4551456423,-590882299,2021-07-29
11645,,4_278910_CACEIS,390854425,OB,OB,No-pair,fx wire,Caceis booked the fx wire for SD 01-25-2019. Integrata yet to book,390854425,390854425,4551456423,-590882299,2021-07-29
11646,,443_455985296_CACEIS,1449582231,OB,OB,No-pair,fx wire,Caceis booked the fx wire for SD 08-17-2020. Integrata yet to book,1449582231,1449582231,4551456423,-590882299,2021-07-29
11647,,384_455940640_CACEIS,1391596275,OB,OB,No-pair,fx wire,Caceis booked the fx wire for SD 07-15-2020. Integrata yet to book,1391596275,1391596275,4551456423,-590882299,2021-07-29
11648,,378_4551023983_CACEIS,1500214212,OB,OB,No-pair,fx wire,Caceis booked the fx wire for SD 09-15-2020. Integrata yet to book,1500214212,1500214212,4551456423,-590882299,2021-07-29
11649,,1_4551402499_CACEIS,2006719914,OB,OB,No-pair,wire transfer,Caceis booked the wire transfer for SD 06-21-2021. Integrata yet to book,2006719914,2006719914,4551456423,-590882299,2021-07-29
11650,,713_4551232906_CACEIS,1780156974,OB,OB,No-pair,fx wire,Caceis booked the fx wire for SD 02-16-2021. Integrata yet to book,1780156974,1780156974,4551456423,-590882299,2021-07-29
11651,,150_455900053_CACEIS,1336713123,OB,OB,No-pair,fx wire,Caceis booked the fx wire for SD 06-15-2020. Integrata yet to book,1336713123,1336713123,4551456423,-590882299,2021-07-29
11652,,28_455944496_CACEIS,1396484626,OB,OB,No-pair,fx wire,Caceis booked the fx wire for SD 07-17-2020. Integrata yet to book,1396484626,1396484626,4551456423,-590882299,2021-07-29
11653,,81_455663909_CACEIS,1011570636,OB,OB,No-pair,wire transfer,Caceis booked the wire transfer for SD 12-11-2019. Integrata yet to book,1011570636,1011570636,4551456423,-590882299,2021-07-29
11654,,141_4551248485_CACEIS,1800039457,OB,OB,No-pair,fx wire,Caceis booked the fx wire for SD 02-26-2021. Integrata yet to book,1800039457,1800039457,4551456423,-590882299,2021-07-29
11655,,4_4551117124_CACEIS,1623224439,OB,OB,No-pair,fx wire,Caceis booked the fx wire for SD 11-20-2020. Integrata yet to book,1623224439,1623224439,4551456423,-590882299,2021-07-29
11656,,1_4551414063_CACEIS,2021656551,OB,OB,No-pair,wire transfer,Caceis booked the wire transfer for SD 06-29-2021. Integrata yet to book,2021656551,2021656551,4551456423,-590882299,2021-07-29
11657,,9_4551372778_CACEIS,1969041941,OB,OB,No-pair,wire transfer,Caceis booked the wire transfer for SD 05-28-2021. Integrata yet to book,1969041941,1969041941,4551456423,-590882299,2021-07-29
11658,,217_455706635_CACEIS,1081907407,OB,OB,No-pair,fx wire,Caceis booked the fx wire for SD 01-15-2020. Integrata yet to book,1081907407,1081907407,4551456423,-590882299,2021-07-29
11659,,17_455547231_CACEIS,811491656,OB,OB,No-pair,wire transfer,Caceis booked the wire transfer for SD 09-11-2019. Integrata yet to book,811491656,811491656,4551456423,-590882299,2021-07-29
11660,,33_455586694_CACEIS,876699139,OB,OB,No-pair,fx wire,Caceis booked the fx wire for SD 10-11-2019. Integrata yet to book,876699139,876699139,4551456423,-590882299,2021-07-29
11661,,294_455669415_CACEIS,1020661969,OB,OB,No-pair,fx wire,Caceis booked the fx wire for SD 12-16-2019. Integrata yet to book,1020661969,1020661969,4551456423,-590882299,2021-07-29
11662,,37_455590588_CACEIS,883858335,OB,OB,No-pair,fx wire,Caceis booked the fx wire for SD 10-15-2019. Integrata yet to book,883858335,883858335,4551456423,-590882299,2021-07-29
11663,,8_4551450423_CACEIS,2066372844,OB,OB,No-pair,fx wire,Caceis booked the fx wire for SD 07-26-2021. Integrata yet to book,2066372844,2066372844,4551456423,-590882299,2021-07-29
11664,,158_455822501_CACEIS,1235307914,OB,OB,No-pair,fx wire,Caceis booked the fx wire for SD 04-15-2020. Integrata yet to book,1235307914,1235307914,4551456423,-590882299,2021-07-29
11665,,17_4551388882_CACEIS,1989667601,OB,OB,No-pair,fees,Caceis booked the fees for SD 06-10-2021. Integrata yet to book,1989667601,1989667601,4551456423,-590882299,2021-07-29
11666,,722_4551232906_CACEIS,1780156980,OB,OB,No-pair,fx wire,Caceis booked the fx wire for SD 02-16-2021. Integrata yet to book,1780156980,1780156980,4551456423,-590882299,2021-07-29
11667,,626_4551232906_CACEIS,1780157030,OB,OB,No-pair,fx wire,Caceis booked the fx wire for SD 02-16-2021. Integrata yet to book,1780157030,1780157030,4551456423,-590882299,2021-07-29
11668,,393_4551066313_CACEIS,1556876656,OB,OB,No-pair,fx wire,Caceis booked the fx wire for SD 10-15-2020. Integrata yet to book,1556876656,1556876656,4551456423,-590882299,2021-07-29
11669,,154_455822501_CACEIS,1235307902,OB,OB,No-pair,fx wire,Caceis booked the fx wire for SD 04-15-2020. Integrata yet to book,1235307902,1235307902,4551456423,-590882299,2021-07-29
11670,,876_455822501_CACEIS,1235308780,OB,OB,No-pair,fx wire,Caceis booked the fx wire for SD 04-15-2020. Integrata yet to book,1235308780,1235308780,4551456423,-590882299,2021-07-29
11671,,375_455940640_CACEIS,1391596247,OB,OB,No-pair,fx wire,Caceis booked the fx wire for SD 07-15-2020. Integrata yet to book,1391596247,1391596247,4551456423,-590882299,2021-07-29
11672,,115_4551349054_CACEIS,1933657881,OB,OB,No-pair,fees,Caceis booked the fees for SD 05-12-2021. Integrata yet to book,1933657881,1933657881,4551456423,-590882299,2021-07-29
11673,,100_4551354754_CACEIS,1942399634,OB,OB,No-pair,fx wire,Caceis booked the fx wire for SD 05-17-2021. Integrata yet to book,1942399634,1942399634,4551456423,-590882299,2021-07-29
11674,,846_455643841_CACEIS,975323918,OB,OB,No-pair,wire transfer,Caceis booked the wire transfer for SD 11-07-2019. Integrata yet to book,975323918,975323918,4551456423,-590882299,2021-07-29
11675,,244_4551394628_CACEIS,1997244737,OB,OB,No-pair,fx wire,Caceis booked the fx wire for SD 06-15-2021. Integrata yet to book,1997244737,1997244737,4551456423,-590882299,2021-07-29
11676,,285_455900053_CACEIS,1336713555,OB,OB,No-pair,fx wire,Caceis booked the fx wire for SD 06-15-2020. Integrata yet to book,1336713555,1336713555,4551456423,-590882299,2021-07-29
11677,,17_4551287241_CACEIS,1850449292,OB,OB,No-pair,wire transfer,Caceis booked the wire transfer for SD 03-26-2021. Integrata yet to book,1850449292,1850449292,4551456423,-590882299,2021-07-29
11678,,29_455404958_CACEIS,585162333,OB,OB,No-pair,fx wire,Caceis booked the fx wire for SD 05-15-2019. Integrata yet to book,585162333,585162333,4551456423,-590882299,2021-07-29
11679,,359_4551023983_CACEIS,1500214169,OB,OB,No-pair,fx wire,Caceis booked the fx wire for SD 09-15-2020. Integrata yet to book,1500214169,1500214169,4551456423,-590882299,2021-07-29
11680,,362_455985296_CACEIS,1449581993,OB,OB,No-pair,fx wire,Caceis booked the fx wire for SD 08-17-2020. Integrata yet to book,1449581993,1449581993,4551456423,-590882299,2021-07-29
11681,,437_455985296_CACEIS,1449582209,OB,OB,No-pair,fx wire,Caceis booked the fx wire for SD 08-17-2020. Integrata yet to book,1449582209,1449582209,4551456423,-590882299,2021-07-29
11682,,4_4551140123_CACEIS,1654668699,OB,OB,No-pair,wire transfer,Caceis booked the wire transfer for SD 12-08-2020. Integrata yet to book,1654668699,1654668699,4551456423,-590882299,2021-07-29
11683,,95_4551313388_CACEIS,1883527721,OB,OB,No-pair,fx wire,Caceis booked the fx wire for SD 04-15-2021. Integrata yet to book,1883527721,1883527721,4551456423,-590882299,2021-07-29
11684,,51_4551149959_CACEIS,1667622853,OB,OB,No-pair,fx wire,Caceis booked the fx wire for SD 12-15-2020. Integrata yet to book,1667622853,1667622853,4551456423,-590882299,2021-07-29
11685,,179_455934920_CACEIS,1383926815,OB,OB,No-pair,wire transfer,Caceis booked the wire transfer for SD 07-10-2020. Integrata yet to book,1383926815,1383926815,4551456423,-590882299,2021-07-29
11686,,283_4551354754_CACEIS,1942399630,OB,OB,No-pair,fx wire,Caceis booked the fx wire for SD 05-17-2021. Integrata yet to book,1942399630,1942399630,4551456423,-590882299,2021-07-29
11687,,296_455900053_CACEIS,1336713581,OB,OB,No-pair,fx wire,Caceis booked the fx wire for SD 06-15-2020. Integrata yet to book,1336713581,1336713581,4551456423,-590882299,2021-07-29
11688,,62_4551349054_CACEIS,1933657871,OB,OB,No-pair,fees,Caceis booked the fees for SD 05-12-2021. Integrata yet to book,1933657871,1933657871,4551456423,-590882299,2021-07-29
11689,,25_4551174457_CACEIS,1699762791,OB,OB,No-pair,wire transfer,Caceis booked the wire transfer for SD 01-04-2021. Integrata yet to book,1699762791,1699762791,4551456423,-590882299,2021-07-29
11690,,12_455651199_CACEIS,989140179,OB,OB,No-pair,wire transfer,Caceis booked the wire transfer for SD 12-02-2019. Integrata yet to book,989140179,989140179,4551456423,-590882299,2021-07-29
11691,,822_455822501_CACEIS,1235308765,OB,OB,No-pair,fx wire,Caceis booked the fx wire for SD 04-15-2020. Integrata yet to book,1235308765,1235308765,4551456423,-590882299,2021-07-29
11692,,156_455777858_CACEIS,1177395637,OB,OB,No-pair,wire transfer,Caceis booked the wire transfer for SD 03-11-2020. Integrata yet to book,1177395637,1177395637,4551456423,-590882299,2021-07-29
11693,,119_455742022_CACEIS,1127725713,OB,OB,No-pair,fees,Caceis booked the fees for SD 02-12-2020. Integrata yet to book,1127725713,1127725713,4551456423,-590882299,2021-07-29
11694,,4_4551079711_CACEIS,1574240823,OB,OB,No-pair,wire transfer,Caceis booked the wire transfer for SD 10-26-2020. Integrata yet to book,1574240823,1574240823,4551456423,-590882299,2021-07-29
11695,,14_4551388882_CACEIS,1989667595,OB,OB,No-pair,fees,Caceis booked the fees for SD 06-10-2021. Integrata yet to book,1989667595,1989667595,4551456423,-590882299,2021-07-29
11696,,652_4551232906_CACEIS,1780156967,OB,OB,No-pair,fx wire,Caceis booked the fx wire for SD 02-16-2021. Integrata yet to book,1780156967,1780156967,4551456423,-590882299,2021-07-29
11697,,719_455862625_CACEIS,1287005156,OB,OB,No-pair,fx wire,Caceis booked the fx wire for SD 05-15-2020. Integrata yet to book,1287005156,1287005156,4551456423,-590882299,2021-07-29
11698,,96_4551109218_CACEIS,1613286631,OB,OB,No-pair,fx wire,Caceis booked the fx wire for SD 11-16-2020. Integrata yet to book,1613286631,1613286631,4551456423,-590882299,2021-07-29
11699,,785_455862625_CACEIS,1287005177,OB,OB,No-pair,fx wire,Caceis booked the fx wire for SD 05-15-2020. Integrata yet to book,1287005177,1287005177,4551456423,-590882299,2021-07-29
11700,,49_455442954_CACEIS,637183914,OB,OB,No-pair,fx wire,Caceis booked the fx wire for SD 06-17-2019. Integrata yet to book,637183914,637183914,4551456423,-590882299,2021-07-29
11701,,52_455803095_CACEIS,1210223484,OB,OB,No-pair,monthend interest,Caceis booked the monthend interest for SD 04-01-2020. Integrata yet to book,1210223484,1210223484,4551456423,-590882299,2021-07-29
11702,,47_4551260237_CACEIS,1815145586,OB,OB,No-pair,wire transfer,Caceis booked the wire transfer for SD 03-08-2021. Integrata yet to book,1815145586,1815145586,4551456423,-590882299,2021-07-29
11703,,117_455777858_CACEIS,1177395648,OB,OB,No-pair,wire transfer,Caceis booked the wire transfer for SD 03-11-2020. Integrata yet to book,1177395648,1177395648,4551456423,-590882299,2021-07-29
11704,,90_4551349054_CACEIS,1933657819,OB,OB,No-pair,fees,Caceis booked the fees for SD 05-12-2021. Integrata yet to book,1933657819,1933657819,4551456423,-590882299,2021-07-29
11705,,429_455985296_CACEIS,1449582221,OB,OB,No-pair,fx wire,Caceis booked the fx wire for SD 08-17-2020. Integrata yet to book,1449582221,1449582221,4551456423,-590882299,2021-07-29
11706,,110_4551349054_CACEIS,1933657857,OB,OB,No-pair,fees,Caceis booked the fees for SD 05-12-2021. Integrata yet to book,1933657857,1933657857,4551456423,-590882299,2021-07-29
11707,,15_4551220415_CACEIS,1761956250,OB,OB,No-pair,fx wire,Caceis booked the fx wire for SD 02-05-2021. Integrata yet to book,1761956250,1761956250,4551456423,-590882299,2021-07-29
11708,,16_4551044906_CACEIS,1528403660,OB,OB,No-pair,wire transfer,Caceis booked the wire transfer for SD 09-21-2020. Integrata yet to book,1528403660,1528403660,4551456423,-590882299,2021-07-29
11709,,62_455748445_CACEIS,1136275130,OB,OB,No-pair,fx wire,Caceis booked the fx wire for SD 02-18-2020. Integrata yet to book,1136275130,1136275130,4551456423,-590882299,2021-07-29
11710,,13_455726980_CACEIS,1107942692,OB,OB,No-pair,fx wire,Caceis booked the fx wire for SD 01-31-2020. Integrata yet to book,1107942692,1107942692,4551456423,-590882299,2021-07-29
11711,,125_4551109218_CACEIS,1613286641,OB,OB,No-pair,fx wire,Caceis booked the fx wire for SD 11-16-2020. Integrata yet to book,1613286641,1613286641,4551456423,-590882299,2021-07-29
11712,,55_455900053_CACEIS,1336713341,OB,OB,No-pair,fx wire,Caceis booked the fx wire for SD 06-15-2020. Integrata yet to book,1336713341,1336713341,4551456423,-590882299,2021-07-29
11713,,13_455846205_CACEIS,1265566744,OB,OB,No-pair,fx wire,Caceis booked the fx wire for SD 05-04-2020. Integrata yet to book,1265566744,1265566744,4551456423,-590882299,2021-07-29
11714,,719_4551232906_CACEIS,1780157000,OB,OB,No-pair,fx wire,Caceis booked the fx wire for SD 02-16-2021. Integrata yet to book,1780157000,1780157000,4551456423,-590882299,2021-07-29
11715,,1044_455643841_CACEIS,975324116,OB,OB,No-pair,wire transfer,Caceis booked the wire transfer for SD 11-12-2019. Integrata yet to book,975324116,975324116,4551456423,-590882299,2021-07-29
11716,,645_4551232906_CACEIS,1780156958,OB,OB,No-pair,fx wire,Caceis booked the fx wire for SD 02-16-2021. Integrata yet to book,1780156958,1780156958,4551456423,-590882299,2021-07-29
11717,,6_4551195338_CACEIS,1727684715,OB,OB,No-pair,proceeds sell,Caceis booked the proceeds sell for SD 01-19-2021. Integrata yet to book,1727684715,1727684715,4551456423,-590882299,2021-07-29
11718,,2_286427_CACEIS,402006244,OB,OB,No-pair,fx wire,Caceis booked the fx wire for SD 02-01-2019. Integrata yet to book,402006244,402006244,4551456423,-590882299,2021-07-29
11719,,194_4551232906_CACEIS,1780156505,OB,OB,No-pair,fx wire,Caceis booked the fx wire for SD 02-16-2021. Integrata yet to book,1780156505,1780156505,4551456423,-590882299,2021-07-29
11720,,489_4551191593_CACEIS,1722905449,OB,OB,No-pair,fx wire,Caceis booked the fx wire for SD 01-15-2021. Integrata yet to book,1722905449,1722905449,4551456423,-590882299,2021-07-29
11721,,141_455777858_CACEIS,1177395883,OB,OB,No-pair,wire transfer,Caceis booked the wire transfer for SD 03-11-2020. Integrata yet to book,1177395883,1177395883,4551456423,-590882299,2021-07-29
11722,,341_4551023983_CACEIS,1500214084,OB,OB,No-pair,fx wire,Caceis booked the fx wire for SD 09-15-2020. Integrata yet to book,1500214084,1500214084,4551456423,-590882299,2021-07-29
11723,,192_455706635_CACEIS,1081907294,OB,OB,No-pair,fx wire,Caceis booked the fx wire for SD 01-15-2020. Integrata yet to book,1081907294,1081907294,4551456423,-590882299,2021-07-29
11724,,5_455757527_CACEIS,1148579955,OB,OB,No-pair,wire transfer,Caceis booked the wire transfer for SD 02-25-2020. Integrata yet to book,1148579955,1148579955,4551456423,-590882299,2021-07-29
11725,,931_455643841_CACEIS,975324003,OB,OB,No-pair,fx wire,Caceis booked the fx wire for SD 11-08-2019. Integrata yet to book,975324003,975324003,4551456423,-590882299,2021-07-29
11726,,2_4551166054_CACEIS,1689088058,OB,OB,No-pair,fx wire,Caceis booked the fx wire for SD 12-28-2020. Integrata yet to book,1689088058,1689088058,4551456423,-590882299,2021-07-29
11727,,2_455583364_CACEIS,870636835,OB,OB,No-pair,wire transfer,Caceis booked the wire transfer for SD 09-27-2019. Integrata yet to book,870636835,870636835,4551456423,-590882299,2021-07-29
11728,,4_455948226_CACEIS,1402358782,OB,OB,No-pair,wire transfer,Caceis booked the wire transfer for SD 07-21-2020. Integrata yet to book,1402358782,1402358782,4551456423,-590882299,2021-07-29
11729,,83_455590588_CACEIS,883858747,OB,OB,No-pair,fx wire,Caceis booked the fx wire for SD 10-15-2019. Integrata yet to book,883858747,883858747,4551456423,-590882299,2021-07-29
11730,,1_455671061_CACEIS,1023554982,OB,OB,No-pair,wire transfer,Caceis booked the wire transfer for SD 12-17-2019. Integrata yet to book,1023554982,1023554982,4551456423,-590882299,2021-07-29
11731,,117_455978912_CACEIS,1441832180,OB,OB,No-pair,fees,Caceis booked the fees for SD 08-12-2020. Integrata yet to book,1441832180,1441832180,4551456423,-590882299,2021-07-29
11732,,11_4551324555_CACEIS,1898109398,OB,OB,No-pair,fx wire,Caceis booked the fx wire for SD 04-23-2021. Integrata yet to book,1898109398,1898109398,4551456423,-590882299,2021-07-29
11733,,56_455889377_CACEIS,1323110246,OB,OB,No-pair,fx wire,Caceis booked the fx wire for SD 06-05-2020. Integrata yet to book,1323110246,1323110246,4551456423,-590882299,2021-07-29
11734,,114_4551018409_CACEIS,1492757219,OB,OB,No-pair,fees,Caceis booked the fees for SD 09-10-2020. Integrata yet to book,1492757219,1492757219,4551456423,-590882299,2021-07-29
11735,,132_455742022_CACEIS,1127725655,OB,OB,No-pair,fees,Caceis booked the fees for SD 02-12-2020. Integrata yet to book,1127725655,1127725655,4551456423,-590882299,2021-07-29
11736,,18_455663909_CACEIS,1011570687,OB,OB,No-pair,fees,Caceis booked the fees for SD 12-11-2019. Integrata yet to book,1011570687,1011570687,4551456423,-590882299,2021-07-29
11737,,449_455748445_CACEIS,1136275413,OB,OB,No-pair,fx wire,Caceis booked the fx wire for SD 02-18-2020. Integrata yet to book,1136275413,1136275413,4551456423,-590882299,2021-07-29
11738,,4_4551099445_CACEIS,1600080190,OB,OB,No-pair,wire transfer,Caceis booked the wire transfer for SD 11-09-2020. Integrata yet to book,1600080190,1600080190,4551456423,-590882299,2021-07-29
11739,,221_4551023983_CACEIS,1500214013,OB,OB,No-pair,fx wire,Caceis booked the fx wire for SD 09-15-2020. Integrata yet to book,1500214013,1500214013,4551456423,-590882299,2021-07-29
11740,,1_4551309694_CACEIS,1879044553,OB,OB,No-pair,fees,Caceis booked the fees for SD 04-12-2021. Integrata yet to book,1879044553,1879044553,4551456423,-590882299,2021-07-29
11741,,2_4551372778_CACEIS,1969041940,OB,OB,No-pair,wire transfer,Caceis booked the wire transfer for SD 05-28-2021. Integrata yet to book,1969041940,1969041940,4551456423,-590882299,2021-07-29
11742,,91_4551349054_CACEIS,1933657826,OB,OB,No-pair,fees,Caceis booked the fees for SD 05-12-2021. Integrata yet to book,1933657826,1933657826,4551456423,-590882299,2021-07-29
11743,,135_4551232906_CACEIS,1780156488,OB,OB,No-pair,fx wire,Caceis booked the fx wire for SD 02-16-2021. Integrata yet to book,1780156488,1780156488,4551456423,-590882299,2021-07-29
11744,,5_4551046894_CACEIS,1531161777,OB,OB,No-pair,wire transfer,Caceis booked the wire transfer for SD 10-01-2020. Integrata yet to book,1531161777,1531161777,4551456423,-590882299,2021-07-29
11745,,37_4551060531_CACEIS,1548950636,OB,OB,No-pair,wire transfer,Caceis booked the wire transfer for SD 10-02-2020. Integrata yet to book,1548950636,1548950636,4551456423,-590882299,2021-07-29
11746,,97_4551269721_CACEIS,1827473848,OB,OB,No-pair,fx wire,Caceis booked the fx wire for SD 03-15-2021. Integrata yet to book,1827473848,1827473848,4551456423,-590882299,2021-07-29
11747,,15_455663909_CACEIS,1011570678,OB,OB,No-pair,fees,Caceis booked the fees for SD 12-11-2019. Integrata yet to book,1011570678,1011570678,4551456423,-590882299,2021-07-29
11748,,225_4551066313_CACEIS,1556876458,OB,OB,No-pair,fx wire,Caceis booked the fx wire for SD 10-15-2020. Integrata yet to book,1556876458,1556876458,4551456423,-590882299,2021-07-29
11749,,86_4551191593_CACEIS,1722905103,OB,OB,No-pair,fx wire,Caceis booked the fx wire for SD 01-15-2021. Integrata yet to book,1722905103,1722905103,4551456423,-590882299,2021-07-29
11750,,118_4551349054_CACEIS,1933657894,OB,OB,No-pair,fees,Caceis booked the fees for SD 05-12-2021. Integrata yet to book,1933657894,1933657894,4551456423,-590882299,2021-07-29
11751,,35_455718167_CACEIS,1096511665,OB,OB,No-pair,wire transfer,Caceis booked the wire transfer for SD 12-20-2019. Integrata yet to book,1096511665,1096511665,4551456423,-590882299,2021-07-29
11752,,627_4551232906_CACEIS,1780157039,OB,OB,No-pair,fx wire,Caceis booked the fx wire for SD 02-16-2021. Integrata yet to book,1780157039,1780157039,4551456423,-590882299,2021-07-29
11753,,200_455934920_CACEIS,1383926651,OB,OB,No-pair,wire transfer,Caceis booked the wire transfer for SD 07-10-2020. Integrata yet to book,1383926651,1383926651,4551456423,-590882299,2021-07-29
11754,,105_4551220415_CACEIS,1761955905,OB,OB,No-pair,wire transfer,Caceis booked the wire transfer for SD 02-05-2021. Integrata yet to book,1761955905,1761955905,4551456423,-590882299,2021-07-29
11755,,327_455822501_CACEIS,1235308110,OB,OB,No-pair,fx wire,Caceis booked the fx wire for SD 04-15-2020. Integrata yet to book,1235308110,1235308110,4551456423,-590882299,2021-07-29
11756,,435_455985296_CACEIS,1449582076,OB,OB,No-pair,fx wire,Caceis booked the fx wire for SD 08-17-2020. Integrata yet to book,1449582076,1449582076,4551456423,-590882299,2021-07-29
11757,,109_4551248485_CACEIS,1800039440,OB,OB,No-pair,fx wire,Caceis booked the fx wire for SD 02-26-2021. Integrata yet to book,1800039440,1800039440,4551456423,-590882299,2021-07-29
11758,,5_4551373621_CACEIS,1970229480,OB,OB,No-pair,monthend interest,Caceis booked the monthend interest for SD 06-01-2021. Integrata yet to book,1970229480,1970229480,4551456423,-590882299,2021-07-29
11759,,28_4551145900_CACEIS,1662179015,OB,OB,No-pair,fx wire,Caceis booked the fx wire for SD 12-11-2020. Integrata yet to book,1662179015,1662179015,4551456423,-590882299,2021-07-29
11760,,78_455726980_CACEIS,1107942579,OB,OB,No-pair,monthend interest,Caceis booked the monthend interest for SD 02-01-2020. Integrata yet to book,1107942579,1107942579,4551456423,-590882299,2021-07-29
11761,,72_4551349054_CACEIS,1933657895,OB,OB,No-pair,fees,Caceis booked the fees for SD 05-12-2021. Integrata yet to book,1933657895,1933657895,4551456423,-590882299,2021-07-29
11762,,16_455934920_CACEIS,1383926717,OB,OB,No-pair,fees,Caceis booked the fees for SD 07-10-2020. Integrata yet to book,1383926717,1383926717,4551456423,-590882299,2021-07-29
11763,,363_455985296_CACEIS,1449582028,OB,OB,No-pair,fx wire,Caceis booked the fx wire for SD 08-17-2020. Integrata yet to book,1449582028,1449582028,4551456423,-590882299,2021-07-29
11764,,63_4551066313_CACEIS,1556876367,OB,OB,No-pair,fx wire,Caceis booked the fx wire for SD 10-15-2020. Integrata yet to book,1556876367,1556876367,4551456423,-590882299,2021-07-29
11765,,449_455643841_CACEIS,975323521,OB,OB,No-pair,fx wire,Caceis booked the fx wire for SD 11-15-2019. Integrata yet to book,975323521,975323521,4551456423,-590882299,2021-07-29
11766,,99_4551349054_CACEIS,1933657831,OB,OB,No-pair,fees,Caceis booked the fees for SD 05-12-2021. Integrata yet to book,1933657831,1933657831,4551456423,-590882299,2021-07-29
11767,,119_455762980_CACEIS,1156897699,OB,OB,No-pair,fx wire,Caceis booked the fx wire for SD 02-28-2020. Integrata yet to book,1156897699,1156897699,4551456423,-590882299,2021-07-29
11768,,455_455822501_CACEIS,1235308144,OB,OB,No-pair,fx wire,Caceis booked the fx wire for SD 04-15-2020. Integrata yet to book,1235308144,1235308144,4551456423,-590882299,2021-07-29
11769,,89_4551149959_CACEIS,1667622835,OB,OB,No-pair,fx wire,Caceis booked the fx wire for SD 12-15-2020. Integrata yet to book,1667622835,1667622835,4551456423,-590882299,2021-07-29
11770,,103_455748445_CACEIS,1136275025,OB,OB,No-pair,fx wire,Caceis booked the fx wire for SD 02-18-2020. Integrata yet to book,1136275025,1136275025,4551456423,-590882299,2021-07-29
11771,,11_4551087502_CACEIS,1584326616,OB,OB,No-pair,wire transfer,Caceis booked the wire transfer for SD 10-30-2020. Integrata yet to book,1584326616,1584326616,4551456423,-590882299,2021-07-29
11772,,2_455563030_CACEIS,838135922,OB,OB,No-pair,wire transfer,Caceis booked the wire transfer for SD 08-30-2019. Integrata yet to book,838135922,838135922,4551456423,-590882299,2021-07-29
11773,,441_455940640_CACEIS,1391596348,OB,OB,No-pair,fx wire,Caceis booked the fx wire for SD 07-15-2020. Integrata yet to book,1391596348,1391596348,4551456423,-590882299,2021-07-29
11774,,101_4551220415_CACEIS,1761956190,OB,OB,No-pair,wire transfer,Caceis booked the wire transfer for SD 02-05-2021. Integrata yet to book,1761956190,1761956190,4551456423,-590882299,2021-07-29
11775,,397_455940640_CACEIS,1391596320,OB,OB,No-pair,fx wire,Caceis booked the fx wire for SD 07-15-2020. Integrata yet to book,1391596320,1391596320,4551456423,-590882299,2021-07-29
11776,,65_455663909_CACEIS,1011570716,OB,OB,No-pair,wire transfer,Caceis booked the wire transfer for SD 12-11-2019. Integrata yet to book,1011570716,1011570716,4551456423,-590882299,2021-07-29
11777,,52_455476582_CACEIS,691188613,OB,OB,No-pair,fx wire,Caceis booked the fx wire for SD 07-16-2019. Integrata yet to book,691188613,691188613,4551456423,-590882299,2021-07-29
11778,,5_455426409_CACEIS,613605941,OB,OB,No-pair,fx wire,Caceis booked the fx wire for SD 06-03-2019. Integrata yet to book,613605941,613605941,4551456423,-590882299,2021-07-29
11779,,541_455783582_CACEIS,1185159757,OB,OB,No-pair,fx wire,Caceis booked the fx wire for SD 03-16-2020. Integrata yet to book,1185159757,1185159757,4551456423,-590882299,2021-07-29
11780,,68_4551436806_CACEIS,2049885921,OB,OB,No-pair,wire transfer,Caceis booked the wire transfer for SD 07-15-2021. Integrata yet to book,2049885921,2049885921,4551456423,-590882299,2021-07-29
11781,,76_455669415_CACEIS,1020661799,OB,OB,No-pair,fx wire,Caceis booked the fx wire for SD 12-16-2019. Integrata yet to book,1020661799,1020661799,4551456423,-590882299,2021-07-29
11782,,71_455649350_CACEIS,985331738,OB,OB,No-pair,monthend interest,Caceis booked the monthend interest for SD 12-01-2019. Integrata yet to book,985331738,985331738,4551456423,-590882299,2021-07-29
11783,,69_455985296_CACEIS,1449581715,OB,OB,No-pair,fx wire,Caceis booked the fx wire for SD 08-17-2020. Integrata yet to book,1449581715,1449581715,4551456423,-590882299,2021-07-29
11784,,46_4551068550_CACEIS,1559437475,OB,OB,No-pair,fx wire,Caceis booked the fx wire for SD 10-16-2020. Integrata yet to book,1559437475,1559437475,4551456423,-590882299,2021-07-29
11785,,70_455799620_CACEIS,1205700348,OB,OB,No-pair,fx wire,Caceis booked the fx wire for SD 03-27-2020. Integrata yet to book,1205700348,1205700348,4551456423,-590882299,2021-07-29
11786,,52_333062_CACEIS,479846782,OB,OB,No-pair,wire transfer,Caceis booked the wire transfer for SD 03-15-2019. Integrata yet to book,479846782,479846782,4551456423,-590882299,2021-07-29
11787,,99_4551149959_CACEIS,1667622879,OB,OB,No-pair,fx wire,Caceis booked the fx wire for SD 12-15-2020. Integrata yet to book,1667622879,1667622879,4551456423,-590882299,2021-07-29
11788,,413_455748445_CACEIS,1136275404,OB,OB,No-pair,fx wire,Caceis booked the fx wire for SD 02-18-2020. Integrata yet to book,1136275404,1136275404,4551456423,-590882299,2021-07-29
11789,,326_455900053_CACEIS,1336713859,OB,OB,No-pair,fx wire,Caceis booked the fx wire for SD 06-15-2020. Integrata yet to book,1336713859,1336713859,4551456423,-590882299,2021-07-29
11790,,21_455889377_CACEIS,1323110234,OB,OB,No-pair,fees,Caceis booked the fees for SD 06-05-2020. Integrata yet to book,1323110234,1323110234,4551456423,-590882299,2021-07-29
11791,,1_4551011052_CACEIS,1483359578,OB,OB,No-pair,fx wire,Caceis booked the fx wire for SD 09-04-2020. Integrata yet to book,1483359578,1483359578,4551456423,-590882299,2021-07-29
11792,,4_4551362459_CACEIS,1953424875,OB,OB,No-pair,fx wire,Caceis booked the fx wire for SD 05-21-2021. Integrata yet to book,1953424875,1953424875,4551456423,-590882299,2021-07-29
11793,,81_4551149959_CACEIS,1667622934,OB,OB,No-pair,fx wire,Caceis booked the fx wire for SD 12-15-2020. Integrata yet to book,1667622934,1667622934,4551456423,-590882299,2021-07-29
11794,,480_455643841_CACEIS,975323552,OB,OB,No-pair,fx wire,Caceis booked the fx wire for SD 11-15-2019. Integrata yet to book,975323552,975323552,4551456423,-590882299,2021-07-29
11795,,13_4551195338_CACEIS,1727684718,OB,OB,No-pair,proceeds sell,Caceis booked the proceeds sell for SD 01-19-2021. Integrata yet to book,1727684718,1727684718,4551456423,-590882299,2021-07-29
11796,,283_4551313388_CACEIS,1883527936,OB,OB,No-pair,fx wire,Caceis booked the fx wire for SD 04-15-2021. Integrata yet to book,1883527936,1883527936,4551456423,-590882299,2021-07-29
11797,,89_455782293_CACEIS,1183563015,OB,OB,No-pair,fx wire,Caceis booked the fx wire for SD 03-13-2020. Integrata yet to book,1183563015,1183563015,4551456423,-590882299,2021-07-29
11798,,1223_455643841_CACEIS,975324295,OB,OB,No-pair,fx wire,Caceis booked the fx wire for SD 11-15-2019. Integrata yet to book,975324295,975324295,4551456423,-590882299,2021-07-29
11799,,112_455748445_CACEIS,1136275146,OB,OB,No-pair,fx wire,Caceis booked the fx wire for SD 02-18-2020. Integrata yet to book,1136275146,1136275146,4551456423,-590882299,2021-07-29
11800,,43_455777858_CACEIS,1177395774,OB,OB,No-pair,proceeds sell,Caceis booked the proceeds sell for SD 03-11-2020. Integrata yet to book,1177395774,1177395774,4551456423,-590882299,2021-07-29
11801,,323_455590588_CACEIS,883858704,OB,OB,No-pair,fx wire,Caceis booked the fx wire for SD 10-15-2019. Integrata yet to book,883858704,883858704,4551456423,-590882299,2021-07-29
11802,,38_455649350_CACEIS,985331631,OB,OB,No-pair,monthend interest,Caceis booked the monthend interest for SD 12-01-2019. Integrata yet to book,985331631,985331631,4551456423,-590882299,2021-07-29
11803,,6_455786827_CACEIS,1189482628,OB,OB,No-pair,wire transfer,Caceis booked the wire transfer for SD 03-18-2020. Integrata yet to book,1189482628,1189482628,4551456423,-590882299,2021-07-29
11804,,7_455846205_CACEIS,1265566739,OB,OB,No-pair,fx wire,Caceis booked the fx wire for SD 05-04-2020. Integrata yet to book,1265566739,1265566739,4551456423,-590882299,2021-07-29
11805,,46_4551125930_CACEIS,1635426555,OB,OB,No-pair,fx wire,Caceis booked the fx wire for SD 11-27-2020. Integrata yet to book,1635426555,1635426555,4551456423,-590882299,2021-07-29
11806,,35_4551066313_CACEIS,1556876329,OB,OB,No-pair,fx wire,Caceis booked the fx wire for SD 10-15-2020. Integrata yet to book,1556876329,1556876329,4551456423,-590882299,2021-07-29
11807,,54_4551210754_CACEIS,1748958201,OB,OB,No-pair,monthend interest,Caceis booked the monthend interest for SD 02-01-2021. Integrata yet to book,1748958201,1748958201,4551456423,-590882299,2021-07-29
11808,,100_4551220415_CACEIS,1761956186,OB,OB,No-pair,wire transfer,Caceis booked the wire transfer for SD 02-05-2021. Integrata yet to book,1761956186,1761956186,4551456423,-590882299,2021-07-29
11809,,307_4551313388_CACEIS,1883527950,OB,OB,No-pair,fx wire,Caceis booked the fx wire for SD 04-15-2021. Integrata yet to book,1883527950,1883527950,4551456423,-590882299,2021-07-29
11810,,406_455748445_CACEIS,1136275340,OB,OB,No-pair,fx wire,Caceis booked the fx wire for SD 02-18-2020. Integrata yet to book,1136275340,1136275340,4551456423,-590882299,2021-07-29
11811,,246_4551109218_CACEIS,1613286919,OB,OB,No-pair,fx wire,Caceis booked the fx wire for SD 11-16-2020. Integrata yet to book,1613286919,1613286919,4551456423,-590882299,2021-07-29
11812,,181_455934920_CACEIS,1383926674,OB,OB,No-pair,wire transfer,Caceis booked the wire transfer for SD 07-10-2020. Integrata yet to book,1383926674,1383926674,4551456423,-590882299,2021-07-29
11813,,425_455822501_CACEIS,1235308300,OB,OB,No-pair,wire transfer,Caceis booked the wire transfer for SD 04-14-2020. Integrata yet to book,1235308300,1235308300,4551456423,-590882299,2021-07-29
11814,,49_4551269721_CACEIS,1827473830,OB,OB,No-pair,fx wire,Caceis booked the fx wire for SD 03-15-2021. Integrata yet to book,1827473830,1827473830,4551456423,-590882299,2021-07-29
11815,,271_4551354754_CACEIS,1942399708,OB,OB,No-pair,fx wire,Caceis booked the fx wire for SD 05-17-2021. Integrata yet to book,1942399708,1942399708,4551456423,-590882299,2021-07-29
11816,,5_4551292839_CACEIS,1857221916,OB,OB,No-pair,monthend interest,Caceis booked the monthend interest for SD 04-01-2021. Integrata yet to book,1857221916,1857221916,4551456423,-590882299,2021-07-29
11817,,81_455879764_CACEIS,1309543796,OB,OB,No-pair,fx wire,Caceis booked the fx wire for SD 05-29-2020. Integrata yet to book,1309543796,1309543796,4551456423,-590882299,2021-07-29
11818,,419_455783582_CACEIS,1185159621,OB,OB,No-pair,fx wire,Caceis booked the fx wire for SD 03-16-2020. Integrata yet to book,1185159621,1185159621,4551456423,-590882299,2021-07-29
11819,,42_455590588_CACEIS,883858457,OB,OB,No-pair,fx wire,Caceis booked the fx wire for SD 10-15-2019. Integrata yet to book,883858457,883858457,4551456423,-590882299,2021-07-29
11820,,63_455985296_CACEIS,1449581797,OB,OB,No-pair,fx wire,Caceis booked the fx wire for SD 08-17-2020. Integrata yet to book,1449581797,1449581797,4551456423,-590882299,2021-07-29
11821,,45_4551174457_CACEIS,1699762759,OB,OB,No-pair,fx wire,Caceis booked the fx wire for SD 01-04-2021. Integrata yet to book,1699762759,1699762759,4551456423,-590882299,2021-07-29
11822,,5_455777858_CACEIS,1177395633,OB,OB,No-pair,fees,Caceis booked the fees for SD 03-11-2020. Integrata yet to book,1177395633,1177395633,4551456423,-590882299,2021-07-29
11823,,376_4551066313_CACEIS,1556876642,OB,OB,No-pair,fx wire,Caceis booked the fx wire for SD 10-15-2020. Integrata yet to book,1556876642,1556876642,4551456423,-590882299,2021-07-29
11824,,61_455663909_CACEIS,1011570592,OB,OB,No-pair,wire transfer,Caceis booked the wire transfer for SD 12-11-2019. Integrata yet to book,1011570592,1011570592,4551456423,-590882299,2021-07-29
11825,,45_455799620_CACEIS,1205700378,OB,OB,No-pair,fx wire,Caceis booked the fx wire for SD 03-27-2020. Integrata yet to book,1205700378,1205700378,4551456423,-590882299,2021-07-29
11826,,405_455783582_CACEIS,1185159626,OB,OB,No-pair,fx wire,Caceis booked the fx wire for SD 03-16-2020. Integrata yet to book,1185159626,1185159626,4551456423,-590882299,2021-07-29
11827,,130_455822501_CACEIS,1235308080,OB,OB,No-pair,wire transfer,Caceis booked the wire transfer for SD 04-15-2020. Integrata yet to book,1235308080,1235308080,4551456423,-590882299,2021-07-29
11828,,247_4551191593_CACEIS,1722905279,OB,OB,No-pair,proceeds sell,Caceis booked the proceeds sell for SD 01-15-2021. Integrata yet to book,1722905279,1722905279,4551456423,-590882299,2021-07-29
11829,,26_4551023983_CACEIS,1500213819,OB,OB,No-pair,fx wire,Caceis booked the fx wire for SD 09-15-2020. Integrata yet to book,1500213819,1500213819,4551456423,-590882299,2021-07-29
11830,,227_4551210754_CACEIS,1748958296,OB,OB,No-pair,monthend interest,Caceis booked the monthend interest for SD 02-01-2021. Integrata yet to book,1748958296,1748958296,4551456423,-590882299,2021-07-29
11831,,146_455900053_CACEIS,1336713340,OB,OB,No-pair,fx wire,Caceis booked the fx wire for SD 06-15-2020. Integrata yet to book,1336713340,1336713340,4551456423,-590882299,2021-07-29
11832,,67_455940640_CACEIS,1391595978,OB,OB,No-pair,fx wire,Caceis booked the fx wire for SD 07-15-2020. Integrata yet to book,1391595978,1391595978,4551456423,-590882299,2021-07-29
11833,,30_455944496_CACEIS,1396484638,OB,OB,No-pair,fx wire,Caceis booked the fx wire for SD 07-17-2020. Integrata yet to book,1396484638,1396484638,4551456423,-590882299,2021-07-29
11834,,98_4551220415_CACEIS,1761956177,OB,OB,No-pair,wire transfer,Caceis booked the wire transfer for SD 02-05-2021. Integrata yet to book,1761956177,1761956177,4551456423,-590882299,2021-07-29
11835,,388_4551066313_CACEIS,1556876621,OB,OB,No-pair,fx wire,Caceis booked the fx wire for SD 10-15-2020. Integrata yet to book,1556876621,1556876621,4551456423,-590882299,2021-07-29
11836,,44_4551324555_CACEIS,1898109367,OB,OB,No-pair,fx wire,Caceis booked the fx wire for SD 04-23-2021. Integrata yet to book,1898109367,1898109367,4551456423,-590882299,2021-07-29
11837,,399_455643841_CACEIS,975323471,OB,OB,No-pair,fx wire,Caceis booked the fx wire for SD 11-15-2019. Integrata yet to book,975323471,975323471,4551456423,-590882299,2021-07-29
11838,,452_455783582_CACEIS,1185159606,OB,OB,No-pair,fx wire,Caceis booked the fx wire for SD 03-16-2020. Integrata yet to book,1185159606,1185159606,4551456423,-590882299,2021-07-29
11839,,126_455822501_CACEIS,1235308108,OB,OB,No-pair,fx wire,Caceis booked the fx wire for SD 04-15-2020. Integrata yet to book,1235308108,1235308108,4551456423,-590882299,2021-07-29
11840,,435_455822501_CACEIS,1235308288,OB,OB,No-pair,wire transfer,Caceis booked the wire transfer for SD 04-14-2020. Integrata yet to book,1235308288,1235308288,4551456423,-590882299,2021-07-29
11841,,33_455658450_CACEIS,1002374603,OB,OB,No-pair,fx wire,Caceis booked the fx wire for SD 12-06-2019. Integrata yet to book,1002374603,1002374603,4551456423,-590882299,2021-07-29
11842,,405_4551023983_CACEIS,1500214267,OB,OB,No-pair,fx wire,Caceis booked the fx wire for SD 09-15-2020. Integrata yet to book,1500214267,1500214267,4551456423,-590882299,2021-07-29
11843,,107_4551313388_CACEIS,1883527729,OB,OB,No-pair,fx wire,Caceis booked the fx wire for SD 04-15-2021. Integrata yet to book,1883527729,1883527729,4551456423,-590882299,2021-07-29
11844,,257_4551109218_CACEIS,1613286789,OB,OB,No-pair,fx wire,Caceis booked the fx wire for SD 11-16-2020. Integrata yet to book,1613286789,1613286789,4551456423,-590882299,2021-07-29
11845,,45_4551060531_CACEIS,1548950649,OB,OB,No-pair,wire transfer,Caceis booked the wire transfer for SD 10-12-2020. Integrata yet to book,1548950649,1548950649,4551456423,-590882299,2021-07-29
11846,,157_455900053_CACEIS,1336713321,OB,OB,No-pair,fx wire,Caceis booked the fx wire for SD 06-15-2020. Integrata yet to book,1336713321,1336713321,4551456423,-590882299,2021-07-29
11847,,28_455940640_CACEIS,1391596018,OB,OB,No-pair,fx wire,Caceis booked the fx wire for SD 07-15-2020. Integrata yet to book,1391596018,1391596018,4551456423,-590882299,2021-07-29
11848,,13_455693832_CACEIS,1063035235,OB,OB,No-pair,fees,Caceis booked the fees for SD 01-06-2020. Integrata yet to book,1063035235,1063035235,4551456423,-590882299,2021-07-29
11849,,1_455777858_CACEIS,1177395601,OB,OB,No-pair,fees,Caceis booked the fees for SD 03-11-2020. Integrata yet to book,1177395601,1177395601,4551456423,-590882299,2021-07-29
11850,,158_455900053_CACEIS,1336713425,OB,OB,No-pair,fx wire,Caceis booked the fx wire for SD 06-15-2020. Integrata yet to book,1336713425,1336713425,4551456423,-590882299,2021-07-29
11851,,38_4551269721_CACEIS,1827473859,OB,OB,No-pair,fx wire,Caceis booked the fx wire for SD 03-15-2021. Integrata yet to book,1827473859,1827473859,4551456423,-590882299,2021-07-29
11852,,15_4551318931_CACEIS,1890812365,OB,OB,No-pair,wire transfer,Caceis booked the wire transfer for SD 04-20-2021. Integrata yet to book,1890812365,1890812365,4551456423,-590882299,2021-07-29
11853,,34_4551003590_CACEIS,1473426004,OB,OB,No-pair,monthend interest,Caceis booked the monthend interest for SD 09-01-2020. Integrata yet to book,1473426004,1473426004,4551456423,-590882299,2021-07-29
11854,,12_455874345_CACEIS,1302176821,OB,OB,No-pair,fx wire,Caceis booked the fx wire for SD 05-26-2020. Integrata yet to book,1302176821,1302176821,4551456423,-590882299,2021-07-29
11855,,64_455693832_CACEIS,1063035251,OB,OB,No-pair,fees,Caceis booked the fees for SD 01-06-2020. Integrata yet to book,1063035251,1063035251,4551456423,-590882299,2021-07-29
11856,,428_455783582_CACEIS,1185159697,OB,OB,No-pair,fx wire,Caceis booked the fx wire for SD 03-16-2020. Integrata yet to book,1185159697,1185159697,4551456423,-590882299,2021-07-29
11857,,418_4551109218_CACEIS,1613286976,OB,OB,No-pair,fx wire,Caceis booked the fx wire for SD 11-16-2020. Integrata yet to book,1613286976,1613286976,4551456423,-590882299,2021-07-29
11858,,67_4551060531_CACEIS,1548950704,OB,OB,No-pair,wire transfer,Caceis booked the wire transfer for SD 10-12-2020. Integrata yet to book,1548950704,1548950704,4551456423,-590882299,2021-07-29
11859,,81_455782293_CACEIS,1183562975,OB,OB,No-pair,wire transfer,Caceis booked the wire transfer for SD 03-13-2020. Integrata yet to book,1183562975,1183562975,4551456423,-590882299,2021-07-29
11860,,128_455822501_CACEIS,1235308123,OB,OB,No-pair,fx wire,Caceis booked the fx wire for SD 04-15-2020. Integrata yet to book,1235308123,1235308123,4551456423,-590882299,2021-07-29
11861,,26_455583364_CACEIS,870636874,OB,OB,No-pair,wire transfer,Caceis booked the wire transfer for SD 09-25-2019. Integrata yet to book,870636874,870636874,4551456423,-590882299,2021-07-29
11862,,385_455590588_CACEIS,883858711,OB,OB,No-pair,fx wire,Caceis booked the fx wire for SD 10-15-2019. Integrata yet to book,883858711,883858711,4551456423,-590882299,2021-07-29
11863,,227_455940640_CACEIS,1391596124,OB,OB,No-pair,fx wire,Caceis booked the fx wire for SD 07-15-2020. Integrata yet to book,1391596124,1391596124,4551456423,-590882299,2021-07-29
11864,,8_341093_CACEIS,490673983,OB,OB,No-pair,fx wire,Caceis booked the fx wire for SD 03-22-2019. Integrata yet to book,490673983,490673983,4551456423,-590882299,2021-07-29
11865,,466_4551109218_CACEIS,1613286892,OB,OB,No-pair,fx wire,Caceis booked the fx wire for SD 11-16-2020. Integrata yet to book,1613286892,1613286892,4551456423,-590882299,2021-07-29
11866,,57_455991947_CACEIS,1458085302,OB,OB,No-pair,fx wire,Caceis booked the fx wire for SD 08-21-2020. Integrata yet to book,1458085302,1458085302,4551456423,-590882299,2021-07-29
11867,,228_4551248485_CACEIS,1800039567,OB,OB,No-pair,fx wire,Caceis booked the fx wire for SD 02-26-2021. Integrata yet to book,1800039567,1800039567,4551456423,-590882299,2021-07-29
11868,,19_267975_CACEIS,368747216,OB,OB,No-pair,fx wire,Caceis booked the fx wire for SD 01-15-2019. Integrata yet to book,368747216,368747216,4551456423,-590882299,2021-07-29
11869,,98_306589_CACEIS,433998248,OB,OB,No-pair,fx wire,Caceis booked the fx wire for SD 02-15-2019. Integrata yet to book,433998248,433998248,4551456423,-590882299,2021-07-29
11870,,171_4551023983_CACEIS,1500213913,OB,OB,No-pair,fx wire,Caceis booked the fx wire for SD 09-15-2020. Integrata yet to book,1500213913,1500213913,4551456423,-590882299,2021-07-29
11871,,49_4551068550_CACEIS,1559437435,OB,OB,No-pair,fx wire,Caceis booked the fx wire for SD 10-16-2020. Integrata yet to book,1559437435,1559437435,4551456423,-590882299,2021-07-29
11872,,180_455940640_CACEIS,1391596057,OB,OB,No-pair,fx wire,Caceis booked the fx wire for SD 07-15-2020. Integrata yet to book,1391596057,1391596057,4551456423,-590882299,2021-07-29
11873,,86_4551060531_CACEIS,1548950644,OB,OB,No-pair,wire transfer,Caceis booked the wire transfer for SD 10-12-2020. Integrata yet to book,1548950644,1548950644,4551456423,-590882299,2021-07-29
11874,,409_4551232906_CACEIS,1780156726,OB,OB,No-pair,fx wire,Caceis booked the fx wire for SD 02-16-2021. Integrata yet to book,1780156726,1780156726,4551456423,-590882299,2021-07-29
11875,,19_455914788_CACEIS,1356802619,OB,OB,No-pair,proceeds sell,Caceis booked the proceeds sell for SD 06-22-2020. Integrata yet to book,1356802619,1356802619,4551456423,-590882299,2021-07-29
11876,,3_4551153712_CACEIS,1672409230,OB,OB,No-pair,proceeds sell,Caceis booked the proceeds sell for SD 12-17-2020. Integrata yet to book,1672409230,1672409230,4551456423,-590882299,2021-07-29
11877,,7_4551087502_CACEIS,1584326591,OB,OB,No-pair,fx wire,Caceis booked the fx wire for SD 10-30-2020. Integrata yet to book,1584326591,1584326591,4551456423,-590882299,2021-07-29
11878,,20_455693832_CACEIS,1063035272,OB,OB,No-pair,fees,Caceis booked the fees for SD 01-06-2020. Integrata yet to book,1063035272,1063035272,4551456423,-590882299,2021-07-29
11879,,76_4551125930_CACEIS,1635426489,OB,OB,No-pair,fx wire,Caceis booked the fx wire for SD 11-27-2020. Integrata yet to book,1635426489,1635426489,4551456423,-590882299,2021-07-29
11880,,395_455940640_CACEIS,1391596290,OB,OB,No-pair,fx wire,Caceis booked the fx wire for SD 07-15-2020. Integrata yet to book,1391596290,1391596290,4551456423,-590882299,2021-07-29
11881,,6_455764911_CACEIS,1159528245,OB,OB,No-pair,fx wire,Caceis booked the fx wire for SD 03-02-2020. Integrata yet to book,1159528245,1159528245,4551456423,-590882299,2021-07-29
11882,,18_455645400_CACEIS,977616504,OB,OB,No-pair,fees,Caceis booked the fees for SD 11-26-2019. Integrata yet to book,977616504,977616504,4551456423,-590882299,2021-07-29
11883,,723_4551232906_CACEIS,1780156995,OB,OB,No-pair,fx wire,Caceis booked the fx wire for SD 02-16-2021. Integrata yet to book,1780156995,1780156995,4551456423,-590882299,2021-07-29
11884,,61_455748445_CACEIS,1136275106,OB,OB,No-pair,fx wire,Caceis booked the fx wire for SD 02-18-2020. Integrata yet to book,1136275106,1136275106,4551456423,-590882299,2021-07-29
11885,,8_4551299798_CACEIS,1866915101,OB,OB,No-pair,fx wire,Caceis booked the fx wire for SD 04-06-2021. Integrata yet to book,1866915101,1866915101,4551456423,-590882299,2021-07-29
11886,,303_4551191593_CACEIS,1722905342,OB,OB,No-pair,fx wire,Caceis booked the fx wire for SD 01-15-2021. Integrata yet to book,1722905342,1722905342,4551456423,-590882299,2021-07-29
11887,,9_455693832_CACEIS,1063035205,OB,OB,No-pair,fees,Caceis booked the fees for SD 01-06-2020. Integrata yet to book,1063035205,1063035205,4551456423,-590882299,2021-07-29
11888,,1_4551042956_CACEIS,1525553074,OB,OB,No-pair,monthend interest,Caceis booked the monthend interest for SD 09-29-2020. Integrata yet to book,1525553074,1525553074,4551456423,-590882299,2021-07-29
11889,,47_4551206835_CACEIS,1743521221,OB,OB,No-pair,proceeds sell,Caceis booked the proceeds sell for SD 01-27-2021. Integrata yet to book,1743521221,1743521221,4551456423,-590882299,2021-07-29
11890,,216_455940640_CACEIS,1391596189,OB,OB,No-pair,fx wire,Caceis booked the fx wire for SD 07-15-2020. Integrata yet to book,1391596189,1391596189,4551456423,-590882299,2021-07-29
11891,,120_4551191593_CACEIS,1722905088,OB,OB,No-pair,fx wire,Caceis booked the fx wire for SD 01-15-2021. Integrata yet to book,1722905088,1722905088,4551456423,-590882299,2021-07-29
11892,,92_455753887_CACEIS,1143364806,OB,OB,No-pair,fx wire,Caceis booked the fx wire for SD 02-21-2020. Integrata yet to book,1143364806,1143364806,4551456423,-590882299,2021-07-29
11893,,29_455667500_CACEIS,1017540698,OB,OB,No-pair,wire transfer,Caceis booked the wire transfer for SD 12-13-2019. Integrata yet to book,1017540698,1017540698,4551456423,-590882299,2021-07-29
11894,,10_4551062436_CACEIS,1551719866,OB,OB,No-pair,wire transfer,Caceis booked the wire transfer for SD 10-13-2020. Integrata yet to book,1551719866,1551719866,4551456423,-590882299,2021-07-29
11895,,163_4551191593_CACEIS,1722905247,OB,OB,No-pair,fx wire,Caceis booked the fx wire for SD 01-15-2021. Integrata yet to book,1722905247,1722905247,4551456423,-590882299,2021-07-29
11896,,42_4551354754_CACEIS,1942399623,OB,OB,No-pair,fx wire,Caceis booked the fx wire for SD 05-17-2021. Integrata yet to book,1942399623,1942399623,4551456423,-590882299,2021-07-29
11897,,29_4551246640_CACEIS,1797846199,OB,OB,No-pair,wire transfer,Caceis booked the wire transfer for SD 02-09-2021. Integrata yet to book,1797846199,1797846199,4551456423,-590882299,2021-07-29
11898,,21_455782293_CACEIS,1183562960,OB,OB,No-pair,wire transfer,Caceis booked the wire transfer for SD 03-12-2020. Integrata yet to book,1183562960,1183562960,4551456423,-590882299,2021-07-29
11899,,72_4551060531_CACEIS,1548950746,OB,OB,No-pair,wire transfer,Caceis booked the wire transfer for SD 10-12-2020. Integrata yet to book,1548950746,1548950746,4551456423,-590882299,2021-07-29
11900,,42_455920273_CACEIS,1364559766,OB,OB,No-pair,monthend interest,Caceis booked the monthend interest for SD 07-01-2020. Integrata yet to book,1364559766,1364559766,4551456423,-590882299,2021-07-29
11901,,7_455764911_CACEIS,1159528246,OB,OB,No-pair,fx wire,Caceis booked the fx wire for SD 03-02-2020. Integrata yet to book,1159528246,1159528246,4551456423,-590882299,2021-07-29
11902,,28_333062_CACEIS,479846752,OB,OB,No-pair,fx wire,Caceis booked the fx wire for SD 03-15-2019. Integrata yet to book,479846752,479846752,4551456423,-590882299,2021-07-29
11903,,22_4551212605_CACEIS,1751569315,OB,OB,No-pair,wire transfer,Caceis booked the wire transfer for SD 02-01-2021. Integrata yet to book,1751569315,1751569315,4551456423,-590882299,2021-07-29
11904,,12_4551062436_CACEIS,1551719869,OB,OB,No-pair,wire transfer,Caceis booked the wire transfer for SD 10-13-2020. Integrata yet to book,1551719869,1551719869,4551456423,-590882299,2021-07-29
11905,,731_4551232906_CACEIS,1780157021,OB,OB,No-pair,fx wire,Caceis booked the fx wire for SD 02-16-2021. Integrata yet to book,1780157021,1780157021,4551456423,-590882299,2021-07-29
11906,,103_455745203_CACEIS,1132280363,OB,OB,No-pair,fx wire,Caceis booked the fx wire for SD 02-14-2020. Integrata yet to book,1132280363,1132280363,4551456423,-590882299,2021-07-29
11907,,16_455914788_CACEIS,1356802616,OB,OB,No-pair,wire transfer,Caceis booked the wire transfer for SD 06-24-2020. Integrata yet to book,1356802616,1356802616,4551456423,-590882299,2021-07-29
11908,,131_455742022_CACEIS,1127725692,OB,OB,No-pair,fees,Caceis booked the fees for SD 02-12-2020. Integrata yet to book,1127725692,1127725692,4551456423,-590882299,2021-07-29
11909,,332_455706635_CACEIS,1081907654,OB,OB,No-pair,fx wire,Caceis booked the fx wire for SD 01-15-2020. Integrata yet to book,1081907654,1081907654,4551456423,-590882299,2021-07-29
11910,,71_455748445_CACEIS,1136275162,OB,OB,No-pair,fx wire,Caceis booked the fx wire for SD 02-18-2020. Integrata yet to book,1136275162,1136275162,4551456423,-590882299,2021-07-29
11911,,15_4551345342_CACEIS,1928263154,OB,OB,No-pair,wire transfer,Caceis booked the wire transfer for SD 05-10-2021. Integrata yet to book,1928263154,1928263154,4551456423,-590882299,2021-07-29
11912,,281_4551191593_CACEIS,1722905313,OB,OB,No-pair,fx wire,Caceis booked the fx wire for SD 01-15-2021. Integrata yet to book,1722905313,1722905313,4551456423,-590882299,2021-07-29
11913,,76_4551313388_CACEIS,1883527756,OB,OB,No-pair,fx wire,Caceis booked the fx wire for SD 04-15-2021. Integrata yet to book,1883527756,1883527756,4551456423,-590882299,2021-07-29
11914,,87_455783582_CACEIS,1185159362,OB,OB,No-pair,fx wire,Caceis booked the fx wire for SD 03-16-2020. Integrata yet to book,1185159362,1185159362,4551456423,-590882299,2021-07-29
11915,,689_455862625_CACEIS,1287004888,OB,OB,No-pair,fx wire,Caceis booked the fx wire for SD 05-15-2020. Integrata yet to book,1287004888,1287004888,4551456423,-590882299,2021-07-29
11916,,54_455772338_CACEIS,1169827511,OB,OB,No-pair,fx wire,Caceis booked the fx wire for SD 03-06-2020. Integrata yet to book,1169827511,1169827511,4551456423,-590882299,2021-07-29
11917,,12_4551077732_CACEIS,1571717939,OB,OB,No-pair,fx wire,Caceis booked the fx wire for SD 10-23-2020. Integrata yet to book,1571717939,1571717939,4551456423,-590882299,2021-07-29
11918,,789_4551232906_CACEIS,1780157023,OB,OB,No-pair,fx wire,Caceis booked the fx wire for SD 02-16-2021. Integrata yet to book,1780157023,1780157023,4551456423,-590882299,2021-07-29
11919,,409_455940640_CACEIS,1391596289,OB,OB,No-pair,fx wire,Caceis booked the fx wire for SD 07-15-2020. Integrata yet to book,1391596289,1391596289,4551456423,-590882299,2021-07-29
11920,,326_455822501_CACEIS,1235308242,OB,OB,No-pair,wire transfer,Caceis booked the wire transfer for SD 04-14-2020. Integrata yet to book,1235308242,1235308242,4551456423,-590882299,2021-07-29
11921,,7_455416215_CACEIS,599999221,OB,OB,No-pair,fx wire,Caceis booked the fx wire for SD 05-24-2019. Integrata yet to book,599999221,599999221,4551456423,-590882299,2021-07-29
11922,,2_455536933_CACEIS,794175850,OB,OB,No-pair,wire transfer,Caceis booked the wire transfer for SD 09-03-2019. Integrata yet to book,794175850,794175850,4551456423,-590882299,2021-07-29
11923,,4_455942533_CACEIS,1393935326,OB,OB,No-pair,wire transfer,Caceis booked the wire transfer for SD 07-16-2020. Integrata yet to book,1393935326,1393935326,4551456423,-590882299,2021-07-29
11924,,9_278910_CACEIS,390854436,OB,OB,No-pair,wire transfer,Caceis booked the wire transfer for SD 01-25-2019. Integrata yet to book,390854436,390854436,4551456423,-590882299,2021-07-29
11925,,68_4551191593_CACEIS,1722905094,OB,OB,No-pair,fx wire,Caceis booked the fx wire for SD 01-15-2021. Integrata yet to book,1722905094,1722905094,4551456423,-590882299,2021-07-29
11926,,148_4551248485_CACEIS,1800039545,OB,OB,No-pair,fx wire,Caceis booked the fx wire for SD 02-26-2021. Integrata yet to book,1800039545,1800039545,4551456423,-590882299,2021-07-29
11927,,405_455748445_CACEIS,1136275327,OB,OB,No-pair,fx wire,Caceis booked the fx wire for SD 02-18-2020. Integrata yet to book,1136275327,1136275327,4551456423,-590882299,2021-07-29
11928,,39_4551311496_CACEIS,1881179948,OB,OB,No-pair,wire transfer,Caceis booked the wire transfer for SD 04-14-2021. Integrata yet to book,1881179948,1881179948,4551456423,-590882299,2021-07-29
11929,,44_455944496_CACEIS,1396484627,OB,OB,No-pair,proceeds sell,Caceis booked the proceeds sell for SD 07-17-2020. Integrata yet to book,1396484627,1396484627,4551456423,-590882299,2021-07-29
11930,,451_4551109218_CACEIS,1613286975,OB,OB,No-pair,fx wire,Caceis booked the fx wire for SD 11-16-2020. Integrata yet to book,1613286975,1613286975,4551456423,-590882299,2021-07-29
11931,,47_4551044906_CACEIS,1528403662,OB,OB,No-pair,wire transfer,Caceis booked the wire transfer for SD 09-30-2020. Integrata yet to book,1528403662,1528403662,4551456423,-590882299,2021-07-29
11932,,507_4551149959_CACEIS,1667623405,OB,OB,No-pair,fx wire,Caceis booked the fx wire for SD 12-15-2020. Integrata yet to book,1667623405,1667623405,4551456423,-590882299,2021-07-29
11933,,162_455742022_CACEIS,1127725661,OB,OB,No-pair,fees,Caceis booked the fees for SD 02-12-2020. Integrata yet to book,1127725661,1127725661,4551456423,-590882299,2021-07-29
11934,,6_455699362_CACEIS,1072295553,OB,OB,No-pair,wire transfer,Caceis booked the wire transfer for SD 01-09-2020. Integrata yet to book,1072295553,1072295553,4551456423,-590882299,2021-07-29
11935,,53_455748445_CACEIS,1136275131,OB,OB,No-pair,fx wire,Caceis booked the fx wire for SD 02-18-2020. Integrata yet to book,1136275131,1136275131,4551456423,-590882299,2021-07-29
11936,,519_455822501_CACEIS,1235308435,OB,OB,No-pair,fx wire,Caceis booked the fx wire for SD 04-15-2020. Integrata yet to book,1235308435,1235308435,4551456423,-590882299,2021-07-29
11937,,11_455533322_CACEIS,787871333,OB,OB,No-pair,fx wire,Caceis booked the fx wire for SD 08-30-2019. Integrata yet to book,787871333,787871333,4551456423,-590882299,2021-07-29
11938,,61_4551349054_CACEIS,1933657865,OB,OB,No-pair,fees,Caceis booked the fees for SD 05-12-2021. Integrata yet to book,1933657865,1933657865,4551456423,-590882299,2021-07-29
11939,,84_455783582_CACEIS,1185159274,OB,OB,No-pair,fx wire,Caceis booked the fx wire for SD 03-16-2020. Integrata yet to book,1185159274,1185159274,4551456423,-590882299,2021-07-29
11940,,690_4551232906_CACEIS,1780157012,OB,OB,No-pair,fx wire,Caceis booked the fx wire for SD 02-16-2021. Integrata yet to book,1780157012,1780157012,4551456423,-590882299,2021-07-29
11941,,3_455861467_CACEIS,1285501544,OB,OB,No-pair,fees,Caceis booked the fees for SD 05-14-2020. Integrata yet to book,1285501544,1285501544,4551456423,-590882299,2021-07-29
11942,,198_4551210754_CACEIS,1748958375,OB,OB,No-pair,fx wire,Caceis booked the fx wire for SD 01-29-2021. Integrata yet to book,1748958375,1748958375,4551456423,-590882299,2021-07-29
11943,,52_362773_CACEIS,523884285,OB,OB,No-pair,wire transfer,Caceis booked the wire transfer for SD 04-10-2019. Integrata yet to book,523884285,523884285,4551456423,-590882299,2021-07-29
11944,,447_455985296_CACEIS,1449582158,OB,OB,No-pair,fx wire,Caceis booked the fx wire for SD 08-17-2020. Integrata yet to book,1449582158,1449582158,4551456423,-590882299,2021-07-29
11945,,42_455808758_CACEIS,1217520437,OB,OB,No-pair,fx wire,Caceis booked the fx wire for SD 04-03-2020. Integrata yet to book,1217520437,1217520437,4551456423,-590882299,2021-07-29
11946,,768_455822501_CACEIS,1235308697,OB,OB,No-pair,fx wire,Caceis booked the fx wire for SD 04-15-2020. Integrata yet to book,1235308697,1235308697,4551456423,-590882299,2021-07-29
11947,,132_455726980_CACEIS,1107942526,OB,OB,No-pair,wire transfer,Caceis booked the wire transfer for SD 01-31-2020. Integrata yet to book,1107942526,1107942526,4551456423,-590882299,2021-07-29
11948,,469_455985296_CACEIS,1449582255,OB,OB,No-pair,fx wire,Caceis booked the fx wire for SD 08-17-2020. Integrata yet to book,1449582255,1449582255,4551456423,-590882299,2021-07-29
11949,,374_455748445_CACEIS,1136275463,OB,OB,No-pair,fx wire,Caceis booked the fx wire for SD 02-18-2020. Integrata yet to book,1136275463,1136275463,4551456423,-590882299,2021-07-29
11950,,4_4551452666_CACEIS,2069926124,OB,OB,No-pair,wire transfer,Caceis booked the wire transfer for SD 07-27-2021. Integrata yet to book,2069926124,2069926124,4551456423,-590882299,2021-07-29
11951,,40_455554115_CACEIS,824385011,OB,OB,No-pair,fx wire,Caceis booked the fx wire for SD 09-17-2019. Integrata yet to book,824385011,824385011,4551456423,-590882299,2021-07-29
11952,,44_455693832_CACEIS,1063035190,OB,OB,No-pair,fees,Caceis booked the fees for SD 01-06-2020. Integrata yet to book,1063035190,1063035190,4551456423,-590882299,2021-07-29
11953,,630_4551232906_CACEIS,1780156988,OB,OB,No-pair,fx wire,Caceis booked the fx wire for SD 02-16-2021. Integrata yet to book,1780156988,1780156988,4551456423,-590882299,2021-07-29
11954,,193_4551210754_CACEIS,1748958254,OB,OB,No-pair,fx wire,Caceis booked the fx wire for SD 01-29-2021. Integrata yet to book,1748958254,1748958254,4551456423,-590882299,2021-07-29
11955,,442_4551109218_CACEIS,1613287080,OB,OB,No-pair,fx wire,Caceis booked the fx wire for SD 11-16-2020. Integrata yet to book,1613287080,1613287080,4551456423,-590882299,2021-07-29
11956,,98_455762980_CACEIS,1156897878,OB,OB,No-pair,monthend interest,Caceis booked the monthend interest for SD 03-01-2020. Integrata yet to book,1156897878,1156897878,4551456423,-590882299,2021-07-29
11957,,8_4551037369_CACEIS,1518452137,OB,OB,No-pair,wire transfer,Caceis booked the wire transfer for SD 09-24-2020. Integrata yet to book,1518452137,1518452137,4551456423,-590882299,2021-07-29
11958,,240_455985296_CACEIS,1449581963,OB,OB,No-pair,fx wire,Caceis booked the fx wire for SD 08-17-2020. Integrata yet to book,1449581963,1449581963,4551456423,-590882299,2021-07-29
11959,,122_455862625_CACEIS,1287002796,OB,OB,No-pair,fx wire,Caceis booked the fx wire for SD 05-15-2020. Integrata yet to book,1287002796,1287002796,4551456423,-590882299,2021-07-29
11960,,131_455726980_CACEIS,1107942687,OB,OB,No-pair,wire transfer,Caceis booked the wire transfer for SD 01-31-2020. Integrata yet to book,1107942687,1107942687,4551456423,-590882299,2021-07-29
11961,,447_455822501_CACEIS,1235308427,OB,OB,No-pair,fx wire,Caceis booked the fx wire for SD 04-15-2020. Integrata yet to book,1235308427,1235308427,4551456423,-590882299,2021-07-29
11962,,803_455822501_CACEIS,1235308564,OB,OB,No-pair,fx wire,Caceis booked the fx wire for SD 04-15-2020. Integrata yet to book,1235308564,1235308564,4551456423,-590882299,2021-07-29
11963,,292_4551313388_CACEIS,1883527830,OB,OB,No-pair,fx wire,Caceis booked the fx wire for SD 04-15-2021. Integrata yet to book,1883527830,1883527830,4551456423,-590882299,2021-07-29
11964,,1_455817071_CACEIS,1228925025,OB,OB,No-pair,wire transfer,Caceis booked the wire transfer for SD 04-10-2020. Integrata yet to book,1228925025,1228925025,4551456423,-590882299,2021-07-29
11965,,85_455442954_CACEIS,637183882,OB,OB,No-pair,fx wire,Caceis booked the fx wire for SD 06-17-2019. Integrata yet to book,637183882,637183882,4551456423,-590882299,2021-07-29
11966,,9_4551271705_CACEIS,1830184042,OB,OB,No-pair,proceeds sell,Caceis booked the proceeds sell for SD 03-16-2021. Integrata yet to book,1830184042,1830184042,4551456423,-590882299,2021-07-29
11967,,64_4551149959_CACEIS,1667622994,OB,OB,No-pair,fx wire,Caceis booked the fx wire for SD 12-15-2020. Integrata yet to book,1667622994,1667622994,4551456423,-590882299,2021-07-29
11968,,130_455726980_CACEIS,1107942539,OB,OB,No-pair,fx wire,Caceis booked the fx wire for SD 01-31-2020. Integrata yet to book,1107942539,1107942539,4551456423,-590882299,2021-07-29
11969,,10_455533322_CACEIS,787871332,OB,OB,No-pair,monthend interest,Caceis booked the monthend interest for SD 09-01-2019. Integrata yet to book,787871332,787871332,4551456423,-590882299,2021-07-29
11970,,298_455669415_CACEIS,1020662001,OB,OB,No-pair,fx wire,Caceis booked the fx wire for SD 12-16-2019. Integrata yet to book,1020662001,1020662001,4551456423,-590882299,2021-07-29
11971,,1_352630_CACEIS,509356764,OB,OB,No-pair,fx wire,Caceis booked the fx wire for SD 04-02-2019. Integrata yet to book,509356764,509356764,4551456423,-590882299,2021-07-29
11972,,29_328180_CACEIS,473992305,OB,OB,No-pair,fees,Caceis booked the fees for SD 03-12-2019. Integrata yet to book,473992305,473992305,4551456423,-590882299,2021-07-29
11973,,54_362773_CACEIS,523884290,OB,OB,No-pair,wire transfer,Caceis booked the wire transfer for SD 04-10-2019. Integrata yet to book,523884290,523884290,4551456423,-590882299,2021-07-29
11974,,701_4551232906_CACEIS,1780157018,OB,OB,No-pair,fx wire,Caceis booked the fx wire for SD 02-16-2021. Integrata yet to book,1780157018,1780157018,4551456423,-590882299,2021-07-29
11975,,147_4551060531_CACEIS,1548950665,OB,OB,No-pair,fees,Caceis booked the fees for SD 10-12-2020. Integrata yet to book,1548950665,1548950665,4551456423,-590882299,2021-07-29
11976,,73_4551436806_CACEIS,2049885841,OB,OB,No-pair,fx wire,Caceis booked the fx wire for SD 07-15-2021. Integrata yet to book,2049885841,2049885841,4551456423,-590882299,2021-07-29
11977,,536_4551109218_CACEIS,1613287066,OB,OB,No-pair,fx wire,Caceis booked the fx wire for SD 11-16-2020. Integrata yet to book,1613287066,1613287066,4551456423,-590882299,2021-07-29
11978,,155_455742022_CACEIS,1127725665,OB,OB,No-pair,fees,Caceis booked the fees for SD 02-12-2020. Integrata yet to book,1127725665,1127725665,4551456423,-590882299,2021-07-29
11979,,125_4551149959_CACEIS,1667622827,OB,OB,No-pair,fx wire,Caceis booked the fx wire for SD 12-15-2020. Integrata yet to book,1667622827,1667622827,4551456423,-590882299,2021-07-29
11980,,69_455676391_CACEIS,1031864572,OB,OB,No-pair,wire transfer,Caceis booked the wire transfer for SD 12-02-2019. Integrata yet to book,1031864572,1031864572,4551456423,-590882299,2021-07-29
11981,,128_455726980_CACEIS,1107942683,OB,OB,No-pair,wire transfer,Caceis booked the wire transfer for SD 01-31-2020. Integrata yet to book,1107942683,1107942683,4551456423,-590882299,2021-07-29
11982,,13_4551271705_CACEIS,1830184044,OB,OB,No-pair,proceeds sell,Caceis booked the proceeds sell for SD 03-16-2021. Integrata yet to book,1830184044,1830184044,4551456423,-590882299,2021-07-29
11983,,154_455742022_CACEIS,1127725656,OB,OB,No-pair,fees,Caceis booked the fees for SD 02-12-2020. Integrata yet to book,1127725656,1127725656,4551456423,-590882299,2021-07-29
11984,,3_4551235027_CACEIS,1782782882,OB,OB,No-pair,wire transfer,Caceis booked the wire transfer for SD 02-17-2021. Integrata yet to book,1782782882,1782782882,4551456423,-590882299,2021-07-29
11985,,311_455900053_CACEIS,1336713719,OB,OB,No-pair,fx wire,Caceis booked the fx wire for SD 06-15-2020. Integrata yet to book,1336713719,1336713719,4551456423,-590882299,2021-07-29
11986,,544_4551109218_CACEIS,1613287054,OB,OB,No-pair,fx wire,Caceis booked the fx wire for SD 11-16-2020. Integrata yet to book,1613287054,1613287054,4551456423,-590882299,2021-07-29
11987,,8_4551042956_CACEIS,1525553083,OB,OB,No-pair,wire transfer,Caceis booked the wire transfer for SD 09-21-2020. Integrata yet to book,1525553083,1525553083,4551456423,-590882299,2021-07-29
11988,,63_4551087502_CACEIS,1584326623,OB,OB,No-pair,fx wire,Caceis booked the fx wire for SD 10-30-2020. Integrata yet to book,1584326623,1584326623,4551456423,-590882299,2021-07-29
11989,,105_4551232906_CACEIS,1780156412,OB,OB,No-pair,fx wire,Caceis booked the fx wire for SD 02-16-2021. Integrata yet to book,1780156412,1780156412,4551456423,-590882299,2021-07-29
11990,,76_455736646_CACEIS,1120326869,OB,OB,No-pair,fx wire,Caceis booked the fx wire for SD 02-07-2020. Integrata yet to book,1120326869,1120326869,4551456423,-590882299,2021-07-29
11991,,45_4551220415_CACEIS,1761956064,OB,OB,No-pair,wire transfer,Caceis booked the wire transfer for SD 02-05-2021. Integrata yet to book,1761956064,1761956064,4551456423,-590882299,2021-07-29
11992,,104_4551060531_CACEIS,1548950653,OB,OB,No-pair,fees,Caceis booked the fees for SD 10-12-2020. Integrata yet to book,1548950653,1548950653,4551456423,-590882299,2021-07-29
11993,,552_455783582_CACEIS,1185159658,OB,OB,No-pair,fx wire,Caceis booked the fx wire for SD 03-16-2020. Integrata yet to book,1185159658,1185159658,4551456423,-590882299,2021-07-29
11994,,273_4551313388_CACEIS,1883527932,OB,OB,No-pair,fx wire,Caceis booked the fx wire for SD 04-15-2021. Integrata yet to book,1883527932,1883527932,4551456423,-590882299,2021-07-29
11995,,11_455416215_CACEIS,599999223,OB,OB,No-pair,wire transfer,Caceis booked the wire transfer for SD 05-24-2019. Integrata yet to book,599999223,599999223,4551456423,-590882299,2021-07-29
11996,,945_455822501_CACEIS,1235308255,OB,OB,No-pair,wire transfer,Caceis booked the wire transfer for SD 04-15-2020. Integrata yet to book,1235308255,1235308255,4551456423,-590882299,2021-07-29
11997,,37_455667500_CACEIS,1017540695,OB,OB,No-pair,wire transfer,Caceis booked the wire transfer for SD 12-13-2019. Integrata yet to book,1017540695,1017540695,4551456423,-590882299,2021-07-29
11998,,51_4551264332_CACEIS,1819946074,OB,OB,No-pair,wire transfer,Caceis booked the wire transfer for SD 03-09-2021. Integrata yet to book,1819946074,1819946074,4551456423,-590882299,2021-07-29
11999,,27_362773_CACEIS,523884271,OB,OB,No-pair,wire transfer,Caceis booked the wire transfer for SD 04-10-2019. Integrata yet to book,523884271,523884271,4551456423,-590882299,2021-07-29
12000,,12_4551097416_CACEIS,1597270332,OB,OB,No-pair,fx wire,Caceis booked the fx wire for SD 11-06-2020. Integrata yet to book,1597270332,1597270332,4551456423,-590882299,2021-07-29
12001,,31_455457456_CACEIS,662167997,OB,OB,No-pair,monthend interest,Caceis booked the monthend interest for SD 07-01-2019. Integrata yet to book,662167997,662167997,4551456423,-590882299,2021-07-29
12002,,141_4551210754_CACEIS,1748958231,OB,OB,No-pair,fx wire,Caceis booked the fx wire for SD 01-29-2021. Integrata yet to book,1748958231,1748958231,4551456423,-590882299,2021-07-29
12003,,257_4551354754_CACEIS,1942399602,OB,OB,No-pair,fx wire,Caceis booked the fx wire for SD 05-17-2021. Integrata yet to book,1942399602,1942399602,4551456423,-590882299,2021-07-29
12004,,24_4551044906_CACEIS,1528403593,OB,OB,No-pair,wire transfer,Caceis booked the wire transfer for SD 09-21-2020. Integrata yet to book,1528403593,1528403593,4551456423,-590882299,2021-07-29
12005,,13_455416215_CACEIS,599999226,OB,OB,No-pair,wire transfer,Caceis booked the wire transfer for SD 05-24-2019. Integrata yet to book,599999226,599999226,4551456423,-590882299,2021-07-29
12006,,143_455900053_CACEIS,1336713364,OB,OB,No-pair,fx wire,Caceis booked the fx wire for SD 06-15-2020. Integrata yet to book,1336713364,1336713364,4551456423,-590882299,2021-07-29
12007,,65_4551381021_CACEIS,1979694234,OB,OB,No-pair,fx wire,Caceis booked the fx wire for SD 06-04-2021. Integrata yet to book,1979694234,1979694234,4551456423,-590882299,2021-07-29
12008,,212_4551232906_CACEIS,1780156419,OB,OB,No-pair,fx wire,Caceis booked the fx wire for SD 02-16-2021. Integrata yet to book,1780156419,1780156419,4551456423,-590882299,2021-07-29
12009,,32_455667500_CACEIS,1017540686,OB,OB,No-pair,wire transfer,Caceis booked the wire transfer for SD 12-13-2019. Integrata yet to book,1017540686,1017540686,4551456423,-590882299,2021-07-29
12010,,112_4551313388_CACEIS,1883527785,OB,OB,No-pair,fx wire,Caceis booked the fx wire for SD 04-15-2021. Integrata yet to book,1883527785,1883527785,4551456423,-590882299,2021-07-29
12011,,21_362773_CACEIS,523884253,OB,OB,No-pair,wire transfer,Caceis booked the wire transfer for SD 04-10-2019. Integrata yet to book,523884253,523884253,4551456423,-590882299,2021-07-29
12012,,8_4551068550_CACEIS,1559437423,OB,OB,No-pair,fx wire,Caceis booked the fx wire for SD 10-16-2020. Integrata yet to book,1559437423,1559437423,4551456423,-590882299,2021-07-29
12013,,119_4551060531_CACEIS,1548950667,OB,OB,No-pair,fees,Caceis booked the fees for SD 10-12-2020. Integrata yet to book,1548950667,1548950667,4551456423,-590882299,2021-07-29
12014,,15_4551166054_CACEIS,1689088097,OB,OB,No-pair,fx wire,Caceis booked the fx wire for SD 12-28-2020. Integrata yet to book,1689088097,1689088097,4551456423,-590882299,2021-07-29
12015,,36_4551264332_CACEIS,1819946019,OB,OB,No-pair,fees,Caceis booked the fees for SD 03-10-2021. Integrata yet to book,1819946019,1819946019,4551456423,-590882299,2021-07-29
12016,,1_341093_CACEIS,490673966,OB,OB,No-pair,fx wire,Caceis booked the fx wire for SD 03-22-2019. Integrata yet to book,490673966,490673966,4551456423,-590882299,2021-07-29
12017,,19_362773_CACEIS,523884247,OB,OB,No-pair,wire transfer,Caceis booked the wire transfer for SD 04-10-2019. Integrata yet to book,523884247,523884247,4551456423,-590882299,2021-07-29
12018,,16_455416215_CACEIS,599999231,OB,OB,No-pair,wire transfer,Caceis booked the wire transfer for SD 05-24-2019. Integrata yet to book,599999231,599999231,4551456423,-590882299,2021-07-29
12019,,156_455742022_CACEIS,1127725671,OB,OB,No-pair,fees,Caceis booked the fees for SD 02-12-2020. Integrata yet to book,1127725671,1127725671,4551456423,-590882299,2021-07-29
12020,,226_4551109218_CACEIS,1613286814,OB,OB,No-pair,fx wire,Caceis booked the fx wire for SD 11-16-2020. Integrata yet to book,1613286814,1613286814,4551456423,-590882299,2021-07-29
12021,,19_455874345_CACEIS,1302176828,OB,OB,No-pair,fx wire,Caceis booked the fx wire for SD 05-26-2020. Integrata yet to book,1302176828,1302176828,4551456423,-590882299,2021-07-29
12022,,36_455777858_CACEIS,1177395865,OB,OB,No-pair,fees,Caceis booked the fees for SD 03-11-2020. Integrata yet to book,1177395865,1177395865,4551456423,-590882299,2021-07-29
12023,,105_4551060531_CACEIS,1548950661,OB,OB,No-pair,fees,Caceis booked the fees for SD 10-12-2020. Integrata yet to book,1548950661,1548950661,4551456423,-590882299,2021-07-29
12024,,53_4551334292_CACEIS,1911737188,OB,OB,No-pair,monthend interest,Caceis booked the monthend interest for SD 05-01-2021. Integrata yet to book,1911737188,1911737188,4551456423,-590882299,2021-07-29
12025,,276_4551313388_CACEIS,1883527965,OB,OB,No-pair,fx wire,Caceis booked the fx wire for SD 04-15-2021. Integrata yet to book,1883527965,1883527965,4551456423,-590882299,2021-07-29
12026,,12_4551271705_CACEIS,1830184043,OB,OB,No-pair,proceeds sell,Caceis booked the proceeds sell for SD 03-16-2021. Integrata yet to book,1830184043,1830184043,4551456423,-590882299,2021-07-29
12027,,60_4551191593_CACEIS,1722905025,OB,OB,No-pair,fx wire,Caceis booked the fx wire for SD 01-15-2021. Integrata yet to book,1722905025,1722905025,4551456423,-590882299,2021-07-29
12028,,30_4551003590_CACEIS,1473425981,OB,OB,No-pair,monthend interest,Caceis booked the monthend interest for SD 09-01-2020. Integrata yet to book,1473425981,1473425981,4551456423,-590882299,2021-07-29
12029,,358_455985296_CACEIS,1449582123,OB,OB,No-pair,fx wire,Caceis booked the fx wire for SD 08-17-2020. Integrata yet to book,1449582123,1449582123,4551456423,-590882299,2021-07-29
12030,,1407_455643841_CACEIS,975324479,OB,OB,No-pair,fx wire,Caceis booked the fx wire for SD 11-15-2019. Integrata yet to book,975324479,975324479,4551456423,-590882299,2021-07-29
12031,,94_455862625_CACEIS,1287002830,OB,OB,No-pair,fx wire,Caceis booked the fx wire for SD 05-15-2020. Integrata yet to book,1287002830,1287002830,4551456423,-590882299,2021-07-29
12032,,594_4551232906_CACEIS,1780156984,OB,OB,No-pair,fx wire,Caceis booked the fx wire for SD 02-16-2021. Integrata yet to book,1780156984,1780156984,4551456423,-590882299,2021-07-29
12033,,56_455718167_CACEIS,1096512001,OB,OB,No-pair,fx wire,Caceis booked the fx wire for SD 01-24-2020. Integrata yet to book,1096512001,1096512001,4551456423,-590882299,2021-07-29
12034,,5_455804770_CACEIS,1212351480,OB,OB,No-pair,fees,Caceis booked the fees for SD 04-01-2020. Integrata yet to book,1212351480,1212351480,4551456423,-590882299,2021-07-29
12035,,142_455762980_CACEIS,1156897744,OB,OB,No-pair,wire transfer,Caceis booked the wire transfer for SD 02-28-2020. Integrata yet to book,1156897744,1156897744,4551456423,-590882299,2021-07-29
12036,,22_455581623_CACEIS,867680120,OB,OB,No-pair,fees,Caceis booked the fees for SD 10-07-2019. Integrata yet to book,867680120,867680120,4551456423,-590882299,2021-07-29
12037,,1_455506286_CACEIS,741867047,OB,OB,No-pair,wire transfer,Caceis booked the wire transfer for SD 08-08-2019. Integrata yet to book,741867047,741867047,4551456423,-590882299,2021-07-29
12038,,26_4551182476_CACEIS,1710215365,OB,OB,No-pair,fx wire,Caceis booked the fx wire for SD 01-08-2021. Integrata yet to book,1710215365,1710215365,4551456423,-590882299,2021-07-29
12039,,13_4551438780_CACEIS,2052260393,OB,OB,No-pair,fx wire,Caceis booked the fx wire for SD 07-16-2021. Integrata yet to book,2052260393,2052260393,4551456423,-590882299,2021-07-29
12040,,152_4551060531_CACEIS,1548950715,OB,OB,No-pair,fees,Caceis booked the fees for SD 10-12-2020. Integrata yet to book,1548950715,1548950715,4551456423,-590882299,2021-07-29
12041,,114_455693832_CACEIS,1063035279,OB,OB,No-pair,fees,Caceis booked the fees for SD 01-06-2020. Integrata yet to book,1063035279,1063035279,4551456423,-590882299,2021-07-29
12042,,123_455649350_CACEIS,985331690,OB,OB,No-pair,monthend interest,Caceis booked the monthend interest for SD 12-01-2019. Integrata yet to book,985331690,985331690,4551456423,-590882299,2021-07-29
12043,,13_4551101474_CACEIS,1602589085,OB,OB,No-pair,wire transfer,Caceis booked the wire transfer for SD 11-10-2020. Integrata yet to book,1602589085,1602589085,4551456423,-590882299,2021-07-29
12044,,201_455783582_CACEIS,1185159203,OB,OB,No-pair,fx wire,Caceis booked the fx wire for SD 03-16-2020. Integrata yet to book,1185159203,1185159203,4551456423,-590882299,2021-07-29
12045,,255_4551354754_CACEIS,1942399641,OB,OB,No-pair,fx wire,Caceis booked the fx wire for SD 05-17-2021. Integrata yet to book,1942399641,1942399641,4551456423,-590882299,2021-07-29
12046,,15_4551168254_CACEIS,1691686493,OB,OB,No-pair,wire transfer,Caceis booked the wire transfer for SD 12-29-2020. Integrata yet to book,1691686493,1691686493,4551456423,-590882299,2021-07-29
12047,,39_368123_CACEIS,532374015,OB,OB,No-pair,fx wire,Caceis booked the fx wire for SD 04-15-2019. Integrata yet to book,532374015,532374015,4551456423,-590882299,2021-07-29
12048,,475_455862625_CACEIS,1287003750,OB,OB,No-pair,fx wire,Caceis booked the fx wire for SD 05-15-2020. Integrata yet to book,1287003750,1287003750,4551456423,-590882299,2021-07-29
12049,,36_455762980_CACEIS,1156897705,OB,OB,No-pair,proceeds sell,Caceis booked the proceeds sell for SD 02-28-2020. Integrata yet to book,1156897705,1156897705,4551456423,-590882299,2021-07-29
12050,,112_455442954_CACEIS,637183863,OB,OB,No-pair,fx wire,Caceis booked the fx wire for SD 06-17-2019. Integrata yet to book,637183863,637183863,4551456423,-590882299,2021-07-29
12051,,43_4551171343_CACEIS,1696929195,OB,OB,No-pair,monthend interest,Caceis booked the monthend interest for SD 01-01-2021. Integrata yet to book,1696929195,1696929195,4551456423,-590882299,2021-07-29
12052,,138_455742022_CACEIS,1127725783,OB,OB,No-pair,fees,Caceis booked the fees for SD 02-12-2020. Integrata yet to book,1127725783,1127725783,4551456423,-590882299,2021-07-29
12053,,2_4551042956_CACEIS,1525553077,OB,OB,No-pair,monthend interest,Caceis booked the monthend interest for SD 09-29-2020. Integrata yet to book,1525553077,1525553077,4551456423,-590882299,2021-07-29
12054,,4_455570278_CACEIS,849574785,OB,OB,No-pair,monthend interest,Caceis booked the monthend interest for SD 10-01-2019. Integrata yet to book,849574785,849574785,4551456423,-590882299,2021-07-29
12055,,14_4551101474_CACEIS,1602589086,OB,OB,No-pair,wire transfer,Caceis booked the wire transfer for SD 11-10-2020. Integrata yet to book,1602589086,1602589086,4551456423,-590882299,2021-07-29
12056,,143_455934920_CACEIS,1383926819,OB,OB,No-pair,wire transfer,Caceis booked the wire transfer for SD 07-10-2020. Integrata yet to book,1383926819,1383926819,4551456423,-590882299,2021-07-29
12057,,79_4551125930_CACEIS,1635426483,OB,OB,No-pair,fx wire,Caceis booked the fx wire for SD 11-27-2020. Integrata yet to book,1635426483,1635426483,4551456423,-590882299,2021-07-29
12058,,184_455590588_CACEIS,883858377,OB,OB,No-pair,fx wire,Caceis booked the fx wire for SD 10-15-2019. Integrata yet to book,883858377,883858377,4551456423,-590882299,2021-07-29
12059,,65_455669415_CACEIS,1020661795,OB,OB,No-pair,fx wire,Caceis booked the fx wire for SD 12-16-2019. Integrata yet to book,1020661795,1020661795,4551456423,-590882299,2021-07-29
12060,,20_455777858_CACEIS,1177395693,OB,OB,No-pair,fees,Caceis booked the fees for SD 03-11-2020. Integrata yet to book,1177395693,1177395693,4551456423,-590882299,2021-07-29
12061,,36_4551254304_CACEIS,1807385724,OB,OB,No-pair,wire transfer,Caceis booked the wire transfer for SD 03-02-2021. Integrata yet to book,1807385724,1807385724,4551456423,-590882299,2021-07-29
12062,,6_4551206835_CACEIS,1743521219,OB,OB,No-pair,proceeds sell,Caceis booked the proceeds sell for SD 01-27-2021. Integrata yet to book,1743521219,1743521219,4551456423,-590882299,2021-07-29
12063,,124_455900053_CACEIS,1336713334,OB,OB,No-pair,fx wire,Caceis booked the fx wire for SD 06-15-2020. Integrata yet to book,1336713334,1336713334,4551456423,-590882299,2021-07-29
12064,,347_455822501_CACEIS,1235308264,OB,OB,No-pair,fx wire,Caceis booked the fx wire for SD 04-15-2020. Integrata yet to book,1235308264,1235308264,4551456423,-590882299,2021-07-29
12065,,32_4551254304_CACEIS,1807385767,OB,OB,No-pair,wire transfer,Caceis booked the wire transfer for SD 03-02-2021. Integrata yet to book,1807385767,1807385767,4551456423,-590882299,2021-07-29
12066,,68_455693832_CACEIS,1063035261,OB,OB,No-pair,fees,Caceis booked the fees for SD 01-06-2020. Integrata yet to book,1063035261,1063035261,4551456423,-590882299,2021-07-29
12067,,384_455985296_CACEIS,1449582129,OB,OB,No-pair,fx wire,Caceis booked the fx wire for SD 08-17-2020. Integrata yet to book,1449582129,1449582129,4551456423,-590882299,2021-07-29
12068,,19_4551101474_CACEIS,1602589087,OB,OB,No-pair,wire transfer,Caceis booked the wire transfer for SD 11-10-2020. Integrata yet to book,1602589087,1602589087,4551456423,-590882299,2021-07-29
12069,,42_4551105378_CACEIS,1608089168,OB,OB,No-pair,wire transfer,Caceis booked the wire transfer for SD 10-27-2020. Integrata yet to book,1608089168,1608089168,4551456423,-590882299,2021-07-29
12070,,403_455862625_CACEIS,1287003865,OB,OB,No-pair,fx wire,Caceis booked the fx wire for SD 05-15-2020. Integrata yet to book,1287003865,1287003865,4551456423,-590882299,2021-07-29
12071,,8_4551125930_CACEIS,1635426493,OB,OB,No-pair,fx wire,Caceis booked the fx wire for SD 11-27-2020. Integrata yet to book,1635426493,1635426493,4551456423,-590882299,2021-07-29
12072,,686_4551232906_CACEIS,1780157008,OB,OB,No-pair,fx wire,Caceis booked the fx wire for SD 02-16-2021. Integrata yet to book,1780157008,1780157008,4551456423,-590882299,2021-07-29
12073,,427_455783582_CACEIS,1185159646,OB,OB,No-pair,fx wire,Caceis booked the fx wire for SD 03-16-2020. Integrata yet to book,1185159646,1185159646,4551456423,-590882299,2021-07-29
12074,,148_4551060531_CACEIS,1548950673,OB,OB,No-pair,fees,Caceis booked the fees for SD 10-12-2020. Integrata yet to book,1548950673,1548950673,4551456423,-590882299,2021-07-29
12075,,5_4551127906_CACEIS,1637981910,OB,OB,No-pair,wire transfer,Caceis booked the wire transfer for SD 11-30-2020. Integrata yet to book,1637981910,1637981910,4551456423,-590882299,2021-07-29
12076,,46_368123_CACEIS,532374016,OB,OB,No-pair,fx wire,Caceis booked the fx wire for SD 04-15-2019. Integrata yet to book,532374016,532374016,4551456423,-590882299,2021-07-29
12077,,64_4551394628_CACEIS,1997244595,OB,OB,No-pair,fx wire,Caceis booked the fx wire for SD 06-15-2021. Integrata yet to book,1997244595,1997244595,4551456423,-590882299,2021-07-29
12078,,42_4551003590_CACEIS,1473425976,OB,OB,No-pair,monthend interest,Caceis booked the monthend interest for SD 09-01-2020. Integrata yet to book,1473425976,1473425976,4551456423,-590882299,2021-07-29
12079,,17_349816_CACEIS,505077746,OB,OB,No-pair,fx wire,Caceis booked the fx wire for SD 03-29-2019. Integrata yet to book,505077746,505077746,4551456423,-590882299,2021-07-29
12080,,5_4551343376_CACEIS,1925737826,OB,OB,No-pair,fx wire,Caceis booked the fx wire for SD 05-07-2021. Integrata yet to book,1925737826,1925737826,4551456423,-590882299,2021-07-29
12081,,38_4551254304_CACEIS,1807385729,OB,OB,No-pair,wire transfer,Caceis booked the wire transfer for SD 03-02-2021. Integrata yet to book,1807385729,1807385729,4551456423,-590882299,2021-07-29
12082,,28_455777858_CACEIS,1177395763,OB,OB,No-pair,fees,Caceis booked the fees for SD 03-11-2020. Integrata yet to book,1177395763,1177395763,4551456423,-590882299,2021-07-29
12083,,117_4551349054_CACEIS,1933657888,OB,OB,No-pair,fees,Caceis booked the fees for SD 05-12-2021. Integrata yet to book,1933657888,1933657888,4551456423,-590882299,2021-07-29
12084,,438_455783582_CACEIS,1185159677,OB,OB,No-pair,fx wire,Caceis booked the fx wire for SD 03-16-2020. Integrata yet to book,1185159677,1185159677,4551456423,-590882299,2021-07-29
12085,,251_4551109218_CACEIS,1613286844,OB,OB,No-pair,fx wire,Caceis booked the fx wire for SD 11-16-2020. Integrata yet to book,1613286844,1613286844,4551456423,-590882299,2021-07-29
12086,,240_4551269721_CACEIS,1827474009,OB,OB,No-pair,fx wire,Caceis booked the fx wire for SD 03-15-2021. Integrata yet to book,1827474009,1827474009,4551456423,-590882299,2021-07-29
12087,,4_361798_CACEIS,522412451,OB,OB,No-pair,fees,Caceis booked the fees for SD 04-08-2019. Integrata yet to book,522412451,522412451,4551456423,-590882299,2021-07-29
12088,,150_4551060531_CACEIS,1548950698,OB,OB,No-pair,fees,Caceis booked the fees for SD 10-12-2020. Integrata yet to book,1548950698,1548950698,4551456423,-590882299,2021-07-29
12089,,34_4551166054_CACEIS,1689088102,OB,OB,No-pair,fx wire,Caceis booked the fx wire for SD 12-28-2020. Integrata yet to book,1689088102,1689088102,4551456423,-590882299,2021-07-29
12090,,602_4551232906_CACEIS,1780156987,OB,OB,No-pair,fx wire,Caceis booked the fx wire for SD 02-16-2021. Integrata yet to book,1780156987,1780156987,4551456423,-590882299,2021-07-29
12091,,59_4551349054_CACEIS,1933657840,OB,OB,No-pair,fees,Caceis booked the fees for SD 05-12-2021. Integrata yet to book,1933657840,1933657840,4551456423,-590882299,2021-07-29
12092,,137_4551232906_CACEIS,1780156420,OB,OB,No-pair,fx wire,Caceis booked the fx wire for SD 02-16-2021. Integrata yet to book,1780156420,1780156420,4551456423,-590882299,2021-07-29
12093,,11_455916649_CACEIS,1359361375,OB,OB,No-pair,wire transfer,Caceis booked the wire transfer for SD 06-26-2020. Integrata yet to book,1359361375,1359361375,4551456423,-590882299,2021-07-29
12094,,120_4551060531_CACEIS,1548950699,OB,OB,No-pair,fees,Caceis booked the fees for SD 10-12-2020. Integrata yet to book,1548950699,1548950699,4551456423,-590882299,2021-07-29
12095,,108_455879764_CACEIS,1309543728,OB,OB,No-pair,monthend interest,Caceis booked the monthend interest for SD 06-01-2020. Integrata yet to book,1309543728,1309543728,4551456423,-590882299,2021-07-29
12096,,114_455862625_CACEIS,1287002651,OB,OB,No-pair,fx wire,Caceis booked the fx wire for SD 05-15-2020. Integrata yet to book,1287002651,1287002651,4551456423,-590882299,2021-07-29
12097,,8_455432903_CACEIS,623045722,OB,OB,No-pair,fx wire,Caceis booked the fx wire for SD 06-07-2019. Integrata yet to book,623045722,623045722,4551456423,-590882299,2021-07-29
12098,,3_4551388882_CACEIS,1989667551,OB,OB,No-pair,fees,Caceis booked the fees for SD 06-10-2021. Integrata yet to book,1989667551,1989667551,4551456423,-590882299,2021-07-29
12099,,5_455996032_CACEIS,1463186843,OB,OB,No-pair,wire transfer,Caceis booked the wire transfer for SD 08-25-2020. Integrata yet to book,1463186843,1463186843,4551456423,-590882299,2021-07-29
12100,,7_4551343376_CACEIS,1925737831,OB,OB,No-pair,fx wire,Caceis booked the fx wire for SD 05-07-2021. Integrata yet to book,1925737831,1925737831,4551456423,-590882299,2021-07-29
12101,,495_4551066313_CACEIS,1556876756,OB,OB,No-pair,fx wire,Caceis booked the fx wire for SD 10-15-2020. Integrata yet to book,1556876756,1556876756,4551456423,-590882299,2021-07-29
12102,,28_4551388882_CACEIS,1989667656,OB,OB,No-pair,fees,Caceis booked the fees for SD 06-10-2021. Integrata yet to book,1989667656,1989667656,4551456423,-590882299,2021-07-29
12103,,105_455783582_CACEIS,1185159331,OB,OB,No-pair,fx wire,Caceis booked the fx wire for SD 03-16-2020. Integrata yet to book,1185159331,1185159331,4551456423,-590882299,2021-07-29
12104,,32_455842390_CACEIS,1260634982,OB,OB,No-pair,monthend interest,Caceis booked the monthend interest for SD 05-01-2020. Integrata yet to book,1260634982,1260634982,4551456423,-590882299,2021-07-29
12105,,5_4551415924_CACEIS,2024089323,OB,OB,No-pair,monthend interest,Caceis booked the monthend interest for SD 07-01-2021. Integrata yet to book,2024089323,2024089323,4551456423,-590882299,2021-07-29
12106,,141_4551060531_CACEIS,1548950625,OB,OB,No-pair,fees,Caceis booked the fees for SD 10-12-2020. Integrata yet to book,1548950625,1548950625,4551456423,-590882299,2021-07-29
12107,,4_455803095_CACEIS,1210223485,OB,OB,No-pair,monthend interest,Caceis booked the monthend interest for SD 04-01-2020. Integrata yet to book,1210223485,1210223485,4551456423,-590882299,2021-07-29
12108,,112_4551018409_CACEIS,1492757209,OB,OB,No-pair,fees,Caceis booked the fees for SD 09-10-2020. Integrata yet to book,1492757209,1492757209,4551456423,-590882299,2021-07-29
12109,,53_455693832_CACEIS,1063035241,OB,OB,No-pair,fees,Caceis booked the fees for SD 01-06-2020. Integrata yet to book,1063035241,1063035241,4551456423,-590882299,2021-07-29
12110,,32_4551388882_CACEIS,1989667559,OB,OB,No-pair,fees,Caceis booked the fees for SD 06-10-2021. Integrata yet to book,1989667559,1989667559,4551456423,-590882299,2021-07-29
12111,,268_4551313388_CACEIS,1883527921,OB,OB,No-pair,fx wire,Caceis booked the fx wire for SD 04-15-2021. Integrata yet to book,1883527921,1883527921,4551456423,-590882299,2021-07-29
12112,,15_4551087502_CACEIS,1584326640,OB,OB,No-pair,monthend interest,Caceis booked the monthend interest for SD 10-30-2020. Integrata yet to book,1584326640,1584326640,4551456423,-590882299,2021-07-29
12113,,9_455645400_CACEIS,977616503,OB,OB,No-pair,wire transfer,Caceis booked the wire transfer for SD 11-26-2019. Integrata yet to book,977616503,977616503,4551456423,-590882299,2021-07-29
12114,,7_455842390_CACEIS,1260634951,OB,OB,No-pair,monthend interest,Caceis booked the monthend interest for SD 05-01-2020. Integrata yet to book,1260634951,1260634951,4551456423,-590882299,2021-07-29
12115,,32_455835232_CACEIS,1251293797,OB,OB,No-pair,wire transfer,Caceis booked the wire transfer for SD 04-24-2020. Integrata yet to book,1251293797,1251293797,4551456423,-590882299,2021-07-29
12116,,38_455762980_CACEIS,1156897719,OB,OB,No-pair,proceeds sell,Caceis booked the proceeds sell for SD 02-28-2020. Integrata yet to book,1156897719,1156897719,4551456423,-590882299,2021-07-29
12117,,145_4551060531_CACEIS,1548950638,OB,OB,No-pair,fees,Caceis booked the fees for SD 10-12-2020. Integrata yet to book,1548950638,1548950638,4551456423,-590882299,2021-07-29
12118,,128_4551060531_CACEIS,1548950739,OB,OB,No-pair,fees,Caceis booked the fees for SD 10-12-2020. Integrata yet to book,1548950739,1548950739,4551456423,-590882299,2021-07-29
12119,,414_455940640_CACEIS,1391596381,OB,OB,No-pair,fx wire,Caceis booked the fx wire for SD 07-15-2020. Integrata yet to book,1391596381,1391596381,4551456423,-590882299,2021-07-29
12120,,69_368123_CACEIS,532374017,OB,OB,No-pair,fx wire,Caceis booked the fx wire for SD 04-15-2019. Integrata yet to book,532374017,532374017,4551456423,-590882299,2021-07-29
12121,,1_4551033955_CACEIS,1513935502,OB,OB,No-pair,wire transfer,Caceis booked the wire transfer for SD 09-22-2020. Integrata yet to book,1513935502,1513935502,4551456423,-590882299,2021-07-29
12122,,43_455799620_CACEIS,1205700365,OB,OB,No-pair,fx wire,Caceis booked the fx wire for SD 03-27-2020. Integrata yet to book,1205700365,1205700365,4551456423,-590882299,2021-07-29
12123,,96_455688261_CACEIS,1053516732,OB,OB,No-pair,fx wire,Caceis booked the fx wire for SD 12-31-2019. Integrata yet to book,1053516732,1053516732,4551456423,-590882299,2021-07-29
12124,,98_4551229444_CACEIS,1775243147,OB,OB,No-pair,wire transfer,Caceis booked the wire transfer for SD 02-12-2021. Integrata yet to book,1775243147,1775243147,4551456423,-590882299,2021-07-29
12125,,70_455822501_CACEIS,1235308132,OB,OB,No-pair,fx wire,Caceis booked the fx wire for SD 04-15-2020. Integrata yet to book,1235308132,1235308132,4551456423,-590882299,2021-07-29
12126,,158_4551018409_CACEIS,1492757237,OB,OB,No-pair,fees,Caceis booked the fees for SD 09-10-2020. Integrata yet to book,1492757237,1492757237,4551456423,-590882299,2021-07-29
12127,,404_4551066313_CACEIS,1556876645,OB,OB,No-pair,fx wire,Caceis booked the fx wire for SD 10-15-2020. Integrata yet to book,1556876645,1556876645,4551456423,-590882299,2021-07-29
12128,,38_455772338_CACEIS,1169827530,OB,OB,No-pair,wire transfer,Caceis booked the wire transfer for SD 03-06-2020. Integrata yet to book,1169827530,1169827530,4551456423,-590882299,2021-07-29
12129,,153_455898221_CACEIS,1334730849,OB,OB,No-pair,fx wire,Caceis booked the fx wire for SD 06-12-2020. Integrata yet to book,1334730849,1334730849,4551456423,-590882299,2021-07-29
12130,,4_455777858_CACEIS,1177395607,OB,OB,No-pair,fees,Caceis booked the fees for SD 03-11-2020. Integrata yet to book,1177395607,1177395607,4551456423,-590882299,2021-07-29
12131,,5_455487414_CACEIS,709535358,OB,OB,No-pair,proceeds sell,Caceis booked the proceeds sell for SD 07-24-2019. Integrata yet to book,709535358,709535358,4551456423,-590882299,2021-07-29
12132,,148_455822501_CACEIS,1235308105,OB,OB,No-pair,wire transfer,Caceis booked the wire transfer for SD 04-14-2020. Integrata yet to book,1235308105,1235308105,4551456423,-590882299,2021-07-29
12133,,184_4551269721_CACEIS,1827473909,OB,OB,No-pair,fx wire,Caceis booked the fx wire for SD 03-15-2021. Integrata yet to book,1827473909,1827473909,4551456423,-590882299,2021-07-29
12134,,277_4551149959_CACEIS,1667623117,OB,OB,No-pair,fx wire,Caceis booked the fx wire for SD 12-15-2020. Integrata yet to book,1667623117,1667623117,4551456423,-590882299,2021-07-29
12135,,2_4551171343_CACEIS,1696929166,OB,OB,No-pair,monthend interest,Caceis booked the monthend interest for SD 01-01-2021. Integrata yet to book,1696929166,1696929166,4551456423,-590882299,2021-07-29
12136,,96_455753887_CACEIS,1143364854,OB,OB,No-pair,fx wire,Caceis booked the fx wire for SD 02-21-2020. Integrata yet to book,1143364854,1143364854,4551456423,-590882299,2021-07-29
12137,,45_4551127906_CACEIS,1637981931,OB,OB,No-pair,wire transfer,Caceis booked the wire transfer for SD 11-30-2020. Integrata yet to book,1637981931,1637981931,4551456423,-590882299,2021-07-29
12138,,89_4551220415_CACEIS,1761955982,OB,OB,No-pair,wire transfer,Caceis booked the wire transfer for SD 02-05-2021. Integrata yet to book,1761955982,1761955982,4551456423,-590882299,2021-07-29
12139,,91_455782293_CACEIS,1183562982,OB,OB,No-pair,wire transfer,Caceis booked the wire transfer for SD 03-13-2020. Integrata yet to book,1183562982,1183562982,4551456423,-590882299,2021-07-29
12140,,201_4551066313_CACEIS,1556876504,OB,OB,No-pair,fx wire,Caceis booked the fx wire for SD 10-15-2020. Integrata yet to book,1556876504,1556876504,4551456423,-590882299,2021-07-29
12141,,452_455643841_CACEIS,975323524,OB,OB,No-pair,fx wire,Caceis booked the fx wire for SD 11-15-2019. Integrata yet to book,975323524,975323524,4551456423,-590882299,2021-07-29
12142,,85_4551354754_CACEIS,1942399559,OB,OB,No-pair,fx wire,Caceis booked the fx wire for SD 05-17-2021. Integrata yet to book,1942399559,1942399559,4551456423,-590882299,2021-07-29
12143,,220_455940640_CACEIS,1391596228,OB,OB,No-pair,fx wire,Caceis booked the fx wire for SD 07-15-2020. Integrata yet to book,1391596228,1391596228,4551456423,-590882299,2021-07-29
12144,,55_4551354754_CACEIS,1942399531,OB,OB,No-pair,fx wire,Caceis booked the fx wire for SD 05-17-2021. Integrata yet to book,1942399531,1942399531,4551456423,-590882299,2021-07-29
12145,,23_455688261_CACEIS,1053516673,OB,OB,No-pair,monthend interest,Caceis booked the monthend interest for SD 01-01-2020. Integrata yet to book,1053516673,1053516673,4551456423,-590882299,2021-07-29
12146,,168_455898221_CACEIS,1334730904,OB,OB,No-pair,fx wire,Caceis booked the fx wire for SD 06-12-2020. Integrata yet to book,1334730904,1334730904,4551456423,-590882299,2021-07-29
12147,,33_455963450_CACEIS,1421777876,OB,OB,No-pair,monthend interest,Caceis booked the monthend interest for SD 08-01-2020. Integrata yet to book,1421777876,1421777876,4551456423,-590882299,2021-07-29
12148,,244_4551269721_CACEIS,1827474037,OB,OB,No-pair,fx wire,Caceis booked the fx wire for SD 03-15-2021. Integrata yet to book,1827474037,1827474037,4551456423,-590882299,2021-07-29
12149,,105_4551354754_CACEIS,1942399557,OB,OB,No-pair,fx wire,Caceis booked the fx wire for SD 05-17-2021. Integrata yet to book,1942399557,1942399557,4551456423,-590882299,2021-07-29
12150,,17_455777858_CACEIS,1177395660,OB,OB,No-pair,fees,Caceis booked the fees for SD 03-11-2020. Integrata yet to book,1177395660,1177395660,4551456423,-590882299,2021-07-29
12151,,409_4551191593_CACEIS,1722905523,OB,OB,No-pair,fx wire,Caceis booked the fx wire for SD 01-15-2021. Integrata yet to book,1722905523,1722905523,4551456423,-590882299,2021-07-29
12152,,95_4551354754_CACEIS,1942399543,OB,OB,No-pair,fx wire,Caceis booked the fx wire for SD 05-17-2021. Integrata yet to book,1942399543,1942399543,4551456423,-590882299,2021-07-29
12153,,43_4551246640_CACEIS,1797846208,OB,OB,No-pair,monthend interest,Caceis booked the monthend interest for SD 02-26-2021. Integrata yet to book,1797846208,1797846208,4551456423,-590882299,2021-07-29
12154,,66_455476582_CACEIS,691188181,OB,OB,No-pair,fx wire,Caceis booked the fx wire for SD 07-16-2019. Integrata yet to book,691188181,691188181,4551456423,-590882299,2021-07-29
12155,,6_4551147939_CACEIS,1664874603,OB,OB,No-pair,wire transfer,Caceis booked the wire transfer for SD 12-10-2020. Integrata yet to book,1664874603,1664874603,4551456423,-590882299,2021-07-29
12156,,206_4551023983_CACEIS,1500214046,OB,OB,No-pair,fx wire,Caceis booked the fx wire for SD 09-15-2020. Integrata yet to book,1500214046,1500214046,4551456423,-590882299,2021-07-29
12157,,67_4551436806_CACEIS,2049885896,OB,OB,No-pair,fx wire,Caceis booked the fx wire for SD 07-15-2021. Integrata yet to book,2049885896,2049885896,4551456423,-590882299,2021-07-29
12158,,67_4551354754_CACEIS,1942399546,OB,OB,No-pair,fx wire,Caceis booked the fx wire for SD 05-17-2021. Integrata yet to book,1942399546,1942399546,4551456423,-590882299,2021-07-29
12159,,791_455822501_CACEIS,1235308849,OB,OB,No-pair,fx wire,Caceis booked the fx wire for SD 04-15-2020. Integrata yet to book,1235308849,1235308849,4551456423,-590882299,2021-07-29
12160,,355_455643841_CACEIS,975323427,OB,OB,No-pair,fx wire,Caceis booked the fx wire for SD 11-15-2019. Integrata yet to book,975323427,975323427,4551456423,-590882299,2021-07-29
12161,,41_455973142_CACEIS,1434650069,OB,OB,No-pair,fx wire,Caceis booked the fx wire for SD 08-07-2020. Integrata yet to book,1434650069,1434650069,4551456423,-590882299,2021-07-29
12162,,142_455822501_CACEIS,1235308159,OB,OB,No-pair,wire transfer,Caceis booked the wire transfer for SD 04-14-2020. Integrata yet to book,1235308159,1235308159,4551456423,-590882299,2021-07-29
12163,,363_4551066313_CACEIS,1556876536,OB,OB,No-pair,fx wire,Caceis booked the fx wire for SD 10-15-2020. Integrata yet to book,1556876536,1556876536,4551456423,-590882299,2021-07-29
12164,,159_455669415_CACEIS,1020661922,OB,OB,No-pair,fx wire,Caceis booked the fx wire for SD 12-16-2019. Integrata yet to book,1020661922,1020661922,4551456423,-590882299,2021-07-29
12165,,44_4551127906_CACEIS,1637981926,OB,OB,No-pair,wire transfer,Caceis booked the wire transfer for SD 11-30-2020. Integrata yet to book,1637981926,1637981926,4551456423,-590882299,2021-07-29
12166,,485_4551191593_CACEIS,1722905531,OB,OB,No-pair,fx wire,Caceis booked the fx wire for SD 01-15-2021. Integrata yet to book,1722905531,1722905531,4551456423,-590882299,2021-07-29
12167,,425_455940640_CACEIS,1391596375,OB,OB,No-pair,fx wire,Caceis booked the fx wire for SD 07-15-2020. Integrata yet to book,1391596375,1391596375,4551456423,-590882299,2021-07-29
12168,,53_4551287241_CACEIS,1850449307,OB,OB,No-pair,fx wire,Caceis booked the fx wire for SD 03-26-2021. Integrata yet to book,1850449307,1850449307,4551456423,-590882299,2021-07-29
12169,,21_4551087502_CACEIS,1584326577,OB,OB,No-pair,monthend interest,Caceis booked the monthend interest for SD 10-30-2020. Integrata yet to book,1584326577,1584326577,4551456423,-590882299,2021-07-29
12170,,217_455940640_CACEIS,1391596216,OB,OB,No-pair,fx wire,Caceis booked the fx wire for SD 07-15-2020. Integrata yet to book,1391596216,1391596216,4551456423,-590882299,2021-07-29
12171,,15_4551003590_CACEIS,1473425990,OB,OB,No-pair,monthend interest,Caceis booked the monthend interest for SD 09-01-2020. Integrata yet to book,1473425990,1473425990,4551456423,-590882299,2021-07-29
12172,,91_455590588_CACEIS,883858393,OB,OB,No-pair,fx wire,Caceis booked the fx wire for SD 10-15-2019. Integrata yet to book,883858393,883858393,4551456423,-590882299,2021-07-29
12173,,67_455985296_CACEIS,1449581889,OB,OB,No-pair,fx wire,Caceis booked the fx wire for SD 08-17-2020. Integrata yet to book,1449581889,1449581889,4551456423,-590882299,2021-07-29
12174,,27_4551029716_CACEIS,1508201960,OB,OB,No-pair,wire transfer,Caceis booked the wire transfer for SD 09-18-2020. Integrata yet to book,1508201960,1508201960,4551456423,-590882299,2021-07-29
12175,,33_455777858_CACEIS,1177395842,OB,OB,No-pair,fees,Caceis booked the fees for SD 03-11-2020. Integrata yet to book,1177395842,1177395842,4551456423,-590882299,2021-07-29
12176,,86_4551354754_CACEIS,1942399564,OB,OB,No-pair,fx wire,Caceis booked the fx wire for SD 05-17-2021. Integrata yet to book,1942399564,1942399564,4551456423,-590882299,2021-07-29
12177,,166_455706635_CACEIS,1081907474,OB,OB,No-pair,fx wire,Caceis booked the fx wire for SD 01-15-2020. Integrata yet to book,1081907474,1081907474,4551456423,-590882299,2021-07-29
12178,,39_455879764_CACEIS,1309543690,OB,OB,No-pair,monthend interest,Caceis booked the monthend interest for SD 06-01-2020. Integrata yet to book,1309543690,1309543690,4551456423,-590882299,2021-07-29
12179,,294_4551149959_CACEIS,1667623156,OB,OB,No-pair,fx wire,Caceis booked the fx wire for SD 12-15-2020. Integrata yet to book,1667623156,1667623156,4551456423,-590882299,2021-07-29
12180,,143_455822501_CACEIS,1235308171,OB,OB,No-pair,wire transfer,Caceis booked the wire transfer for SD 04-14-2020. Integrata yet to book,1235308171,1235308171,4551456423,-590882299,2021-07-29
12181,,362_4551232906_CACEIS,1780156776,OB,OB,No-pair,fx wire,Caceis booked the fx wire for SD 02-16-2021. Integrata yet to book,1780156776,1780156776,4551456423,-590882299,2021-07-29
12182,,3_455672797_CACEIS,1026409329,OB,OB,No-pair,proceeds sell,Caceis booked the proceeds sell for SD 12-18-2019. Integrata yet to book,1026409329,1026409329,4551456423,-590882299,2021-07-29
12183,,277_4551354754_CACEIS,1942399636,OB,OB,No-pair,fx wire,Caceis booked the fx wire for SD 05-17-2021. Integrata yet to book,1942399636,1942399636,4551456423,-590882299,2021-07-29
12184,,63_4551229444_CACEIS,1775243116,OB,OB,No-pair,fx wire,Caceis booked the fx wire for SD 02-12-2021. Integrata yet to book,1775243116,1775243116,4551456423,-590882299,2021-07-29
12185,,41_4551127906_CACEIS,1637981921,OB,OB,No-pair,monthend interest,Caceis booked the monthend interest for SD 12-01-2020. Integrata yet to book,1637981921,1637981921,4551456423,-590882299,2021-07-29
12186,,22_455991947_CACEIS,1458094083,OB,OB,No-pair,fx wire,Caceis booked the fx wire for SD 08-21-2020. Integrata yet to book,1458094083,1458094083,4551456423,-590882299,2021-07-29
12187,,42_455973142_CACEIS,1434650091,OB,OB,No-pair,fx wire,Caceis booked the fx wire for SD 08-07-2020. Integrata yet to book,1434650091,1434650091,4551456423,-590882299,2021-07-29
12188,,27_4551145900_CACEIS,1662179003,OB,OB,No-pair,fx wire,Caceis booked the fx wire for SD 12-11-2020. Integrata yet to book,1662179003,1662179003,4551456423,-590882299,2021-07-29
12189,,442_455643841_CACEIS,975323514,OB,OB,No-pair,wire transfer,Caceis booked the wire transfer for SD 11-15-2019. Integrata yet to book,975323514,975323514,4551456423,-590882299,2021-07-29
12190,,532_4551149959_CACEIS,1667623334,OB,OB,No-pair,fx wire,Caceis booked the fx wire for SD 12-15-2020. Integrata yet to book,1667623334,1667623334,4551456423,-590882299,2021-07-29
12191,,95_368123_CACEIS,532374164,OB,OB,No-pair,fx wire,Caceis booked the fx wire for SD 04-15-2019. Integrata yet to book,532374164,532374164,4551456423,-590882299,2021-07-29
12192,,221_455783582_CACEIS,1185159245,OB,OB,No-pair,fx wire,Caceis booked the fx wire for SD 03-16-2020. Integrata yet to book,1185159245,1185159245,4551456423,-590882299,2021-07-29
12193,,145_455822501_CACEIS,1235308194,OB,OB,No-pair,wire transfer,Caceis booked the wire transfer for SD 04-14-2020. Integrata yet to book,1235308194,1235308194,4551456423,-590882299,2021-07-29
12194,,455_455783582_CACEIS,1185159582,OB,OB,No-pair,fx wire,Caceis booked the fx wire for SD 03-16-2020. Integrata yet to book,1185159582,1185159582,4551456423,-590882299,2021-07-29
12195,,8_455764911_CACEIS,1159528247,OB,OB,No-pair,fx wire,Caceis booked the fx wire for SD 03-02-2020. Integrata yet to book,1159528247,1159528247,4551456423,-590882299,2021-07-29
12196,,18_455944496_CACEIS,1396484590,OB,OB,No-pair,proceeds sell,Caceis booked the proceeds sell for SD 07-17-2020. Integrata yet to book,1396484590,1396484590,4551456423,-590882299,2021-07-29
12197,,56_455846205_CACEIS,1265566700,OB,OB,No-pair,fx wire,Caceis booked the fx wire for SD 05-04-2020. Integrata yet to book,1265566700,1265566700,4551456423,-590882299,2021-07-29
12198,,198_4551066313_CACEIS,1556876494,OB,OB,No-pair,fx wire,Caceis booked the fx wire for SD 10-15-2020. Integrata yet to book,1556876494,1556876494,4551456423,-590882299,2021-07-29
12199,,451_4551066313_CACEIS,1556876657,OB,OB,No-pair,fx wire,Caceis booked the fx wire for SD 10-15-2020. Integrata yet to book,1556876657,1556876657,4551456423,-590882299,2021-07-29
12200,,37_4551334292_CACEIS,1911737195,OB,OB,No-pair,monthend interest,Caceis booked the monthend interest for SD 05-01-2021. Integrata yet to book,1911737195,1911737195,4551456423,-590882299,2021-07-29
12201,,29_455982783_CACEIS,1446488985,OB,OB,No-pair,fx wire,Caceis booked the fx wire for SD 08-14-2020. Integrata yet to book,1446488985,1446488985,4551456423,-590882299,2021-07-29
12202,,57_4551254304_CACEIS,1807385739,OB,OB,No-pair,wire transfer,Caceis booked the wire transfer for SD 03-02-2021. Integrata yet to book,1807385739,1807385739,4551456423,-590882299,2021-07-29
12203,,77_4551436806_CACEIS,2049885880,OB,OB,No-pair,fx wire,Caceis booked the fx wire for SD 07-15-2021. Integrata yet to book,2049885880,2049885880,4551456423,-590882299,2021-07-29
12204,,195_4551210754_CACEIS,1748958304,OB,OB,No-pair,fx wire,Caceis booked the fx wire for SD 01-29-2021. Integrata yet to book,1748958304,1748958304,4551456423,-590882299,2021-07-29
12205,,194_455783582_CACEIS,1185159230,OB,OB,No-pair,fx wire,Caceis booked the fx wire for SD 03-16-2020. Integrata yet to book,1185159230,1185159230,4551456423,-590882299,2021-07-29
12206,,252_4551436806_CACEIS,2049886010,OB,OB,No-pair,fx wire,Caceis booked the fx wire for SD 07-15-2021. Integrata yet to book,2049886010,2049886010,4551456423,-590882299,2021-07-29
12207,,53_455676391_CACEIS,1031864593,OB,OB,No-pair,wire transfer,Caceis booked the wire transfer for SD 12-20-2019. Integrata yet to book,1031864593,1031864593,4551456423,-590882299,2021-07-29
12208,,3_316753_CACEIS,453176684,OB,OB,No-pair,fx wire,Caceis booked the fx wire for SD 03-01-2019. Integrata yet to book,453176684,453176684,4551456423,-590882299,2021-07-29
12209,,15_455777858_CACEIS,1177395642,OB,OB,No-pair,fees,Caceis booked the fees for SD 03-11-2020. Integrata yet to book,1177395642,1177395642,4551456423,-590882299,2021-07-29
12210,,515_4551149959_CACEIS,1667623336,OB,OB,No-pair,fx wire,Caceis booked the fx wire for SD 12-15-2020. Integrata yet to book,1667623336,1667623336,4551456423,-590882299,2021-07-29
12211,,41_455688261_CACEIS,1053516765,OB,OB,No-pair,monthend interest,Caceis booked the monthend interest for SD 01-01-2020. Integrata yet to book,1053516765,1053516765,4551456423,-590882299,2021-07-29
12212,,37_455982783_CACEIS,1446488989,OB,OB,No-pair,fx wire,Caceis booked the fx wire for SD 08-14-2020. Integrata yet to book,1446488989,1446488989,4551456423,-590882299,2021-07-29
12213,,502_455783582_CACEIS,1185159694,OB,OB,No-pair,fx wire,Caceis booked the fx wire for SD 03-16-2020. Integrata yet to book,1185159694,1185159694,4551456423,-590882299,2021-07-29
12214,,57_4551023983_CACEIS,1500213826,OB,OB,No-pair,fx wire,Caceis booked the fx wire for SD 09-15-2020. Integrata yet to book,1500213826,1500213826,4551456423,-590882299,2021-07-29
12215,,70_4551109218_CACEIS,1613286684,OB,OB,No-pair,fx wire,Caceis booked the fx wire for SD 11-16-2020. Integrata yet to book,1613286684,1613286684,4551456423,-590882299,2021-07-29
12216,,104_4551149959_CACEIS,1667622970,OB,OB,No-pair,fx wire,Caceis booked the fx wire for SD 12-15-2020. Integrata yet to book,1667622970,1667622970,4551456423,-590882299,2021-07-29
12217,,508_455643841_CACEIS,975323580,OB,OB,No-pair,wire transfer,Caceis booked the wire transfer for SD 11-15-2019. Integrata yet to book,975323580,975323580,4551456423,-590882299,2021-07-29
12218,,23_4551145900_CACEIS,1662178996,OB,OB,No-pair,fx wire,Caceis booked the fx wire for SD 12-11-2020. Integrata yet to book,1662178996,1662178996,4551456423,-590882299,2021-07-29
12219,,441_455783582_CACEIS,1185159569,OB,OB,No-pair,fx wire,Caceis booked the fx wire for SD 03-16-2020. Integrata yet to book,1185159569,1185159569,4551456423,-590882299,2021-07-29
12220,,30_455777858_CACEIS,1177395816,OB,OB,No-pair,fees,Caceis booked the fees for SD 03-11-2020. Integrata yet to book,1177395816,1177395816,4551456423,-590882299,2021-07-29
12221,,100_455753887_CACEIS,1143364855,OB,OB,No-pair,fx wire,Caceis booked the fx wire for SD 02-21-2020. Integrata yet to book,1143364855,1143364855,4551456423,-590882299,2021-07-29
12222,,20_4551134044_CACEIS,1646944684,OB,OB,No-pair,wire transfer,Caceis booked the wire transfer for SD 12-03-2020. Integrata yet to book,1646944684,1646944684,4551456423,-590882299,2021-07-29
12223,,3_4551220415_CACEIS,1761955896,OB,OB,No-pair,fx wire,Caceis booked the fx wire for SD 02-05-2021. Integrata yet to book,1761955896,1761955896,4551456423,-590882299,2021-07-29
12224,,254_455748445_CACEIS,1136275240,OB,OB,No-pair,fx wire,Caceis booked the fx wire for SD 02-18-2020. Integrata yet to book,1136275240,1136275240,4551456423,-590882299,2021-07-29
12225,,141_455822501_CACEIS,1235308119,OB,OB,No-pair,wire transfer,Caceis booked the wire transfer for SD 04-14-2020. Integrata yet to book,1235308119,1235308119,4551456423,-590882299,2021-07-29
12226,,202_4551354754_CACEIS,1942399598,OB,OB,No-pair,wire transfer,Caceis booked the wire transfer for SD 04-28-2021. Integrata yet to book,1942399598,1942399598,4551456423,-590882299,2021-07-29
12227,,47_455669415_CACEIS,1020661869,OB,OB,No-pair,fx wire,Caceis booked the fx wire for SD 12-16-2019. Integrata yet to book,1020661869,1020661869,4551456423,-590882299,2021-07-29
12228,,53_4551254304_CACEIS,1807385730,OB,OB,No-pair,wire transfer,Caceis booked the wire transfer for SD 03-02-2021. Integrata yet to book,1807385730,1807385730,4551456423,-590882299,2021-07-29
12229,,545_4551109218_CACEIS,1613287173,OB,OB,No-pair,fx wire,Caceis booked the fx wire for SD 11-16-2020. Integrata yet to book,1613287173,1613287173,4551456423,-590882299,2021-07-29
12230,,329_455590588_CACEIS,883858385,OB,OB,No-pair,fx wire,Caceis booked the fx wire for SD 10-15-2019. Integrata yet to book,883858385,883858385,4551456423,-590882299,2021-07-29
12231,,135_455900053_CACEIS,1336713385,OB,OB,No-pair,fx wire,Caceis booked the fx wire for SD 06-15-2020. Integrata yet to book,1336713385,1336713385,4551456423,-590882299,2021-07-29
12232,,455_455862625_CACEIS,1287003595,OB,OB,No-pair,fx wire,Caceis booked the fx wire for SD 05-15-2020. Integrata yet to book,1287003595,1287003595,4551456423,-590882299,2021-07-29
12233,,1352_455643841_CACEIS,975324424,OB,OB,No-pair,fx wire,Caceis booked the fx wire for SD 11-15-2019. Integrata yet to book,975324424,975324424,4551456423,-590882299,2021-07-29
12234,,61_4551109218_CACEIS,1613286657,OB,OB,No-pair,fx wire,Caceis booked the fx wire for SD 11-16-2020. Integrata yet to book,1613286657,1613286657,4551456423,-590882299,2021-07-29
12235,,27_4551248485_CACEIS,1800039470,OB,OB,No-pair,monthend interest,Caceis booked the monthend interest for SD 03-01-2021. Integrata yet to book,1800039470,1800039470,4551456423,-590882299,2021-07-29
12236,,412_4551023983_CACEIS,1500214265,OB,OB,No-pair,fx wire,Caceis booked the fx wire for SD 09-15-2020. Integrata yet to book,1500214265,1500214265,4551456423,-590882299,2021-07-29
12237,,67_4551269721_CACEIS,1827473907,OB,OB,No-pair,fx wire,Caceis booked the fx wire for SD 03-15-2021. Integrata yet to book,1827473907,1827473907,4551456423,-590882299,2021-07-29
12238,,79_4551097416_CACEIS,1597270289,OB,OB,No-pair,fx wire,Caceis booked the fx wire for SD 11-06-2020. Integrata yet to book,1597270289,1597270289,4551456423,-590882299,2021-07-29
12239,,113_4551248485_CACEIS,1800039506,OB,OB,No-pair,fx wire,Caceis booked the fx wire for SD 02-26-2021. Integrata yet to book,1800039506,1800039506,4551456423,-590882299,2021-07-29
12240,,70_455726980_CACEIS,1107942673,OB,OB,No-pair,monthend interest,Caceis booked the monthend interest for SD 02-01-2020. Integrata yet to book,1107942673,1107942673,4551456423,-590882299,2021-07-29
12241,,11_4551216613_CACEIS,1756801987,OB,OB,No-pair,wire transfer,Caceis booked the wire transfer for SD 02-03-2021. Integrata yet to book,1756801987,1756801987,4551456423,-590882299,2021-07-29
12242,,9_4551101474_CACEIS,1602589080,OB,OB,No-pair,wire transfer,Caceis booked the wire transfer for SD 11-10-2020. Integrata yet to book,1602589080,1602589080,4551456423,-590882299,2021-07-29
12243,,18_455963450_CACEIS,1421777880,OB,OB,No-pair,monthend interest,Caceis booked the monthend interest for SD 08-01-2020. Integrata yet to book,1421777880,1421777880,4551456423,-590882299,2021-07-29
12244,,156_455822501_CACEIS,1235308059,OB,OB,No-pair,wire transfer,Caceis booked the wire transfer for SD 04-14-2020. Integrata yet to book,1235308059,1235308059,4551456423,-590882299,2021-07-29
12245,,7_455977022_CACEIS,1439406717,OB,OB,No-pair,wire transfer,Caceis booked the wire transfer for SD 08-11-2020. Integrata yet to book,1439406717,1439406717,4551456423,-590882299,2021-07-29
12246,,681_455862625_CACEIS,1287005056,OB,OB,No-pair,fx wire,Caceis booked the fx wire for SD 05-15-2020. Integrata yet to book,1287005056,1287005056,4551456423,-590882299,2021-07-29
12247,,139_455742022_CACEIS,1127725717,OB,OB,No-pair,wire transfer,Caceis booked the wire transfer for SD 02-12-2020. Integrata yet to book,1127725717,1127725717,4551456423,-590882299,2021-07-29
12248,,62_455862625_CACEIS,1287002891,OB,OB,No-pair,fx wire,Caceis booked the fx wire for SD 05-15-2020. Integrata yet to book,1287002891,1287002891,4551456423,-590882299,2021-07-29
12249,,188_455862625_CACEIS,1287002906,OB,OB,No-pair,fx wire,Caceis booked the fx wire for SD 05-15-2020. Integrata yet to book,1287002906,1287002906,4551456423,-590882299,2021-07-29
12250,,654_4551232906_CACEIS,1780157042,OB,OB,No-pair,fx wire,Caceis booked the fx wire for SD 02-16-2021. Integrata yet to book,1780157042,1780157042,4551456423,-590882299,2021-07-29
12251,,29_455985296_CACEIS,1449581717,OB,OB,No-pair,fx wire,Caceis booked the fx wire for SD 08-17-2020. Integrata yet to book,1449581717,1449581717,4551456423,-590882299,2021-07-29
12252,,2_4551220415_CACEIS,1761955859,OB,OB,No-pair,wire transfer,Caceis booked the wire transfer for SD 02-05-2021. Integrata yet to book,1761955859,1761955859,4551456423,-590882299,2021-07-29
12253,,130_455742022_CACEIS,1127725733,OB,OB,No-pair,wire transfer,Caceis booked the wire transfer for SD 02-12-2020. Integrata yet to book,1127725733,1127725733,4551456423,-590882299,2021-07-29
12254,,4_4551390838_CACEIS,1992497434,OB,OB,No-pair,fx wire,Caceis booked the fx wire for SD 06-11-2021. Integrata yet to book,1992497434,1992497434,4551456423,-590882299,2021-07-29
12255,,89_455985296_CACEIS,1449581844,OB,OB,No-pair,fx wire,Caceis booked the fx wire for SD 08-17-2020. Integrata yet to book,1449581844,1449581844,4551456423,-590882299,2021-07-29
12256,,150_455822501_CACEIS,1235308147,OB,OB,No-pair,wire transfer,Caceis booked the wire transfer for SD 04-14-2020. Integrata yet to book,1235308147,1235308147,4551456423,-590882299,2021-07-29
12257,,63_455688261_CACEIS,1053516647,OB,OB,No-pair,proceeds sell,Caceis booked the proceeds sell for SD 12-31-2019. Integrata yet to book,1053516647,1053516647,4551456423,-590882299,2021-07-29
12258,,398_4551066313_CACEIS,1556876690,OB,OB,No-pair,fx wire,Caceis booked the fx wire for SD 10-15-2020. Integrata yet to book,1556876690,1556876690,4551456423,-590882299,2021-07-29
12259,,4_455690056_CACEIS,1057181222,OB,OB,No-pair,wire transfer,Caceis booked the wire transfer for SD 01-02-2020. Integrata yet to book,1057181222,1057181222,4551456423,-590882299,2021-07-29
12260,,496_455783582_CACEIS,1185159693,OB,OB,No-pair,fx wire,Caceis booked the fx wire for SD 03-16-2020. Integrata yet to book,1185159693,1185159693,4551456423,-590882299,2021-07-29
12261,,68_455688261_CACEIS,1053516742,OB,OB,No-pair,wire transfer,Caceis booked the wire transfer for SD 12-31-2019. Integrata yet to book,1053516742,1053516742,4551456423,-590882299,2021-07-29
12262,,29_455777858_CACEIS,1177395776,OB,OB,No-pair,fees,Caceis booked the fees for SD 03-11-2020. Integrata yet to book,1177395776,1177395776,4551456423,-590882299,2021-07-29
12263,,93_455985296_CACEIS,1449581750,OB,OB,No-pair,fx wire,Caceis booked the fx wire for SD 08-17-2020. Integrata yet to book,1449581750,1449581750,4551456423,-590882299,2021-07-29
12264,,137_455822501_CACEIS,1235308049,OB,OB,No-pair,wire transfer,Caceis booked the wire transfer for SD 04-14-2020. Integrata yet to book,1235308049,1235308049,4551456423,-590882299,2021-07-29
12265,,10_4551390838_CACEIS,1992497435,OB,OB,No-pair,fx wire,Caceis booked the fx wire for SD 06-11-2021. Integrata yet to book,1992497435,1992497435,4551456423,-590882299,2021-07-29
12266,,539_455783582_CACEIS,1185159707,OB,OB,No-pair,fx wire,Caceis booked the fx wire for SD 03-16-2020. Integrata yet to book,1185159707,1185159707,4551456423,-590882299,2021-07-29
12267,,113_455742022_CACEIS,1127725660,OB,OB,No-pair,wire transfer,Caceis booked the wire transfer for SD 02-12-2020. Integrata yet to book,1127725660,1127725660,4551456423,-590882299,2021-07-29
12268,,4_4551220415_CACEIS,1761955891,OB,OB,No-pair,wire transfer,Caceis booked the wire transfer for SD 02-05-2021. Integrata yet to book,1761955891,1761955891,4551456423,-590882299,2021-07-29
12269,,128_4551264332_CACEIS,1819946008,OB,OB,No-pair,wire transfer,Caceis booked the wire transfer for SD 03-10-2021. Integrata yet to book,1819946008,1819946008,4551456423,-590882299,2021-07-29
12270,,15_455764911_CACEIS,1159528254,OB,OB,No-pair,wire transfer,Caceis booked the wire transfer for SD 03-02-2020. Integrata yet to book,1159528254,1159528254,4551456423,-590882299,2021-07-29
12271,,107_455442954_CACEIS,637183946,OB,OB,No-pair,fx wire,Caceis booked the fx wire for SD 06-17-2019. Integrata yet to book,637183946,637183946,4551456423,-590882299,2021-07-29
12272,,429_4551109218_CACEIS,1613287079,OB,OB,No-pair,fx wire,Caceis booked the fx wire for SD 11-16-2020. Integrata yet to book,1613287079,1613287079,4551456423,-590882299,2021-07-29
12273,,27_455777858_CACEIS,1177395751,OB,OB,No-pair,fees,Caceis booked the fees for SD 03-11-2020. Integrata yet to book,1177395751,1177395751,4551456423,-590882299,2021-07-29
12274,,476_4551066313_CACEIS,1556876654,OB,OB,No-pair,fx wire,Caceis booked the fx wire for SD 10-15-2020. Integrata yet to book,1556876654,1556876654,4551456423,-590882299,2021-07-29
12275,,55_4551229444_CACEIS,1775243136,OB,OB,No-pair,fx wire,Caceis booked the fx wire for SD 02-12-2021. Integrata yet to book,1775243136,1775243136,4551456423,-590882299,2021-07-29
12276,,120_455742022_CACEIS,1127725677,OB,OB,No-pair,wire transfer,Caceis booked the wire transfer for SD 02-12-2020. Integrata yet to book,1127725677,1127725677,4551456423,-590882299,2021-07-29
12277,,10_455605017_CACEIS,907407252,OB,OB,No-pair,fx wire,Caceis booked the fx wire for SD 10-25-2019. Integrata yet to book,907407252,907407252,4551456423,-590882299,2021-07-29
12278,,456_4551066313_CACEIS,1556876702,OB,OB,No-pair,fx wire,Caceis booked the fx wire for SD 10-15-2020. Integrata yet to book,1556876702,1556876702,4551456423,-590882299,2021-07-29
12279,,312_455590588_CACEIS,883858360,OB,OB,No-pair,fx wire,Caceis booked the fx wire for SD 10-15-2019. Integrata yet to book,883858360,883858360,4551456423,-590882299,2021-07-29
12280,,250_455985296_CACEIS,1449582077,OB,OB,No-pair,fx wire,Caceis booked the fx wire for SD 08-17-2020. Integrata yet to book,1449582077,1449582077,4551456423,-590882299,2021-07-29
12281,,425_4551109218_CACEIS,1613287041,OB,OB,No-pair,fx wire,Caceis booked the fx wire for SD 11-16-2020. Integrata yet to book,1613287041,1613287041,4551456423,-590882299,2021-07-29
12282,,32_455777858_CACEIS,1177395830,OB,OB,No-pair,fees,Caceis booked the fees for SD 03-11-2020. Integrata yet to book,1177395830,1177395830,4551456423,-590882299,2021-07-29
12283,,777_455643841_CACEIS,975323849,OB,OB,No-pair,fx wire,Caceis booked the fx wire for SD 11-01-2019. Integrata yet to book,975323849,975323849,4551456423,-590882299,2021-07-29
12284,,78_4551248485_CACEIS,1800039416,OB,OB,No-pair,fx wire,Caceis booked the fx wire for SD 02-26-2021. Integrata yet to book,1800039416,1800039416,4551456423,-590882299,2021-07-29
12285,,66_455706635_CACEIS,1081907349,OB,OB,No-pair,fx wire,Caceis booked the fx wire for SD 01-15-2020. Integrata yet to book,1081907349,1081907349,4551456423,-590882299,2021-07-29
12286,,105_4551191593_CACEIS,1722905032,OB,OB,No-pair,fx wire,Caceis booked the fx wire for SD 01-15-2021. Integrata yet to book,1722905032,1722905032,4551456423,-590882299,2021-07-29
12287,,139_455822501_CACEIS,1235308071,OB,OB,No-pair,wire transfer,Caceis booked the wire transfer for SD 04-14-2020. Integrata yet to book,1235308071,1235308071,4551456423,-590882299,2021-07-29
12288,,25_455777858_CACEIS,1177395728,OB,OB,No-pair,fees,Caceis booked the fees for SD 03-11-2020. Integrata yet to book,1177395728,1177395728,4551456423,-590882299,2021-07-29
12289,,304_455669415_CACEIS,1020662069,OB,OB,No-pair,fx wire,Caceis booked the fx wire for SD 12-16-2019. Integrata yet to book,1020662069,1020662069,4551456423,-590882299,2021-07-29
12290,,20_455790609_CACEIS,1194036424,OB,OB,No-pair,wire transfer,Caceis booked the wire transfer for SD 03-20-2020. Integrata yet to book,1194036424,1194036424,4551456423,-590882299,2021-07-29
12291,,117_4551191593_CACEIS,1722905162,OB,OB,No-pair,fx wire,Caceis booked the fx wire for SD 01-15-2021. Integrata yet to book,1722905162,1722905162,4551456423,-590882299,2021-07-29
12292,,74_4551023983_CACEIS,1500213872,OB,OB,No-pair,fx wire,Caceis booked the fx wire for SD 09-15-2020. Integrata yet to book,1500213872,1500213872,4551456423,-590882299,2021-07-29
12293,,6_455826113_CACEIS,1239393721,OB,OB,No-pair,fx wire,Caceis booked the fx wire for SD 04-17-2020. Integrata yet to book,1239393721,1239393721,4551456423,-590882299,2021-07-29
12294,,367_455590588_CACEIS,883858370,OB,OB,No-pair,fx wire,Caceis booked the fx wire for SD 10-15-2019. Integrata yet to book,883858370,883858370,4551456423,-590882299,2021-07-29
12295,,3_455848077_CACEIS,1267869761,OB,OB,No-pair,wire transfer,Caceis booked the wire transfer for SD 05-05-2020. Integrata yet to book,1267869761,1267869761,4551456423,-590882299,2021-07-29
12296,,150_4551264332_CACEIS,1819946018,OB,OB,No-pair,wire transfer,Caceis booked the wire transfer for SD 03-10-2021. Integrata yet to book,1819946018,1819946018,4551456423,-590882299,2021-07-29
12297,,3_455963450_CACEIS,1421777702,OB,OB,No-pair,monthend interest,Caceis booked the monthend interest for SD 08-01-2020. Integrata yet to book,1421777702,1421777702,4551456423,-590882299,2021-07-29
12298,,276_4551149959_CACEIS,1667623105,OB,OB,No-pair,fx wire,Caceis booked the fx wire for SD 12-15-2020. Integrata yet to book,1667623105,1667623105,4551456423,-590882299,2021-07-29
12299,,1_455848077_CACEIS,1267869759,OB,OB,No-pair,wire transfer,Caceis booked the wire transfer for SD 05-05-2020. Integrata yet to book,1267869759,1267869759,4551456423,-590882299,2021-07-29
12300,,3_4551020261_CACEIS,1495478233,OB,OB,No-pair,wire transfer,Caceis booked the wire transfer for SD 09-11-2020. Integrata yet to book,1495478233,1495478233,4551456423,-590882299,2021-07-29
12301,,703_4551232906_CACEIS,1780157124,OB,OB,No-pair,fx wire,Caceis booked the fx wire for SD 02-16-2021. Integrata yet to book,1780157124,1780157124,4551456423,-590882299,2021-07-29
12302,,77_4551248485_CACEIS,1800039402,OB,OB,No-pair,fx wire,Caceis booked the fx wire for SD 02-26-2021. Integrata yet to book,1800039402,1800039402,4551456423,-590882299,2021-07-29
12303,,8_455704911_CACEIS,1079699214,OB,OB,No-pair,wire transfer,Caceis booked the wire transfer for SD 01-14-2020. Integrata yet to book,1079699214,1079699214,4551456423,-590882299,2021-07-29
12304,,421_4551023983_CACEIS,1500214227,OB,OB,No-pair,fx wire,Caceis booked the fx wire for SD 09-15-2020. Integrata yet to book,1500214227,1500214227,4551456423,-590882299,2021-07-29
12305,,17_455753887_CACEIS,1143364777,OB,OB,No-pair,fx wire,Caceis booked the fx wire for SD 02-21-2020. Integrata yet to book,1143364777,1143364777,4551456423,-590882299,2021-07-29
12306,,108_455748445_CACEIS,1136275036,OB,OB,No-pair,fx wire,Caceis booked the fx wire for SD 02-18-2020. Integrata yet to book,1136275036,1136275036,4551456423,-590882299,2021-07-29
12307,,39_455762980_CACEIS,1156897726,OB,OB,No-pair,monthend interest,Caceis booked the monthend interest for SD 03-01-2020. Integrata yet to book,1156897726,1156897726,4551456423,-590882299,2021-07-29
12308,,24_455777858_CACEIS,1177395715,OB,OB,No-pair,fees,Caceis booked the fees for SD 03-11-2020. Integrata yet to book,1177395715,1177395715,4551456423,-590882299,2021-07-29
12309,,361_4551066313_CACEIS,1556876608,OB,OB,No-pair,fx wire,Caceis booked the fx wire for SD 10-15-2020. Integrata yet to book,1556876608,1556876608,4551456423,-590882299,2021-07-29
12310,,4_455848077_CACEIS,1267869762,OB,OB,No-pair,wire transfer,Caceis booked the wire transfer for SD 05-05-2020. Integrata yet to book,1267869762,1267869762,4551456423,-590882299,2021-07-29
12311,,33_455842390_CACEIS,1260634985,OB,OB,No-pair,wire transfer,Caceis booked the wire transfer for SD 04-30-2020. Integrata yet to book,1260634985,1260634985,4551456423,-590882299,2021-07-29
12312,,87_455649350_CACEIS,985331629,OB,OB,No-pair,fx wire,Caceis booked the fx wire for SD 11-29-2019. Integrata yet to book,985331629,985331629,4551456423,-590882299,2021-07-29
12313,,77_455762980_CACEIS,1156897766,OB,OB,No-pair,wire transfer,Caceis booked the wire transfer for SD 02-28-2020. Integrata yet to book,1156897766,1156897766,4551456423,-590882299,2021-07-29
12314,,125_455742022_CACEIS,1127725705,OB,OB,No-pair,wire transfer,Caceis booked the wire transfer for SD 02-12-2020. Integrata yet to book,1127725705,1127725705,4551456423,-590882299,2021-07-29
12315,,1_455786827_CACEIS,1189482626,OB,OB,No-pair,wire transfer,Caceis booked the wire transfer for SD 03-18-2020. Integrata yet to book,1189482626,1189482626,4551456423,-590882299,2021-07-29
12316,,524_455783582_CACEIS,1185159586,OB,OB,No-pair,fx wire,Caceis booked the fx wire for SD 03-16-2020. Integrata yet to book,1185159586,1185159586,4551456423,-590882299,2021-07-29
12317,,543_4551149959_CACEIS,1667623277,OB,OB,No-pair,fx wire,Caceis booked the fx wire for SD 12-15-2020. Integrata yet to book,1667623277,1667623277,4551456423,-590882299,2021-07-29
12318,,63_455900053_CACEIS,1336713472,OB,OB,No-pair,fx wire,Caceis booked the fx wire for SD 06-15-2020. Integrata yet to book,1336713472,1336713472,4551456423,-590882299,2021-07-29
12319,,414_4551191593_CACEIS,1722905401,OB,OB,No-pair,fx wire,Caceis booked the fx wire for SD 01-15-2021. Integrata yet to book,1722905401,1722905401,4551456423,-590882299,2021-07-29
12320,,140_4551264332_CACEIS,1819946070,OB,OB,No-pair,wire transfer,Caceis booked the wire transfer for SD 03-10-2021. Integrata yet to book,1819946070,1819946070,4551456423,-590882299,2021-07-29
12321,,62_4551087502_CACEIS,1584326606,OB,OB,No-pair,fx wire,Caceis booked the fx wire for SD 10-30-2020. Integrata yet to book,1584326606,1584326606,4551456423,-590882299,2021-07-29
12322,,98_4551109218_CACEIS,1613286606,OB,OB,No-pair,fx wire,Caceis booked the fx wire for SD 11-16-2020. Integrata yet to book,1613286606,1613286606,4551456423,-590882299,2021-07-29
12323,,122_455748445_CACEIS,1136275041,OB,OB,No-pair,fx wire,Caceis booked the fx wire for SD 02-18-2020. Integrata yet to book,1136275041,1136275041,4551456423,-590882299,2021-07-29
12324,,158_455963450_CACEIS,1421777779,OB,OB,No-pair,monthend interest,Caceis booked the monthend interest for SD 08-01-2020. Integrata yet to book,1421777779,1421777779,4551456423,-590882299,2021-07-29
12325,,64_455605017_CACEIS,907407267,OB,OB,No-pair,fx wire,Caceis booked the fx wire for SD 10-25-2019. Integrata yet to book,907407267,907407267,4551456423,-590882299,2021-07-29
12326,,37_455777858_CACEIS,1177395628,OB,OB,No-pair,fees,Caceis booked the fees for SD 03-11-2020. Integrata yet to book,1177395628,1177395628,4551456423,-590882299,2021-07-29
12327,,23_455871083_CACEIS,1298154310,OB,OB,No-pair,wire transfer,Caceis booked the wire transfer for SD 05-22-2020. Integrata yet to book,1298154310,1298154310,4551456423,-590882299,2021-07-29
12328,,21_455777858_CACEIS,1177395704,OB,OB,No-pair,fees,Caceis booked the fees for SD 03-11-2020. Integrata yet to book,1177395704,1177395704,4551456423,-590882299,2021-07-29
12329,,42_368123_CACEIS,532374009,OB,OB,No-pair,fx wire,Caceis booked the fx wire for SD 04-15-2019. Integrata yet to book,532374009,532374009,4551456423,-590882299,2021-07-29
12330,,149_4551264332_CACEIS,1819946124,OB,OB,No-pair,wire transfer,Caceis booked the wire transfer for SD 03-10-2021. Integrata yet to book,1819946124,1819946124,4551456423,-590882299,2021-07-29
12331,,423_455783582_CACEIS,1185159565,OB,OB,No-pair,fx wire,Caceis booked the fx wire for SD 03-16-2020. Integrata yet to book,1185159565,1185159565,4551456423,-590882299,2021-07-29
12332,,678_4551232906_CACEIS,1780157156,OB,OB,No-pair,fx wire,Caceis booked the fx wire for SD 02-16-2021. Integrata yet to book,1780157156,1780157156,4551456423,-590882299,2021-07-29
12333,,518_455783582_CACEIS,1185159578,OB,OB,No-pair,fx wire,Caceis booked the fx wire for SD 03-16-2020. Integrata yet to book,1185159578,1185159578,4551456423,-590882299,2021-07-29
12334,,134_455688261_CACEIS,1053516691,OB,OB,No-pair,monthend interest,Caceis booked the monthend interest for SD 01-01-2020. Integrata yet to book,1053516691,1053516691,4551456423,-590882299,2021-07-29
12335,,16_4551035437_CACEIS,1516099536,OB,OB,No-pair,wire transfer,Caceis booked the wire transfer for SD 05-08-2020. Integrata yet to book,1516099536,1516099536,4551456423,-590882299,2021-07-29
12336,,13_4551205068_CACEIS,1740582735,OB,OB,No-pair,wire transfer,Caceis booked the wire transfer for SD 01-26-2021. Integrata yet to book,1740582735,1740582735,4551456423,-590882299,2021-07-29
12337,,34_455777858_CACEIS,1177395882,OB,OB,No-pair,fees,Caceis booked the fees for SD 03-11-2020. Integrata yet to book,1177395882,1177395882,4551456423,-590882299,2021-07-29
12338,,2_455786827_CACEIS,1189482627,OB,OB,No-pair,wire transfer,Caceis booked the wire transfer for SD 03-18-2020. Integrata yet to book,1189482627,1189482627,4551456423,-590882299,2021-07-29
12339,,138_4551264332_CACEIS,1819946017,OB,OB,No-pair,wire transfer,Caceis booked the wire transfer for SD 03-10-2021. Integrata yet to book,1819946017,1819946017,4551456423,-590882299,2021-07-29
12340,,12_4551125930_CACEIS,1635426517,OB,OB,No-pair,fx wire,Caceis booked the fx wire for SD 11-27-2020. Integrata yet to book,1635426517,1635426517,4551456423,-590882299,2021-07-29
12341,,404_4551109218_CACEIS,1613286939,OB,OB,No-pair,fx wire,Caceis booked the fx wire for SD 11-16-2020. Integrata yet to book,1613286939,1613286939,4551456423,-590882299,2021-07-29
12342,,117_4551060531_CACEIS,1548950675,OB,OB,No-pair,fees,Caceis booked the fees for SD 10-12-2020. Integrata yet to book,1548950675,1548950675,4551456423,-590882299,2021-07-29
12343,,315_455669415_CACEIS,1020662081,OB,OB,No-pair,fx wire,Caceis booked the fx wire for SD 12-16-2019. Integrata yet to book,1020662081,1020662081,4551456423,-590882299,2021-07-29
12344,,11_455925203_CACEIS,1371183616,OB,OB,No-pair,wire transfer,Caceis booked the wire transfer for SD 07-03-2020. Integrata yet to book,1371183616,1371183616,4551456423,-590882299,2021-07-29
12345,,61_4551087502_CACEIS,1584326600,OB,OB,No-pair,fx wire,Caceis booked the fx wire for SD 10-30-2020. Integrata yet to book,1584326600,1584326600,4551456423,-590882299,2021-07-29
12346,,370_4551023983_CACEIS,1500214039,OB,OB,No-pair,fx wire,Caceis booked the fx wire for SD 09-15-2020. Integrata yet to book,1500214039,1500214039,4551456423,-590882299,2021-07-29
12347,,9_455871083_CACEIS,1298154316,OB,OB,No-pair,fx wire,Caceis booked the fx wire for SD 05-22-2020. Integrata yet to book,1298154316,1298154316,4551456423,-590882299,2021-07-29
12348,,7_4551372778_CACEIS,1969041939,OB,OB,No-pair,fx wire,Caceis booked the fx wire for SD 05-28-2021. Integrata yet to book,1969041939,1969041939,4551456423,-590882299,2021-07-29
12349,,28_4551035437_CACEIS,1516099538,OB,OB,No-pair,wire transfer,Caceis booked the wire transfer for SD 05-08-2020. Integrata yet to book,1516099538,1516099538,4551456423,-590882299,2021-07-29
12350,,23_4551411869_CACEIS,2018959587,OB,OB,No-pair,proceeds sell,Caceis booked the proceeds sell for SD 06-28-2021. Integrata yet to book,2018959587,2018959587,4551456423,-590882299,2021-07-29
12351,,592_4551232906_CACEIS,1780156950,OB,OB,No-pair,fx wire,Caceis booked the fx wire for SD 02-16-2021. Integrata yet to book,1780156950,1780156950,4551456423,-590882299,2021-07-29
12352,,557_455783582_CACEIS,1185159598,OB,OB,No-pair,fx wire,Caceis booked the fx wire for SD 03-16-2020. Integrata yet to book,1185159598,1185159598,4551456423,-590882299,2021-07-29
12353,,37_306589_CACEIS,433998201,OB,OB,No-pair,fx wire,Caceis booked the fx wire for SD 02-15-2019. Integrata yet to book,433998201,433998201,4551456423,-590882299,2021-07-29
12354,,147_4551191593_CACEIS,1722905107,OB,OB,No-pair,fx wire,Caceis booked the fx wire for SD 01-15-2021. Integrata yet to book,1722905107,1722905107,4551456423,-590882299,2021-07-29
12355,,103_4551436806_CACEIS,2049885769,OB,OB,No-pair,fx wire,Caceis booked the fx wire for SD 07-15-2021. Integrata yet to book,2049885769,2049885769,4551456423,-590882299,2021-07-29
12356,,7_333062_CACEIS,479846735,OB,OB,No-pair,fx wire,Caceis booked the fx wire for SD 03-15-2019. Integrata yet to book,479846735,479846735,4551456423,-590882299,2021-07-29
12357,,40_455861455_CACEIS,1285500787,OB,OB,No-pair,fees,Caceis booked the fees for SD 05-12-2020. Integrata yet to book,1285500787,1285500787,4551456423,-590882299,2021-07-29
12358,,331_455590588_CACEIS,883858717,OB,OB,No-pair,fx wire,Caceis booked the fx wire for SD 10-15-2019. Integrata yet to book,883858717,883858717,4551456423,-590882299,2021-07-29
12359,,55_4551023983_CACEIS,1500213825,OB,OB,No-pair,fx wire,Caceis booked the fx wire for SD 09-15-2020. Integrata yet to book,1500213825,1500213825,4551456423,-590882299,2021-07-29
12360,,24_4551068550_CACEIS,1559437451,OB,OB,No-pair,fx wire,Caceis booked the fx wire for SD 10-16-2020. Integrata yet to book,1559437451,1559437451,4551456423,-590882299,2021-07-29
12361,,4_357741_CACEIS,516521692,OB,OB,No-pair,fx wire,Caceis booked the fx wire for SD 04-05-2019. Integrata yet to book,516521692,516521692,4551456423,-590882299,2021-07-29
12362,,17_4551157661_CACEIS,1677770289,OB,OB,No-pair,proceeds sell,Caceis booked the proceeds sell for SD 12-21-2020. Integrata yet to book,1677770289,1677770289,4551456423,-590882299,2021-07-29
12363,,25_455842390_CACEIS,1260634988,OB,OB,No-pair,monthend interest,Caceis booked the monthend interest for SD 05-01-2020. Integrata yet to book,1260634988,1260634988,4551456423,-590882299,2021-07-29
12364,,39_455861455_CACEIS,1285500786,OB,OB,No-pair,fees,Caceis booked the fees for SD 05-12-2020. Integrata yet to book,1285500786,1285500786,4551456423,-590882299,2021-07-29
12365,,437_455748445_CACEIS,1136275479,OB,OB,No-pair,fx wire,Caceis booked the fx wire for SD 02-18-2020. Integrata yet to book,1136275479,1136275479,4551456423,-590882299,2021-07-29
12366,,114_4551191593_CACEIS,1722905151,OB,OB,No-pair,fx wire,Caceis booked the fx wire for SD 01-15-2021. Integrata yet to book,1722905151,1722905151,4551456423,-590882299,2021-07-29
12367,,58_455748445_CACEIS,1136275022,OB,OB,No-pair,fx wire,Caceis booked the fx wire for SD 02-18-2020. Integrata yet to book,1136275022,1136275022,4551456423,-590882299,2021-07-29
12368,,542_4551109218_CACEIS,1613287121,OB,OB,No-pair,fx wire,Caceis booked the fx wire for SD 11-16-2020. Integrata yet to book,1613287121,1613287121,4551456423,-590882299,2021-07-29
12369,,215_455783582_CACEIS,1185159449,OB,OB,No-pair,fx wire,Caceis booked the fx wire for SD 03-16-2020. Integrata yet to book,1185159449,1185159449,4551456423,-590882299,2021-07-29
12370,,51_4551269721_CACEIS,1827473806,OB,OB,No-pair,fx wire,Caceis booked the fx wire for SD 03-15-2021. Integrata yet to book,1827473806,1827473806,4551456423,-590882299,2021-07-29
12371,,382_4551232906_CACEIS,1780156815,OB,OB,No-pair,fx wire,Caceis booked the fx wire for SD 02-16-2021. Integrata yet to book,1780156815,1780156815,4551456423,-590882299,2021-07-29
12372,,53_455649350_CACEIS,985331623,OB,OB,No-pair,fx wire,Caceis booked the fx wire for SD 11-29-2019. Integrata yet to book,985331623,985331623,4551456423,-590882299,2021-07-29
12373,,448_4551066313_CACEIS,1556876619,OB,OB,No-pair,fx wire,Caceis booked the fx wire for SD 10-15-2020. Integrata yet to book,1556876619,1556876619,4551456423,-590882299,2021-07-29
12374,,287_4551313388_CACEIS,1883527892,OB,OB,No-pair,fx wire,Caceis booked the fx wire for SD 04-15-2021. Integrata yet to book,1883527892,1883527892,4551456423,-590882299,2021-07-29
12375,,46_4551044906_CACEIS,1528403654,OB,OB,No-pair,monthend interest,Caceis booked the monthend interest for SD 10-01-2020. Integrata yet to book,1528403654,1528403654,4551456423,-590882299,2021-07-29
12376,,5_333062_CACEIS,479846732,OB,OB,No-pair,fx wire,Caceis booked the fx wire for SD 03-15-2019. Integrata yet to book,479846732,479846732,4551456423,-590882299,2021-07-29
12377,,4_455953995_CACEIS,1409848144,OB,OB,No-pair,fx wire,Caceis booked the fx wire for SD 07-24-2020. Integrata yet to book,1409848144,1409848144,4551456423,-590882299,2021-07-29
12378,,3_4551456423_CACEIS,2074469248,OB,OB,No-pair,proceeds sell,Caceis booked the proceeds sell for SD 07-29-2021. Integrata yet to book,2074469248,2074469248,4551456423,-590882299,2021-07-29
12379,,318_455590588_CACEIS,883858555,OB,OB,No-pair,fx wire,Caceis booked the fx wire for SD 10-15-2019. Integrata yet to book,883858555,883858555,4551456423,-590882299,2021-07-29
12380,,67_4551039598_CACEIS,1521245928,OB,OB,No-pair,fx wire,Caceis booked the fx wire for SD 09-25-2020. Integrata yet to book,1521245928,1521245928,4551456423,-590882299,2021-07-29
12381,,78_4551023983_CACEIS,1500214066,OB,OB,No-pair,fx wire,Caceis booked the fx wire for SD 09-15-2020. Integrata yet to book,1500214066,1500214066,4551456423,-590882299,2021-07-29
12382,,1_4551228190_CACEIS,1773079444,OB,OB,No-pair,wire transfer,Caceis booked the wire transfer for SD 02-11-2021. Integrata yet to book,1773079444,1773079444,4551456423,-590882299,2021-07-29
12383,,55_4551343376_CACEIS,1925737841,OB,OB,No-pair,fx wire,Caceis booked the fx wire for SD 05-07-2021. Integrata yet to book,1925737841,1925737841,4551456423,-590882299,2021-07-29
12384,,410_455862625_CACEIS,1287003639,OB,OB,No-pair,fx wire,Caceis booked the fx wire for SD 05-15-2020. Integrata yet to book,1287003639,1287003639,4551456423,-590882299,2021-07-29
12385,,18_455577664_CACEIS,861360932,OB,OB,No-pair,wire transfer,Caceis booked the wire transfer for SD 09-30-2019. Integrata yet to book,861360932,861360932,4551456423,-590882299,2021-07-29
12386,,19_455688261_CACEIS,1053516651,OB,OB,No-pair,monthend interest,Caceis booked the monthend interest for SD 01-01-2020. Integrata yet to book,1053516651,1053516651,4551456423,-590882299,2021-07-29
12387,,210_455783582_CACEIS,1185159440,OB,OB,No-pair,fx wire,Caceis booked the fx wire for SD 03-16-2020. Integrata yet to book,1185159440,1185159440,4551456423,-590882299,2021-07-29
12388,,42_267975_CACEIS,368747348,OB,OB,No-pair,fx wire,Caceis booked the fx wire for SD 01-15-2019. Integrata yet to book,368747348,368747348,4551456423,-590882299,2021-07-29
12389,,202_455783582_CACEIS,1185159432,OB,OB,No-pair,fx wire,Caceis booked the fx wire for SD 03-16-2020. Integrata yet to book,1185159432,1185159432,4551456423,-590882299,2021-07-29
12390,,5_455750273_CACEIS,1138650227,OB,OB,No-pair,wire transfer,Caceis booked the wire transfer for SD 02-19-2020. Integrata yet to book,1138650227,1138650227,4551456423,-590882299,2021-07-29
12391,,342_4551023983_CACEIS,1500214187,OB,OB,No-pair,fx wire,Caceis booked the fx wire for SD 09-15-2020. Integrata yet to book,1500214187,1500214187,4551456423,-590882299,2021-07-29
12392,,66_4551394628_CACEIS,1997244605,OB,OB,No-pair,fx wire,Caceis booked the fx wire for SD 06-15-2021. Integrata yet to book,1997244605,1997244605,4551456423,-590882299,2021-07-29
12393,,60_368123_CACEIS,532374077,OB,OB,No-pair,fx wire,Caceis booked the fx wire for SD 04-15-2019. Integrata yet to book,532374077,532374077,4551456423,-590882299,2021-07-29
12394,,251_4551354754_CACEIS,1942399706,OB,OB,No-pair,fx wire,Caceis booked the fx wire for SD 05-17-2021. Integrata yet to book,1942399706,1942399706,4551456423,-590882299,2021-07-29
12395,,21_4551349054_CACEIS,1933657873,OB,OB,No-pair,fees,Caceis booked the fees for SD 05-12-2021. Integrata yet to book,1933657873,1933657873,4551456423,-590882299,2021-07-29
12396,,119_4551354754_CACEIS,1942399487,OB,OB,No-pair,fx wire,Caceis booked the fx wire for SD 05-17-2021. Integrata yet to book,1942399487,1942399487,4551456423,-590882299,2021-07-29
12397,,187_455862625_CACEIS,1287002984,OB,OB,No-pair,fx wire,Caceis booked the fx wire for SD 05-15-2020. Integrata yet to book,1287002984,1287002984,4551456423,-590882299,2021-07-29
12398,,12_4551334292_CACEIS,1911737206,OB,OB,No-pair,fx wire,Caceis booked the fx wire for SD 04-30-2021. Integrata yet to book,1911737206,1911737206,4551456423,-590882299,2021-07-29
12399,,230_4551269721_CACEIS,1827474061,OB,OB,No-pair,fx wire,Caceis booked the fx wire for SD 03-15-2021. Integrata yet to book,1827474061,1827474061,4551456423,-590882299,2021-07-29
12400,,14_286427_CACEIS,402006264,OB,OB,No-pair,wire transfer,Caceis booked the wire transfer for SD 02-01-2019. Integrata yet to book,402006264,402006264,4551456423,-590882299,2021-07-29
12401,,30_455709628_CACEIS,1085770950,OB,OB,No-pair,fx wire,Caceis booked the fx wire for SD 01-17-2020. Integrata yet to book,1085770950,1085770950,4551456423,-590882299,2021-07-29
12402,,209_455669415_CACEIS,1020662050,OB,OB,No-pair,fx wire,Caceis booked the fx wire for SD 12-16-2019. Integrata yet to book,1020662050,1020662050,4551456423,-590882299,2021-07-29
12403,,470_4551066313_CACEIS,1556876765,OB,OB,No-pair,fx wire,Caceis booked the fx wire for SD 10-15-2020. Integrata yet to book,1556876765,1556876765,4551456423,-590882299,2021-07-29
12404,,473_4551066313_CACEIS,1556876774,OB,OB,No-pair,fx wire,Caceis booked the fx wire for SD 10-15-2020. Integrata yet to book,1556876774,1556876774,4551456423,-590882299,2021-07-29
12405,,173_4551023983_CACEIS,1500213907,OB,OB,No-pair,fx wire,Caceis booked the fx wire for SD 09-15-2020. Integrata yet to book,1500213907,1500213907,4551456423,-590882299,2021-07-29
12406,,102_455862625_CACEIS,1287003364,OB,OB,No-pair,fx wire,Caceis booked the fx wire for SD 05-15-2020. Integrata yet to book,1287003364,1287003364,4551456423,-590882299,2021-07-29
12407,,7_4551199693_CACEIS,1732878169,OB,OB,No-pair,wire transfer,Caceis booked the wire transfer for SD 01-21-2021. Integrata yet to book,1732878169,1732878169,4551456423,-590882299,2021-07-29
12408,,65_455803095_CACEIS,1210223495,OB,OB,No-pair,monthend interest,Caceis booked the monthend interest for SD 04-01-2020. Integrata yet to book,1210223495,1210223495,4551456423,-590882299,2021-07-29
12409,,9_4551411869_CACEIS,2018959475,OB,OB,No-pair,fx wire,Caceis booked the fx wire for SD 06-28-2021. Integrata yet to book,2018959475,2018959475,4551456423,-590882299,2021-07-29
12410,,26_4551406212_CACEIS,2011417160,OB,OB,No-pair,wire transfer,Caceis booked the wire transfer for SD 06-23-2021. Integrata yet to book,2011417160,2011417160,4551456423,-590882299,2021-07-29
12411,,2_4551392792_CACEIS,1994925026,OB,OB,No-pair,wire transfer,Caceis booked the wire transfer for SD 06-14-2021. Integrata yet to book,1994925026,1994925026,4551456423,-590882299,2021-07-29
12412,,36_455577664_CACEIS,861360907,OB,OB,No-pair,wire transfer,Caceis booked the wire transfer for SD 10-04-2019. Integrata yet to book,861360907,861360907,4551456423,-590882299,2021-07-29
12413,,18_4551127906_CACEIS,1637981947,OB,OB,No-pair,monthend interest,Caceis booked the monthend interest for SD 12-01-2020. Integrata yet to book,1637981947,1637981947,4551456423,-590882299,2021-07-29
12414,,303_4551232906_CACEIS,1780156668,OB,OB,No-pair,wire transfer,Caceis booked the wire transfer for SD 02-12-2021. Integrata yet to book,1780156668,1780156668,4551456423,-590882299,2021-07-29
12415,,15_4551174457_CACEIS,1699762769,OB,OB,No-pair,fx wire,Caceis booked the fx wire for SD 01-04-2021. Integrata yet to book,1699762769,1699762769,4551456423,-590882299,2021-07-29
12416,,388_455783582_CACEIS,1185159575,OB,OB,No-pair,fx wire,Caceis booked the fx wire for SD 03-16-2020. Integrata yet to book,1185159575,1185159575,4551456423,-590882299,2021-07-29
12417,,435_4551066313_CACEIS,1556876649,OB,OB,No-pair,fx wire,Caceis booked the fx wire for SD 10-15-2020. Integrata yet to book,1556876649,1556876649,4551456423,-590882299,2021-07-29
12418,,3_4551176595_CACEIS,1702419449,OB,OB,No-pair,wire transfer,Caceis booked the wire transfer for SD 01-05-2021. Integrata yet to book,1702419449,1702419449,4551456423,-590882299,2021-07-29
12419,,461_4551109218_CACEIS,1613287063,OB,OB,No-pair,fx wire,Caceis booked the fx wire for SD 11-16-2020. Integrata yet to book,1613287063,1613287063,4551456423,-590882299,2021-07-29
12420,,1_455879764_CACEIS,1309543685,OB,OB,No-pair,monthend interest,Caceis booked the monthend interest for SD 06-01-2020. Integrata yet to book,1309543685,1309543685,4551456423,-590882299,2021-07-29
12421,,2_333062_CACEIS,479846724,OB,OB,No-pair,fx wire,Caceis booked the fx wire for SD 03-15-2019. Integrata yet to book,479846724,479846724,4551456423,-590882299,2021-07-29
12422,,13_4551347247_CACEIS,1931198819,OB,OB,No-pair,wire transfer,Caceis booked the wire transfer for SD 04-28-2021. Integrata yet to book,1931198819,1931198819,4551456423,-590882299,2021-07-29
12423,,79_4551232906_CACEIS,1780156556,OB,OB,No-pair,fx wire,Caceis booked the fx wire for SD 02-16-2021. Integrata yet to book,1780156556,1780156556,4551456423,-590882299,2021-07-29
12424,,12_455753887_CACEIS,1143364819,OB,OB,No-pair,fx wire,Caceis booked the fx wire for SD 02-21-2020. Integrata yet to book,1143364819,1143364819,4551456423,-590882299,2021-07-29
12425,,7_4551044906_CACEIS,1528403608,OB,OB,No-pair,monthend interest,Caceis booked the monthend interest for SD 10-01-2020. Integrata yet to book,1528403608,1528403608,4551456423,-590882299,2021-07-29
12426,,113_4551087502_CACEIS,1584326658,OB,OB,No-pair,monthend interest,Caceis booked the monthend interest for SD 11-01-2020. Integrata yet to book,1584326658,1584326658,4551456423,-590882299,2021-07-29
12427,,434_455783582_CACEIS,1185159609,OB,OB,No-pair,fx wire,Caceis booked the fx wire for SD 03-16-2020. Integrata yet to book,1185159609,1185159609,4551456423,-590882299,2021-07-29
12428,,1_4551326398_CACEIS,1900587942,OB,OB,No-pair,proceeds sell,Caceis booked the proceeds sell for SD 04-26-2021. Integrata yet to book,1900587942,1900587942,4551456423,-590882299,2021-07-29
12429,,9_4551334292_CACEIS,1911737203,OB,OB,No-pair,fx wire,Caceis booked the fx wire for SD 04-30-2021. Integrata yet to book,1911737203,1911737203,4551456423,-590882299,2021-07-29
12430,,679_455862625_CACEIS,1287004758,OB,OB,No-pair,fx wire,Caceis booked the fx wire for SD 05-15-2020. Integrata yet to book,1287004758,1287004758,4551456423,-590882299,2021-07-29
12431,,73_455985296_CACEIS,1449581734,OB,OB,No-pair,fx wire,Caceis booked the fx wire for SD 08-17-2020. Integrata yet to book,1449581734,1449581734,4551456423,-590882299,2021-07-29
12432,,202_4551248485_CACEIS,1800039579,OB,OB,No-pair,fx wire,Caceis booked the fx wire for SD 02-26-2021. Integrata yet to book,1800039579,1800039579,4551456423,-590882299,2021-07-29
12433,,3_4551292839_CACEIS,1857221914,OB,OB,No-pair,wire transfer,Caceis booked the wire transfer for SD 03-31-2021. Integrata yet to book,1857221914,1857221914,4551456423,-590882299,2021-07-29
12434,,11_4551349054_CACEIS,1933657838,OB,OB,No-pair,fees,Caceis booked the fees for SD 05-12-2021. Integrata yet to book,1933657838,1933657838,4551456423,-590882299,2021-07-29
12435,,432_4551066313_CACEIS,1556876790,OB,OB,No-pair,fx wire,Caceis booked the fx wire for SD 10-15-2020. Integrata yet to book,1556876790,1556876790,4551456423,-590882299,2021-07-29
12436,,147_4551201062_CACEIS,1734565931,OB,OB,No-pair,wire transfer,Caceis booked the wire transfer for SD 01-22-2021. Integrata yet to book,1734565931,1734565931,4551456423,-590882299,2021-07-29
12437,,96_4551201062_CACEIS,1734566015,OB,OB,No-pair,fx wire,Caceis booked the fx wire for SD 01-22-2021. Integrata yet to book,1734566015,1734566015,4551456423,-590882299,2021-07-29
12438,,63_4551191593_CACEIS,1722905109,OB,OB,No-pair,fx wire,Caceis booked the fx wire for SD 01-15-2021. Integrata yet to book,1722905109,1722905109,4551456423,-590882299,2021-07-29
12439,,48_4551066313_CACEIS,1556876263,OB,OB,No-pair,fx wire,Caceis booked the fx wire for SD 10-15-2020. Integrata yet to book,1556876263,1556876263,4551456423,-590882299,2021-07-29
12440,,16_455753887_CACEIS,1143364824,OB,OB,No-pair,fx wire,Caceis booked the fx wire for SD 02-21-2020. Integrata yet to book,1143364824,1143364824,4551456423,-590882299,2021-07-29
12441,,3_455662172_CACEIS,1008560368,OB,OB,No-pair,wire transfer,Caceis booked the wire transfer for SD 09-04-2019. Integrata yet to book,1008560368,1008560368,4551456423,-590882299,2021-07-29
12442,,43_455985296_CACEIS,1449581723,OB,OB,No-pair,fx wire,Caceis booked the fx wire for SD 08-17-2020. Integrata yet to book,1449581723,1449581723,4551456423,-590882299,2021-07-29
12443,,546_455783582_CACEIS,1185159768,OB,OB,No-pair,fx wire,Caceis booked the fx wire for SD 03-16-2020. Integrata yet to book,1185159768,1185159768,4551456423,-590882299,2021-07-29
12444,,100_455985296_CACEIS,1449581712,OB,OB,No-pair,fx wire,Caceis booked the fx wire for SD 08-17-2020. Integrata yet to book,1449581712,1449581712,4551456423,-590882299,2021-07-29
12445,,359_4551066313_CACEIS,1556876514,OB,OB,No-pair,fx wire,Caceis booked the fx wire for SD 10-15-2020. Integrata yet to book,1556876514,1556876514,4551456423,-590882299,2021-07-29
12446,,16_4551341492_CACEIS,1922960766,OB,OB,No-pair,wire transfer,Caceis booked the wire transfer for SD 05-06-2021. Integrata yet to book,1922960766,1922960766,4551456423,-590882299,2021-07-29
12447,,507_4551109218_CACEIS,1613287091,OB,OB,No-pair,fx wire,Caceis booked the fx wire for SD 11-16-2020. Integrata yet to book,1613287091,1613287091,4551456423,-590882299,2021-07-29
12448,,375_4551023983_CACEIS,1500214070,OB,OB,No-pair,fx wire,Caceis booked the fx wire for SD 09-15-2020. Integrata yet to book,1500214070,1500214070,4551456423,-590882299,2021-07-29
12449,,102_4551109218_CACEIS,1613286587,OB,OB,No-pair,fx wire,Caceis booked the fx wire for SD 11-16-2020. Integrata yet to book,1613286587,1613286587,4551456423,-590882299,2021-07-29
12450,,35_4551125930_CACEIS,1635426559,OB,OB,No-pair,fx wire,Caceis booked the fx wire for SD 11-27-2020. Integrata yet to book,1635426559,1635426559,4551456423,-590882299,2021-07-29
12451,,776_455822501_CACEIS,1235308687,OB,OB,No-pair,fx wire,Caceis booked the fx wire for SD 04-15-2020. Integrata yet to book,1235308687,1235308687,4551456423,-590882299,2021-07-29
12452,,60_455953995_CACEIS,1409848189,OB,OB,No-pair,fx wire,Caceis booked the fx wire for SD 07-24-2020. Integrata yet to book,1409848189,1409848189,4551456423,-590882299,2021-07-29
12453,,38_4551349054_CACEIS,1933657818,OB,OB,No-pair,fees,Caceis booked the fees for SD 05-12-2021. Integrata yet to book,1933657818,1933657818,4551456423,-590882299,2021-07-29
12454,,20_455920273_CACEIS,1364559779,OB,OB,No-pair,monthend interest,Caceis booked the monthend interest for SD 07-01-2020. Integrata yet to book,1364559779,1364559779,4551456423,-590882299,2021-07-29
12455,,336_455940640_CACEIS,1391596204,OB,OB,No-pair,fx wire,Caceis booked the fx wire for SD 07-15-2020. Integrata yet to book,1391596204,1391596204,4551456423,-590882299,2021-07-29
12456,,16_4551244633_CACEIS,1795375912,OB,OB,No-pair,wire transfer,Caceis booked the wire transfer for SD 02-24-2021. Integrata yet to book,1795375912,1795375912,4551456423,-590882299,2021-07-29
12457,,63_455953995_CACEIS,1409848202,OB,OB,No-pair,fx wire,Caceis booked the fx wire for SD 07-24-2020. Integrata yet to book,1409848202,1409848202,4551456423,-590882299,2021-07-29
12458,,77_455736646_CACEIS,1120326874,OB,OB,No-pair,fx wire,Caceis booked the fx wire for SD 02-07-2020. Integrata yet to book,1120326874,1120326874,4551456423,-590882299,2021-07-29
12459,,44_4551354754_CACEIS,1942399664,OB,OB,No-pair,fx wire,Caceis booked the fx wire for SD 05-17-2021. Integrata yet to book,1942399664,1942399664,4551456423,-590882299,2021-07-29
12460,,150_4551201062_CACEIS,1734565993,OB,OB,No-pair,wire transfer,Caceis booked the wire transfer for SD 01-22-2021. Integrata yet to book,1734565993,1734565993,4551456423,-590882299,2021-07-29
12461,,22_4551349054_CACEIS,1933657877,OB,OB,No-pair,fees,Caceis booked the fees for SD 05-12-2021. Integrata yet to book,1933657877,1933657877,4551456423,-590882299,2021-07-29
12462,,168_4551232906_CACEIS,1780156490,OB,OB,No-pair,fx wire,Caceis booked the fx wire for SD 02-16-2021. Integrata yet to book,1780156490,1780156490,4551456423,-590882299,2021-07-29
12463,,52_455762980_CACEIS,1156897854,OB,OB,No-pair,monthend interest,Caceis booked the monthend interest for SD 03-01-2020. Integrata yet to book,1156897854,1156897854,4551456423,-590882299,2021-07-29
12464,,4_4551349054_CACEIS,1933657823,OB,OB,No-pair,fees,Caceis booked the fees for SD 05-12-2021. Integrata yet to book,1933657823,1933657823,4551456423,-590882299,2021-07-29
12465,,357_455900053_CACEIS,1336713861,OB,OB,No-pair,fx wire,Caceis booked the fx wire for SD 06-15-2020. Integrata yet to book,1336713861,1336713861,4551456423,-590882299,2021-07-29
12466,,179_455762980_CACEIS,1156897840,OB,OB,No-pair,monthend interest,Caceis booked the monthend interest for SD 03-01-2020. Integrata yet to book,1156897840,1156897840,4551456423,-590882299,2021-07-29
12467,,51_4551023983_CACEIS,1500214122,OB,OB,No-pair,fx wire,Caceis booked the fx wire for SD 09-15-2020. Integrata yet to book,1500214122,1500214122,4551456423,-590882299,2021-07-29
12468,,2_455861455_CACEIS,1285500772,OB,OB,No-pair,wire transfer,Caceis booked the wire transfer for SD 05-13-2020. Integrata yet to book,1285500772,1285500772,4551456423,-590882299,2021-07-29
12469,,138_455748445_CACEIS,1136275148,OB,OB,No-pair,fx wire,Caceis booked the fx wire for SD 02-18-2020. Integrata yet to book,1136275148,1136275148,4551456423,-590882299,2021-07-29
12470,,13_4551334292_CACEIS,1911737210,OB,OB,No-pair,fx wire,Caceis booked the fx wire for SD 04-30-2021. Integrata yet to book,1911737210,1911737210,4551456423,-590882299,2021-07-29
12471,,628_4551232906_CACEIS,1780157059,OB,OB,No-pair,fx wire,Caceis booked the fx wire for SD 02-16-2021. Integrata yet to book,1780157059,1780157059,4551456423,-590882299,2021-07-29
12472,,244_4551109218_CACEIS,1613286826,OB,OB,No-pair,fx wire,Caceis booked the fx wire for SD 11-16-2020. Integrata yet to book,1613286826,1613286826,4551456423,-590882299,2021-07-29
12473,,23_4551210754_CACEIS,1748958335,OB,OB,No-pair,wire transfer,Caceis booked the wire transfer for SD 01-29-2021. Integrata yet to book,1748958335,1748958335,4551456423,-590882299,2021-07-29
12474,,35_368123_CACEIS,532374000,OB,OB,No-pair,fx wire,Caceis booked the fx wire for SD 04-15-2019. Integrata yet to book,532374000,532374000,4551456423,-590882299,2021-07-29
12475,,76_455706635_CACEIS,1081907292,OB,OB,No-pair,fx wire,Caceis booked the fx wire for SD 01-15-2020. Integrata yet to book,1081907292,1081907292,4551456423,-590882299,2021-07-29
12476,,93_4551201062_CACEIS,1734565970,OB,OB,No-pair,wire transfer,Caceis booked the wire transfer for SD 01-22-2021. Integrata yet to book,1734565970,1734565970,4551456423,-590882299,2021-07-29
12477,,20_4551117124_CACEIS,1623224504,OB,OB,No-pair,fx wire,Caceis booked the fx wire for SD 11-20-2020. Integrata yet to book,1623224504,1623224504,4551456423,-590882299,2021-07-29
12478,,364_455940640_CACEIS,1391596201,OB,OB,No-pair,fx wire,Caceis booked the fx wire for SD 07-15-2020. Integrata yet to book,1391596201,1391596201,4551456423,-590882299,2021-07-29
12479,,24_455963450_CACEIS,1421777735,OB,OB,No-pair,monthend interest,Caceis booked the monthend interest for SD 08-01-2020. Integrata yet to book,1421777735,1421777735,4551456423,-590882299,2021-07-29
12480,,18_4551349054_CACEIS,1933657855,OB,OB,No-pair,fees,Caceis booked the fees for SD 05-12-2021. Integrata yet to book,1933657855,1933657855,4551456423,-590882299,2021-07-29
12481,,54_455605017_CACEIS,907407230,OB,OB,No-pair,fx wire,Caceis booked the fx wire for SD 10-25-2019. Integrata yet to book,907407230,907407230,4551456423,-590882299,2021-07-29
12482,,115_4551354754_CACEIS,1942399554,OB,OB,No-pair,fx wire,Caceis booked the fx wire for SD 05-17-2021. Integrata yet to book,1942399554,1942399554,4551456423,-590882299,2021-07-29
12483,,8_4551326398_CACEIS,1900587947,OB,OB,No-pair,proceeds sell,Caceis booked the proceeds sell for SD 04-26-2021. Integrata yet to book,1900587947,1900587947,4551456423,-590882299,2021-07-29
12484,,132_4551210754_CACEIS,1748958298,OB,OB,No-pair,wire transfer,Caceis booked the wire transfer for SD 01-29-2021. Integrata yet to book,1748958298,1748958298,4551456423,-590882299,2021-07-29
12485,,446_455748445_CACEIS,1136275410,OB,OB,No-pair,fx wire,Caceis booked the fx wire for SD 02-18-2020. Integrata yet to book,1136275410,1136275410,4551456423,-590882299,2021-07-29
12486,,168_455726980_CACEIS,1107942553,OB,OB,No-pair,monthend interest,Caceis booked the monthend interest for SD 02-01-2020. Integrata yet to book,1107942553,1107942553,4551456423,-590882299,2021-07-29
12487,,144_4551201062_CACEIS,1734565999,OB,OB,No-pair,wire transfer,Caceis booked the wire transfer for SD 01-22-2021. Integrata yet to book,1734565999,1734565999,4551456423,-590882299,2021-07-29
12488,,151_4551201062_CACEIS,1734566004,OB,OB,No-pair,wire transfer,Caceis booked the wire transfer for SD 01-22-2021. Integrata yet to book,1734566004,1734566004,4551456423,-590882299,2021-07-29
12489,,188_4551066313_CACEIS,1556876327,OB,OB,No-pair,fx wire,Caceis booked the fx wire for SD 10-15-2020. Integrata yet to book,1556876327,1556876327,4551456423,-590882299,2021-07-29
12490,,741_455822501_CACEIS,1235308704,OB,OB,No-pair,fx wire,Caceis booked the fx wire for SD 04-15-2020. Integrata yet to book,1235308704,1235308704,4551456423,-590882299,2021-07-29
12491,,22_4551058652_CACEIS,1546340352,OB,OB,No-pair,fx wire,Caceis booked the fx wire for SD 10-09-2020. Integrata yet to book,1546340352,1546340352,4551456423,-590882299,2021-07-29
12492,,71_368123_CACEIS,532374090,OB,OB,No-pair,fx wire,Caceis booked the fx wire for SD 04-15-2019. Integrata yet to book,532374090,532374090,4551456423,-590882299,2021-07-29
12493,,1_455610697_CACEIS,917943265,OB,OB,No-pair,fx wire,Caceis booked the fx wire for SD 10-18-2019. Integrata yet to book,917943265,917943265,4551456423,-590882299,2021-07-29
12494,,353_455590588_CACEIS,883858726,OB,OB,No-pair,fx wire,Caceis booked the fx wire for SD 10-15-2019. Integrata yet to book,883858726,883858726,4551456423,-590882299,2021-07-29
12495,,39_4551349054_CACEIS,1933657825,OB,OB,No-pair,fees,Caceis booked the fees for SD 05-12-2021. Integrata yet to book,1933657825,1933657825,4551456423,-590882299,2021-07-29
12496,,5_455393220_CACEIS,569239741,OB,OB,No-pair,fx wire,Caceis booked the fx wire for SD 05-06-2019. Integrata yet to book,569239741,569239741,4551456423,-590882299,2021-07-29
12497,,231_4551248485_CACEIS,1800039509,OB,OB,No-pair,fx wire,Caceis booked the fx wire for SD 02-26-2021. Integrata yet to book,1800039509,1800039509,4551456423,-590882299,2021-07-29
12498,,6_4551428980_CACEIS,2040344584,OB,OB,No-pair,fx wire,Caceis booked the fx wire for SD 07-09-2021. Integrata yet to book,2040344584,2040344584,4551456423,-590882299,2021-07-29
12499,,368_455985296_CACEIS,1449582023,OB,OB,No-pair,fx wire,Caceis booked the fx wire for SD 08-17-2020. Integrata yet to book,1449582023,1449582023,4551456423,-590882299,2021-07-29
12500,,168_455934920_CACEIS,1383926644,OB,OB,No-pair,wire transfer,Caceis booked the wire transfer for SD 07-10-2020. Integrata yet to book,1383926644,1383926644,4551456423,-590882299,2021-07-29
12501,,18_455487414_CACEIS,709535362,OB,OB,No-pair,wire transfer,Caceis booked the wire transfer for SD 07-24-2019. Integrata yet to book,709535362,709535362,4551456423,-590882299,2021-07-29
12502,,49_4551220415_CACEIS,1761956089,OB,OB,No-pair,fx wire,Caceis booked the fx wire for SD 02-05-2021. Integrata yet to book,1761956089,1761956089,4551456423,-590882299,2021-07-29
12503,,24_4551222350_CACEIS,1765090406,OB,OB,No-pair,wire transfer,Caceis booked the wire transfer for SD 02-08-2021. Integrata yet to book,1765090406,1765090406,4551456423,-590882299,2021-07-29
12504,,46_455669415_CACEIS,1020661850,OB,OB,No-pair,fx wire,Caceis booked the fx wire for SD 12-16-2019. Integrata yet to book,1020661850,1020661850,4551456423,-590882299,2021-07-29
12505,,94_455985296_CACEIS,1449581772,OB,OB,No-pair,fx wire,Caceis booked the fx wire for SD 08-17-2020. Integrata yet to book,1449581772,1449581772,4551456423,-590882299,2021-07-29
12506,,490_4551066313_CACEIS,1556876641,OB,OB,No-pair,fx wire,Caceis booked the fx wire for SD 10-15-2020. Integrata yet to book,1556876641,1556876641,4551456423,-590882299,2021-07-29
12507,,935_455822501_CACEIS,1235308762,OB,OB,No-pair,fx wire,Caceis booked the fx wire for SD 04-15-2020. Integrata yet to book,1235308762,1235308762,4551456423,-590882299,2021-07-29
12508,,84_455726980_CACEIS,1107942574,OB,OB,No-pair,monthend interest,Caceis booked the monthend interest for SD 02-01-2020. Integrata yet to book,1107942574,1107942574,4551456423,-590882299,2021-07-29
12509,,1_4551012535_CACEIS,1485081184,OB,OB,No-pair,fees,Caceis booked the fees for SD 09-04-2020. Integrata yet to book,1485081184,1485081184,4551456423,-590882299,2021-07-29
12510,,2_4551349054_CACEIS,1933657809,OB,OB,No-pair,fees,Caceis booked the fees for SD 05-12-2021. Integrata yet to book,1933657809,1933657809,4551456423,-590882299,2021-07-29
12511,,55_4551087502_CACEIS,1584326666,OB,OB,No-pair,monthend interest,Caceis booked the monthend interest for SD 11-01-2020. Integrata yet to book,1584326666,1584326666,4551456423,-590882299,2021-07-29
12512,,2_347548_CACEIS,501153447,OB,OB,No-pair,wire transfer,Caceis booked the wire transfer for SD 03-28-2019. Integrata yet to book,501153447,501153447,4551456423,-590882299,2021-07-29
12513,,208_455783582_CACEIS,1185159410,OB,OB,No-pair,fx wire,Caceis booked the fx wire for SD 03-16-2020. Integrata yet to book,1185159410,1185159410,4551456423,-590882299,2021-07-29
12514,,36_455533322_CACEIS,787871214,OB,OB,No-pair,monthend interest,Caceis booked the monthend interest for SD 09-01-2019. Integrata yet to book,787871214,787871214,4551456423,-590882299,2021-07-29
12515,,81_455726980_CACEIS,1107942612,OB,OB,No-pair,monthend interest,Caceis booked the monthend interest for SD 02-01-2020. Integrata yet to book,1107942612,1107942612,4551456423,-590882299,2021-07-29
12516,,69_455799620_CACEIS,1205700342,OB,OB,No-pair,fx wire,Caceis booked the fx wire for SD 03-27-2020. Integrata yet to book,1205700342,1205700342,4551456423,-590882299,2021-07-29
12517,,11_455864447_CACEIS,1289293339,OB,OB,No-pair,wire transfer,Caceis booked the wire transfer for SD 03-01-2020. Integrata yet to book,1289293339,1289293339,4551456423,-590882299,2021-07-29
12518,,460_455985296_CACEIS,1449582036,OB,OB,No-pair,fx wire,Caceis booked the fx wire for SD 08-17-2020. Integrata yet to book,1449582036,1449582036,4551456423,-590882299,2021-07-29
12519,,100_368123_CACEIS,532374177,OB,OB,No-pair,fx wire,Caceis booked the fx wire for SD 04-15-2019. Integrata yet to book,532374177,532374177,4551456423,-590882299,2021-07-29
12520,,13_4551237030_CACEIS,1785359367,OB,OB,No-pair,fx wire,Caceis booked the fx wire for SD 02-18-2021. Integrata yet to book,1785359367,1785359367,4551456423,-590882299,2021-07-29
12521,,24_455688261_CACEIS,1053516791,OB,OB,No-pair,monthend interest,Caceis booked the monthend interest for SD 01-01-2020. Integrata yet to book,1053516791,1053516791,4551456423,-590882299,2021-07-29
12522,,810_455862625_CACEIS,1287005157,OB,OB,No-pair,fx wire,Caceis booked the fx wire for SD 05-15-2020. Integrata yet to book,1287005157,1287005157,4551456423,-590882299,2021-07-29
12523,,20_4551349054_CACEIS,1933657867,OB,OB,No-pair,fees,Caceis booked the fees for SD 05-12-2021. Integrata yet to book,1933657867,1933657867,4551456423,-590882299,2021-07-29
12524,,15_4551349054_CACEIS,1933657844,OB,OB,No-pair,fees,Caceis booked the fees for SD 05-12-2021. Integrata yet to book,1933657844,1933657844,4551456423,-590882299,2021-07-29
12525,,61_455953995_CACEIS,1409848249,OB,OB,No-pair,wire transfer,Caceis booked the wire transfer for SD 07-24-2020. Integrata yet to book,1409848249,1409848249,4551456423,-590882299,2021-07-29
12526,,7_4551381021_CACEIS,1979694248,OB,OB,No-pair,fx wire,Caceis booked the fx wire for SD 06-04-2021. Integrata yet to book,1979694248,1979694248,4551456423,-590882299,2021-07-29
12527,,3_455401727_CACEIS,580740943,OB,OB,No-pair,fx wire,Caceis booked the fx wire for SD 05-13-2019. Integrata yet to book,580740943,580740943,4551456423,-590882299,2021-07-29
12528,,110_4551149959_CACEIS,1667623010,OB,OB,No-pair,fx wire,Caceis booked the fx wire for SD 12-15-2020. Integrata yet to book,1667623010,1667623010,4551456423,-590882299,2021-07-29
12529,,112_4551232906_CACEIS,1780156492,OB,OB,No-pair,fx wire,Caceis booked the fx wire for SD 02-16-2021. Integrata yet to book,1780156492,1780156492,4551456423,-590882299,2021-07-29
12530,,376_455822501_CACEIS,1235308243,OB,OB,No-pair,fx wire,Caceis booked the fx wire for SD 04-15-2020. Integrata yet to book,1235308243,1235308243,4551456423,-590882299,2021-07-29
12531,,453_455985296_CACEIS,1449582063,OB,OB,No-pair,fx wire,Caceis booked the fx wire for SD 08-17-2020. Integrata yet to book,1449582063,1449582063,4551456423,-590882299,2021-07-29
12532,,45_455533322_CACEIS,787871271,OB,OB,No-pair,monthend interest,Caceis booked the monthend interest for SD 09-01-2019. Integrata yet to book,787871271,787871271,4551456423,-590882299,2021-07-29
12533,,6_4551016578_CACEIS,1490395194,OB,OB,No-pair,proceeds sell,Caceis booked the proceeds sell for SD 09-09-2020. Integrata yet to book,1490395194,1490395194,4551456423,-590882299,2021-07-29
12534,,36_455701234_CACEIS,1075203707,OB,OB,No-pair,fx wire,Caceis booked the fx wire for SD 01-10-2020. Integrata yet to book,1075203707,1075203707,4551456423,-590882299,2021-07-29
12535,,42_455476582_CACEIS,691189352,OB,OB,No-pair,fx wire,Caceis booked the fx wire for SD 07-16-2019. Integrata yet to book,691189352,691189352,4551456423,-590882299,2021-07-29
12536,,9_455775994_CACEIS,1174727509,OB,OB,No-pair,wire transfer,Caceis booked the wire transfer for SD 03-10-2020. Integrata yet to book,1174727509,1174727509,4551456423,-590882299,2021-07-29
12537,,69_4551145900_CACEIS,1662179050,OB,OB,No-pair,fx wire,Caceis booked the fx wire for SD 12-11-2020. Integrata yet to book,1662179050,1662179050,4551456423,-590882299,2021-07-29
12538,,401_455748445_CACEIS,1136275305,OB,OB,No-pair,fx wire,Caceis booked the fx wire for SD 02-18-2020. Integrata yet to book,1136275305,1136275305,4551456423,-590882299,2021-07-29
12539,,26_4551349054_CACEIS,1933657891,OB,OB,No-pair,fees,Caceis booked the fees for SD 05-12-2021. Integrata yet to book,1933657891,1933657891,4551456423,-590882299,2021-07-29
12540,,37_4551349054_CACEIS,1933657811,OB,OB,No-pair,fees,Caceis booked the fees for SD 05-12-2021. Integrata yet to book,1933657811,1933657811,4551456423,-590882299,2021-07-29
12541,,182_4551210754_CACEIS,1748958314,OB,OB,No-pair,fx wire,Caceis booked the fx wire for SD 01-29-2021. Integrata yet to book,1748958314,1748958314,4551456423,-590882299,2021-07-29
12542,,443_4551066313_CACEIS,1556876672,OB,OB,No-pair,fx wire,Caceis booked the fx wire for SD 10-15-2020. Integrata yet to book,1556876672,1556876672,4551456423,-590882299,2021-07-29
12543,,116_4551354754_CACEIS,1942399473,OB,OB,No-pair,fx wire,Caceis booked the fx wire for SD 05-17-2021. Integrata yet to book,1942399473,1942399473,4551456423,-590882299,2021-07-29
12544,,5_455764911_CACEIS,1159528244,OB,OB,No-pair,fx wire,Caceis booked the fx wire for SD 03-02-2020. Integrata yet to book,1159528244,1159528244,4551456423,-590882299,2021-07-29
12545,,926_455822501_CACEIS,1235308160,OB,OB,No-pair,fx wire,Caceis booked the fx wire for SD 04-15-2020. Integrata yet to book,1235308160,1235308160,4551456423,-590882299,2021-07-29
12546,,61_4551394628_CACEIS,1997244579,OB,OB,No-pair,fx wire,Caceis booked the fx wire for SD 06-15-2021. Integrata yet to book,1997244579,1997244579,4551456423,-590882299,2021-07-29
12547,,214_4551269721_CACEIS,1827474025,OB,OB,No-pair,fx wire,Caceis booked the fx wire for SD 03-15-2021. Integrata yet to book,1827474025,1827474025,4551456423,-590882299,2021-07-29
12548,,156_4551232906_CACEIS,1780156578,OB,OB,No-pair,fx wire,Caceis booked the fx wire for SD 02-16-2021. Integrata yet to book,1780156578,1780156578,4551456423,-590882299,2021-07-29
12549,,1_4551039598_CACEIS,1521245888,OB,OB,No-pair,fx wire,Caceis booked the fx wire for SD 09-25-2020. Integrata yet to book,1521245888,1521245888,4551456423,-590882299,2021-07-29
12550,,369_455985296_CACEIS,1449582051,OB,OB,No-pair,fx wire,Caceis booked the fx wire for SD 08-17-2020. Integrata yet to book,1449582051,1449582051,4551456423,-590882299,2021-07-29
12551,,1_455774029_CACEIS,1172098228,OB,OB,No-pair,wire transfer,Caceis booked the wire transfer for SD 03-09-2020. Integrata yet to book,1172098228,1172098228,4551456423,-590882299,2021-07-29
12552,,51_455476582_CACEIS,691189537,OB,OB,No-pair,fx wire,Caceis booked the fx wire for SD 07-16-2019. Integrata yet to book,691189537,691189537,4551456423,-590882299,2021-07-29
12553,,1372_455643841_CACEIS,975324444,OB,OB,No-pair,fx wire,Caceis booked the fx wire for SD 11-15-2019. Integrata yet to book,975324444,975324444,4551456423,-590882299,2021-07-29
12554,,131_4551210754_CACEIS,1748958290,OB,OB,No-pair,wire transfer,Caceis booked the wire transfer for SD 01-29-2021. Integrata yet to book,1748958290,1748958290,4551456423,-590882299,2021-07-29
12555,,14_4551201062_CACEIS,1734565961,OB,OB,No-pair,fx wire,Caceis booked the fx wire for SD 01-22-2021. Integrata yet to book,1734565961,1734565961,4551456423,-590882299,2021-07-29
12556,,433_4551109218_CACEIS,1613287150,OB,OB,No-pair,fx wire,Caceis booked the fx wire for SD 11-16-2020. Integrata yet to book,1613287150,1613287150,4551456423,-590882299,2021-07-29
12557,,116_455900053_CACEIS,1336713507,OB,OB,No-pair,fx wire,Caceis booked the fx wire for SD 06-15-2020. Integrata yet to book,1336713507,1336713507,4551456423,-590882299,2021-07-29
12558,,43_455973142_CACEIS,1434650010,OB,OB,No-pair,fx wire,Caceis booked the fx wire for SD 08-07-2020. Integrata yet to book,1434650010,1434650010,4551456423,-590882299,2021-07-29
12559,,610_4551232906_CACEIS,1780157027,OB,OB,No-pair,fx wire,Caceis booked the fx wire for SD 02-16-2021. Integrata yet to book,1780157027,1780157027,4551456423,-590882299,2021-07-29
12560,,363_4551232906_CACEIS,1780156643,OB,OB,No-pair,fx wire,Caceis booked the fx wire for SD 02-16-2021. Integrata yet to book,1780156643,1780156643,4551456423,-590882299,2021-07-29
12561,,62_4551220415_CACEIS,1761956025,OB,OB,No-pair,fx wire,Caceis booked the fx wire for SD 02-05-2021. Integrata yet to book,1761956025,1761956025,4551456423,-590882299,2021-07-29
12562,,245_455748445_CACEIS,1136275298,OB,OB,No-pair,fx wire,Caceis booked the fx wire for SD 02-18-2020. Integrata yet to book,1136275298,1136275298,4551456423,-590882299,2021-07-29
12563,,1_455814364_CACEIS,1225169076,OB,OB,No-pair,wire transfer,Caceis booked the wire transfer for SD 04-08-2020. Integrata yet to book,1225169076,1225169076,4551456423,-590882299,2021-07-29
12564,,23_4551349054_CACEIS,1933657885,OB,OB,No-pair,fees,Caceis booked the fees for SD 05-12-2021. Integrata yet to book,1933657885,1933657885,4551456423,-590882299,2021-07-29
12565,,426_4551109218_CACEIS,1613287145,OB,OB,No-pair,fx wire,Caceis booked the fx wire for SD 11-16-2020. Integrata yet to book,1613287145,1613287145,4551456423,-590882299,2021-07-29
12566,,455_455985296_CACEIS,1449582075,OB,OB,No-pair,fx wire,Caceis booked the fx wire for SD 08-17-2020. Integrata yet to book,1449582075,1449582075,4551456423,-590882299,2021-07-29
12567,,1391_455643841_CACEIS,975324463,OB,OB,No-pair,wire transfer,Caceis booked the wire transfer for SD 11-15-2019. Integrata yet to book,975324463,975324463,4551456423,-590882299,2021-07-29
12568,,23_4551235027_CACEIS,1782782881,OB,OB,No-pair,wire transfer,Caceis booked the wire transfer for SD 02-17-2021. Integrata yet to book,1782782881,1782782881,4551456423,-590882299,2021-07-29
12569,,103_455822501_CACEIS,1235308017,OB,OB,No-pair,fx wire,Caceis booked the fx wire for SD 04-15-2020. Integrata yet to book,1235308017,1235308017,4551456423,-590882299,2021-07-29
12570,,514_4551066313_CACEIS,1556876613,OB,OB,No-pair,fx wire,Caceis booked the fx wire for SD 10-15-2020. Integrata yet to book,1556876613,1556876613,4551456423,-590882299,2021-07-29
12571,,211_4551269721_CACEIS,1827474018,OB,OB,No-pair,fx wire,Caceis booked the fx wire for SD 03-15-2021. Integrata yet to book,1827474018,1827474018,4551456423,-590882299,2021-07-29
12572,,230_4551436806_CACEIS,2049885975,OB,OB,No-pair,fx wire,Caceis booked the fx wire for SD 07-15-2021. Integrata yet to book,2049885975,2049885975,4551456423,-590882299,2021-07-29
12573,,57_455726980_CACEIS,1107942643,OB,OB,No-pair,monthend interest,Caceis booked the monthend interest for SD 02-01-2020. Integrata yet to book,1107942643,1107942643,4551456423,-590882299,2021-07-29
12574,,18_4551239617_CACEIS,1789074829,OB,OB,No-pair,fx wire,Caceis booked the fx wire for SD 02-19-2021. Integrata yet to book,1789074829,1789074829,4551456423,-590882299,2021-07-29
12575,,47_4551011052_CACEIS,1483359785,OB,OB,No-pair,fx wire,Caceis booked the fx wire for SD 09-04-2020. Integrata yet to book,1483359785,1483359785,4551456423,-590882299,2021-07-29
12576,,50_455663909_CACEIS,1011570667,OB,OB,No-pair,fees,Caceis booked the fees for SD 12-11-2019. Integrata yet to book,1011570667,1011570667,4551456423,-590882299,2021-07-29
12577,,606_4551232906_CACEIS,1780157036,OB,OB,No-pair,fx wire,Caceis booked the fx wire for SD 02-16-2021. Integrata yet to book,1780157036,1780157036,4551456423,-590882299,2021-07-29
12578,,34_4551246640_CACEIS,1797846200,OB,OB,No-pair,monthend interest,Caceis booked the monthend interest for SD 02-26-2021. Integrata yet to book,1797846200,1797846200,4551456423,-590882299,2021-07-29
12579,,127_4551109218_CACEIS,1613286743,OB,OB,No-pair,fx wire,Caceis booked the fx wire for SD 11-16-2020. Integrata yet to book,1613286743,1613286743,4551456423,-590882299,2021-07-29
12580,,7_4551331846_CACEIS,1908172319,OB,OB,No-pair,wire transfer,Caceis booked the wire transfer for SD 04-29-2021. Integrata yet to book,1908172319,1908172319,4551456423,-590882299,2021-07-29
12581,,99_455688261_CACEIS,1053516758,OB,OB,No-pair,fx wire,Caceis booked the fx wire for SD 12-31-2019. Integrata yet to book,1053516758,1053516758,4551456423,-590882299,2021-07-29
12582,,421_4551066313_CACEIS,1556876798,OB,OB,No-pair,fx wire,Caceis booked the fx wire for SD 10-15-2020. Integrata yet to book,1556876798,1556876798,4551456423,-590882299,2021-07-29
12583,,1_455952085_CACEIS,1407030023,OB,OB,No-pair,wire transfer,Caceis booked the wire transfer for SD 07-23-2020. Integrata yet to book,1407030023,1407030023,4551456423,-590882299,2021-07-29
12584,,8_455585083_CACEIS,874262526,OB,OB,No-pair,fees,Caceis booked the fees for SD 10-10-2019. Integrata yet to book,874262526,874262526,4551456423,-590882299,2021-07-29
12585,,56_4551023983_CACEIS,1500213808,OB,OB,No-pair,fx wire,Caceis booked the fx wire for SD 09-15-2020. Integrata yet to book,1500213808,1500213808,4551456423,-590882299,2021-07-29
12586,,2_455575944_CACEIS,858396494,OB,OB,No-pair,wire transfer,Caceis booked the wire transfer for SD 10-02-2019. Integrata yet to book,858396494,858396494,4551456423,-590882299,2021-07-29
12587,,448_4551023983_CACEIS,1500214160,OB,OB,No-pair,fx wire,Caceis booked the fx wire for SD 09-15-2020. Integrata yet to book,1500214160,1500214160,4551456423,-590882299,2021-07-29
12588,,70_455442954_CACEIS,637183775,OB,OB,No-pair,fx wire,Caceis booked the fx wire for SD 06-17-2019. Integrata yet to book,637183775,637183775,4551456423,-590882299,2021-07-29
12589,,35_4551372778_CACEIS,1969041954,OB,OB,No-pair,fx wire,Caceis booked the fx wire for SD 05-28-2021. Integrata yet to book,1969041954,1969041954,4551456423,-590882299,2021-07-29
12590,,48_4551068550_CACEIS,1559437432,OB,OB,No-pair,fx wire,Caceis booked the fx wire for SD 10-16-2020. Integrata yet to book,1559437432,1559437432,4551456423,-590882299,2021-07-29
12591,,19_4551349054_CACEIS,1933657861,OB,OB,No-pair,fees,Caceis booked the fees for SD 05-12-2021. Integrata yet to book,1933657861,1933657861,4551456423,-590882299,2021-07-29
12592,,502_4551149959_CACEIS,1667623327,OB,OB,No-pair,fx wire,Caceis booked the fx wire for SD 12-15-2020. Integrata yet to book,1667623327,1667623327,4551456423,-590882299,2021-07-29
12593,,28_4551349054_CACEIS,1933657804,OB,OB,No-pair,fees,Caceis booked the fees for SD 05-12-2021. Integrata yet to book,1933657804,1933657804,4551456423,-590882299,2021-07-29
12594,,195_455783582_CACEIS,1185159259,OB,OB,No-pair,fx wire,Caceis booked the fx wire for SD 03-16-2020. Integrata yet to book,1185159259,1185159259,4551456423,-590882299,2021-07-29
12595,,251_4551269721_CACEIS,1827474089,OB,OB,No-pair,fx wire,Caceis booked the fx wire for SD 03-15-2021. Integrata yet to book,1827474089,1827474089,4551456423,-590882299,2021-07-29
12596,,10_455723511_CACEIS,1103355703,OB,OB,No-pair,wire transfer,Caceis booked the wire transfer for SD 01-29-2020. Integrata yet to book,1103355703,1103355703,4551456423,-590882299,2021-07-29
12597,,69_4551125930_CACEIS,1635426514,OB,OB,No-pair,fx wire,Caceis booked the fx wire for SD 11-27-2020. Integrata yet to book,1635426514,1635426514,4551456423,-590882299,2021-07-29
12598,,38_4551246640_CACEIS,1797846204,OB,OB,No-pair,monthend interest,Caceis booked the monthend interest for SD 02-26-2021. Integrata yet to book,1797846204,1797846204,4551456423,-590882299,2021-07-29
12599,,22_4551188298_CACEIS,1718045067,OB,OB,No-pair,fees,Caceis booked the fees for SD 01-12-2021. Integrata yet to book,1718045067,1718045067,4551456423,-590882299,2021-07-29
12600,,63_455822501_CACEIS,1235307981,OB,OB,No-pair,fx wire,Caceis booked the fx wire for SD 04-15-2020. Integrata yet to book,1235307981,1235307981,4551456423,-590882299,2021-07-29
12601,,83_4551191593_CACEIS,1722905075,OB,OB,No-pair,fx wire,Caceis booked the fx wire for SD 01-15-2021. Integrata yet to book,1722905075,1722905075,4551456423,-590882299,2021-07-29
12602,,172_4551023983_CACEIS,1500213914,OB,OB,No-pair,fx wire,Caceis booked the fx wire for SD 09-15-2020. Integrata yet to book,1500213914,1500213914,4551456423,-590882299,2021-07-29
12603,,453_4551109218_CACEIS,1613286989,OB,OB,No-pair,fx wire,Caceis booked the fx wire for SD 11-16-2020. Integrata yet to book,1613286989,1613286989,4551456423,-590882299,2021-07-29
12604,,53_455663909_CACEIS,1011570674,OB,OB,No-pair,fees,Caceis booked the fees for SD 12-11-2019. Integrata yet to book,1011570674,1011570674,4551456423,-590882299,2021-07-29
12605,,50_455605017_CACEIS,907407201,OB,OB,No-pair,wire transfer,Caceis booked the wire transfer for SD 09-20-2019. Integrata yet to book,907407201,907407201,4551456423,-590882299,2021-07-29
12606,,197_4551066313_CACEIS,1556876467,OB,OB,No-pair,fx wire,Caceis booked the fx wire for SD 10-15-2020. Integrata yet to book,1556876467,1556876467,4551456423,-590882299,2021-07-29
12607,,66_4551125930_CACEIS,1635426541,OB,OB,No-pair,fx wire,Caceis booked the fx wire for SD 11-27-2020. Integrata yet to book,1635426541,1635426541,4551456423,-590882299,2021-07-29
12608,,47_4551068550_CACEIS,1559437428,OB,OB,No-pair,fx wire,Caceis booked the fx wire for SD 10-16-2020. Integrata yet to book,1559437428,1559437428,4551456423,-590882299,2021-07-29
12609,,555_455783582_CACEIS,1185159716,OB,OB,No-pair,fx wire,Caceis booked the fx wire for SD 03-16-2020. Integrata yet to book,1185159716,1185159716,4551456423,-590882299,2021-07-29
12610,,69_455748445_CACEIS,1136275074,OB,OB,No-pair,fx wire,Caceis booked the fx wire for SD 02-18-2020. Integrata yet to book,1136275074,1136275074,4551456423,-590882299,2021-07-29
12611,,97_4551354754_CACEIS,1942399567,OB,OB,No-pair,fx wire,Caceis booked the fx wire for SD 05-17-2021. Integrata yet to book,1942399567,1942399567,4551456423,-590882299,2021-07-29
12612,,3_4551349054_CACEIS,1933657817,OB,OB,No-pair,fees,Caceis booked the fees for SD 05-12-2021. Integrata yet to book,1933657817,1933657817,4551456423,-590882299,2021-07-29
12613,,24_4551373621_CACEIS,1970229487,OB,OB,No-pair,monthend interest,Caceis booked the monthend interest for SD 06-01-2021. Integrata yet to book,1970229487,1970229487,4551456423,-590882299,2021-07-29
12614,,67_4551299798_CACEIS,1866915147,OB,OB,No-pair,fx wire,Caceis booked the fx wire for SD 04-06-2021. Integrata yet to book,1866915147,1866915147,4551456423,-590882299,2021-07-29
12615,,14_455934920_CACEIS,1383926649,OB,OB,No-pair,fees,Caceis booked the fees for SD 07-10-2020. Integrata yet to book,1383926649,1383926649,4551456423,-590882299,2021-07-29
12616,,23_4551188298_CACEIS,1718045062,OB,OB,No-pair,fees,Caceis booked the fees for SD 01-12-2021. Integrata yet to book,1718045062,1718045062,4551456423,-590882299,2021-07-29
12617,,736_455822501_CACEIS,1235308683,OB,OB,No-pair,fx wire,Caceis booked the fx wire for SD 04-15-2020. Integrata yet to book,1235308683,1235308683,4551456423,-590882299,2021-07-29
12618,,11_455846205_CACEIS,1265566767,OB,OB,No-pair,fx wire,Caceis booked the fx wire for SD 05-04-2020. Integrata yet to book,1265566767,1265566767,4551456423,-590882299,2021-07-29
12619,,392_455748445_CACEIS,1136275197,OB,OB,No-pair,fx wire,Caceis booked the fx wire for SD 02-18-2020. Integrata yet to book,1136275197,1136275197,4551456423,-590882299,2021-07-29
12620,,639_4551232906_CACEIS,1780157014,OB,OB,No-pair,fx wire,Caceis booked the fx wire for SD 02-16-2021. Integrata yet to book,1780157014,1780157014,4551456423,-590882299,2021-07-29
12621,,3_455986572_CACEIS,1451140930,OB,OB,No-pair,proceeds sell,Caceis booked the proceeds sell for SD 08-18-2020. Integrata yet to book,1451140930,1451140930,4551456423,-590882299,2021-07-29
12622,,56_455985296_CACEIS,1449581801,OB,OB,No-pair,fx wire,Caceis booked the fx wire for SD 08-17-2020. Integrata yet to book,1449581801,1449581801,4551456423,-590882299,2021-07-29
12623,,81_4551354754_CACEIS,1942399690,OB,OB,No-pair,fx wire,Caceis booked the fx wire for SD 05-17-2021. Integrata yet to book,1942399690,1942399690,4551456423,-590882299,2021-07-29
12624,,472_455900053_CACEIS,1336713899,OB,OB,No-pair,fx wire,Caceis booked the fx wire for SD 06-15-2020. Integrata yet to book,1336713899,1336713899,4551456423,-590882299,2021-07-29
12625,,77_455663909_CACEIS,1011570682,OB,OB,No-pair,fees,Caceis booked the fees for SD 12-11-2019. Integrata yet to book,1011570682,1011570682,4551456423,-590882299,2021-07-29
12626,,180_455762980_CACEIS,1156897807,OB,OB,No-pair,monthend interest,Caceis booked the monthend interest for SD 03-01-2020. Integrata yet to book,1156897807,1156897807,4551456423,-590882299,2021-07-29
12627,,85_455669415_CACEIS,1020661863,OB,OB,No-pair,fx wire,Caceis booked the fx wire for SD 12-16-2019. Integrata yet to book,1020661863,1020661863,4551456423,-590882299,2021-07-29
12628,,9_455709628_CACEIS,1085770930,OB,OB,No-pair,fx wire,Caceis booked the fx wire for SD 01-17-2020. Integrata yet to book,1085770930,1085770930,4551456423,-590882299,2021-07-29
12629,,109_4551354754_CACEIS,1942399603,OB,OB,No-pair,fx wire,Caceis booked the fx wire for SD 05-17-2021. Integrata yet to book,1942399603,1942399603,4551456423,-590882299,2021-07-29
12630,,10_455851677_CACEIS,1272856272,OB,OB,No-pair,wire transfer,Caceis booked the wire transfer for SD 05-07-2020. Integrata yet to book,1272856272,1272856272,4551456423,-590882299,2021-07-29
12631,,598_4551232906_CACEIS,1780157009,OB,OB,No-pair,fx wire,Caceis booked the fx wire for SD 02-16-2021. Integrata yet to book,1780157009,1780157009,4551456423,-590882299,2021-07-29
12632,,40_4551066313_CACEIS,1556876356,OB,OB,No-pair,fx wire,Caceis booked the fx wire for SD 10-15-2020. Integrata yet to book,1556876356,1556876356,4551456423,-590882299,2021-07-29
12633,,869_455822501_CACEIS,1235308778,OB,OB,No-pair,fees,Caceis booked the fees for SD 04-14-2020. Integrata yet to book,1235308778,1235308778,4551456423,-590882299,2021-07-29
12634,,30_455404958_CACEIS,585162337,OB,OB,No-pair,fx wire,Caceis booked the fx wire for SD 05-15-2019. Integrata yet to book,585162337,585162337,4551456423,-590882299,2021-07-29
12635,,862_455822501_CACEIS,1235308800,OB,OB,No-pair,fees,Caceis booked the fees for SD 04-14-2020. Integrata yet to book,1235308800,1235308800,4551456423,-590882299,2021-07-29
12636,,118_4551087502_CACEIS,1584326582,OB,OB,No-pair,monthend interest,Caceis booked the monthend interest for SD 11-01-2020. Integrata yet to book,1584326582,1584326582,4551456423,-590882299,2021-07-29
12637,,48_4551109218_CACEIS,1613286720,OB,OB,No-pair,fx wire,Caceis booked the fx wire for SD 11-16-2020. Integrata yet to book,1613286720,1613286720,4551456423,-590882299,2021-07-29
12638,,327_455706635_CACEIS,1081907578,OB,OB,No-pair,fx wire,Caceis booked the fx wire for SD 01-15-2020. Integrata yet to book,1081907578,1081907578,4551456423,-590882299,2021-07-29
12639,,385_4551066313_CACEIS,1556876550,OB,OB,No-pair,fx wire,Caceis booked the fx wire for SD 10-15-2020. Integrata yet to book,1556876550,1556876550,4551456423,-590882299,2021-07-29
12640,,227_4551394628_CACEIS,1997244732,OB,OB,No-pair,fx wire,Caceis booked the fx wire for SD 06-15-2021. Integrata yet to book,1997244732,1997244732,4551456423,-590882299,2021-07-29
12641,,6_357741_CACEIS,516521699,OB,OB,No-pair,fx wire,Caceis booked the fx wire for SD 04-05-2019. Integrata yet to book,516521699,516521699,4551456423,-590882299,2021-07-29
12642,,17_4551220415_CACEIS,1761956256,OB,OB,No-pair,fx wire,Caceis booked the fx wire for SD 02-05-2021. Integrata yet to book,1761956256,1761956256,4551456423,-590882299,2021-07-29
12643,,17_4551349054_CACEIS,1933657850,OB,OB,No-pair,fees,Caceis booked the fees for SD 05-12-2021. Integrata yet to book,1933657850,1933657850,4551456423,-590882299,2021-07-29
12644,,129_455900053_CACEIS,1336713320,OB,OB,No-pair,fx wire,Caceis booked the fx wire for SD 06-15-2020. Integrata yet to book,1336713320,1336713320,4551456423,-590882299,2021-07-29
12645,,19_4551422928_CACEIS,2033447128,OB,OB,No-pair,wire transfer,Caceis booked the wire transfer for SD 07-06-2021. Integrata yet to book,2033447128,2033447128,4551456423,-590882299,2021-07-29
12646,,12_4551248485_CACEIS,1800039378,OB,OB,No-pair,fx wire,Caceis booked the fx wire for SD 02-26-2021. Integrata yet to book,1800039378,1800039378,4551456423,-590882299,2021-07-29
12647,,205_4551023983_CACEIS,1500214024,OB,OB,No-pair,fx wire,Caceis booked the fx wire for SD 09-15-2020. Integrata yet to book,1500214024,1500214024,4551456423,-590882299,2021-07-29
12648,,4_455487414_CACEIS,709535357,OB,OB,No-pair,proceeds sell,Caceis booked the proceeds sell for SD 07-24-2019. Integrata yet to book,709535357,709535357,4551456423,-590882299,2021-07-29
12649,,322_455706635_CACEIS,1081907793,OB,OB,No-pair,fx wire,Caceis booked the fx wire for SD 01-15-2020. Integrata yet to book,1081907793,1081907793,4551456423,-590882299,2021-07-29
12650,,7_455432903_CACEIS,623045719,OB,OB,No-pair,fx wire,Caceis booked the fx wire for SD 06-07-2019. Integrata yet to book,623045719,623045719,4551456423,-590882299,2021-07-29
12651,,2_4551295936_CACEIS,1861913120,OB,OB,No-pair,wire transfer,Caceis booked the wire transfer for SD 04-02-2021. Integrata yet to book,1861913120,1861913120,4551456423,-590882299,2021-07-29
12652,,371_455748445_CACEIS,1136275443,OB,OB,No-pair,fx wire,Caceis booked the fx wire for SD 02-18-2020. Integrata yet to book,1136275443,1136275443,4551456423,-590882299,2021-07-29
12653,,14_4551373621_CACEIS,1970229495,OB,OB,No-pair,monthend interest,Caceis booked the monthend interest for SD 06-01-2021. Integrata yet to book,1970229495,1970229495,4551456423,-590882299,2021-07-29
12654,,896_455822501_CACEIS,1235308667,OB,OB,No-pair,fees,Caceis booked the fees for SD 04-14-2020. Integrata yet to book,1235308667,1235308667,4551456423,-590882299,2021-07-29
12655,,135_455742022_CACEIS,1127725686,OB,OB,No-pair,wire transfer,Caceis booked the wire transfer for SD 02-12-2020. Integrata yet to book,1127725686,1127725686,4551456423,-590882299,2021-07-29
12656,,91_4551191593_CACEIS,1722905021,OB,OB,No-pair,fx wire,Caceis booked the fx wire for SD 01-15-2021. Integrata yet to book,1722905021,1722905021,4551456423,-590882299,2021-07-29
12657,,331_455706635_CACEIS,1081907579,OB,OB,No-pair,fx wire,Caceis booked the fx wire for SD 01-15-2020. Integrata yet to book,1081907579,1081907579,4551456423,-590882299,2021-07-29
12658,,958_455822501_CACEIS,1235308798,OB,OB,No-pair,fees,Caceis booked the fees for SD 04-14-2020. Integrata yet to book,1235308798,1235308798,4551456423,-590882299,2021-07-29
12659,,98_455748445_CACEIS,1136275192,OB,OB,No-pair,fx wire,Caceis booked the fx wire for SD 02-18-2020. Integrata yet to book,1136275192,1136275192,4551456423,-590882299,2021-07-29
12660,,254_4551210754_CACEIS,1748958263,OB,OB,No-pair,wire transfer,Caceis booked the wire transfer for SD 01-29-2021. Integrata yet to book,1748958263,1748958263,4551456423,-590882299,2021-07-29
12661,,99_4551232906_CACEIS,1780156536,OB,OB,No-pair,fx wire,Caceis booked the fx wire for SD 02-16-2021. Integrata yet to book,1780156536,1780156536,4551456423,-590882299,2021-07-29
12662,,225_4551269721_CACEIS,1827474044,OB,OB,No-pair,fx wire,Caceis booked the fx wire for SD 03-15-2021. Integrata yet to book,1827474044,1827474044,4551456423,-590882299,2021-07-29
12663,,477_4551191593_CACEIS,1722905413,OB,OB,No-pair,fx wire,Caceis booked the fx wire for SD 01-15-2021. Integrata yet to book,1722905413,1722905413,4551456423,-590882299,2021-07-29
12664,,12_455851677_CACEIS,1272856283,OB,OB,No-pair,wire transfer,Caceis booked the wire transfer for SD 05-06-2020. Integrata yet to book,1272856283,1272856283,4551456423,-590882299,2021-07-29
12665,,16_455851677_CACEIS,1272856296,OB,OB,No-pair,wire transfer,Caceis booked the wire transfer for SD 05-07-2020. Integrata yet to book,1272856296,1272856296,4551456423,-590882299,2021-07-29
12666,,49_4551171343_CACEIS,1696929211,OB,OB,No-pair,monthend interest,Caceis booked the monthend interest for SD 01-01-2021. Integrata yet to book,1696929211,1696929211,4551456423,-590882299,2021-07-29
12667,,33_455676391_CACEIS,1031864582,OB,OB,No-pair,fx wire,Caceis booked the fx wire for SD 12-20-2019. Integrata yet to book,1031864582,1031864582,4551456423,-590882299,2021-07-29
12668,,10_455550632_CACEIS,818475551,OB,OB,No-pair,fx wire,Caceis booked the fx wire for SD 09-13-2019. Integrata yet to book,818475551,818475551,4551456423,-590882299,2021-07-29
12669,,13_4551248485_CACEIS,1800039387,OB,OB,No-pair,fx wire,Caceis booked the fx wire for SD 02-26-2021. Integrata yet to book,1800039387,1800039387,4551456423,-590882299,2021-07-29
12670,,51_455516633_CACEIS,760048302,OB,OB,No-pair,fx wire,Caceis booked the fx wire for SD 08-16-2019. Integrata yet to book,760048302,760048302,4551456423,-590882299,2021-07-29
12671,,12_455585083_CACEIS,874262527,OB,OB,No-pair,fees,Caceis booked the fees for SD 10-10-2019. Integrata yet to book,874262527,874262527,4551456423,-590882299,2021-07-29
12672,,528_455862625_CACEIS,1287005004,OB,OB,No-pair,fx wire,Caceis booked the fx wire for SD 05-15-2020. Integrata yet to book,1287005004,1287005004,4551456423,-590882299,2021-07-29
12673,,58_4551136088_CACEIS,1649475145,OB,OB,No-pair,fx wire,Caceis booked the fx wire for SD 12-04-2020. Integrata yet to book,1649475145,1649475145,4551456423,-590882299,2021-07-29
12674,,8_4551176595_CACEIS,1702419453,OB,OB,No-pair,wire transfer,Caceis booked the wire transfer for SD 01-05-2021. Integrata yet to book,1702419453,1702419453,4551456423,-590882299,2021-07-29
12675,,413_4551191593_CACEIS,1722905390,OB,OB,No-pair,fx wire,Caceis booked the fx wire for SD 01-15-2021. Integrata yet to book,1722905390,1722905390,4551456423,-590882299,2021-07-29
12676,,23_455898221_CACEIS,1334730857,OB,OB,No-pair,fees,Caceis booked the fees for SD 06-12-2020. Integrata yet to book,1334730857,1334730857,4551456423,-590882299,2021-07-29
12677,,188_455940640_CACEIS,1391596061,OB,OB,No-pair,fx wire,Caceis booked the fx wire for SD 07-15-2020. Integrata yet to book,1391596061,1391596061,4551456423,-590882299,2021-07-29
12678,,9_4551349054_CACEIS,1933657830,OB,OB,No-pair,fees,Caceis booked the fees for SD 05-12-2021. Integrata yet to book,1933657830,1933657830,4551456423,-590882299,2021-07-29
12679,,53_455554115_CACEIS,824385018,OB,OB,No-pair,fx wire,Caceis booked the fx wire for SD 09-17-2019. Integrata yet to book,824385018,824385018,4551456423,-590882299,2021-07-29
12680,,245_455783582_CACEIS,1185159483,OB,OB,No-pair,fx wire,Caceis booked the fx wire for SD 03-16-2020. Integrata yet to book,1185159483,1185159483,4551456423,-590882299,2021-07-29
12681,,1504_455643841_CACEIS,975324576,OB,OB,No-pair,monthend interest,Caceis booked the monthend interest for SD 11-18-2019. Integrata yet to book,975324576,975324576,4551456423,-590882299,2021-07-29
12682,,37_455783582_CACEIS,1185159215,OB,OB,No-pair,fx wire,Caceis booked the fx wire for SD 03-16-2020. Integrata yet to book,1185159215,1185159215,4551456423,-590882299,2021-07-29
12683,,215_4551066313_CACEIS,1556876559,OB,OB,No-pair,fx wire,Caceis booked the fx wire for SD 10-15-2020. Integrata yet to book,1556876559,1556876559,4551456423,-590882299,2021-07-29
12684,,378_455940640_CACEIS,1391596314,OB,OB,No-pair,fx wire,Caceis booked the fx wire for SD 07-15-2020. Integrata yet to book,1391596314,1391596314,4551456423,-590882299,2021-07-29
12685,,33_4551448516_CACEIS,2064090603,OB,OB,No-pair,fx wire,Caceis booked the fx wire for SD 07-23-2021. Integrata yet to book,2064090603,2064090603,4551456423,-590882299,2021-07-29
12686,,244_4551210754_CACEIS,1748958311,OB,OB,No-pair,monthend interest,Caceis booked the monthend interest for SD 02-01-2021. Integrata yet to book,1748958311,1748958311,4551456423,-590882299,2021-07-29
12687,,8_4551258322_CACEIS,1812652668,OB,OB,No-pair,fx wire,Caceis booked the fx wire for SD 03-05-2021. Integrata yet to book,1812652668,1812652668,4551456423,-590882299,2021-07-29
12688,,901_455822501_CACEIS,1235307864,OB,OB,No-pair,fx wire,Caceis booked the fx wire for SD 04-15-2020. Integrata yet to book,1235307864,1235307864,4551456423,-590882299,2021-07-29
12689,,386_4551023983_CACEIS,1500214138,OB,OB,No-pair,fx wire,Caceis booked the fx wire for SD 09-15-2020. Integrata yet to book,1500214138,1500214138,4551456423,-590882299,2021-07-29
12690,,439_455862625_CACEIS,1287003857,OB,OB,No-pair,fx wire,Caceis booked the fx wire for SD 05-15-2020. Integrata yet to book,1287003857,1287003857,4551456423,-590882299,2021-07-29
12691,,524_455862625_CACEIS,1287003851,OB,OB,No-pair,fx wire,Caceis booked the fx wire for SD 05-15-2020. Integrata yet to book,1287003851,1287003851,4551456423,-590882299,2021-07-29
12692,,104_455783582_CACEIS,1185159252,OB,OB,No-pair,fx wire,Caceis booked the fx wire for SD 03-16-2020. Integrata yet to book,1185159252,1185159252,4551456423,-590882299,2021-07-29
12693,,38_455782293_CACEIS,1183562963,OB,OB,No-pair,fx wire,Caceis booked the fx wire for SD 03-13-2020. Integrata yet to book,1183562963,1183562963,4551456423,-590882299,2021-07-29
12694,,139_455688261_CACEIS,1053516764,OB,OB,No-pair,monthend interest,Caceis booked the monthend interest for SD 01-01-2020. Integrata yet to book,1053516764,1053516764,4551456423,-590882299,2021-07-29
12695,,331_455669415_CACEIS,1020662098,OB,OB,No-pair,fx wire,Caceis booked the fx wire for SD 12-16-2019. Integrata yet to book,1020662098,1020662098,4551456423,-590882299,2021-07-29
12696,,108_4551311496_CACEIS,1881179999,OB,OB,No-pair,fees,Caceis booked the fees for SD 04-14-2021. Integrata yet to book,1881179999,1881179999,4551456423,-590882299,2021-07-29
12697,,86_455688261_CACEIS,1053516793,OB,OB,No-pair,monthend interest,Caceis booked the monthend interest for SD 01-01-2020. Integrata yet to book,1053516793,1053516793,4551456423,-590882299,2021-07-29
12698,,134_455822501_CACEIS,1235307990,OB,OB,No-pair,fx wire,Caceis booked the fx wire for SD 04-15-2020. Integrata yet to book,1235307990,1235307990,4551456423,-590882299,2021-07-29
12699,,39_455688261_CACEIS,1053516675,OB,OB,No-pair,monthend interest,Caceis booked the monthend interest for SD 01-01-2020. Integrata yet to book,1053516675,1053516675,4551456423,-590882299,2021-07-29
12700,,54_455889377_CACEIS,1323110236,OB,OB,No-pair,fx wire,Caceis booked the fx wire for SD 06-05-2020. Integrata yet to book,1323110236,1323110236,4551456423,-590882299,2021-07-29
12701,,124_455742022_CACEIS,1127725694,OB,OB,No-pair,wire transfer,Caceis booked the wire transfer for SD 02-12-2020. Integrata yet to book,1127725694,1127725694,4551456423,-590882299,2021-07-29
12702,,59_455753887_CACEIS,1143364750,OB,OB,No-pair,fx wire,Caceis booked the fx wire for SD 02-21-2020. Integrata yet to book,1143364750,1143364750,4551456423,-590882299,2021-07-29
12703,,442_455783582_CACEIS,1185159654,OB,OB,No-pair,fx wire,Caceis booked the fx wire for SD 03-16-2020. Integrata yet to book,1185159654,1185159654,4551456423,-590882299,2021-07-29
12704,,390_4551023983_CACEIS,1500214152,OB,OB,No-pair,fx wire,Caceis booked the fx wire for SD 09-15-2020. Integrata yet to book,1500214152,1500214152,4551456423,-590882299,2021-07-29
12705,,237_455783582_CACEIS,1185159276,OB,OB,No-pair,fx wire,Caceis booked the fx wire for SD 03-16-2020. Integrata yet to book,1185159276,1185159276,4551456423,-590882299,2021-07-29
12706,,56_455783582_CACEIS,1185159236,OB,OB,No-pair,fx wire,Caceis booked the fx wire for SD 03-16-2020. Integrata yet to book,1185159236,1185159236,4551456423,-590882299,2021-07-29
12707,,7_4551281272_CACEIS,1842371433,OB,OB,No-pair,proceeds sell,Caceis booked the proceeds sell for SD 03-23-2021. Integrata yet to book,1842371433,1842371433,4551456423,-590882299,2021-07-29
12708,,4_4551184426_CACEIS,1712749672,OB,OB,No-pair,fees,Caceis booked the fees for SD 01-11-2021. Integrata yet to book,1712749672,1712749672,4551456423,-590882299,2021-07-29
12709,,8_455885370_CACEIS,1317728437,OB,OB,No-pair,wire transfer,Caceis booked the wire transfer for SD 06-03-2020. Integrata yet to book,1317728437,1317728437,4551456423,-590882299,2021-07-29
12710,,11_455808758_CACEIS,1217520434,OB,OB,No-pair,wire transfer,Caceis booked the wire transfer for SD 04-03-2020. Integrata yet to book,1217520434,1217520434,4551456423,-590882299,2021-07-29
12711,,324_455669415_CACEIS,1020662097,OB,OB,No-pair,fx wire,Caceis booked the fx wire for SD 12-16-2019. Integrata yet to book,1020662097,1020662097,4551456423,-590882299,2021-07-29
12712,,48_4551220415_CACEIS,1761956088,OB,OB,No-pair,wire transfer,Caceis booked the wire transfer for SD 02-05-2021. Integrata yet to book,1761956088,1761956088,4551456423,-590882299,2021-07-29
12713,,4_455986572_CACEIS,1451140931,OB,OB,No-pair,proceeds sell,Caceis booked the proceeds sell for SD 08-18-2020. Integrata yet to book,1451140931,1451140931,4551456423,-590882299,2021-07-29
12714,,1_4551127906_CACEIS,1637981906,OB,OB,No-pair,monthend interest,Caceis booked the monthend interest for SD 12-01-2020. Integrata yet to book,1637981906,1637981906,4551456423,-590882299,2021-07-29
12715,,68_455605017_CACEIS,907407231,OB,OB,No-pair,fx wire,Caceis booked the fx wire for SD 10-25-2019. Integrata yet to book,907407231,907407231,4551456423,-590882299,2021-07-29
12716,,35_4551248485_CACEIS,1800039364,OB,OB,No-pair,monthend interest,Caceis booked the monthend interest for SD 03-01-2021. Integrata yet to book,1800039364,1800039364,4551456423,-590882299,2021-07-29
12717,,38_4551127906_CACEIS,1637981969,OB,OB,No-pair,monthend interest,Caceis booked the monthend interest for SD 12-01-2020. Integrata yet to book,1637981969,1637981969,4551456423,-590882299,2021-07-29
12718,,8_4551182476_CACEIS,1710215364,OB,OB,No-pair,fx wire,Caceis booked the fx wire for SD 01-08-2021. Integrata yet to book,1710215364,1710215364,4551456423,-590882299,2021-07-29
12719,,5_455986572_CACEIS,1451140932,OB,OB,No-pair,wire transfer,Caceis booked the wire transfer for SD 08-18-2020. Integrata yet to book,1451140932,1451140932,4551456423,-590882299,2021-07-29
12720,,102_4551220415_CACEIS,1761956205,OB,OB,No-pair,wire transfer,Caceis booked the wire transfer for SD 02-05-2021. Integrata yet to book,1761956205,1761956205,4551456423,-590882299,2021-07-29
12721,,60_4551311496_CACEIS,1881179986,OB,OB,No-pair,fees,Caceis booked the fees for SD 04-14-2021. Integrata yet to book,1881179986,1881179986,4551456423,-590882299,2021-07-29
12722,,308_4551313388_CACEIS,1883527926,OB,OB,No-pair,fx wire,Caceis booked the fx wire for SD 04-15-2021. Integrata yet to book,1883527926,1883527926,4551456423,-590882299,2021-07-29
12723,,372_455590588_CACEIS,883858647,OB,OB,No-pair,fx wire,Caceis booked the fx wire for SD 10-15-2019. Integrata yet to book,883858647,883858647,4551456423,-590882299,2021-07-29
12724,,451_4551149959_CACEIS,1667623261,OB,OB,No-pair,fx wire,Caceis booked the fx wire for SD 12-15-2020. Integrata yet to book,1667623261,1667623261,4551456423,-590882299,2021-07-29
12725,,416_4551191593_CACEIS,1722905513,OB,OB,No-pair,fx wire,Caceis booked the fx wire for SD 01-15-2021. Integrata yet to book,1722905513,1722905513,4551456423,-590882299,2021-07-29
12726,,478_4551191593_CACEIS,1722905433,OB,OB,No-pair,fx wire,Caceis booked the fx wire for SD 01-15-2021. Integrata yet to book,1722905433,1722905433,4551456423,-590882299,2021-07-29
12727,,95_4551018409_CACEIS,1492757165,OB,OB,No-pair,wire transfer,Caceis booked the wire transfer for SD 09-10-2020. Integrata yet to book,1492757165,1492757165,4551456423,-590882299,2021-07-29
12728,,56_455822501_CACEIS,1235307979,OB,OB,No-pair,fx wire,Caceis booked the fx wire for SD 04-15-2020. Integrata yet to book,1235307979,1235307979,4551456423,-590882299,2021-07-29
12729,,50_4551292839_CACEIS,1857221952,OB,OB,No-pair,wire transfer,Caceis booked the wire transfer for SD 03-26-2021. Integrata yet to book,1857221952,1857221952,4551456423,-590882299,2021-07-29
12730,,11_4551153712_CACEIS,1672409239,OB,OB,No-pair,proceeds sell,Caceis booked the proceeds sell for SD 12-17-2020. Integrata yet to book,1672409239,1672409239,4551456423,-590882299,2021-07-29
12731,,1_4551184426_CACEIS,1712749666,OB,OB,No-pair,fees,Caceis booked the fees for SD 01-11-2021. Integrata yet to book,1712749666,1712749666,4551456423,-590882299,2021-07-29
12732,,31_455803095_CACEIS,1210223476,OB,OB,No-pair,monthend interest,Caceis booked the monthend interest for SD 04-01-2020. Integrata yet to book,1210223476,1210223476,4551456423,-590882299,2021-07-29
12733,,94_4551311496_CACEIS,1881179959,OB,OB,No-pair,fees,Caceis booked the fees for SD 04-14-2021. Integrata yet to book,1881179959,1881179959,4551456423,-590882299,2021-07-29
12734,,310_4551313388_CACEIS,1883527847,OB,OB,No-pair,fx wire,Caceis booked the fx wire for SD 04-15-2021. Integrata yet to book,1883527847,1883527847,4551456423,-590882299,2021-07-29
12735,,127_455742022_CACEIS,1127725690,OB,OB,No-pair,wire transfer,Caceis booked the wire transfer for SD 02-12-2020. Integrata yet to book,1127725690,1127725690,4551456423,-590882299,2021-07-29
12736,,77_4551311496_CACEIS,1881179934,OB,OB,No-pair,fees,Caceis booked the fees for SD 04-14-2021. Integrata yet to book,1881179934,1881179934,4551456423,-590882299,2021-07-29
12737,,291_455748445_CACEIS,1136275300,OB,OB,No-pair,fx wire,Caceis booked the fx wire for SD 02-18-2020. Integrata yet to book,1136275300,1136275300,4551456423,-590882299,2021-07-29
12738,,135_455822501_CACEIS,1235308005,OB,OB,No-pair,fx wire,Caceis booked the fx wire for SD 04-15-2020. Integrata yet to book,1235308005,1235308005,4551456423,-590882299,2021-07-29
12739,,8_4551281272_CACEIS,1842371435,OB,OB,No-pair,wire transfer,Caceis booked the wire transfer for SD 03-23-2021. Integrata yet to book,1842371435,1842371435,4551456423,-590882299,2021-07-29
12740,,4_455750273_CACEIS,1138650225,OB,OB,No-pair,wire transfer,Caceis booked the wire transfer for SD 02-19-2020. Integrata yet to book,1138650225,1138650225,4551456423,-590882299,2021-07-29
12741,,479_4551109218_CACEIS,1613287018,OB,OB,No-pair,fx wire,Caceis booked the fx wire for SD 11-16-2020. Integrata yet to book,1613287018,1613287018,4551456423,-590882299,2021-07-29
12742,,21_4551184426_CACEIS,1712749721,OB,OB,No-pair,fees,Caceis booked the fees for SD 01-11-2021. Integrata yet to book,1712749721,1712749721,4551456423,-590882299,2021-07-29
12743,,64_4551311496_CACEIS,1881179969,OB,OB,No-pair,fees,Caceis booked the fees for SD 04-14-2021. Integrata yet to book,1881179969,1881179969,4551456423,-590882299,2021-07-29
12744,,459_455643841_CACEIS,975323531,OB,OB,No-pair,fx wire,Caceis booked the fx wire for SD 11-15-2019. Integrata yet to book,975323531,975323531,4551456423,-590882299,2021-07-29
12745,,16_4551097416_CACEIS,1597270355,OB,OB,No-pair,fx wire,Caceis booked the fx wire for SD 11-06-2020. Integrata yet to book,1597270355,1597270355,4551456423,-590882299,2021-07-29
12746,,88_4551311496_CACEIS,1881179965,OB,OB,No-pair,fees,Caceis booked the fees for SD 04-14-2021. Integrata yet to book,1881179965,1881179965,4551456423,-590882299,2021-07-29
12747,,81_4551018409_CACEIS,1492757255,OB,OB,No-pair,wire transfer,Caceis booked the wire transfer for SD 09-10-2020. Integrata yet to book,1492757255,1492757255,4551456423,-590882299,2021-07-29
12748,,31_455982783_CACEIS,1446488996,OB,OB,No-pair,fx wire,Caceis booked the fx wire for SD 08-14-2020. Integrata yet to book,1446488996,1446488996,4551456423,-590882299,2021-07-29
12749,,39_4551411869_CACEIS,2018959550,OB,OB,No-pair,fx wire,Caceis booked the fx wire for SD 06-28-2021. Integrata yet to book,2018959550,2018959550,4551456423,-590882299,2021-07-29
12750,,58_455706635_CACEIS,1081907541,OB,OB,No-pair,fx wire,Caceis booked the fx wire for SD 01-15-2020. Integrata yet to book,1081907541,1081907541,4551456423,-590882299,2021-07-29
12751,,22_4551184426_CACEIS,1712749730,OB,OB,No-pair,fees,Caceis booked the fees for SD 01-11-2021. Integrata yet to book,1712749730,1712749730,4551456423,-590882299,2021-07-29
12752,,61_4551191593_CACEIS,1722905041,OB,OB,No-pair,fx wire,Caceis booked the fx wire for SD 01-15-2021. Integrata yet to book,1722905041,1722905041,4551456423,-590882299,2021-07-29
12753,,1235_455643841_CACEIS,975324307,OB,OB,No-pair,fx wire,Caceis booked the fx wire for SD 11-15-2019. Integrata yet to book,975324307,975324307,4551456423,-590882299,2021-07-29
12754,,16_4551239617_CACEIS,1789074798,OB,OB,No-pair,wire transfer,Caceis booked the wire transfer for SD 02-19-2021. Integrata yet to book,1789074798,1789074798,4551456423,-590882299,2021-07-29
12755,,15_455790609_CACEIS,1194036477,OB,OB,No-pair,fx wire,Caceis booked the fx wire for SD 03-20-2020. Integrata yet to book,1194036477,1194036477,4551456423,-590882299,2021-07-29
12756,,98_4551018409_CACEIS,1492757176,OB,OB,No-pair,wire transfer,Caceis booked the wire transfer for SD 09-10-2020. Integrata yet to book,1492757176,1492757176,4551456423,-590882299,2021-07-29
12757,,97_4551311496_CACEIS,1881179977,OB,OB,No-pair,fees,Caceis booked the fees for SD 04-14-2021. Integrata yet to book,1881179977,1881179977,4551456423,-590882299,2021-07-29
12758,,110_4551311496_CACEIS,1881179907,OB,OB,No-pair,fees,Caceis booked the fees for SD 04-14-2021. Integrata yet to book,1881179907,1881179907,4551456423,-590882299,2021-07-29
12759,,48_4551018409_CACEIS,1492757150,OB,OB,No-pair,wire transfer,Caceis booked the wire transfer for SD 09-10-2020. Integrata yet to book,1492757150,1492757150,4551456423,-590882299,2021-07-29
12760,,30_4551184426_CACEIS,1712749779,OB,OB,No-pair,fees,Caceis booked the fees for SD 01-11-2021. Integrata yet to book,1712749779,1712749779,4551456423,-590882299,2021-07-29
12761,,795_455822501_CACEIS,1235308769,OB,OB,No-pair,fx wire,Caceis booked the fx wire for SD 04-15-2020. Integrata yet to book,1235308769,1235308769,4551456423,-590882299,2021-07-29
12762,,81_4551087502_CACEIS,1584326618,OB,OB,No-pair,monthend interest,Caceis booked the monthend interest for SD 11-01-2020. Integrata yet to book,1584326618,1584326618,4551456423,-590882299,2021-07-29
12763,,35_4551184426_CACEIS,1712749789,OB,OB,No-pair,fees,Caceis booked the fees for SD 01-11-2021. Integrata yet to book,1712749789,1712749789,4551456423,-590882299,2021-07-29
12764,,128_455742022_CACEIS,1127725708,OB,OB,No-pair,wire transfer,Caceis booked the wire transfer for SD 02-12-2020. Integrata yet to book,1127725708,1127725708,4551456423,-590882299,2021-07-29
12765,,7_4551341492_CACEIS,1922960763,OB,OB,No-pair,wire transfer,Caceis booked the wire transfer for SD 05-06-2021. Integrata yet to book,1922960763,1922960763,4551456423,-590882299,2021-07-29
12766,,81_455706635_CACEIS,1081907265,OB,OB,No-pair,fx wire,Caceis booked the fx wire for SD 01-15-2020. Integrata yet to book,1081907265,1081907265,4551456423,-590882299,2021-07-29
12767,,85_455706635_CACEIS,1081907640,OB,OB,No-pair,fx wire,Caceis booked the fx wire for SD 01-15-2020. Integrata yet to book,1081907640,1081907640,4551456423,-590882299,2021-07-29
12768,,77_4551269721_CACEIS,1827473819,OB,OB,No-pair,fx wire,Caceis booked the fx wire for SD 03-15-2021. Integrata yet to book,1827473819,1827473819,4551456423,-590882299,2021-07-29
12769,,246_4551436806_CACEIS,2049885949,OB,OB,No-pair,fx wire,Caceis booked the fx wire for SD 07-15-2021. Integrata yet to book,2049885949,2049885949,4551456423,-590882299,2021-07-29
12770,,61_4551311496_CACEIS,1881179993,OB,OB,No-pair,fees,Caceis booked the fees for SD 04-14-2021. Integrata yet to book,1881179993,1881179993,4551456423,-590882299,2021-07-29
12771,,42_4551087502_CACEIS,1584326592,OB,OB,No-pair,monthend interest,Caceis booked the monthend interest for SD 11-01-2020. Integrata yet to book,1584326592,1584326592,4551456423,-590882299,2021-07-29
12772,,196_455783582_CACEIS,1185159266,OB,OB,No-pair,fx wire,Caceis booked the fx wire for SD 03-16-2020. Integrata yet to book,1185159266,1185159266,4551456423,-590882299,2021-07-29
12773,,88_4551394628_CACEIS,1997244701,OB,OB,No-pair,fx wire,Caceis booked the fx wire for SD 06-15-2021. Integrata yet to book,1997244701,1997244701,4551456423,-590882299,2021-07-29
12774,,18_4551184426_CACEIS,1712749710,OB,OB,No-pair,fees,Caceis booked the fees for SD 01-11-2021. Integrata yet to book,1712749710,1712749710,4551456423,-590882299,2021-07-29
12775,,73_4551311496_CACEIS,1881179919,OB,OB,No-pair,fees,Caceis booked the fees for SD 04-14-2021. Integrata yet to book,1881179919,1881179919,4551456423,-590882299,2021-07-29
12776,,355_455590588_CACEIS,883858518,OB,OB,No-pair,fx wire,Caceis booked the fx wire for SD 10-15-2019. Integrata yet to book,883858518,883858518,4551456423,-590882299,2021-07-29
12777,,253_4551313388_CACEIS,1883527913,OB,OB,No-pair,fx wire,Caceis booked the fx wire for SD 04-15-2021. Integrata yet to book,1883527913,1883527913,4551456423,-590882299,2021-07-29
12778,,111_4551220415_CACEIS,1761956030,OB,OB,No-pair,wire transfer,Caceis booked the wire transfer for SD 02-05-2021. Integrata yet to book,1761956030,1761956030,4551456423,-590882299,2021-07-29
12779,,7_455701234_CACEIS,1075203700,OB,OB,No-pair,fx wire,Caceis booked the fx wire for SD 01-10-2020. Integrata yet to book,1075203700,1075203700,4551456423,-590882299,2021-07-29
12780,,382_4551066313_CACEIS,1556876589,OB,OB,No-pair,fx wire,Caceis booked the fx wire for SD 10-15-2020. Integrata yet to book,1556876589,1556876589,4551456423,-590882299,2021-07-29
12781,,146_455742022_CACEIS,1127725750,OB,OB,No-pair,wire transfer,Caceis booked the wire transfer for SD 02-12-2020. Integrata yet to book,1127725750,1127725750,4551456423,-590882299,2021-07-29
12782,,27_4551184426_CACEIS,1712749760,OB,OB,No-pair,fees,Caceis booked the fees for SD 01-11-2021. Integrata yet to book,1712749760,1712749760,4551456423,-590882299,2021-07-29
12783,,54_4551311496_CACEIS,1881179947,OB,OB,No-pair,fees,Caceis booked the fees for SD 04-14-2021. Integrata yet to book,1881179947,1881179947,4551456423,-590882299,2021-07-29
12784,,25_4551267661_CACEIS,1824870512,OB,OB,No-pair,wire transfer,Caceis booked the wire transfer for SD 03-12-2021. Integrata yet to book,1824870512,1824870512,4551456423,-590882299,2021-07-29
12785,,246_4551313388_CACEIS,1883527917,OB,OB,No-pair,fx wire,Caceis booked the fx wire for SD 04-15-2021. Integrata yet to book,1883527917,1883527917,4551456423,-590882299,2021-07-29
12786,,71_4551018409_CACEIS,1492757196,OB,OB,No-pair,wire transfer,Caceis booked the wire transfer for SD 09-10-2020. Integrata yet to book,1492757196,1492757196,4551456423,-590882299,2021-07-29
12787,,20_455541826_CACEIS,801870163,OB,OB,No-pair,fx wire,Caceis booked the fx wire for SD 09-06-2019. Integrata yet to book,801870163,801870163,4551456423,-590882299,2021-07-29
12788,,77_4551018409_CACEIS,1492757232,OB,OB,No-pair,wire transfer,Caceis booked the wire transfer for SD 09-10-2020. Integrata yet to book,1492757232,1492757232,4551456423,-590882299,2021-07-29
12789,,458_455783582_CACEIS,1185159714,OB,OB,No-pair,fx wire,Caceis booked the fx wire for SD 03-16-2020. Integrata yet to book,1185159714,1185159714,4551456423,-590882299,2021-07-29
12790,,490_455985296_CACEIS,1449582168,OB,OB,No-pair,fx wire,Caceis booked the fx wire for SD 08-17-2020. Integrata yet to book,1449582168,1449582168,4551456423,-590882299,2021-07-29
12791,,416_455985296_CACEIS,1449582137,OB,OB,No-pair,fx wire,Caceis booked the fx wire for SD 08-17-2020. Integrata yet to book,1449582137,1449582137,4551456423,-590882299,2021-07-29
12792,,50_4551018409_CACEIS,1492757159,OB,OB,No-pair,wire transfer,Caceis booked the wire transfer for SD 09-10-2020. Integrata yet to book,1492757159,1492757159,4551456423,-590882299,2021-07-29
12793,,29_4551184426_CACEIS,1712749768,OB,OB,No-pair,fees,Caceis booked the fees for SD 01-11-2021. Integrata yet to book,1712749768,1712749768,4551456423,-590882299,2021-07-29
12794,,78_4551018409_CACEIS,1492757241,OB,OB,No-pair,wire transfer,Caceis booked the wire transfer for SD 09-10-2020. Integrata yet to book,1492757241,1492757241,4551456423,-590882299,2021-07-29
12795,,199_4551066313_CACEIS,1556876543,OB,OB,No-pair,fx wire,Caceis booked the fx wire for SD 10-15-2020. Integrata yet to book,1556876543,1556876543,4551456423,-590882299,2021-07-29
12796,,160_455742022_CACEIS,1127725695,OB,OB,No-pair,wire transfer,Caceis booked the wire transfer for SD 02-12-2020. Integrata yet to book,1127725695,1127725695,4551456423,-590882299,2021-07-29
12797,,286_455748445_CACEIS,1136275239,OB,OB,No-pair,fx wire,Caceis booked the fx wire for SD 02-18-2020. Integrata yet to book,1136275239,1136275239,4551456423,-590882299,2021-07-29
12798,,37_455476582_CACEIS,691188869,OB,OB,No-pair,fx wire,Caceis booked the fx wire for SD 07-16-2019. Integrata yet to book,691188869,691188869,4551456423,-590882299,2021-07-29
12799,,1_4551415924_CACEIS,2024089314,OB,OB,No-pair,monthend interest,Caceis booked the monthend interest for SD 07-01-2021. Integrata yet to book,2024089314,2024089314,4551456423,-590882299,2021-07-29
12800,,110_4551220415_CACEIS,1761955996,OB,OB,No-pair,wire transfer,Caceis booked the wire transfer for SD 02-05-2021. Integrata yet to book,1761955996,1761955996,4551456423,-590882299,2021-07-29
12801,,10_455986572_CACEIS,1451140936,OB,OB,No-pair,wire transfer,Caceis booked the wire transfer for SD 08-18-2020. Integrata yet to book,1451140936,1451140936,4551456423,-590882299,2021-07-29
12802,,37_4551184426_CACEIS,1712749799,OB,OB,No-pair,fees,Caceis booked the fees for SD 01-11-2021. Integrata yet to book,1712749799,1712749799,4551456423,-590882299,2021-07-29
12803,,286_4551149959_CACEIS,1667623030,OB,OB,No-pair,fx wire,Caceis booked the fx wire for SD 12-15-2020. Integrata yet to book,1667623030,1667623030,4551456423,-590882299,2021-07-29
12804,,394_4551066313_CACEIS,1556876694,OB,OB,No-pair,fx wire,Caceis booked the fx wire for SD 10-15-2020. Integrata yet to book,1556876694,1556876694,4551456423,-590882299,2021-07-29
12805,,7_4551039598_CACEIS,1521245919,OB,OB,No-pair,fx wire,Caceis booked the fx wire for SD 09-25-2020. Integrata yet to book,1521245919,1521245919,4551456423,-590882299,2021-07-29
12806,,27_455476582_CACEIS,691188780,OB,OB,No-pair,fx wire,Caceis booked the fx wire for SD 07-16-2019. Integrata yet to book,691188780,691188780,4551456423,-590882299,2021-07-29
12807,,5_4551214580_CACEIS,1754128752,OB,OB,No-pair,proceeds sell,Caceis booked the proceeds sell for SD 02-02-2021. Integrata yet to book,1754128752,1754128752,4551456423,-590882299,2021-07-29
12808,,478_455985296_CACEIS,1449582208,OB,OB,No-pair,fx wire,Caceis booked the fx wire for SD 08-17-2020. Integrata yet to book,1449582208,1449582208,4551456423,-590882299,2021-07-29
12809,,191_4551248485_CACEIS,1800039555,OB,OB,No-pair,fx wire,Caceis booked the fx wire for SD 02-26-2021. Integrata yet to book,1800039555,1800039555,4551456423,-590882299,2021-07-29
12810,,44_4551018409_CACEIS,1492757126,OB,OB,No-pair,wire transfer,Caceis booked the wire transfer for SD 09-10-2020. Integrata yet to book,1492757126,1492757126,4551456423,-590882299,2021-07-29
12811,,449_455985296_CACEIS,1449582148,OB,OB,No-pair,fx wire,Caceis booked the fx wire for SD 08-17-2020. Integrata yet to book,1449582148,1449582148,4551456423,-590882299,2021-07-29
12812,,52_4551018409_CACEIS,1492757178,OB,OB,No-pair,wire transfer,Caceis booked the wire transfer for SD 09-10-2020. Integrata yet to book,1492757178,1492757178,4551456423,-590882299,2021-07-29
12813,,91_455554115_CACEIS,824384902,OB,OB,No-pair,fx wire,Caceis booked the fx wire for SD 09-17-2019. Integrata yet to book,824384902,824384902,4551456423,-590882299,2021-07-29
12814,,121_4551201062_CACEIS,1734565981,OB,OB,No-pair,fx wire,Caceis booked the fx wire for SD 01-22-2021. Integrata yet to book,1734565981,1734565981,4551456423,-590882299,2021-07-29
12815,,63_4551269721_CACEIS,1827473821,OB,OB,No-pair,fx wire,Caceis booked the fx wire for SD 03-15-2021. Integrata yet to book,1827473821,1827473821,4551456423,-590882299,2021-07-29
12816,,83_455554115_CACEIS,824384889,OB,OB,No-pair,fx wire,Caceis booked the fx wire for SD 09-17-2019. Integrata yet to book,824384889,824384889,4551456423,-590882299,2021-07-29
12817,,6_4551039598_CACEIS,1521245914,OB,OB,No-pair,fx wire,Caceis booked the fx wire for SD 09-25-2020. Integrata yet to book,1521245914,1521245914,4551456423,-590882299,2021-07-29
12818,,503_455900053_CACEIS,1336713936,OB,OB,No-pair,fx wire,Caceis booked the fx wire for SD 06-15-2020. Integrata yet to book,1336713936,1336713936,4551456423,-590882299,2021-07-29
12819,,65_4551018409_CACEIS,1492757169,OB,OB,No-pair,wire transfer,Caceis booked the wire transfer for SD 09-10-2020. Integrata yet to book,1492757169,1492757169,4551456423,-590882299,2021-07-29
12820,,481_4551149959_CACEIS,1667623236,OB,OB,No-pair,fx wire,Caceis booked the fx wire for SD 12-15-2020. Integrata yet to book,1667623236,1667623236,4551456423,-590882299,2021-07-29
12821,,29_455649350_CACEIS,985331691,OB,OB,No-pair,monthend interest,Caceis booked the monthend interest for SD 12-01-2019. Integrata yet to book,985331691,985331691,4551456423,-590882299,2021-07-29
12822,,53_455476582_CACEIS,691188734,OB,OB,No-pair,fx wire,Caceis booked the fx wire for SD 07-16-2019. Integrata yet to book,691188734,691188734,4551456423,-590882299,2021-07-29
12823,,103_4551109218_CACEIS,1613286629,OB,OB,No-pair,fx wire,Caceis booked the fx wire for SD 11-16-2020. Integrata yet to book,1613286629,1613286629,4551456423,-590882299,2021-07-29
12824,,94_4551248485_CACEIS,1800039427,OB,OB,No-pair,wire transfer,Caceis booked the wire transfer for SD 02-25-2021. Integrata yet to book,1800039427,1800039427,4551456423,-590882299,2021-07-29
12825,,398_455940640_CACEIS,1391596346,OB,OB,No-pair,fx wire,Caceis booked the fx wire for SD 07-15-2020. Integrata yet to book,1391596346,1391596346,4551456423,-590882299,2021-07-29
12826,,43_455879764_CACEIS,1309543698,OB,OB,No-pair,wire transfer,Caceis booked the wire transfer for SD 05-29-2020. Integrata yet to book,1309543698,1309543698,4551456423,-590882299,2021-07-29
12827,,60_4551018409_CACEIS,1492757147,OB,OB,No-pair,wire transfer,Caceis booked the wire transfer for SD 09-10-2020. Integrata yet to book,1492757147,1492757147,4551456423,-590882299,2021-07-29
12828,,213_455762980_CACEIS,1156897809,OB,OB,No-pair,monthend interest,Caceis booked the monthend interest for SD 03-01-2020. Integrata yet to book,1156897809,1156897809,4551456423,-590882299,2021-07-29
12829,,93_455590588_CACEIS,883858353,OB,OB,No-pair,fx wire,Caceis booked the fx wire for SD 10-15-2019. Integrata yet to book,883858353,883858353,4551456423,-590882299,2021-07-29
12830,,22_455920273_CACEIS,1364559785,OB,OB,No-pair,monthend interest,Caceis booked the monthend interest for SD 07-01-2020. Integrata yet to book,1364559785,1364559785,4551456423,-590882299,2021-07-29
12831,,169_455726980_CACEIS,1107942554,OB,OB,No-pair,monthend interest,Caceis booked the monthend interest for SD 02-01-2020. Integrata yet to book,1107942554,1107942554,4551456423,-590882299,2021-07-29
12832,,1_455829798_CACEIS,1244359082,OB,OB,No-pair,wire transfer,Caceis booked the wire transfer for SD 04-21-2020. Integrata yet to book,1244359082,1244359082,4551456423,-590882299,2021-07-29
12833,,108_455783582_CACEIS,1185159205,OB,OB,No-pair,fx wire,Caceis booked the fx wire for SD 03-16-2020. Integrata yet to book,1185159205,1185159205,4551456423,-590882299,2021-07-29
12834,,197_4551232906_CACEIS,1780156704,OB,OB,No-pair,fx wire,Caceis booked the fx wire for SD 02-16-2021. Integrata yet to book,1780156704,1780156704,4551456423,-590882299,2021-07-29
12835,,7_455855307_CACEIS,1277546940,OB,OB,No-pair,wire transfer,Caceis booked the wire transfer for SD 05-11-2020. Integrata yet to book,1277546940,1277546940,4551456423,-590882299,2021-07-29
12836,,416_455822501_CACEIS,1235308337,OB,OB,No-pair,fx wire,Caceis booked the fx wire for SD 04-15-2020. Integrata yet to book,1235308337,1235308337,4551456423,-590882299,2021-07-29
12837,,417_455643841_CACEIS,975323489,OB,OB,No-pair,fx wire,Caceis booked the fx wire for SD 11-15-2019. Integrata yet to book,975323489,975323489,4551456423,-590882299,2021-07-29
12838,,299_455706635_CACEIS,1081907580,OB,OB,No-pair,fx wire,Caceis booked the fx wire for SD 01-15-2020. Integrata yet to book,1081907580,1081907580,4551456423,-590882299,2021-07-29
12839,,26_4551390838_CACEIS,1992497483,OB,OB,No-pair,fx wire,Caceis booked the fx wire for SD 06-11-2021. Integrata yet to book,1992497483,1992497483,4551456423,-590882299,2021-07-29
12840,,131_4551313388_CACEIS,1883527793,OB,OB,No-pair,fx wire,Caceis booked the fx wire for SD 04-15-2021. Integrata yet to book,1883527793,1883527793,4551456423,-590882299,2021-07-29
12841,,93_455745203_CACEIS,1132280317,OB,OB,No-pair,fx wire,Caceis booked the fx wire for SD 02-14-2020. Integrata yet to book,1132280317,1132280317,4551456423,-590882299,2021-07-29
12842,,317_455643841_CACEIS,975323389,OB,OB,No-pair,fx wire,Caceis booked the fx wire for SD 11-15-2019. Integrata yet to book,975323389,975323389,4551456423,-590882299,2021-07-29
12843,,106_4551109218_CACEIS,1613286744,OB,OB,No-pair,fx wire,Caceis booked the fx wire for SD 11-16-2020. Integrata yet to book,1613286744,1613286744,4551456423,-590882299,2021-07-29
12844,,59_455985296_CACEIS,1449581868,OB,OB,No-pair,fx wire,Caceis booked the fx wire for SD 08-17-2020. Integrata yet to book,1449581868,1449581868,4551456423,-590882299,2021-07-29
12845,,27_4551077732_CACEIS,1571717936,OB,OB,No-pair,fx wire,Caceis booked the fx wire for SD 10-23-2020. Integrata yet to book,1571717936,1571717936,4551456423,-590882299,2021-07-29
12846,,1_455835232_CACEIS,1251293759,OB,OB,No-pair,fx wire,Caceis booked the fx wire for SD 04-24-2020. Integrata yet to book,1251293759,1251293759,4551456423,-590882299,2021-07-29
12847,,5_455903805_CACEIS,1341692747,OB,OB,No-pair,wire transfer,Caceis booked the wire transfer for SD 06-17-2020. Integrata yet to book,1341692747,1341692747,4551456423,-590882299,2021-07-29
12848,,290_4551313388_CACEIS,1883527914,OB,OB,No-pair,fx wire,Caceis booked the fx wire for SD 04-15-2021. Integrata yet to book,1883527914,1883527914,4551456423,-590882299,2021-07-29
12849,,444_4551023983_CACEIS,1500214234,OB,OB,No-pair,fx wire,Caceis booked the fx wire for SD 09-15-2020. Integrata yet to book,1500214234,1500214234,4551456423,-590882299,2021-07-29
12850,,26_455963450_CACEIS,1421777788,OB,OB,No-pair,monthend interest,Caceis booked the monthend interest for SD 08-01-2020. Integrata yet to book,1421777788,1421777788,4551456423,-590882299,2021-07-29
12851,,159_455940640_CACEIS,1391596094,OB,OB,No-pair,fx wire,Caceis booked the fx wire for SD 07-15-2020. Integrata yet to book,1391596094,1391596094,4551456423,-590882299,2021-07-29
12852,,1252_455643841_CACEIS,975324324,OB,OB,No-pair,fx wire,Caceis booked the fx wire for SD 11-15-2019. Integrata yet to book,975324324,975324324,4551456423,-590882299,2021-07-29
12853,,1204_455643841_CACEIS,975324276,OB,OB,No-pair,fx wire,Caceis booked the fx wire for SD 11-15-2019. Integrata yet to book,975324276,975324276,4551456423,-590882299,2021-07-29
12854,,7_4551386918_CACEIS,1987139555,OB,OB,No-pair,fees,Caceis booked the fees for SD 06-08-2021. Integrata yet to book,1987139555,1987139555,4551456423,-590882299,2021-07-29
12855,,6_455426409_CACEIS,613605946,OB,OB,No-pair,wire transfer,Caceis booked the wire transfer for SD 05-31-2019. Integrata yet to book,613605946,613605946,4551456423,-590882299,2021-07-29
12856,,6_455525155_CACEIS,774691795,OB,OB,No-pair,fx wire,Caceis booked the fx wire for SD 08-23-2019. Integrata yet to book,774691795,774691795,4551456423,-590882299,2021-07-29
12857,,271_4551149959_CACEIS,1667623055,OB,OB,No-pair,fx wire,Caceis booked the fx wire for SD 12-15-2020. Integrata yet to book,1667623055,1667623055,4551456423,-590882299,2021-07-29
12858,,48_4551171343_CACEIS,1696929208,OB,OB,No-pair,monthend interest,Caceis booked the monthend interest for SD 01-01-2021. Integrata yet to book,1696929208,1696929208,4551456423,-590882299,2021-07-29
12859,,227_455783582_CACEIS,1185159407,OB,OB,No-pair,fx wire,Caceis booked the fx wire for SD 03-16-2020. Integrata yet to book,1185159407,1185159407,4551456423,-590882299,2021-07-29
12860,,78_455762980_CACEIS,1156897758,OB,OB,No-pair,wire transfer,Caceis booked the wire transfer for SD 02-28-2020. Integrata yet to book,1156897758,1156897758,4551456423,-590882299,2021-07-29
12861,,3_323468_CACEIS,464158713,OB,OB,No-pair,proceeds sell,Caceis booked the proceeds sell for SD 03-07-2019. Integrata yet to book,464158713,464158713,4551456423,-590882299,2021-07-29
12862,,2_4551011052_CACEIS,1483359602,OB,OB,No-pair,fx wire,Caceis booked the fx wire for SD 09-04-2020. Integrata yet to book,1483359602,1483359602,4551456423,-590882299,2021-07-29
12863,,348_455643841_CACEIS,975323420,OB,OB,No-pair,fx wire,Caceis booked the fx wire for SD 11-15-2019. Integrata yet to book,975323420,975323420,4551456423,-590882299,2021-07-29
12864,,117_455649350_CACEIS,985331668,OB,OB,No-pair,monthend interest,Caceis booked the monthend interest for SD 12-01-2019. Integrata yet to book,985331668,985331668,4551456423,-590882299,2021-07-29
12865,,289_455748445_CACEIS,1136275255,OB,OB,No-pair,fx wire,Caceis booked the fx wire for SD 02-18-2020. Integrata yet to book,1136275255,1136275255,4551456423,-590882299,2021-07-29
12866,,32_4551035437_CACEIS,1516099553,OB,OB,No-pair,wire transfer,Caceis booked the wire transfer for SD 06-19-2020. Integrata yet to book,1516099553,1516099553,4551456423,-590882299,2021-07-29
12867,,8_271886_CACEIS,376733219,OB,OB,No-pair,fx wire,Caceis booked the fx wire for SD 01-18-2019. Integrata yet to book,376733219,376733219,4551456423,-590882299,2021-07-29
12868,,18_4551254304_CACEIS,1807385753,OB,OB,No-pair,wire transfer,Caceis booked the wire transfer for SD 03-03-2021. Integrata yet to book,1807385753,1807385753,4551456423,-590882299,2021-07-29
12869,,194_4551210754_CACEIS,1748958350,OB,OB,No-pair,fx wire,Caceis booked the fx wire for SD 01-29-2021. Integrata yet to book,1748958350,1748958350,4551456423,-590882299,2021-07-29
12870,,61_455658450_CACEIS,1002374661,OB,OB,No-pair,fx wire,Caceis booked the fx wire for SD 12-06-2019. Integrata yet to book,1002374661,1002374661,4551456423,-590882299,2021-07-29
12871,,18_4551171343_CACEIS,1696929215,OB,OB,No-pair,monthend interest,Caceis booked the monthend interest for SD 01-01-2021. Integrata yet to book,1696929215,1696929215,4551456423,-590882299,2021-07-29
12872,,411_455783582_CACEIS,1185159747,OB,OB,No-pair,fx wire,Caceis booked the fx wire for SD 03-16-2020. Integrata yet to book,1185159747,1185159747,4551456423,-590882299,2021-07-29
12873,,8_4551386918_CACEIS,1987139556,OB,OB,No-pair,fees,Caceis booked the fees for SD 06-08-2021. Integrata yet to book,1987139556,1987139556,4551456423,-590882299,2021-07-29
12874,,5_455525155_CACEIS,774691791,OB,OB,No-pair,fx wire,Caceis booked the fx wire for SD 08-23-2019. Integrata yet to book,774691791,774691791,4551456423,-590882299,2021-07-29
12875,,48_455985296_CACEIS,1449581875,OB,OB,No-pair,fx wire,Caceis booked the fx wire for SD 08-17-2020. Integrata yet to book,1449581875,1449581875,4551456423,-590882299,2021-07-29
12876,,39_455842390_CACEIS,1260634949,OB,OB,No-pair,monthend interest,Caceis booked the monthend interest for SD 05-01-2020. Integrata yet to book,1260634949,1260634949,4551456423,-590882299,2021-07-29
12877,,263_4551354754_CACEIS,1942399659,OB,OB,No-pair,fx wire,Caceis booked the fx wire for SD 05-17-2021. Integrata yet to book,1942399659,1942399659,4551456423,-590882299,2021-07-29
12878,,48_455669415_CACEIS,1020661894,OB,OB,No-pair,fx wire,Caceis booked the fx wire for SD 12-16-2019. Integrata yet to book,1020661894,1020661894,4551456423,-590882299,2021-07-29
12879,,8_455651199_CACEIS,989140161,OB,OB,No-pair,wire transfer,Caceis booked the wire transfer for SD 12-02-2019. Integrata yet to book,989140161,989140161,4551456423,-590882299,2021-07-29
12880,,528_4551109218_CACEIS,1613287009,OB,OB,No-pair,fx wire,Caceis booked the fx wire for SD 11-16-2020. Integrata yet to book,1613287009,1613287009,4551456423,-590882299,2021-07-29
12881,,6_4551001817_CACEIS,1470676020,OB,OB,No-pair,proceeds sell,Caceis booked the proceeds sell for SD 08-28-2020. Integrata yet to book,1470676020,1470676020,4551456423,-590882299,2021-07-29
12882,,686_455643841_CACEIS,975323758,OB,OB,No-pair,monthend interest,Caceis booked the monthend interest for SD 10-31-2019. Integrata yet to book,975323758,975323758,4551456423,-590882299,2021-07-29
12883,,35_4551087502_CACEIS,1584326639,OB,OB,No-pair,monthend interest,Caceis booked the monthend interest for SD 11-01-2020. Integrata yet to book,1584326639,1584326639,4551456423,-590882299,2021-07-29
12884,,3_455803095_CACEIS,1210223479,OB,OB,No-pair,monthend interest,Caceis booked the monthend interest for SD 04-01-2020. Integrata yet to book,1210223479,1210223479,4551456423,-590882299,2021-07-29
12885,,53_455404958_CACEIS,585162345,OB,OB,No-pair,fx wire,Caceis booked the fx wire for SD 05-15-2019. Integrata yet to book,585162345,585162345,4551456423,-590882299,2021-07-29
12886,,119_455442954_CACEIS,637183874,OB,OB,No-pair,fx wire,Caceis booked the fx wire for SD 06-17-2019. Integrata yet to book,637183874,637183874,4551456423,-590882299,2021-07-29
12887,,135_4551264332_CACEIS,1819946026,OB,OB,No-pair,wire transfer,Caceis booked the wire transfer for SD 03-10-2021. Integrata yet to book,1819946026,1819946026,4551456423,-590882299,2021-07-29
12888,,474_455862625_CACEIS,1287003837,OB,OB,No-pair,fx wire,Caceis booked the fx wire for SD 05-15-2020. Integrata yet to book,1287003837,1287003837,4551456423,-590882299,2021-07-29
12889,,911_455643841_CACEIS,975323983,OB,OB,No-pair,fx wire,Caceis booked the fx wire for SD 11-05-2019. Integrata yet to book,975323983,975323983,4551456423,-590882299,2021-07-29
12890,,608_4551232906_CACEIS,1780157013,OB,OB,No-pair,fx wire,Caceis booked the fx wire for SD 02-16-2021. Integrata yet to book,1780157013,1780157013,4551456423,-590882299,2021-07-29
12891,,415_4551109218_CACEIS,1613286954,OB,OB,No-pair,fx wire,Caceis booked the fx wire for SD 11-16-2020. Integrata yet to book,1613286954,1613286954,4551456423,-590882299,2021-07-29
12892,,10_455651199_CACEIS,989140171,OB,OB,No-pair,wire transfer,Caceis booked the wire transfer for SD 12-02-2019. Integrata yet to book,989140171,989140171,4551456423,-590882299,2021-07-29
12893,,261_4551394628_CACEIS,1997244766,OB,OB,No-pair,fx wire,Caceis booked the fx wire for SD 06-15-2021. Integrata yet to book,1997244766,1997244766,4551456423,-590882299,2021-07-29
12894,,16_455701234_CACEIS,1075203713,OB,OB,No-pair,fees,Caceis booked the fees for SD 01-09-2020. Integrata yet to book,1075203713,1075203713,4551456423,-590882299,2021-07-29
12895,,195_4551232906_CACEIS,1780156636,OB,OB,No-pair,fx wire,Caceis booked the fx wire for SD 02-16-2021. Integrata yet to book,1780156636,1780156636,4551456423,-590882299,2021-07-29
12896,,5_455701234_CACEIS,1075203691,OB,OB,No-pair,proceeds sell,Caceis booked the proceeds sell for SD 01-10-2020. Integrata yet to book,1075203691,1075203691,4551456423,-590882299,2021-07-29
12897,,106_4551248485_CACEIS,1800039585,OB,OB,No-pair,fx wire,Caceis booked the fx wire for SD 02-26-2021. Integrata yet to book,1800039585,1800039585,4551456423,-590882299,2021-07-29
12898,,727_455643841_CACEIS,975323799,OB,OB,No-pair,fx wire,Caceis booked the fx wire for SD 11-18-2019. Integrata yet to book,975323799,975323799,4551456423,-590882299,2021-07-29
12899,,46_4551258322_CACEIS,1812652682,OB,OB,No-pair,wire transfer,Caceis booked the wire transfer for SD 02-24-2021. Integrata yet to book,1812652682,1812652682,4551456423,-590882299,2021-07-29
12900,,27_4551023983_CACEIS,1500213829,OB,OB,No-pair,fx wire,Caceis booked the fx wire for SD 09-15-2020. Integrata yet to book,1500213829,1500213829,4551456423,-590882299,2021-07-29
12901,,187_455590588_CACEIS,883858598,OB,OB,No-pair,fx wire,Caceis booked the fx wire for SD 10-15-2019. Integrata yet to book,883858598,883858598,4551456423,-590882299,2021-07-29
12902,,84_455590588_CACEIS,883858687,OB,OB,No-pair,fx wire,Caceis booked the fx wire for SD 10-15-2019. Integrata yet to book,883858687,883858687,4551456423,-590882299,2021-07-29
12903,,62_455706635_CACEIS,1081907415,OB,OB,No-pair,fx wire,Caceis booked the fx wire for SD 01-15-2020. Integrata yet to book,1081907415,1081907415,4551456423,-590882299,2021-07-29
12904,,2_4551320866_CACEIS,1893229413,OB,OB,No-pair,wire transfer,Caceis booked the wire transfer for SD 04-21-2021. Integrata yet to book,1893229413,1893229413,4551456423,-590882299,2021-07-29
12905,,12_455603182_CACEIS,904027268,OB,OB,No-pair,wire transfer,Caceis booked the wire transfer for SD 10-24-2019. Integrata yet to book,904027268,904027268,4551456423,-590882299,2021-07-29
12906,,410_4551023983_CACEIS,1500214248,OB,OB,No-pair,fx wire,Caceis booked the fx wire for SD 09-15-2020. Integrata yet to book,1500214248,1500214248,4551456423,-590882299,2021-07-29
12907,,108_4551248485_CACEIS,1800039586,OB,OB,No-pair,fx wire,Caceis booked the fx wire for SD 02-26-2021. Integrata yet to book,1800039586,1800039586,4551456423,-590882299,2021-07-29
12908,,20_4551171343_CACEIS,1696929221,OB,OB,No-pair,monthend interest,Caceis booked the monthend interest for SD 01-01-2021. Integrata yet to book,1696929221,1696929221,4551456423,-590882299,2021-07-29
12909,,467_455985296_CACEIS,1449582234,OB,OB,No-pair,fx wire,Caceis booked the fx wire for SD 08-17-2020. Integrata yet to book,1449582234,1449582234,4551456423,-590882299,2021-07-29
12910,,1294_455643841_CACEIS,975324366,OB,OB,No-pair,fx wire,Caceis booked the fx wire for SD 11-15-2019. Integrata yet to book,975324366,975324366,4551456423,-590882299,2021-07-29
12911,,519_455862625_CACEIS,1287004348,OB,OB,No-pair,fx wire,Caceis booked the fx wire for SD 05-15-2020. Integrata yet to book,1287004348,1287004348,4551456423,-590882299,2021-07-29
12912,,391_455748445_CACEIS,1136275188,OB,OB,No-pair,fx wire,Caceis booked the fx wire for SD 02-18-2020. Integrata yet to book,1136275188,1136275188,4551456423,-590882299,2021-07-29
12913,,13_4551373621_CACEIS,1970229494,OB,OB,No-pair,monthend interest,Caceis booked the monthend interest for SD 06-01-2021. Integrata yet to book,1970229494,1970229494,4551456423,-590882299,2021-07-29
12914,,9_455701234_CACEIS,1075203694,OB,OB,No-pair,proceeds sell,Caceis booked the proceeds sell for SD 01-10-2020. Integrata yet to book,1075203694,1075203694,4551456423,-590882299,2021-07-29
12915,,168_455940640_CACEIS,1391595934,OB,OB,No-pair,fx wire,Caceis booked the fx wire for SD 07-15-2020. Integrata yet to book,1391595934,1391595934,4551456423,-590882299,2021-07-29
12916,,93_455706635_CACEIS,1081907344,OB,OB,No-pair,fx wire,Caceis booked the fx wire for SD 01-15-2020. Integrata yet to book,1081907344,1081907344,4551456423,-590882299,2021-07-29
12917,,438_455643841_CACEIS,975323510,OB,OB,No-pair,fx wire,Caceis booked the fx wire for SD 11-15-2019. Integrata yet to book,975323510,975323510,4551456423,-590882299,2021-07-29
12918,,55_455726980_CACEIS,1107942625,OB,OB,No-pair,monthend interest,Caceis booked the monthend interest for SD 02-01-2020. Integrata yet to book,1107942625,1107942625,4551456423,-590882299,2021-07-29
12919,,559_4551109218_CACEIS,1613287122,OB,OB,No-pair,fx wire,Caceis booked the fx wire for SD 11-16-2020. Integrata yet to book,1613287122,1613287122,4551456423,-590882299,2021-07-29
12920,,5_455386356_CACEIS,560114405,OB,OB,No-pair,monthend interest,Caceis booked the monthend interest for SD 05-01-2019. Integrata yet to book,560114405,560114405,4551456423,-590882299,2021-07-29
12921,,417_455862625_CACEIS,1287003813,OB,OB,No-pair,fx wire,Caceis booked the fx wire for SD 05-15-2020. Integrata yet to book,1287003813,1287003813,4551456423,-590882299,2021-07-29
12922,,972_455822501_CACEIS,1235308810,OB,OB,No-pair,fx wire,Caceis booked the fx wire for SD 04-15-2020. Integrata yet to book,1235308810,1235308810,4551456423,-590882299,2021-07-29
12923,,255_455643841_CACEIS,975323327,OB,OB,No-pair,wire transfer,Caceis booked the wire transfer for SD 11-13-2019. Integrata yet to book,975323327,975323327,4551456423,-590882299,2021-07-29
12924,,40_4551244633_CACEIS,1795375934,OB,OB,No-pair,monthend interest,Caceis booked the monthend interest for SD 02-25-2021. Integrata yet to book,1795375934,1795375934,4551456423,-590882299,2021-07-29
12925,,9_455605017_CACEIS,907407245,OB,OB,No-pair,wire transfer,Caceis booked the wire transfer for SD 10-25-2019. Integrata yet to book,907407245,907407245,4551456423,-590882299,2021-07-29
12926,,607_4551232906_CACEIS,1780157003,OB,OB,No-pair,fx wire,Caceis booked the fx wire for SD 02-16-2021. Integrata yet to book,1780157003,1780157003,4551456423,-590882299,2021-07-29
12927,,71_455605017_CACEIS,907407270,OB,OB,No-pair,fx wire,Caceis booked the fx wire for SD 10-25-2019. Integrata yet to book,907407270,907407270,4551456423,-590882299,2021-07-29
12928,,57_333062_CACEIS,479846794,OB,OB,No-pair,fx wire,Caceis booked the fx wire for SD 03-15-2019. Integrata yet to book,479846794,479846794,4551456423,-590882299,2021-07-29
12929,,521_4551109218_CACEIS,1613287024,OB,OB,No-pair,fx wire,Caceis booked the fx wire for SD 11-16-2020. Integrata yet to book,1613287024,1613287024,4551456423,-590882299,2021-07-29
12930,,72_4551191593_CACEIS,1722905110,OB,OB,No-pair,fx wire,Caceis booked the fx wire for SD 01-15-2021. Integrata yet to book,1722905110,1722905110,4551456423,-590882299,2021-07-29
12931,,105_455900053_CACEIS,1336713427,OB,OB,No-pair,fx wire,Caceis booked the fx wire for SD 06-15-2020. Integrata yet to book,1336713427,1336713427,4551456423,-590882299,2021-07-29
12932,,40_4551035437_CACEIS,1516099528,OB,OB,No-pair,fees,Caceis booked the fees for SD 05-12-2020. Integrata yet to book,1516099528,1516099528,4551456423,-590882299,2021-07-29
12933,,87_455745203_CACEIS,1132280338,OB,OB,No-pair,fx wire,Caceis booked the fx wire for SD 02-14-2020. Integrata yet to book,1132280338,1132280338,4551456423,-590882299,2021-07-29
12934,,77_455585083_CACEIS,874262489,OB,OB,No-pair,fees,Caceis booked the fees for SD 10-10-2019. Integrata yet to book,874262489,874262489,4551456423,-590882299,2021-07-29
12935,,14_455658450_CACEIS,1002374669,OB,OB,No-pair,fx wire,Caceis booked the fx wire for SD 12-06-2019. Integrata yet to book,1002374669,1002374669,4551456423,-590882299,2021-07-29
12936,,1_455872411_CACEIS,1299802914,OB,OB,No-pair,wire transfer,Caceis booked the wire transfer for SD 05-25-2020. Integrata yet to book,1299802914,1299802914,4551456423,-590882299,2021-07-29
12937,,720_455643841_CACEIS,975323792,OB,OB,No-pair,monthend interest,Caceis booked the monthend interest for SD 10-31-2019. Integrata yet to book,975323792,975323792,4551456423,-590882299,2021-07-29
12938,,1551_455643841_CACEIS,975324623,OB,OB,No-pair,wire transfer,Caceis booked the wire transfer for SD 11-18-2019. Integrata yet to book,975324623,975324623,4551456423,-590882299,2021-07-29
12939,,3_4551410165_CACEIS,2016505842,OB,OB,No-pair,wire transfer,Caceis booked the wire transfer for SD 06-25-2021. Integrata yet to book,2016505842,2016505842,4551456423,-590882299,2021-07-29
12940,,458_4551191593_CACEIS,1722905454,OB,OB,No-pair,fx wire,Caceis booked the fx wire for SD 01-15-2021. Integrata yet to book,1722905454,1722905454,4551456423,-590882299,2021-07-29
12941,,74_4551232906_CACEIS,1780156463,OB,OB,No-pair,fx wire,Caceis booked the fx wire for SD 02-16-2021. Integrata yet to book,1780156463,1780156463,4551456423,-590882299,2021-07-29
12942,,5_4551386918_CACEIS,1987139554,OB,OB,No-pair,fees,Caceis booked the fees for SD 06-08-2021. Integrata yet to book,1987139554,1987139554,4551456423,-590882299,2021-07-29
12943,,68_455476582_CACEIS,691188264,OB,OB,No-pair,fx wire,Caceis booked the fx wire for SD 07-16-2019. Integrata yet to book,691188264,691188264,4551456423,-590882299,2021-07-29
12944,,53_4551011052_CACEIS,1483359865,OB,OB,No-pair,fx wire,Caceis booked the fx wire for SD 09-04-2020. Integrata yet to book,1483359865,1483359865,4551456423,-590882299,2021-07-29
12945,,61_455991947_CACEIS,1458093832,OB,OB,No-pair,fx wire,Caceis booked the fx wire for SD 08-21-2020. Integrata yet to book,1458093832,1458093832,4551456423,-590882299,2021-07-29
12946,,3_4551113260_CACEIS,1618326649,OB,OB,No-pair,wire transfer,Caceis booked the wire transfer for SD 11-18-2020. Integrata yet to book,1618326649,1618326649,4551456423,-590882299,2021-07-29
12947,,1408_455643841_CACEIS,975324480,OB,OB,No-pair,fx wire,Caceis booked the fx wire for SD 11-15-2019. Integrata yet to book,975324480,975324480,4551456423,-590882299,2021-07-29
12948,,157_4551201062_CACEIS,1734565945,OB,OB,No-pair,wire transfer,Caceis booked the wire transfer for SD 01-22-2021. Integrata yet to book,1734565945,1734565945,4551456423,-590882299,2021-07-29
12949,,25_4551035437_CACEIS,1516099525,OB,OB,No-pair,fees,Caceis booked the fees for SD 05-12-2020. Integrata yet to book,1516099525,1516099525,4551456423,-590882299,2021-07-29
12950,,70_455783582_CACEIS,1185159256,OB,OB,No-pair,fx wire,Caceis booked the fx wire for SD 03-16-2020. Integrata yet to book,1185159256,1185159256,4551456423,-590882299,2021-07-29
12951,,251_4551394628_CACEIS,1997244794,OB,OB,No-pair,fx wire,Caceis booked the fx wire for SD 06-15-2021. Integrata yet to book,1997244794,1997244794,4551456423,-590882299,2021-07-29
12952,,76_455476582_CACEIS,691188358,OB,OB,No-pair,fx wire,Caceis booked the fx wire for SD 07-16-2019. Integrata yet to book,691188358,691188358,4551456423,-590882299,2021-07-29
12953,,51_455585083_CACEIS,874262419,OB,OB,No-pair,fees,Caceis booked the fees for SD 10-10-2019. Integrata yet to book,874262419,874262419,4551456423,-590882299,2021-07-29
12954,,18_4551157661_CACEIS,1677770262,OB,OB,No-pair,proceeds sell,Caceis booked the proceeds sell for SD 12-21-2020. Integrata yet to book,1677770262,1677770262,4551456423,-590882299,2021-07-29
12955,,49_455861455_CACEIS,1285500788,OB,OB,No-pair,fees,Caceis booked the fees for SD 05-12-2020. Integrata yet to book,1285500788,1285500788,4551456423,-590882299,2021-07-29
12956,,783_455822501_CACEIS,1235308598,OB,OB,No-pair,fx wire,Caceis booked the fx wire for SD 04-15-2020. Integrata yet to book,1235308598,1235308598,4551456423,-590882299,2021-07-29
12957,,72_455585083_CACEIS,874262465,OB,OB,No-pair,fees,Caceis booked the fees for SD 10-10-2019. Integrata yet to book,874262465,874262465,4551456423,-590882299,2021-07-29
12958,,2_455996032_CACEIS,1463186840,OB,OB,No-pair,wire transfer,Caceis booked the wire transfer for SD 08-24-2020. Integrata yet to book,1463186840,1463186840,4551456423,-590882299,2021-07-29
12959,,63_4551220415_CACEIS,1761956033,OB,OB,No-pair,wire transfer,Caceis booked the wire transfer for SD 02-05-2021. Integrata yet to book,1761956033,1761956033,4551456423,-590882299,2021-07-29
12960,,457_455862625_CACEIS,1287003685,OB,OB,No-pair,fx wire,Caceis booked the fx wire for SD 05-15-2020. Integrata yet to book,1287003685,1287003685,4551456423,-590882299,2021-07-29
12961,,115_4551229444_CACEIS,1775243217,OB,OB,No-pair,wire transfer,Caceis booked the wire transfer for SD 02-12-2021. Integrata yet to book,1775243217,1775243217,4551456423,-590882299,2021-07-29
12962,,108_4551229444_CACEIS,1775243194,OB,OB,No-pair,wire transfer,Caceis booked the wire transfer for SD 02-12-2021. Integrata yet to book,1775243194,1775243194,4551456423,-590882299,2021-07-29
12963,,289_4551313388_CACEIS,1883527905,OB,OB,No-pair,fx wire,Caceis booked the fx wire for SD 04-15-2021. Integrata yet to book,1883527905,1883527905,4551456423,-590882299,2021-07-29
12964,,83_455585083_CACEIS,874262510,OB,OB,No-pair,fees,Caceis booked the fees for SD 10-10-2019. Integrata yet to book,874262510,874262510,4551456423,-590882299,2021-07-29
12965,,10_455393220_CACEIS,569239744,OB,OB,No-pair,fx wire,Caceis booked the fx wire for SD 05-06-2019. Integrata yet to book,569239744,569239744,4551456423,-590882299,2021-07-29
12966,,264_4551394628_CACEIS,1997244723,OB,OB,No-pair,fx wire,Caceis booked the fx wire for SD 06-15-2021. Integrata yet to book,1997244723,1997244723,4551456423,-590882299,2021-07-29
12967,,39_455920273_CACEIS,1364559745,OB,OB,No-pair,monthend interest,Caceis booked the monthend interest for SD 07-01-2020. Integrata yet to book,1364559745,1364559745,4551456423,-590882299,2021-07-29
12968,,58_455991947_CACEIS,1458093825,OB,OB,No-pair,fx wire,Caceis booked the fx wire for SD 08-21-2020. Integrata yet to book,1458093825,1458093825,4551456423,-590882299,2021-07-29
12969,,6_455803095_CACEIS,1210223502,OB,OB,No-pair,monthend interest,Caceis booked the monthend interest for SD 04-01-2020. Integrata yet to book,1210223502,1210223502,4551456423,-590882299,2021-07-29
12970,,88_455783582_CACEIS,1185159278,OB,OB,No-pair,fx wire,Caceis booked the fx wire for SD 03-16-2020. Integrata yet to book,1185159278,1185159278,4551456423,-590882299,2021-07-29
12971,,25_4551419402_CACEIS,2029730705,OB,OB,No-pair,wire transfer,Caceis booked the wire transfer for SD 07-01-2021. Integrata yet to book,2029730705,2029730705,4551456423,-590882299,2021-07-29
12972,,370_455900053_CACEIS,1336713748,OB,OB,No-pair,fx wire,Caceis booked the fx wire for SD 06-15-2020. Integrata yet to book,1336713748,1336713748,4551456423,-590882299,2021-07-29
12973,,76_455585083_CACEIS,874262481,OB,OB,No-pair,fees,Caceis booked the fees for SD 10-10-2019. Integrata yet to book,874262481,874262481,4551456423,-590882299,2021-07-29
12974,,38_455803095_CACEIS,1210223488,OB,OB,No-pair,monthend interest,Caceis booked the monthend interest for SD 04-01-2020. Integrata yet to book,1210223488,1210223488,4551456423,-590882299,2021-07-29
12975,,3_4551386918_CACEIS,1987139553,OB,OB,No-pair,wire transfer,Caceis booked the wire transfer for SD 06-09-2021. Integrata yet to book,1987139553,1987139553,4551456423,-590882299,2021-07-29
12976,,215_4551232906_CACEIS,1780156605,OB,OB,No-pair,fx wire,Caceis booked the fx wire for SD 02-16-2021. Integrata yet to book,1780156605,1780156605,4551456423,-590882299,2021-07-29
12977,,1163_455643841_CACEIS,975324235,OB,OB,No-pair,fees,Caceis booked the fees for SD 11-13-2019. Integrata yet to book,975324235,975324235,4551456423,-590882299,2021-07-29
12978,,47_4551023983_CACEIS,1500213897,OB,OB,No-pair,fx wire,Caceis booked the fx wire for SD 09-15-2020. Integrata yet to book,1500213897,1500213897,4551456423,-590882299,2021-07-29
12979,,450_4551066313_CACEIS,1556876667,OB,OB,No-pair,fx wire,Caceis booked the fx wire for SD 10-15-2020. Integrata yet to book,1556876667,1556876667,4551456423,-590882299,2021-07-29
12980,,366_455822501_CACEIS,1235308240,OB,OB,No-pair,fx wire,Caceis booked the fx wire for SD 04-15-2020. Integrata yet to book,1235308240,1235308240,4551456423,-590882299,2021-07-29
12981,,31_455985296_CACEIS,1449581769,OB,OB,No-pair,fx wire,Caceis booked the fx wire for SD 08-17-2020. Integrata yet to book,1449581769,1449581769,4551456423,-590882299,2021-07-29
12982,,7_455712797_CACEIS,1089914047,OB,OB,No-pair,wire transfer,Caceis booked the wire transfer for SD 01-21-2020. Integrata yet to book,1089914047,1089914047,4551456423,-590882299,2021-07-29
12983,,560_4551109218_CACEIS,1613287167,OB,OB,No-pair,fx wire,Caceis booked the fx wire for SD 11-16-2020. Integrata yet to book,1613287167,1613287167,4551456423,-590882299,2021-07-29
12984,,62_455907521_CACEIS,1347197475,OB,OB,No-pair,fx wire,Caceis booked the fx wire for SD 06-19-2020. Integrata yet to book,1347197475,1347197475,4551456423,-590882299,2021-07-29
12985,,85_455585083_CACEIS,874262398,OB,OB,No-pair,fees,Caceis booked the fees for SD 10-10-2019. Integrata yet to book,874262398,874262398,4551456423,-590882299,2021-07-29
12986,,10_4551035437_CACEIS,1516099543,OB,OB,No-pair,wire transfer,Caceis booked the wire transfer for SD 06-26-2020. Integrata yet to book,1516099543,1516099543,4551456423,-590882299,2021-07-29
12987,,58_455889377_CACEIS,1323110231,OB,OB,No-pair,wire transfer,Caceis booked the wire transfer for SD 06-05-2020. Integrata yet to book,1323110231,1323110231,4551456423,-590882299,2021-07-29
12988,,113_4551229444_CACEIS,1775243202,OB,OB,No-pair,wire transfer,Caceis booked the wire transfer for SD 02-12-2021. Integrata yet to book,1775243202,1775243202,4551456423,-590882299,2021-07-29
12989,,82_455783582_CACEIS,1185159264,OB,OB,No-pair,fx wire,Caceis booked the fx wire for SD 03-16-2020. Integrata yet to book,1185159264,1185159264,4551456423,-590882299,2021-07-29
12990,,17_4551166054_CACEIS,1689088062,OB,OB,No-pair,fx wire,Caceis booked the fx wire for SD 12-28-2020. Integrata yet to book,1689088062,1689088062,4551456423,-590882299,2021-07-29
12991,,50_4551220415_CACEIS,1761956100,OB,OB,No-pair,fx wire,Caceis booked the fx wire for SD 02-05-2021. Integrata yet to book,1761956100,1761956100,4551456423,-590882299,2021-07-29
12992,,11_455923571_CACEIS,1369374367,OB,OB,No-pair,wire transfer,Caceis booked the wire transfer for SD 07-02-2020. Integrata yet to book,1369374367,1369374367,4551456423,-590882299,2021-07-29
12993,,414_4551066313_CACEIS,1556876771,OB,OB,No-pair,fx wire,Caceis booked the fx wire for SD 10-15-2020. Integrata yet to book,1556876771,1556876771,4551456423,-590882299,2021-07-29
12994,,364_455900053_CACEIS,1336713675,OB,OB,No-pair,fx wire,Caceis booked the fx wire for SD 06-15-2020. Integrata yet to book,1336713675,1336713675,4551456423,-590882299,2021-07-29
12995,,112_455862625_CACEIS,1287003082,OB,OB,No-pair,fx wire,Caceis booked the fx wire for SD 05-15-2020. Integrata yet to book,1287003082,1287003082,4551456423,-590882299,2021-07-29
12996,,54_455586694_CACEIS,876699136,OB,OB,No-pair,fx wire,Caceis booked the fx wire for SD 10-11-2019. Integrata yet to book,876699136,876699136,4551456423,-590882299,2021-07-29
12997,,110_4551229444_CACEIS,1775243209,OB,OB,No-pair,wire transfer,Caceis booked the wire transfer for SD 02-12-2021. Integrata yet to book,1775243209,1775243209,4551456423,-590882299,2021-07-29
12998,,69_455940640_CACEIS,1391596044,OB,OB,No-pair,fx wire,Caceis booked the fx wire for SD 07-15-2020. Integrata yet to book,1391596044,1391596044,4551456423,-590882299,2021-07-29
12999,,66_306589_CACEIS,433998232,OB,OB,No-pair,fx wire,Caceis booked the fx wire for SD 02-15-2019. Integrata yet to book,433998232,433998232,4551456423,-590882299,2021-07-29
13000,,51_455803095_CACEIS,1210223478,OB,OB,No-pair,monthend interest,Caceis booked the monthend interest for SD 04-01-2020. Integrata yet to book,1210223478,1210223478,4551456423,-590882299,2021-07-29
13001,,1166_455643841_CACEIS,975324238,OB,OB,No-pair,fees,Caceis booked the fees for SD 11-13-2019. Integrata yet to book,975324238,975324238,4551456423,-590882299,2021-07-29
13002,,195_4551066313_CACEIS,1556876482,OB,OB,No-pair,fx wire,Caceis booked the fx wire for SD 10-15-2020. Integrata yet to book,1556876482,1556876482,4551456423,-590882299,2021-07-29
13003,,12_4551035437_CACEIS,1516099551,OB,OB,No-pair,wire transfer,Caceis booked the wire transfer for SD 06-19-2020. Integrata yet to book,1516099551,1516099551,4551456423,-590882299,2021-07-29
13004,,48_4551287241_CACEIS,1850449306,OB,OB,No-pair,wire transfer,Caceis booked the wire transfer for SD 03-26-2021. Integrata yet to book,1850449306,1850449306,4551456423,-590882299,2021-07-29
13005,,157_455742022_CACEIS,1127725779,OB,OB,No-pair,wire transfer,Caceis booked the wire transfer for SD 02-12-2020. Integrata yet to book,1127725779,1127725779,4551456423,-590882299,2021-07-29
13006,,101_4551144082_CACEIS,1659707146,OB,OB,No-pair,fees,Caceis booked the fees for SD 12-10-2020. Integrata yet to book,1659707146,1659707146,4551456423,-590882299,2021-07-29
13007,,2_455848077_CACEIS,1267869760,OB,OB,No-pair,wire transfer,Caceis booked the wire transfer for SD 05-05-2020. Integrata yet to book,1267869760,1267869760,4551456423,-590882299,2021-07-29
13008,,1013_455643841_CACEIS,975324085,OB,OB,No-pair,fees,Caceis booked the fees for SD 11-13-2019. Integrata yet to book,975324085,975324085,4551456423,-590882299,2021-07-29
13009,,224_455985296_CACEIS,1449581897,OB,OB,No-pair,fx wire,Caceis booked the fx wire for SD 08-17-2020. Integrata yet to book,1449581897,1449581897,4551456423,-590882299,2021-07-29
13010,,181_455706635_CACEIS,1081907492,OB,OB,No-pair,fx wire,Caceis booked the fx wire for SD 01-15-2020. Integrata yet to book,1081907492,1081907492,4551456423,-590882299,2021-07-29
13011,,190_4551023983_CACEIS,1500213971,OB,OB,No-pair,fx wire,Caceis booked the fx wire for SD 09-15-2020. Integrata yet to book,1500213971,1500213971,4551456423,-590882299,2021-07-29
13012,,3_4551057246_CACEIS,1544059577,OB,OB,No-pair,wire transfer,Caceis booked the wire transfer for SD 09-16-2020. Integrata yet to book,1544059577,1544059577,4551456423,-590882299,2021-07-29
13013,,2_455481679_CACEIS,700117259,OB,OB,No-pair,fx wire,Caceis booked the fx wire for SD 07-19-2019. Integrata yet to book,700117259,700117259,4551456423,-590882299,2021-07-29
13014,,248_4551269721_CACEIS,1827474086,OB,OB,No-pair,fx wire,Caceis booked the fx wire for SD 03-15-2021. Integrata yet to book,1827474086,1827474086,4551456423,-590882299,2021-07-29
13015,,50_455585083_CACEIS,874262412,OB,OB,No-pair,fees,Caceis booked the fees for SD 10-10-2019. Integrata yet to book,874262412,874262412,4551456423,-590882299,2021-07-29
13016,,60_306589_CACEIS,433998229,OB,OB,No-pair,fx wire,Caceis booked the fx wire for SD 02-15-2019. Integrata yet to book,433998229,433998229,4551456423,-590882299,2021-07-29
13017,,81_455585083_CACEIS,874262504,OB,OB,No-pair,fees,Caceis booked the fees for SD 10-10-2019. Integrata yet to book,874262504,874262504,4551456423,-590882299,2021-07-29
13018,,469_4551191593_CACEIS,1722905479,OB,OB,No-pair,fx wire,Caceis booked the fx wire for SD 01-15-2021. Integrata yet to book,1722905479,1722905479,4551456423,-590882299,2021-07-29
13019,,27_4551267661_CACEIS,1824870514,OB,OB,No-pair,wire transfer,Caceis booked the wire transfer for SD 03-12-2021. Integrata yet to book,1824870514,1824870514,4551456423,-590882299,2021-07-29
13020,,914_455643841_CACEIS,975323986,OB,OB,No-pair,wire transfer,Caceis booked the wire transfer for SD 11-05-2019. Integrata yet to book,975323986,975323986,4551456423,-590882299,2021-07-29
13021,,67_455404958_CACEIS,585162328,OB,OB,No-pair,fx wire,Caceis booked the fx wire for SD 05-15-2019. Integrata yet to book,585162328,585162328,4551456423,-590882299,2021-07-29
13022,,281_455669415_CACEIS,1020661982,OB,OB,No-pair,fx wire,Caceis booked the fx wire for SD 12-16-2019. Integrata yet to book,1020661982,1020661982,4551456423,-590882299,2021-07-29
13023,,284_455643841_CACEIS,975323356,OB,OB,No-pair,fx wire,Caceis booked the fx wire for SD 11-15-2019. Integrata yet to book,975323356,975323356,4551456423,-590882299,2021-07-29
13024,,66_4551144082_CACEIS,1659707117,OB,OB,No-pair,fees,Caceis booked the fees for SD 12-10-2020. Integrata yet to book,1659707117,1659707117,4551456423,-590882299,2021-07-29
13025,,256_455783582_CACEIS,1185159471,OB,OB,No-pair,fx wire,Caceis booked the fx wire for SD 03-16-2020. Integrata yet to book,1185159471,1185159471,4551456423,-590882299,2021-07-29
13026,,24_455610697_CACEIS,917943288,OB,OB,No-pair,fx wire,Caceis booked the fx wire for SD 10-18-2019. Integrata yet to book,917943288,917943288,4551456423,-590882299,2021-07-29
13027,,70_455585083_CACEIS,874262459,OB,OB,No-pair,fees,Caceis booked the fees for SD 10-10-2019. Integrata yet to book,874262459,874262459,4551456423,-590882299,2021-07-29
13028,,41_4551003590_CACEIS,1473425968,OB,OB,No-pair,monthend interest,Caceis booked the monthend interest for SD 09-01-2020. Integrata yet to book,1473425968,1473425968,4551456423,-590882299,2021-07-29
13029,,72_306589_CACEIS,433998235,OB,OB,No-pair,fx wire,Caceis booked the fx wire for SD 02-15-2019. Integrata yet to book,433998235,433998235,4551456423,-590882299,2021-07-29
13030,,34_4551267661_CACEIS,1824870516,OB,OB,No-pair,wire transfer,Caceis booked the wire transfer for SD 03-12-2021. Integrata yet to book,1824870516,1824870516,4551456423,-590882299,2021-07-29
13031,,31_4551155693_CACEIS,1675163290,OB,OB,No-pair,fx wire,Caceis booked the fx wire for SD 12-18-2020. Integrata yet to book,1675163290,1675163290,4551456423,-590882299,2021-07-29
13032,,80_455985296_CACEIS,1449581910,OB,OB,No-pair,fx wire,Caceis booked the fx wire for SD 08-17-2020. Integrata yet to book,1449581910,1449581910,4551456423,-590882299,2021-07-29
13033,,144_455742022_CACEIS,1127725723,OB,OB,No-pair,wire transfer,Caceis booked the wire transfer for SD 02-12-2020. Integrata yet to book,1127725723,1127725723,4551456423,-590882299,2021-07-29
13034,,280_455900053_CACEIS,1336713683,OB,OB,No-pair,fx wire,Caceis booked the fx wire for SD 06-15-2020. Integrata yet to book,1336713683,1336713683,4551456423,-590882299,2021-07-29
13035,,312_4551149959_CACEIS,1667623128,OB,OB,No-pair,fx wire,Caceis booked the fx wire for SD 12-15-2020. Integrata yet to book,1667623128,1667623128,4551456423,-590882299,2021-07-29
13036,,41_455842390_CACEIS,1260634954,OB,OB,No-pair,monthend interest,Caceis booked the monthend interest for SD 05-01-2020. Integrata yet to book,1260634954,1260634954,4551456423,-590882299,2021-07-29
13037,,9_455927788_CACEIS,1374347969,OB,OB,No-pair,fx wire,Caceis booked the fx wire for SD 07-06-2020. Integrata yet to book,1374347969,1374347969,4551456423,-590882299,2021-07-29
13038,,170_4551191593_CACEIS,1722905114,OB,OB,No-pair,fx wire,Caceis booked the fx wire for SD 01-15-2021. Integrata yet to book,1722905114,1722905114,4551456423,-590882299,2021-07-29
13039,,79_455585083_CACEIS,874262499,OB,OB,No-pair,fees,Caceis booked the fees for SD 10-10-2019. Integrata yet to book,874262499,874262499,4551456423,-590882299,2021-07-29
13040,,71_455822501_CACEIS,1235308010,OB,OB,No-pair,fx wire,Caceis booked the fx wire for SD 04-15-2020. Integrata yet to book,1235308010,1235308010,4551456423,-590882299,2021-07-29
13041,,80_4551144082_CACEIS,1659707137,OB,OB,No-pair,fees,Caceis booked the fees for SD 12-10-2020. Integrata yet to book,1659707137,1659707137,4551456423,-590882299,2021-07-29
13042,,622_4551149959_CACEIS,1667623398,OB,OB,No-pair,wire transfer,Caceis booked the wire transfer for SD 12-15-2020. Integrata yet to book,1667623398,1667623398,4551456423,-590882299,2021-07-29
13043,,297_455590588_CACEIS,883858660,OB,OB,No-pair,fx wire,Caceis booked the fx wire for SD 10-15-2019. Integrata yet to book,883858660,883858660,4551456423,-590882299,2021-07-29
13044,,20_4551020261_CACEIS,1495478235,OB,OB,No-pair,wire transfer,Caceis booked the wire transfer for SD 09-11-2020. Integrata yet to book,1495478235,1495478235,4551456423,-590882299,2021-07-29
13045,,1177_455643841_CACEIS,975324249,OB,OB,No-pair,fees,Caceis booked the fees for SD 11-13-2019. Integrata yet to book,975324249,975324249,4551456423,-590882299,2021-07-29
13046,,150_455742022_CACEIS,1127725684,OB,OB,No-pair,wire transfer,Caceis booked the wire transfer for SD 02-12-2020. Integrata yet to book,1127725684,1127725684,4551456423,-590882299,2021-07-29
13047,,261_4551149959_CACEIS,1667623118,OB,OB,No-pair,fx wire,Caceis booked the fx wire for SD 12-15-2020. Integrata yet to book,1667623118,1667623118,4551456423,-590882299,2021-07-29
13048,,88_455585083_CACEIS,874262421,OB,OB,No-pair,fees,Caceis booked the fees for SD 10-10-2019. Integrata yet to book,874262421,874262421,4551456423,-590882299,2021-07-29
13049,,11_4551029716_CACEIS,1508201959,OB,OB,No-pair,fx wire,Caceis booked the fx wire for SD 09-18-2020. Integrata yet to book,1508201959,1508201959,4551456423,-590882299,2021-07-29
13050,,1129_455643841_CACEIS,975324201,OB,OB,No-pair,fees,Caceis booked the fees for SD 11-13-2019. Integrata yet to book,975324201,975324201,4551456423,-590882299,2021-07-29
13051,,364_455590588_CACEIS,883858668,OB,OB,No-pair,fx wire,Caceis booked the fx wire for SD 10-15-2019. Integrata yet to book,883858668,883858668,4551456423,-590882299,2021-07-29
13052,,59_455585083_CACEIS,874262426,OB,OB,No-pair,fees,Caceis booked the fees for SD 10-10-2019. Integrata yet to book,874262426,874262426,4551456423,-590882299,2021-07-29
13053,,1_320010_CACEIS,457906883,OB,OB,No-pair,wire transfer,Caceis booked the wire transfer for SD 03-05-2019. Integrata yet to book,457906883,457906883,4551456423,-590882299,2021-07-29
13054,,21_4551254304_CACEIS,1807385756,OB,OB,No-pair,wire transfer,Caceis booked the wire transfer for SD 03-02-2021. Integrata yet to book,1807385756,1807385756,4551456423,-590882299,2021-07-29
13055,,167_4551232906_CACEIS,1780156411,OB,OB,No-pair,fx wire,Caceis booked the fx wire for SD 02-16-2021. Integrata yet to book,1780156411,1780156411,4551456423,-590882299,2021-07-29
13056,,1024_455643841_CACEIS,975324096,OB,OB,No-pair,fees,Caceis booked the fees for SD 11-13-2019. Integrata yet to book,975324096,975324096,4551456423,-590882299,2021-07-29
13057,,379_455940640_CACEIS,1391596227,OB,OB,No-pair,fx wire,Caceis booked the fx wire for SD 07-15-2020. Integrata yet to book,1391596227,1391596227,4551456423,-590882299,2021-07-29
13058,,38_455404958_CACEIS,585162327,OB,OB,No-pair,fx wire,Caceis booked the fx wire for SD 05-15-2019. Integrata yet to book,585162327,585162327,4551456423,-590882299,2021-07-29
13059,,467_455900053_CACEIS,1336713961,OB,OB,No-pair,fx wire,Caceis booked the fx wire for SD 06-15-2020. Integrata yet to book,1336713961,1336713961,4551456423,-590882299,2021-07-29
13060,,73_4551144082_CACEIS,1659707123,OB,OB,No-pair,fees,Caceis booked the fees for SD 12-10-2020. Integrata yet to book,1659707123,1659707123,4551456423,-590882299,2021-07-29
13061,,45_455649350_CACEIS,985331708,OB,OB,No-pair,monthend interest,Caceis booked the monthend interest for SD 12-01-2019. Integrata yet to book,985331708,985331708,4551456423,-590882299,2021-07-29
13062,,684_455643841_CACEIS,975323756,OB,OB,No-pair,fx wire,Caceis booked the fx wire for SD 11-18-2019. Integrata yet to book,975323756,975323756,4551456423,-590882299,2021-07-29
13063,,18_4551373621_CACEIS,1970229499,OB,OB,No-pair,monthend interest,Caceis booked the monthend interest for SD 06-01-2021. Integrata yet to book,1970229499,1970229499,4551456423,-590882299,2021-07-29
13064,,49_455585083_CACEIS,874262405,OB,OB,No-pair,fees,Caceis booked the fees for SD 10-10-2019. Integrata yet to book,874262405,874262405,4551456423,-590882299,2021-07-29
13065,,797_455822501_CACEIS,1235308675,OB,OB,No-pair,fx wire,Caceis booked the fx wire for SD 04-15-2020. Integrata yet to book,1235308675,1235308675,4551456423,-590882299,2021-07-29
13066,,504_4551149959_CACEIS,1667623354,OB,OB,No-pair,fx wire,Caceis booked the fx wire for SD 12-15-2020. Integrata yet to book,1667623354,1667623354,4551456423,-590882299,2021-07-29
13067,,365_455940640_CACEIS,1391596215,OB,OB,No-pair,fx wire,Caceis booked the fx wire for SD 07-15-2020. Integrata yet to book,1391596215,1391596215,4551456423,-590882299,2021-07-29
13068,,290_455706635_CACEIS,1081907618,OB,OB,No-pair,fx wire,Caceis booked the fx wire for SD 01-15-2020. Integrata yet to book,1081907618,1081907618,4551456423,-590882299,2021-07-29
13069,,82_4551087502_CACEIS,1584326631,OB,OB,No-pair,monthend interest,Caceis booked the monthend interest for SD 11-01-2020. Integrata yet to book,1584326631,1584326631,4551456423,-590882299,2021-07-29
13070,,1419_455643841_CACEIS,975324491,OB,OB,No-pair,fx wire,Caceis booked the fx wire for SD 11-15-2019. Integrata yet to book,975324491,975324491,4551456423,-590882299,2021-07-29
13071,,405_4551109218_CACEIS,1613286929,OB,OB,No-pair,fx wire,Caceis booked the fx wire for SD 11-16-2020. Integrata yet to book,1613286929,1613286929,4551456423,-590882299,2021-07-29
13072,,11_4551005548_CACEIS,1476092822,OB,OB,No-pair,wire transfer,Caceis booked the wire transfer for SD 09-01-2020. Integrata yet to book,1476092822,1476092822,4551456423,-590882299,2021-07-29
13073,,1020_455643841_CACEIS,975324092,OB,OB,No-pair,fees,Caceis booked the fees for SD 11-13-2019. Integrata yet to book,975324092,975324092,4551456423,-590882299,2021-07-29
13074,,12_315245_CACEIS,450739048,OB,OB,No-pair,monthend interest,Caceis booked the monthend interest for SD 03-01-2019. Integrata yet to book,450739048,450739048,4551456423,-590882299,2021-07-29
13075,,220_4551023983_CACEIS,1500214002,OB,OB,No-pair,fx wire,Caceis booked the fx wire for SD 09-15-2020. Integrata yet to book,1500214002,1500214002,4551456423,-590882299,2021-07-29
13076,,68_4551125930_CACEIS,1635426503,OB,OB,No-pair,fx wire,Caceis booked the fx wire for SD 11-27-2020. Integrata yet to book,1635426503,1635426503,4551456423,-590882299,2021-07-29
13077,,417_4551109218_CACEIS,1613286944,OB,OB,No-pair,fx wire,Caceis booked the fx wire for SD 11-16-2020. Integrata yet to book,1613286944,1613286944,4551456423,-590882299,2021-07-29
13078,,22_455762980_CACEIS,1156897702,OB,OB,No-pair,fx wire,Caceis booked the fx wire for SD 02-28-2020. Integrata yet to book,1156897702,1156897702,4551456423,-590882299,2021-07-29
13079,,1046_455643841_CACEIS,975324118,OB,OB,No-pair,fees,Caceis booked the fees for SD 11-13-2019. Integrata yet to book,975324118,975324118,4551456423,-590882299,2021-07-29
13080,,283_455706635_CACEIS,1081907600,OB,OB,No-pair,fx wire,Caceis booked the fx wire for SD 01-15-2020. Integrata yet to book,1081907600,1081907600,4551456423,-590882299,2021-07-29
13081,,437_4551109218_CACEIS,1613286936,OB,OB,No-pair,fx wire,Caceis booked the fx wire for SD 11-16-2020. Integrata yet to book,1613286936,1613286936,4551456423,-590882299,2021-07-29
13082,,656_4551232906_CACEIS,1780157055,OB,OB,No-pair,fx wire,Caceis booked the fx wire for SD 02-16-2021. Integrata yet to book,1780157055,1780157055,4551456423,-590882299,2021-07-29
13083,,31_4551267661_CACEIS,1824870515,OB,OB,No-pair,wire transfer,Caceis booked the wire transfer for SD 03-12-2021. Integrata yet to book,1824870515,1824870515,4551456423,-590882299,2021-07-29
13084,,15_4551127906_CACEIS,1637981932,OB,OB,No-pair,monthend interest,Caceis booked the monthend interest for SD 12-01-2020. Integrata yet to book,1637981932,1637981932,4551456423,-590882299,2021-07-29
13085,,183_455669415_CACEIS,1020661919,OB,OB,No-pair,fx wire,Caceis booked the fx wire for SD 12-16-2019. Integrata yet to book,1020661919,1020661919,4551456423,-590882299,2021-07-29
13086,,4_455518400_CACEIS,762706386,OB,OB,No-pair,fx wire,Caceis booked the fx wire for SD 08-19-2019. Integrata yet to book,762706386,762706386,4551456423,-590882299,2021-07-29
13087,,134_455742022_CACEIS,1127725731,OB,OB,No-pair,wire transfer,Caceis booked the wire transfer for SD 02-12-2020. Integrata yet to book,1127725731,1127725731,4551456423,-590882299,2021-07-29
13088,,53_455709628_CACEIS,1085770943,OB,OB,No-pair,fx wire,Caceis booked the fx wire for SD 01-17-2020. Integrata yet to book,1085770943,1085770943,4551456423,-590882299,2021-07-29
13089,,337_455643841_CACEIS,975323409,OB,OB,No-pair,fx wire,Caceis booked the fx wire for SD 11-15-2019. Integrata yet to book,975323409,975323409,4551456423,-590882299,2021-07-29
13090,,65_455516633_CACEIS,760048417,OB,OB,No-pair,fx wire,Caceis booked the fx wire for SD 08-16-2019. Integrata yet to book,760048417,760048417,4551456423,-590882299,2021-07-29
13091,,21_455871083_CACEIS,1298154305,OB,OB,No-pair,fx wire,Caceis booked the fx wire for SD 05-22-2020. Integrata yet to book,1298154305,1298154305,4551456423,-590882299,2021-07-29
13092,,84_455404958_CACEIS,585162397,OB,OB,No-pair,fx wire,Caceis booked the fx wire for SD 05-15-2019. Integrata yet to book,585162397,585162397,4551456423,-590882299,2021-07-29
13093,,340_455590588_CACEIS,883858581,OB,OB,No-pair,fx wire,Caceis booked the fx wire for SD 10-15-2019. Integrata yet to book,883858581,883858581,4551456423,-590882299,2021-07-29
13094,,175_4551066313_CACEIS,1556876385,OB,OB,No-pair,fx wire,Caceis booked the fx wire for SD 10-15-2020. Integrata yet to book,1556876385,1556876385,4551456423,-590882299,2021-07-29
13095,,21_455914788_CACEIS,1356802603,OB,OB,No-pair,wire transfer,Caceis booked the wire transfer for SD 06-25-2020. Integrata yet to book,1356802603,1356802603,4551456423,-590882299,2021-07-29
13096,,1093_455643841_CACEIS,975324165,OB,OB,No-pair,fees,Caceis booked the fees for SD 11-13-2019. Integrata yet to book,975324165,975324165,4551456423,-590882299,2021-07-29
13097,,1035_455643841_CACEIS,975324107,OB,OB,No-pair,fees,Caceis booked the fees for SD 11-13-2019. Integrata yet to book,975324107,975324107,4551456423,-590882299,2021-07-29
13098,,49_455688261_CACEIS,1053516774,OB,OB,No-pair,monthend interest,Caceis booked the monthend interest for SD 01-01-2020. Integrata yet to book,1053516774,1053516774,4551456423,-590882299,2021-07-29
13099,,91_455777858_CACEIS,1177395857,OB,OB,No-pair,fees,Caceis booked the fees for SD 03-11-2020. Integrata yet to book,1177395857,1177395857,4551456423,-590882299,2021-07-29
13100,,60_455610697_CACEIS,917943324,OB,OB,No-pair,fx wire,Caceis booked the fx wire for SD 10-18-2019. Integrata yet to book,917943324,917943324,4551456423,-590882299,2021-07-29
13101,,1083_455643841_CACEIS,975324155,OB,OB,No-pair,fees,Caceis booked the fees for SD 11-13-2019. Integrata yet to book,975324155,975324155,4551456423,-590882299,2021-07-29
13102,,4_4551020261_CACEIS,1495478237,OB,OB,No-pair,fx wire,Caceis booked the fx wire for SD 09-11-2020. Integrata yet to book,1495478237,1495478237,4551456423,-590882299,2021-07-29
13103,,113_4551105378_CACEIS,1608089243,OB,OB,No-pair,wire transfer,Caceis booked the wire transfer for SD 11-12-2020. Integrata yet to book,1608089243,1608089243,4551456423,-590882299,2021-07-29
13104,,69_455777858_CACEIS,1177395827,OB,OB,No-pair,fees,Caceis booked the fees for SD 03-11-2020. Integrata yet to book,1177395827,1177395827,4551456423,-590882299,2021-07-29
13105,,20_4551201062_CACEIS,1734565936,OB,OB,No-pair,fx wire,Caceis booked the fx wire for SD 01-22-2021. Integrata yet to book,1734565936,1734565936,4551456423,-590882299,2021-07-29
13106,,36_455803095_CACEIS,1210223491,OB,OB,No-pair,monthend interest,Caceis booked the monthend interest for SD 04-01-2020. Integrata yet to book,1210223491,1210223491,4551456423,-590882299,2021-07-29
13107,,385_455643841_CACEIS,975323457,OB,OB,No-pair,fx wire,Caceis booked the fx wire for SD 11-15-2019. Integrata yet to book,975323457,975323457,4551456423,-590882299,2021-07-29
13108,,51_455790609_CACEIS,1194036465,OB,OB,No-pair,wire transfer,Caceis booked the wire transfer for SD 03-20-2020. Integrata yet to book,1194036465,1194036465,4551456423,-590882299,2021-07-29
13109,,1096_455643841_CACEIS,975324168,OB,OB,No-pair,fees,Caceis booked the fees for SD 11-13-2019. Integrata yet to book,975324168,975324168,4551456423,-590882299,2021-07-29
13110,,7_4551184426_CACEIS,1712749682,OB,OB,No-pair,fees,Caceis booked the fees for SD 01-11-2021. Integrata yet to book,1712749682,1712749682,4551456423,-590882299,2021-07-29
13111,,22_455701234_CACEIS,1075203717,OB,OB,No-pair,proceeds sell,Caceis booked the proceeds sell for SD 01-10-2020. Integrata yet to book,1075203717,1075203717,4551456423,-590882299,2021-07-29
13112,,48_455586694_CACEIS,876699098,OB,OB,No-pair,fx wire,Caceis booked the fx wire for SD 10-11-2019. Integrata yet to book,876699098,876699098,4551456423,-590882299,2021-07-29
13113,,215_455643841_CACEIS,975323287,OB,OB,No-pair,wire transfer,Caceis booked the wire transfer for SD 11-13-2019. Integrata yet to book,975323287,975323287,4551456423,-590882299,2021-07-29
13114,,1069_455643841_CACEIS,975324141,OB,OB,No-pair,fees,Caceis booked the fees for SD 11-13-2019. Integrata yet to book,975324141,975324141,4551456423,-590882299,2021-07-29
13115,,98_455726980_CACEIS,1107942576,OB,OB,No-pair,monthend interest,Caceis booked the monthend interest for SD 02-01-2020. Integrata yet to book,1107942576,1107942576,4551456423,-590882299,2021-07-29
13116,,117_4551232906_CACEIS,1780156392,OB,OB,No-pair,fx wire,Caceis booked the fx wire for SD 02-16-2021. Integrata yet to book,1780156392,1780156392,4551456423,-590882299,2021-07-29
13117,,118_4551105378_CACEIS,1608089175,OB,OB,No-pair,wire transfer,Caceis booked the wire transfer for SD 11-12-2020. Integrata yet to book,1608089175,1608089175,4551456423,-590882299,2021-07-29
13118,,67_455590588_CACEIS,883858323,OB,OB,No-pair,fx wire,Caceis booked the fx wire for SD 10-15-2019. Integrata yet to book,883858323,883858323,4551456423,-590882299,2021-07-29
13119,,314_455590588_CACEIS,883858489,OB,OB,No-pair,fx wire,Caceis booked the fx wire for SD 10-15-2019. Integrata yet to book,883858489,883858489,4551456423,-590882299,2021-07-29
13120,,404_4551023983_CACEIS,1500214228,OB,OB,No-pair,fx wire,Caceis booked the fx wire for SD 09-15-2020. Integrata yet to book,1500214228,1500214228,4551456423,-590882299,2021-07-29
13121,,84_4551232906_CACEIS,1780156537,OB,OB,No-pair,fx wire,Caceis booked the fx wire for SD 02-16-2021. Integrata yet to book,1780156537,1780156537,4551456423,-590882299,2021-07-29
13122,,50_455726980_CACEIS,1107942525,OB,OB,No-pair,monthend interest,Caceis booked the monthend interest for SD 02-01-2020. Integrata yet to book,1107942525,1107942525,4551456423,-590882299,2021-07-29
13123,,230_455940640_CACEIS,1391596163,OB,OB,No-pair,fx wire,Caceis booked the fx wire for SD 07-15-2020. Integrata yet to book,1391596163,1391596163,4551456423,-590882299,2021-07-29
13124,,617_4551149959_CACEIS,1667623389,OB,OB,No-pair,wire transfer,Caceis booked the wire transfer for SD 12-15-2020. Integrata yet to book,1667623389,1667623389,4551456423,-590882299,2021-07-29
13125,,41_455649350_CACEIS,985331665,OB,OB,No-pair,monthend interest,Caceis booked the monthend interest for SD 12-01-2019. Integrata yet to book,985331665,985331665,4551456423,-590882299,2021-07-29
13126,,36_4551372778_CACEIS,1969041951,OB,OB,No-pair,fx wire,Caceis booked the fx wire for SD 05-28-2021. Integrata yet to book,1969041951,1969041951,4551456423,-590882299,2021-07-29
13127,,28_4551044906_CACEIS,1528403627,OB,OB,No-pair,monthend interest,Caceis booked the monthend interest for SD 10-01-2020. Integrata yet to book,1528403627,1528403627,4551456423,-590882299,2021-07-29
13128,,129_4551105378_CACEIS,1608089219,OB,OB,No-pair,wire transfer,Caceis booked the wire transfer for SD 11-12-2020. Integrata yet to book,1608089219,1608089219,4551456423,-590882299,2021-07-29
13129,,252_4551248485_CACEIS,1800039453,OB,OB,No-pair,wire transfer,Caceis booked the wire transfer for SD 02-26-2021. Integrata yet to book,1800039453,1800039453,4551456423,-590882299,2021-07-29
13130,,224_4551210754_CACEIS,1748958381,OB,OB,No-pair,monthend interest,Caceis booked the monthend interest for SD 02-01-2021. Integrata yet to book,1748958381,1748958381,4551456423,-590882299,2021-07-29
13131,,261_4551354754_CACEIS,1942399745,OB,OB,No-pair,fx wire,Caceis booked the fx wire for SD 05-17-2021. Integrata yet to book,1942399745,1942399745,4551456423,-590882299,2021-07-29
13132,,71_4551117124_CACEIS,1623224440,OB,OB,No-pair,fx wire,Caceis booked the fx wire for SD 11-20-2020. Integrata yet to book,1623224440,1623224440,4551456423,-590882299,2021-07-29
13133,,319_4551149959_CACEIS,1667623042,OB,OB,No-pair,fx wire,Caceis booked the fx wire for SD 12-15-2020. Integrata yet to book,1667623042,1667623042,4551456423,-590882299,2021-07-29
13134,,329_455900053_CACEIS,1336713720,OB,OB,No-pair,fx wire,Caceis booked the fx wire for SD 06-15-2020. Integrata yet to book,1336713720,1336713720,4551456423,-590882299,2021-07-29
13135,,1265_455643841_CACEIS,975324337,OB,OB,No-pair,monthend interest,Caceis booked the monthend interest for SD 11-15-2019. Integrata yet to book,975324337,975324337,4551456423,-590882299,2021-07-29
13136,,950_455643841_CACEIS,975324022,OB,OB,No-pair,fx wire,Caceis booked the fx wire for SD 11-01-2019. Integrata yet to book,975324022,975324022,4551456423,-590882299,2021-07-29
13137,,34_4551372778_CACEIS,1969041948,OB,OB,No-pair,fx wire,Caceis booked the fx wire for SD 05-28-2021. Integrata yet to book,1969041948,1969041948,4551456423,-590882299,2021-07-29
13138,,287_455643841_CACEIS,975323359,OB,OB,No-pair,fx wire,Caceis booked the fx wire for SD 11-15-2019. Integrata yet to book,975323359,975323359,4551456423,-590882299,2021-07-29
13139,,119_455862625_CACEIS,1287002897,OB,OB,No-pair,fx wire,Caceis booked the fx wire for SD 05-15-2020. Integrata yet to book,1287002897,1287002897,4551456423,-590882299,2021-07-29
13140,,22_4551068550_CACEIS,1559437443,OB,OB,No-pair,fx wire,Caceis booked the fx wire for SD 10-16-2020. Integrata yet to book,1559437443,1559437443,4551456423,-590882299,2021-07-29
13141,,20_4551203153_CACEIS,1737813333,OB,OB,No-pair,wire transfer,Caceis booked the wire transfer for SD 01-25-2021. Integrata yet to book,1737813333,1737813333,4551456423,-590882299,2021-07-29
13142,,97_4551232906_CACEIS,1780156448,OB,OB,No-pair,fx wire,Caceis booked the fx wire for SD 02-16-2021. Integrata yet to book,1780156448,1780156448,4551456423,-590882299,2021-07-29
13143,,220_4551248485_CACEIS,1800039421,OB,OB,No-pair,wire transfer,Caceis booked the wire transfer for SD 02-26-2021. Integrata yet to book,1800039421,1800039421,4551456423,-590882299,2021-07-29
13144,,24_4551184426_CACEIS,1712749751,OB,OB,No-pair,fees,Caceis booked the fees for SD 01-11-2021. Integrata yet to book,1712749751,1712749751,4551456423,-590882299,2021-07-29
13145,,1382_455643841_CACEIS,975324454,OB,OB,No-pair,fx wire,Caceis booked the fx wire for SD 11-15-2019. Integrata yet to book,975324454,975324454,4551456423,-590882299,2021-07-29
13146,,119_455718167_CACEIS,1096511831,OB,OB,No-pair,fx wire,Caceis booked the fx wire for SD 01-24-2020. Integrata yet to book,1096511831,1096511831,4551456423,-590882299,2021-07-29
13147,,890_455822501_CACEIS,1235308008,OB,OB,No-pair,fx wire,Caceis booked the fx wire for SD 04-15-2020. Integrata yet to book,1235308008,1235308008,4551456423,-590882299,2021-07-29
13148,,137_4551105378_CACEIS,1608089231,OB,OB,No-pair,wire transfer,Caceis booked the wire transfer for SD 11-12-2020. Integrata yet to book,1608089231,1608089231,4551456423,-590882299,2021-07-29
13149,,11_4551258322_CACEIS,1812652677,OB,OB,No-pair,fx wire,Caceis booked the fx wire for SD 03-05-2021. Integrata yet to book,1812652677,1812652677,4551456423,-590882299,2021-07-29
13150,,5_4551014647_CACEIS,1487748722,OB,OB,No-pair,wire transfer,Caceis booked the wire transfer for SD 09-08-2020. Integrata yet to book,1487748722,1487748722,4551456423,-590882299,2021-07-29
13151,,216_4551248485_CACEIS,1800039393,OB,OB,No-pair,wire transfer,Caceis booked the wire transfer for SD 02-26-2021. Integrata yet to book,1800039393,1800039393,4551456423,-590882299,2021-07-29
13152,,99_4551269721_CACEIS,1827473878,OB,OB,No-pair,fx wire,Caceis booked the fx wire for SD 03-15-2021. Integrata yet to book,1827473878,1827473878,4551456423,-590882299,2021-07-29
13153,,168_455862625_CACEIS,1287003358,OB,OB,No-pair,fx wire,Caceis booked the fx wire for SD 05-15-2020. Integrata yet to book,1287003358,1287003358,4551456423,-590882299,2021-07-29
13154,,904_455822501_CACEIS,1235307925,OB,OB,No-pair,fx wire,Caceis booked the fx wire for SD 04-15-2020. Integrata yet to book,1235307925,1235307925,4551456423,-590882299,2021-07-29
13155,,100_4551430779_CACEIS,2043021985,OB,OB,No-pair,fees,Caceis booked the fees for SD 07-12-2021. Integrata yet to book,2043021985,2043021985,4551456423,-590882299,2021-07-29
13156,,400_455643841_CACEIS,975323472,OB,OB,No-pair,fx wire,Caceis booked the fx wire for SD 11-15-2019. Integrata yet to book,975323472,975323472,4551456423,-590882299,2021-07-29
13157,,102_4551248485_CACEIS,1800039409,OB,OB,No-pair,fx wire,Caceis booked the fx wire for SD 02-26-2021. Integrata yet to book,1800039409,1800039409,4551456423,-590882299,2021-07-29
13158,,507_455783582_CACEIS,1185159671,OB,OB,No-pair,fx wire,Caceis booked the fx wire for SD 03-16-2020. Integrata yet to book,1185159671,1185159671,4551456423,-590882299,2021-07-29
13159,,51_455748445_CACEIS,1136275064,OB,OB,No-pair,fx wire,Caceis booked the fx wire for SD 02-18-2020. Integrata yet to book,1136275064,1136275064,4551456423,-590882299,2021-07-29
13160,,6_455963450_CACEIS,1421777718,OB,OB,No-pair,fx wire,Caceis booked the fx wire for SD 07-31-2020. Integrata yet to book,1421777718,1421777718,4551456423,-590882299,2021-07-29
13161,,2_4551184426_CACEIS,1712749670,OB,OB,No-pair,fees,Caceis booked the fees for SD 01-11-2021. Integrata yet to book,1712749670,1712749670,4551456423,-590882299,2021-07-29
13162,,76_455748445_CACEIS,1136275111,OB,OB,No-pair,fx wire,Caceis booked the fx wire for SD 02-18-2020. Integrata yet to book,1136275111,1136275111,4551456423,-590882299,2021-07-29
13163,,126_4551105378_CACEIS,1608089160,OB,OB,No-pair,wire transfer,Caceis booked the wire transfer for SD 11-12-2020. Integrata yet to book,1608089160,1608089160,4551456423,-590882299,2021-07-29
13164,,120_455748445_CACEIS,1136275088,OB,OB,No-pair,fx wire,Caceis booked the fx wire for SD 02-18-2020. Integrata yet to book,1136275088,1136275088,4551456423,-590882299,2021-07-29
13165,,698_455862625_CACEIS,1287005153,OB,OB,No-pair,fx wire,Caceis booked the fx wire for SD 05-15-2020. Integrata yet to book,1287005153,1287005153,4551456423,-590882299,2021-07-29
13166,,115_4551105378_CACEIS,1608089299,OB,OB,No-pair,wire transfer,Caceis booked the wire transfer for SD 11-12-2020. Integrata yet to book,1608089299,1608089299,4551456423,-590882299,2021-07-29
13167,,151_4551105378_CACEIS,1608089260,OB,OB,No-pair,wire transfer,Caceis booked the wire transfer for SD 11-12-2020. Integrata yet to book,1608089260,1608089260,4551456423,-590882299,2021-07-29
13168,,488_455783582_CACEIS,1185159656,OB,OB,No-pair,fx wire,Caceis booked the fx wire for SD 03-16-2020. Integrata yet to book,1185159656,1185159656,4551456423,-590882299,2021-07-29
13169,,100_4551248485_CACEIS,1800039397,OB,OB,No-pair,fx wire,Caceis booked the fx wire for SD 02-26-2021. Integrata yet to book,1800039397,1800039397,4551456423,-590882299,2021-07-29
13170,,740_455643841_CACEIS,975323812,OB,OB,No-pair,monthend interest,Caceis booked the monthend interest for SD 10-31-2019. Integrata yet to book,975323812,975323812,4551456423,-590882299,2021-07-29
13171,,57_4551066313_CACEIS,1556876324,OB,OB,No-pair,fx wire,Caceis booked the fx wire for SD 10-15-2020. Integrata yet to book,1556876324,1556876324,4551456423,-590882299,2021-07-29
13172,,17_455378188_CACEIS,548739513,OB,OB,No-pair,wire transfer,Caceis booked the wire transfer for SD 04-23-2019. Integrata yet to book,548739513,548739513,4551456423,-590882299,2021-07-29
13173,,206_4551066313_CACEIS,1556876364,OB,OB,No-pair,fx wire,Caceis booked the fx wire for SD 10-15-2020. Integrata yet to book,1556876364,1556876364,4551456423,-590882299,2021-07-29
13174,,21_4551410165_CACEIS,2016505870,OB,OB,No-pair,wire transfer,Caceis booked the wire transfer for SD 06-25-2021. Integrata yet to book,2016505870,2016505870,4551456423,-590882299,2021-07-29
13175,,116_4551105378_CACEIS,1608089312,OB,OB,No-pair,wire transfer,Caceis booked the wire transfer for SD 11-12-2020. Integrata yet to book,1608089312,1608089312,4551456423,-590882299,2021-07-29
13176,,137_4551201062_CACEIS,1734566021,OB,OB,No-pair,wire transfer,Caceis booked the wire transfer for SD 01-22-2021. Integrata yet to book,1734566021,1734566021,4551456423,-590882299,2021-07-29
13177,,23_455643841_CACEIS,975323095,OB,OB,No-pair,monthend interest,Caceis booked the monthend interest for SD 10-31-2019. Integrata yet to book,975323095,975323095,4551456423,-590882299,2021-07-29
13178,,262_4551210754_CACEIS,1748958332,OB,OB,No-pair,monthend interest,Caceis booked the monthend interest for SD 02-01-2021. Integrata yet to book,1748958332,1748958332,4551456423,-590882299,2021-07-29
13179,,944_455822501_CACEIS,1235308241,OB,OB,No-pair,fx wire,Caceis booked the fx wire for SD 04-15-2020. Integrata yet to book,1235308241,1235308241,4551456423,-590882299,2021-07-29
13180,,946_455822501_CACEIS,1235308062,OB,OB,No-pair,fx wire,Caceis booked the fx wire for SD 04-15-2020. Integrata yet to book,1235308062,1235308062,4551456423,-590882299,2021-07-29
13181,,268_4551436806_CACEIS,2049885960,OB,OB,No-pair,fx wire,Caceis booked the fx wire for SD 07-15-2021. Integrata yet to book,2049885960,2049885960,4551456423,-590882299,2021-07-29
13182,,386_455590588_CACEIS,883858665,OB,OB,No-pair,fx wire,Caceis booked the fx wire for SD 10-15-2019. Integrata yet to book,883858665,883858665,4551456423,-590882299,2021-07-29
13183,,103_4551430779_CACEIS,2043021956,OB,OB,No-pair,fees,Caceis booked the fees for SD 07-12-2021. Integrata yet to book,2043021956,2043021956,4551456423,-590882299,2021-07-29
13184,,18_455378188_CACEIS,548739470,OB,OB,No-pair,wire transfer,Caceis booked the wire transfer for SD 04-23-2019. Integrata yet to book,548739470,548739470,4551456423,-590882299,2021-07-29
13185,,354_455643841_CACEIS,975323426,OB,OB,No-pair,fx wire,Caceis booked the fx wire for SD 11-15-2019. Integrata yet to book,975323426,975323426,4551456423,-590882299,2021-07-29
13186,,51_455940640_CACEIS,1391595912,OB,OB,No-pair,fx wire,Caceis booked the fx wire for SD 07-15-2020. Integrata yet to book,1391595912,1391595912,4551456423,-590882299,2021-07-29
13187,,103_4551149959_CACEIS,1667622922,OB,OB,No-pair,fx wire,Caceis booked the fx wire for SD 12-15-2020. Integrata yet to book,1667622922,1667622922,4551456423,-590882299,2021-07-29
13188,,117_4551105378_CACEIS,1608089167,OB,OB,No-pair,wire transfer,Caceis booked the wire transfer for SD 11-12-2020. Integrata yet to book,1608089167,1608089167,4551456423,-590882299,2021-07-29
13189,,20_455871083_CACEIS,1298154302,OB,OB,No-pair,fx wire,Caceis booked the fx wire for SD 05-22-2020. Integrata yet to book,1298154302,1298154302,4551456423,-590882299,2021-07-29
13190,,64_455822501_CACEIS,1235308034,OB,OB,No-pair,fx wire,Caceis booked the fx wire for SD 04-15-2020. Integrata yet to book,1235308034,1235308034,4551456423,-590882299,2021-07-29
13191,,272_455748445_CACEIS,1136275274,OB,OB,No-pair,fx wire,Caceis booked the fx wire for SD 02-18-2020. Integrata yet to book,1136275274,1136275274,4551456423,-590882299,2021-07-29
13192,,96_4551220415_CACEIS,1761956155,OB,OB,No-pair,wire transfer,Caceis booked the wire transfer for SD 02-05-2021. Integrata yet to book,1761956155,1761956155,4551456423,-590882299,2021-07-29
13193,,130_4551313388_CACEIS,1883527784,OB,OB,No-pair,fx wire,Caceis booked the fx wire for SD 04-15-2021. Integrata yet to book,1883527784,1883527784,4551456423,-590882299,2021-07-29
13194,,92_4551239617_CACEIS,1789074901,OB,OB,No-pair,fx wire,Caceis booked the fx wire for SD 02-19-2021. Integrata yet to book,1789074901,1789074901,4551456423,-590882299,2021-07-29
13195,,101_4551430779_CACEIS,2043021990,OB,OB,No-pair,fees,Caceis booked the fees for SD 07-12-2021. Integrata yet to book,2043021990,2043021990,4551456423,-590882299,2021-07-29
13196,,136_4551201062_CACEIS,1734566010,OB,OB,No-pair,wire transfer,Caceis booked the wire transfer for SD 01-22-2021. Integrata yet to book,1734566010,1734566010,4551456423,-590882299,2021-07-29
13197,,103_4551220415_CACEIS,1761955862,OB,OB,No-pair,wire transfer,Caceis booked the wire transfer for SD 02-05-2021. Integrata yet to book,1761955862,1761955862,4551456423,-590882299,2021-07-29
13198,,48_4551254304_CACEIS,1807385748,OB,OB,No-pair,wire transfer,Caceis booked the wire transfer for SD 03-02-2021. Integrata yet to book,1807385748,1807385748,4551456423,-590882299,2021-07-29
13199,,48_455610697_CACEIS,917943312,OB,OB,No-pair,wire transfer,Caceis booked the wire transfer for SD 10-18-2019. Integrata yet to book,917943312,917943312,4551456423,-590882299,2021-07-29
13200,,27_4551254304_CACEIS,1807385762,OB,OB,No-pair,wire transfer,Caceis booked the wire transfer for SD 03-02-2021. Integrata yet to book,1807385762,1807385762,4551456423,-590882299,2021-07-29
13201,,2_455948226_CACEIS,1402358781,OB,OB,No-pair,proceeds sell,Caceis booked the proceeds sell for SD 07-21-2020. Integrata yet to book,1402358781,1402358781,4551456423,-590882299,2021-07-29
13202,,174_4551232906_CACEIS,1780156655,OB,OB,No-pair,fx wire,Caceis booked the fx wire for SD 02-16-2021. Integrata yet to book,1780156655,1780156655,4551456423,-590882299,2021-07-29
13203,,440_455822501_CACEIS,1235308414,OB,OB,No-pair,fx wire,Caceis booked the fx wire for SD 04-15-2020. Integrata yet to book,1235308414,1235308414,4551456423,-590882299,2021-07-29
13204,,54_455940640_CACEIS,1391595920,OB,OB,No-pair,fx wire,Caceis booked the fx wire for SD 07-15-2020. Integrata yet to book,1391595920,1391595920,4551456423,-590882299,2021-07-29
13205,,444_455822501_CACEIS,1235308344,OB,OB,No-pair,fx wire,Caceis booked the fx wire for SD 04-15-2020. Integrata yet to book,1235308344,1235308344,4551456423,-590882299,2021-07-29
13206,,967_455643841_CACEIS,975324039,OB,OB,No-pair,fx wire,Caceis booked the fx wire for SD 11-08-2019. Integrata yet to book,975324039,975324039,4551456423,-590882299,2021-07-29
13207,,1_4551075891_CACEIS,1569073534,OB,OB,No-pair,wire transfer,Caceis booked the wire transfer for SD 10-22-2020. Integrata yet to book,1569073534,1569073534,4551456423,-590882299,2021-07-29
13208,,125_4551239617_CACEIS,1789074929,OB,OB,No-pair,fx wire,Caceis booked the fx wire for SD 02-19-2021. Integrata yet to book,1789074929,1789074929,4551456423,-590882299,2021-07-29
13209,,459_455822501_CACEIS,1235308426,OB,OB,No-pair,fx wire,Caceis booked the fx wire for SD 04-15-2020. Integrata yet to book,1235308426,1235308426,4551456423,-590882299,2021-07-29
13210,,201_4551269721_CACEIS,1827474011,OB,OB,No-pair,fx wire,Caceis booked the fx wire for SD 03-15-2021. Integrata yet to book,1827474011,1827474011,4551456423,-590882299,2021-07-29
13211,,158_4551201062_CACEIS,1734565958,OB,OB,No-pair,wire transfer,Caceis booked the wire transfer for SD 01-22-2021. Integrata yet to book,1734565958,1734565958,4551456423,-590882299,2021-07-29
13212,,111_4551430779_CACEIS,2043021972,OB,OB,No-pair,fees,Caceis booked the fees for SD 07-12-2021. Integrata yet to book,2043021972,2043021972,4551456423,-590882299,2021-07-29
13213,,45_4551381021_CACEIS,1979694246,OB,OB,No-pair,wire transfer,Caceis booked the wire transfer for SD 06-04-2021. Integrata yet to book,1979694246,1979694246,4551456423,-590882299,2021-07-29
13214,,5_4551390838_CACEIS,1992497436,OB,OB,No-pair,fx wire,Caceis booked the fx wire for SD 06-11-2021. Integrata yet to book,1992497436,1992497436,4551456423,-590882299,2021-07-29
13215,,206_4551269721_CACEIS,1827474021,OB,OB,No-pair,fx wire,Caceis booked the fx wire for SD 03-15-2021. Integrata yet to book,1827474021,1827474021,4551456423,-590882299,2021-07-29
13216,,70_4551023983_CACEIS,1500213921,OB,OB,No-pair,fx wire,Caceis booked the fx wire for SD 09-15-2020. Integrata yet to book,1500213921,1500213921,4551456423,-590882299,2021-07-29
13217,,203_455726980_CACEIS,1107942571,OB,OB,No-pair,monthend interest,Caceis booked the monthend interest for SD 02-01-2020. Integrata yet to book,1107942571,1107942571,4551456423,-590882299,2021-07-29
13218,,237_455985296_CACEIS,1449581922,OB,OB,No-pair,fx wire,Caceis booked the fx wire for SD 08-17-2020. Integrata yet to book,1449581922,1449581922,4551456423,-590882299,2021-07-29
13219,,117_455718167_CACEIS,1096511853,OB,OB,No-pair,fx wire,Caceis booked the fx wire for SD 01-24-2020. Integrata yet to book,1096511853,1096511853,4551456423,-590882299,2021-07-29
13220,,58_4551430779_CACEIS,2043021981,OB,OB,No-pair,fees,Caceis booked the fees for SD 07-12-2021. Integrata yet to book,2043021981,2043021981,4551456423,-590882299,2021-07-29
13221,,49_4551287241_CACEIS,1850449288,OB,OB,No-pair,fx wire,Caceis booked the fx wire for SD 03-26-2021. Integrata yet to book,1850449288,1850449288,4551456423,-590882299,2021-07-29
13222,,968_455822501_CACEIS,1235308624,OB,OB,No-pair,fx wire,Caceis booked the fx wire for SD 04-15-2020. Integrata yet to book,1235308624,1235308624,4551456423,-590882299,2021-07-29
13223,,68_455643841_CACEIS,975323140,OB,OB,No-pair,fx wire,Caceis booked the fx wire for SD 11-01-2019. Integrata yet to book,975323140,975323140,4551456423,-590882299,2021-07-29
13224,,86_4551311496_CACEIS,1881179946,OB,OB,No-pair,fees,Caceis booked the fees for SD 04-14-2021. Integrata yet to book,1881179946,1881179946,4551456423,-590882299,2021-07-29
13225,,121_4551354754_CACEIS,1942399483,OB,OB,No-pair,fx wire,Caceis booked the fx wire for SD 05-17-2021. Integrata yet to book,1942399483,1942399483,4551456423,-590882299,2021-07-29
13226,,90_4551430779_CACEIS,2043021967,OB,OB,No-pair,fees,Caceis booked the fees for SD 07-12-2021. Integrata yet to book,2043021967,2043021967,4551456423,-590882299,2021-07-29
13227,,146_4551201062_CACEIS,1734565924,OB,OB,No-pair,wire transfer,Caceis booked the wire transfer for SD 01-22-2021. Integrata yet to book,1734565924,1734565924,4551456423,-590882299,2021-07-29
13228,,110_4551430779_CACEIS,2043021963,OB,OB,No-pair,fees,Caceis booked the fees for SD 07-12-2021. Integrata yet to book,2043021963,2043021963,4551456423,-590882299,2021-07-29
13229,,120_4551239617_CACEIS,1789074940,OB,OB,No-pair,fx wire,Caceis booked the fx wire for SD 02-19-2021. Integrata yet to book,1789074940,1789074940,4551456423,-590882299,2021-07-29
13230,,75_4551313388_CACEIS,1883527701,OB,OB,No-pair,fx wire,Caceis booked the fx wire for SD 04-15-2021. Integrata yet to book,1883527701,1883527701,4551456423,-590882299,2021-07-29
13231,,18_4551248485_CACEIS,1800039435,OB,OB,No-pair,monthend interest,Caceis booked the monthend interest for SD 03-01-2021. Integrata yet to book,1800039435,1800039435,4551456423,-590882299,2021-07-29
13232,,222_455985296_CACEIS,1449581913,OB,OB,No-pair,fx wire,Caceis booked the fx wire for SD 08-17-2020. Integrata yet to book,1449581913,1449581913,4551456423,-590882299,2021-07-29
13233,,125_4551105378_CACEIS,1608089309,OB,OB,No-pair,wire transfer,Caceis booked the wire transfer for SD 11-12-2020. Integrata yet to book,1608089309,1608089309,4551456423,-590882299,2021-07-29
13234,,40_4551044906_CACEIS,1528403648,OB,OB,No-pair,monthend interest,Caceis booked the monthend interest for SD 10-01-2020. Integrata yet to book,1528403648,1528403648,4551456423,-590882299,2021-07-29
13235,,50_455718167_CACEIS,1096511634,OB,OB,No-pair,fx wire,Caceis booked the fx wire for SD 01-24-2020. Integrata yet to book,1096511634,1096511634,4551456423,-590882299,2021-07-29
13236,,1510_455643841_CACEIS,975324582,OB,OB,No-pair,wire transfer,Caceis booked the wire transfer for SD 11-18-2019. Integrata yet to book,975324582,975324582,4551456423,-590882299,2021-07-29
13237,,54_4551287241_CACEIS,1850449291,OB,OB,No-pair,fx wire,Caceis booked the fx wire for SD 03-26-2021. Integrata yet to book,1850449291,1850449291,4551456423,-590882299,2021-07-29
13238,,11_455509747_CACEIS,748668177,OB,OB,No-pair,fees,Caceis booked the fees for SD 08-12-2019. Integrata yet to book,748668177,748668177,4551456423,-590882299,2021-07-29
13239,,69_4551430779_CACEIS,2043021995,OB,OB,No-pair,fees,Caceis booked the fees for SD 07-12-2021. Integrata yet to book,2043021995,2043021995,4551456423,-590882299,2021-07-29
13240,,178_455706635_CACEIS,1081907720,OB,OB,No-pair,fx wire,Caceis booked the fx wire for SD 01-15-2020. Integrata yet to book,1081907720,1081907720,4551456423,-590882299,2021-07-29
13241,,73_4551430779_CACEIS,2043021998,OB,OB,No-pair,fees,Caceis booked the fees for SD 07-12-2021. Integrata yet to book,2043021998,2043021998,4551456423,-590882299,2021-07-29
13242,,149_4551201062_CACEIS,1734565973,OB,OB,No-pair,wire transfer,Caceis booked the wire transfer for SD 01-22-2021. Integrata yet to book,1734565973,1734565973,4551456423,-590882299,2021-07-29
13243,,73_4551313388_CACEIS,1883527690,OB,OB,No-pair,fx wire,Caceis booked the fx wire for SD 04-15-2021. Integrata yet to book,1883527690,1883527690,4551456423,-590882299,2021-07-29
13244,,160_4551105378_CACEIS,1608089295,OB,OB,No-pair,wire transfer,Caceis booked the wire transfer for SD 11-12-2020. Integrata yet to book,1608089295,1608089295,4551456423,-590882299,2021-07-29
13245,,157_4551105378_CACEIS,1608089288,OB,OB,No-pair,wire transfer,Caceis booked the wire transfer for SD 11-12-2020. Integrata yet to book,1608089288,1608089288,4551456423,-590882299,2021-07-29
13246,,386_4551066313_CACEIS,1556876623,OB,OB,No-pair,fx wire,Caceis booked the fx wire for SD 10-15-2020. Integrata yet to book,1556876623,1556876623,4551456423,-590882299,2021-07-29
13247,,118_4551239617_CACEIS,1789074919,OB,OB,No-pair,fx wire,Caceis booked the fx wire for SD 02-19-2021. Integrata yet to book,1789074919,1789074919,4551456423,-590882299,2021-07-29
13248,,62_4551430779_CACEIS,2043021987,OB,OB,No-pair,fees,Caceis booked the fees for SD 07-12-2021. Integrata yet to book,2043021987,2043021987,4551456423,-590882299,2021-07-29
13249,,96_4551311496_CACEIS,1881179972,OB,OB,No-pair,fees,Caceis booked the fees for SD 04-14-2021. Integrata yet to book,1881179972,1881179972,4551456423,-590882299,2021-07-29
13250,,32_4551242873_CACEIS,1793109166,OB,OB,No-pair,wire transfer,Caceis booked the wire transfer for SD 02-21-2021. Integrata yet to book,1793109166,1793109166,4551456423,-590882299,2021-07-29
13251,,347_455940640_CACEIS,1391596188,OB,OB,No-pair,fx wire,Caceis booked the fx wire for SD 07-15-2020. Integrata yet to book,1391596188,1391596188,4551456423,-590882299,2021-07-29
13252,,223_4551248485_CACEIS,1800039442,OB,OB,No-pair,wire transfer,Caceis booked the wire transfer for SD 02-26-2021. Integrata yet to book,1800039442,1800039442,4551456423,-590882299,2021-07-29
13253,,436_455862625_CACEIS,1287003832,OB,OB,No-pair,fx wire,Caceis booked the fx wire for SD 05-15-2020. Integrata yet to book,1287003832,1287003832,4551456423,-590882299,2021-07-29
13254,,33_4551155693_CACEIS,1675163295,OB,OB,No-pair,wire transfer,Caceis booked the wire transfer for SD 12-18-2020. Integrata yet to book,1675163295,1675163295,4551456423,-590882299,2021-07-29
13255,,1079_455643841_CACEIS,975324151,OB,OB,No-pair,wire transfer,Caceis booked the wire transfer for SD 11-13-2019. Integrata yet to book,975324151,975324151,4551456423,-590882299,2021-07-29
13256,,73_4551109218_CACEIS,1613286708,OB,OB,No-pair,fx wire,Caceis booked the fx wire for SD 11-16-2020. Integrata yet to book,1613286708,1613286708,4551456423,-590882299,2021-07-29
13257,,771_455862625_CACEIS,1287005251,OB,OB,No-pair,fx wire,Caceis booked the fx wire for SD 05-15-2020. Integrata yet to book,1287005251,1287005251,4551456423,-590882299,2021-07-29
13258,,83_4551232906_CACEIS,1780156501,OB,OB,No-pair,fx wire,Caceis booked the fx wire for SD 02-16-2021. Integrata yet to book,1780156501,1780156501,4551456423,-590882299,2021-07-29
13259,,170_4551210754_CACEIS,1748958274,OB,OB,No-pair,monthend interest,Caceis booked the monthend interest for SD 02-01-2021. Integrata yet to book,1748958274,1748958274,4551456423,-590882299,2021-07-29
13260,,138_4551201062_CACEIS,1734565938,OB,OB,No-pair,wire transfer,Caceis booked the wire transfer for SD 01-22-2021. Integrata yet to book,1734565938,1734565938,4551456423,-590882299,2021-07-29
13261,,503_4551066313_CACEIS,1556876634,OB,OB,No-pair,fx wire,Caceis booked the fx wire for SD 10-15-2020. Integrata yet to book,1556876634,1556876634,4551456423,-590882299,2021-07-29
13262,,111_4551105378_CACEIS,1608089233,OB,OB,No-pair,wire transfer,Caceis booked the wire transfer for SD 11-12-2020. Integrata yet to book,1608089233,1608089233,4551456423,-590882299,2021-07-29
13263,,495_455783582_CACEIS,1185159651,OB,OB,No-pair,fx wire,Caceis booked the fx wire for SD 03-16-2020. Integrata yet to book,1185159651,1185159651,4551456423,-590882299,2021-07-29
13264,,12_455643841_CACEIS,975323084,OB,OB,No-pair,monthend interest,Caceis booked the monthend interest for SD 10-31-2019. Integrata yet to book,975323084,975323084,4551456423,-590882299,2021-07-29
13265,,1415_455643841_CACEIS,975324487,OB,OB,No-pair,fx wire,Caceis booked the fx wire for SD 11-15-2019. Integrata yet to book,975324487,975324487,4551456423,-590882299,2021-07-29
13266,,141_4551232906_CACEIS,1780156589,OB,OB,No-pair,fx wire,Caceis booked the fx wire for SD 02-16-2021. Integrata yet to book,1780156589,1780156589,4551456423,-590882299,2021-07-29
13267,,514_455862625_CACEIS,1287003864,OB,OB,No-pair,fx wire,Caceis booked the fx wire for SD 05-15-2020. Integrata yet to book,1287003864,1287003864,4551456423,-590882299,2021-07-29
13268,,108_4551430779_CACEIS,2043021928,OB,OB,No-pair,fees,Caceis booked the fees for SD 07-12-2021. Integrata yet to book,2043021928,2043021928,4551456423,-590882299,2021-07-29
13269,,54_455516633_CACEIS,760048426,OB,OB,No-pair,fx wire,Caceis booked the fx wire for SD 08-16-2019. Integrata yet to book,760048426,760048426,4551456423,-590882299,2021-07-29
13270,,80_455706635_CACEIS,1081907261,OB,OB,No-pair,fx wire,Caceis booked the fx wire for SD 01-15-2020. Integrata yet to book,1081907261,1081907261,4551456423,-590882299,2021-07-29
13271,,228_4551066313_CACEIS,1556876507,OB,OB,No-pair,fx wire,Caceis booked the fx wire for SD 10-15-2020. Integrata yet to book,1556876507,1556876507,4551456423,-590882299,2021-07-29
13272,,440_4551109218_CACEIS,1613287116,OB,OB,No-pair,fx wire,Caceis booked the fx wire for SD 11-16-2020. Integrata yet to book,1613287116,1613287116,4551456423,-590882299,2021-07-29
13273,,1122_455643841_CACEIS,975324194,OB,OB,No-pair,wire transfer,Caceis booked the wire transfer for SD 11-13-2019. Integrata yet to book,975324194,975324194,4551456423,-590882299,2021-07-29
13274,,766_4551232906_CACEIS,1780156966,OB,OB,No-pair,fx wire,Caceis booked the fx wire for SD 02-16-2021. Integrata yet to book,1780156966,1780156966,4551456423,-590882299,2021-07-29
13275,,69_455605017_CACEIS,907407232,OB,OB,No-pair,fx wire,Caceis booked the fx wire for SD 10-25-2019. Integrata yet to book,907407232,907407232,4551456423,-590882299,2021-07-29
13276,,620_4551232906_CACEIS,1780156964,OB,OB,No-pair,fx wire,Caceis booked the fx wire for SD 02-16-2021. Integrata yet to book,1780156964,1780156964,4551456423,-590882299,2021-07-29
13277,,41_455585083_CACEIS,874262482,OB,OB,No-pair,fees,Caceis booked the fees for SD 10-10-2019. Integrata yet to book,874262482,874262482,4551456423,-590882299,2021-07-29
13278,,432_455643841_CACEIS,975323504,OB,OB,No-pair,fx wire,Caceis booked the fx wire for SD 11-15-2019. Integrata yet to book,975323504,975323504,4551456423,-590882299,2021-07-29
13279,,173_455643841_CACEIS,975323245,OB,OB,No-pair,fx wire,Caceis booked the fx wire for SD 11-08-2019. Integrata yet to book,975323245,975323245,4551456423,-590882299,2021-07-29
13280,,56_455476582_CACEIS,691188928,OB,OB,No-pair,fx wire,Caceis booked the fx wire for SD 07-16-2019. Integrata yet to book,691188928,691188928,4551456423,-590882299,2021-07-29
13281,,41_455783582_CACEIS,1185159222,OB,OB,No-pair,fx wire,Caceis booked the fx wire for SD 03-16-2020. Integrata yet to book,1185159222,1185159222,4551456423,-590882299,2021-07-29
13282,,90_455753887_CACEIS,1143364741,OB,OB,No-pair,fx wire,Caceis booked the fx wire for SD 02-21-2020. Integrata yet to book,1143364741,1143364741,4551456423,-590882299,2021-07-29
13283,,67_4551087502_CACEIS,1584326629,OB,OB,No-pair,fx wire,Caceis booked the fx wire for SD 10-30-2020. Integrata yet to book,1584326629,1584326629,4551456423,-590882299,2021-07-29
13284,,154_4551201062_CACEIS,1734566005,OB,OB,No-pair,wire transfer,Caceis booked the wire transfer for SD 01-22-2021. Integrata yet to book,1734566005,1734566005,4551456423,-590882299,2021-07-29
13285,,3_4551330053_CACEIS,1905535663,OB,OB,No-pair,proceeds sell,Caceis booked the proceeds sell for SD 04-28-2021. Integrata yet to book,1905535663,1905535663,4551456423,-590882299,2021-07-29
13286,,294_455643841_CACEIS,975323366,OB,OB,No-pair,fx wire,Caceis booked the fx wire for SD 11-15-2019. Integrata yet to book,975323366,975323366,4551456423,-590882299,2021-07-29
13287,,15_4551144082_CACEIS,1659707072,OB,OB,No-pair,wire transfer,Caceis booked the wire transfer for SD 12-10-2020. Integrata yet to book,1659707072,1659707072,4551456423,-590882299,2021-07-29
13288,,54_455643841_CACEIS,975323126,OB,OB,No-pair,fx wire,Caceis booked the fx wire for SD 11-01-2019. Integrata yet to book,975323126,975323126,4551456423,-590882299,2021-07-29
13289,,25_455953995_CACEIS,1409848153,OB,OB,No-pair,fx wire,Caceis booked the fx wire for SD 07-24-2020. Integrata yet to book,1409848153,1409848153,4551456423,-590882299,2021-07-29
13290,,292_455900053_CACEIS,1336713549,OB,OB,No-pair,fx wire,Caceis booked the fx wire for SD 06-15-2020. Integrata yet to book,1336713549,1336713549,4551456423,-590882299,2021-07-29
13291,,234_455748445_CACEIS,1136275190,OB,OB,No-pair,fx wire,Caceis booked the fx wire for SD 02-18-2020. Integrata yet to book,1136275190,1136275190,4551456423,-590882299,2021-07-29
13292,,10_455383061_CACEIS,555496413,OB,OB,No-pair,fx wire,Caceis booked the fx wire for SD 04-26-2019. Integrata yet to book,555496413,555496413,4551456423,-590882299,2021-07-29
13293,,53_4551311496_CACEIS,1881179942,OB,OB,No-pair,fees,Caceis booked the fees for SD 04-14-2021. Integrata yet to book,1881179942,1881179942,4551456423,-590882299,2021-07-29
13294,,1436_455643841_CACEIS,975324508,OB,OB,No-pair,fx wire,Caceis booked the fx wire for SD 11-18-2019. Integrata yet to book,975324508,975324508,4551456423,-590882299,2021-07-29
13295,,52_4551264332_CACEIS,1819946085,OB,OB,No-pair,wire transfer,Caceis booked the wire transfer for SD 03-23-2020. Integrata yet to book,1819946085,1819946085,4551456423,-590882299,2021-07-29
13296,,97_4551430779_CACEIS,2043021974,OB,OB,No-pair,fees,Caceis booked the fees for SD 07-12-2021. Integrata yet to book,2043021974,2043021974,4551456423,-590882299,2021-07-29
13297,,7_4551390838_CACEIS,1992497438,OB,OB,No-pair,wire transfer,Caceis booked the wire transfer for SD 06-11-2021. Integrata yet to book,1992497438,1992497438,4551456423,-590882299,2021-07-29
13298,,103_4551311496_CACEIS,1881180005,OB,OB,No-pair,fees,Caceis booked the fees for SD 04-14-2021. Integrata yet to book,1881180005,1881180005,4551456423,-590882299,2021-07-29
13299,,1_455502734_CACEIS,735206336,OB,OB,No-pair,wire transfer,Caceis booked the wire transfer for SD 08-06-2019. Integrata yet to book,735206336,735206336,4551456423,-590882299,2021-07-29
13300,,289_4551354754_CACEIS,1942399671,OB,OB,No-pair,fx wire,Caceis booked the fx wire for SD 05-17-2021. Integrata yet to book,1942399671,1942399671,4551456423,-590882299,2021-07-29
13301,,49_455605017_CACEIS,907407198,OB,OB,No-pair,wire transfer,Caceis booked the wire transfer for SD 09-20-2019. Integrata yet to book,907407198,907407198,4551456423,-590882299,2021-07-29
13302,,1151_455643841_CACEIS,975324223,OB,OB,No-pair,wire transfer,Caceis booked the wire transfer for SD 11-13-2019. Integrata yet to book,975324223,975324223,4551456423,-590882299,2021-07-29
13303,,125_455822501_CACEIS,1235308073,OB,OB,No-pair,fx wire,Caceis booked the fx wire for SD 04-15-2020. Integrata yet to book,1235308073,1235308073,4551456423,-590882299,2021-07-29
13304,,58_455585083_CACEIS,874262491,OB,OB,No-pair,fees,Caceis booked the fees for SD 10-10-2019. Integrata yet to book,874262491,874262491,4551456423,-590882299,2021-07-29
13305,,456_4551149959_CACEIS,1667623219,OB,OB,No-pair,fx wire,Caceis booked the fx wire for SD 12-15-2020. Integrata yet to book,1667623219,1667623219,4551456423,-590882299,2021-07-29
13306,,88_455879764_CACEIS,1309543772,OB,OB,No-pair,fx wire,Caceis booked the fx wire for SD 05-29-2020. Integrata yet to book,1309543772,1309543772,4551456423,-590882299,2021-07-29
13307,,130_4551264332_CACEIS,1819946051,OB,OB,No-pair,wire transfer,Caceis booked the wire transfer for SD 03-10-2021. Integrata yet to book,1819946051,1819946051,4551456423,-590882299,2021-07-29
13308,,20_4551144082_CACEIS,1659707088,OB,OB,No-pair,wire transfer,Caceis booked the wire transfer for SD 12-10-2020. Integrata yet to book,1659707088,1659707088,4551456423,-590882299,2021-07-29
13309,,490_455643841_CACEIS,975323562,OB,OB,No-pair,fx wire,Caceis booked the fx wire for SD 11-15-2019. Integrata yet to book,975323562,975323562,4551456423,-590882299,2021-07-29
13310,,40_333062_CACEIS,479846763,OB,OB,No-pair,fx wire,Caceis booked the fx wire for SD 03-15-2019. Integrata yet to book,479846763,479846763,4551456423,-590882299,2021-07-29
13311,,13_455509747_CACEIS,748668185,OB,OB,No-pair,fees,Caceis booked the fees for SD 08-12-2019. Integrata yet to book,748668185,748668185,4551456423,-590882299,2021-07-29
13312,,528_455822501_CACEIS,1235308156,OB,OB,No-pair,fx wire,Caceis booked the fx wire for SD 04-15-2020. Integrata yet to book,1235308156,1235308156,4551456423,-590882299,2021-07-29
13313,,98_4551239617_CACEIS,1789074880,OB,OB,No-pair,fx wire,Caceis booked the fx wire for SD 02-19-2021. Integrata yet to book,1789074880,1789074880,4551456423,-590882299,2021-07-29
13314,,96_4551430779_CACEIS,2043021971,OB,OB,No-pair,fees,Caceis booked the fees for SD 07-12-2021. Integrata yet to book,2043021971,2043021971,4551456423,-590882299,2021-07-29
13315,,35_455585083_CACEIS,874262404,OB,OB,No-pair,proceeds sell,Caceis booked the proceeds sell for SD 10-10-2019. Integrata yet to book,874262404,874262404,4551456423,-590882299,2021-07-29
13316,,139_4551264332_CACEIS,1819946042,OB,OB,No-pair,wire transfer,Caceis booked the wire transfer for SD 03-10-2021. Integrata yet to book,1819946042,1819946042,4551456423,-590882299,2021-07-29
13317,,29_455889377_CACEIS,1323110263,OB,OB,No-pair,fx wire,Caceis booked the fx wire for SD 06-05-2020. Integrata yet to book,1323110263,1323110263,4551456423,-590882299,2021-07-29
13318,,1112_455643841_CACEIS,975324184,OB,OB,No-pair,wire transfer,Caceis booked the wire transfer for SD 11-13-2019. Integrata yet to book,975324184,975324184,4551456423,-590882299,2021-07-29
13319,,112_4551311496_CACEIS,1881179912,OB,OB,No-pair,fees,Caceis booked the fees for SD 04-14-2021. Integrata yet to book,1881179912,1881179912,4551456423,-590882299,2021-07-29
13320,,47_455476582_CACEIS,691188183,OB,OB,No-pair,fx wire,Caceis booked the fx wire for SD 07-16-2019. Integrata yet to book,691188183,691188183,4551456423,-590882299,2021-07-29
13321,,466_455985296_CACEIS,1449582177,OB,OB,No-pair,fx wire,Caceis booked the fx wire for SD 08-17-2020. Integrata yet to book,1449582177,1449582177,4551456423,-590882299,2021-07-29
13322,,32_4551144082_CACEIS,1659707164,OB,OB,No-pair,wire transfer,Caceis booked the wire transfer for SD 12-10-2020. Integrata yet to book,1659707164,1659707164,4551456423,-590882299,2021-07-29
13323,,6_4551184426_CACEIS,1712749678,OB,OB,No-pair,fees,Caceis booked the fees for SD 01-11-2021. Integrata yet to book,1712749678,1712749678,4551456423,-590882299,2021-07-29
13324,,197_4551023983_CACEIS,1500213905,OB,OB,No-pair,fx wire,Caceis booked the fx wire for SD 09-15-2020. Integrata yet to book,1500213905,1500213905,4551456423,-590882299,2021-07-29
13325,,73_4551018409_CACEIS,1492757213,OB,OB,No-pair,wire transfer,Caceis booked the wire transfer for SD 09-10-2020. Integrata yet to book,1492757213,1492757213,4551456423,-590882299,2021-07-29
13326,,3_4551031594_CACEIS,1510982690,OB,OB,No-pair,wire transfer,Caceis booked the wire transfer for SD 09-21-2020. Integrata yet to book,1510982690,1510982690,4551456423,-590882299,2021-07-29
13327,,102_4551311496_CACEIS,1881179994,OB,OB,No-pair,fees,Caceis booked the fees for SD 04-14-2021. Integrata yet to book,1881179994,1881179994,4551456423,-590882299,2021-07-29
13328,,13_4551381021_CACEIS,1979694294,OB,OB,No-pair,fx wire,Caceis booked the fx wire for SD 06-04-2021. Integrata yet to book,1979694294,1979694294,4551456423,-590882299,2021-07-29
13329,,24_4551144082_CACEIS,1659707109,OB,OB,No-pair,wire transfer,Caceis booked the wire transfer for SD 12-10-2020. Integrata yet to book,1659707109,1659707109,4551456423,-590882299,2021-07-29
13330,,136_4551264332_CACEIS,1819946000,OB,OB,No-pair,wire transfer,Caceis booked the wire transfer for SD 03-10-2021. Integrata yet to book,1819946000,1819946000,4551456423,-590882299,2021-07-29
13331,,7_4551176595_CACEIS,1702419452,OB,OB,No-pair,wire transfer,Caceis booked the wire transfer for SD 01-05-2021. Integrata yet to book,1702419452,1702419452,4551456423,-590882299,2021-07-29
13332,,99_4551311496_CACEIS,1881179988,OB,OB,No-pair,fees,Caceis booked the fees for SD 04-14-2021. Integrata yet to book,1881179988,1881179988,4551456423,-590882299,2021-07-29
13333,,44_455585083_CACEIS,874262486,OB,OB,No-pair,fees,Caceis booked the fees for SD 10-10-2019. Integrata yet to book,874262486,874262486,4551456423,-590882299,2021-07-29
13334,,56_4551311496_CACEIS,1881179962,OB,OB,No-pair,fees,Caceis booked the fees for SD 04-14-2021. Integrata yet to book,1881179962,1881179962,4551456423,-590882299,2021-07-29
13335,,1108_455643841_CACEIS,975324180,OB,OB,No-pair,wire transfer,Caceis booked the wire transfer for SD 11-13-2019. Integrata yet to book,975324180,975324180,4551456423,-590882299,2021-07-29
13336,,466_4551191593_CACEIS,1722905467,OB,OB,No-pair,fx wire,Caceis booked the fx wire for SD 01-15-2021. Integrata yet to book,1722905467,1722905467,4551456423,-590882299,2021-07-29
13337,,107_4551220415_CACEIS,1761955946,OB,OB,No-pair,wire transfer,Caceis booked the wire transfer for SD 02-05-2021. Integrata yet to book,1761955946,1761955946,4551456423,-590882299,2021-07-29
13338,,146_4551264332_CACEIS,1819946078,OB,OB,No-pair,wire transfer,Caceis booked the wire transfer for SD 03-10-2021. Integrata yet to book,1819946078,1819946078,4551456423,-590882299,2021-07-29
13339,,145_4551264332_CACEIS,1819946061,OB,OB,No-pair,wire transfer,Caceis booked the wire transfer for SD 03-10-2021. Integrata yet to book,1819946061,1819946061,4551456423,-590882299,2021-07-29
13340,,68_4551018409_CACEIS,1492757180,OB,OB,No-pair,wire transfer,Caceis booked the wire transfer for SD 09-10-2020. Integrata yet to book,1492757180,1492757180,4551456423,-590882299,2021-07-29
13341,,668_4551232906_CACEIS,1780157033,OB,OB,No-pair,fx wire,Caceis booked the fx wire for SD 02-16-2021. Integrata yet to book,1780157033,1780157033,4551456423,-590882299,2021-07-29
13342,,62_4551311496_CACEIS,1881179998,OB,OB,No-pair,fees,Caceis booked the fees for SD 04-14-2021. Integrata yet to book,1881179998,1881179998,4551456423,-590882299,2021-07-29
13343,,197_455934920_CACEIS,1383926786,OB,OB,No-pair,fees,Caceis booked the fees for SD 07-10-2020. Integrata yet to book,1383926786,1383926786,4551456423,-590882299,2021-07-29
13344,,189_455669415_CACEIS,1020662083,OB,OB,No-pair,fx wire,Caceis booked the fx wire for SD 12-16-2019. Integrata yet to book,1020662083,1020662083,4551456423,-590882299,2021-07-29
13345,,59_4551311496_CACEIS,1881179980,OB,OB,No-pair,fees,Caceis booked the fees for SD 04-14-2021. Integrata yet to book,1881179980,1881179980,4551456423,-590882299,2021-07-29
13346,,53_455822501_CACEIS,1235308045,OB,OB,No-pair,fx wire,Caceis booked the fx wire for SD 04-15-2020. Integrata yet to book,1235308045,1235308045,4551456423,-590882299,2021-07-29
13347,,141_4551264332_CACEIS,1819946086,OB,OB,No-pair,wire transfer,Caceis booked the wire transfer for SD 03-10-2021. Integrata yet to book,1819946086,1819946086,4551456423,-590882299,2021-07-29
13348,,72_4551018409_CACEIS,1492757203,OB,OB,No-pair,wire transfer,Caceis booked the wire transfer for SD 09-10-2020. Integrata yet to book,1492757203,1492757203,4551456423,-590882299,2021-07-29
13349,,85_4551311496_CACEIS,1881179941,OB,OB,No-pair,fees,Caceis booked the fees for SD 04-14-2021. Integrata yet to book,1881179941,1881179941,4551456423,-590882299,2021-07-29
13350,,33_4551035437_CACEIS,1516099549,OB,OB,No-pair,wire transfer,Caceis booked the wire transfer for SD 06-26-2020. Integrata yet to book,1516099549,1516099549,4551456423,-590882299,2021-07-29
13351,,12_4551144082_CACEIS,1659707034,OB,OB,No-pair,wire transfer,Caceis booked the wire transfer for SD 12-10-2020. Integrata yet to book,1659707034,1659707034,4551456423,-590882299,2021-07-29
13352,,1077_455643841_CACEIS,975324149,OB,OB,No-pair,wire transfer,Caceis booked the wire transfer for SD 11-13-2019. Integrata yet to book,975324149,975324149,4551456423,-590882299,2021-07-29
13353,,66_4551299798_CACEIS,1866915130,OB,OB,No-pair,fx wire,Caceis booked the fx wire for SD 04-06-2021. Integrata yet to book,1866915130,1866915130,4551456423,-590882299,2021-07-29
13354,,144_4551264332_CACEIS,1819946009,OB,OB,No-pair,wire transfer,Caceis booked the wire transfer for SD 03-10-2021. Integrata yet to book,1819946009,1819946009,4551456423,-590882299,2021-07-29
13355,,212_455762980_CACEIS,1156897789,OB,OB,No-pair,monthend interest,Caceis booked the monthend interest for SD 03-01-2020. Integrata yet to book,1156897789,1156897789,4551456423,-590882299,2021-07-29
13356,,133_4551264332_CACEIS,1819946112,OB,OB,No-pair,wire transfer,Caceis booked the wire transfer for SD 03-10-2021. Integrata yet to book,1819946112,1819946112,4551456423,-590882299,2021-07-29
13357,,142_455934920_CACEIS,1383926676,OB,OB,No-pair,fees,Caceis booked the fees for SD 07-10-2020. Integrata yet to book,1383926676,1383926676,4551456423,-590882299,2021-07-29
13358,,1_4551420619_CACEIS,2031130209,OB,OB,No-pair,wire transfer,Caceis booked the wire transfer for SD 06-24-2021. Integrata yet to book,2031130209,2031130209,4551456423,-590882299,2021-07-29
13359,,28_4551228190_CACEIS,1773079510,OB,OB,No-pair,wire transfer,Caceis booked the wire transfer for SD 02-10-2021. Integrata yet to book,1773079510,1773079510,4551456423,-590882299,2021-07-29
13360,,27_267975_CACEIS,368747261,OB,OB,No-pair,fx wire,Caceis booked the fx wire for SD 01-15-2019. Integrata yet to book,368747261,368747261,4551456423,-590882299,2021-07-29
13361,,109_4551220415_CACEIS,1761955987,OB,OB,No-pair,wire transfer,Caceis booked the wire transfer for SD 02-05-2021. Integrata yet to book,1761955987,1761955987,4551456423,-590882299,2021-07-29
13362,,134_4551264332_CACEIS,1819946127,OB,OB,No-pair,wire transfer,Caceis booked the wire transfer for SD 03-10-2021. Integrata yet to book,1819946127,1819946127,4551456423,-590882299,2021-07-29
13363,,96_4551232906_CACEIS,1780156432,OB,OB,No-pair,fx wire,Caceis booked the fx wire for SD 02-16-2021. Integrata yet to book,1780156432,1780156432,4551456423,-590882299,2021-07-29
13364,,141_455934920_CACEIS,1383926715,OB,OB,No-pair,fees,Caceis booked the fees for SD 07-10-2020. Integrata yet to book,1383926715,1383926715,4551456423,-590882299,2021-07-29
13365,,11_309411_CACEIS,439623713,OB,OB,No-pair,fx wire,Caceis booked the fx wire for SD 02-22-2019. Integrata yet to book,439623713,439623713,4551456423,-590882299,2021-07-29
13366,,33_4551144082_CACEIS,1659707027,OB,OB,No-pair,wire transfer,Caceis booked the wire transfer for SD 12-10-2020. Integrata yet to book,1659707027,1659707027,4551456423,-590882299,2021-07-29
13367,,36_4551144082_CACEIS,1659707157,OB,OB,No-pair,wire transfer,Caceis booked the wire transfer for SD 12-10-2020. Integrata yet to book,1659707157,1659707157,4551456423,-590882299,2021-07-29
13368,,154_4551232906_CACEIS,1780156525,OB,OB,No-pair,fx wire,Caceis booked the fx wire for SD 02-16-2021. Integrata yet to book,1780156525,1780156525,4551456423,-590882299,2021-07-29
13369,,5_4551248485_CACEIS,1800039350,OB,OB,No-pair,fx wire,Caceis booked the fx wire for SD 02-26-2021. Integrata yet to book,1800039350,1800039350,4551456423,-590882299,2021-07-29
13370,,127_4551436806_CACEIS,2049885848,OB,OB,No-pair,fx wire,Caceis booked the fx wire for SD 07-15-2021. Integrata yet to book,2049885848,2049885848,4551456423,-590882299,2021-07-29
13371,,1171_455643841_CACEIS,975324243,OB,OB,No-pair,wire transfer,Caceis booked the wire transfer for SD 11-13-2019. Integrata yet to book,975324243,975324243,4551456423,-590882299,2021-07-29
13372,,17_4551136088_CACEIS,1649475196,OB,OB,No-pair,proceeds sell,Caceis booked the proceeds sell for SD 12-04-2020. Integrata yet to book,1649475196,1649475196,4551456423,-590882299,2021-07-29
13373,,3_455931125_CACEIS,1378949767,OB,OB,No-pair,wire transfer,Caceis booked the wire transfer for SD 07-08-2020. Integrata yet to book,1378949767,1378949767,4551456423,-590882299,2021-07-29
13374,,76_4551311496_CACEIS,1881179927,OB,OB,No-pair,fees,Caceis booked the fees for SD 04-14-2021. Integrata yet to book,1881179927,1881179927,4551456423,-590882299,2021-07-29
13375,,368_4551232906_CACEIS,1780156774,OB,OB,No-pair,fx wire,Caceis booked the fx wire for SD 02-16-2021. Integrata yet to book,1780156774,1780156774,4551456423,-590882299,2021-07-29
13376,,122_4551232906_CACEIS,1780156518,OB,OB,No-pair,fx wire,Caceis booked the fx wire for SD 02-16-2021. Integrata yet to book,1780156518,1780156518,4551456423,-590882299,2021-07-29
13377,,453_455822501_CACEIS,1235308305,OB,OB,No-pair,fx wire,Caceis booked the fx wire for SD 04-15-2020. Integrata yet to book,1235308305,1235308305,4551456423,-590882299,2021-07-29
13378,,35_4551144082_CACEIS,1659707140,OB,OB,No-pair,wire transfer,Caceis booked the wire transfer for SD 12-10-2020. Integrata yet to book,1659707140,1659707140,4551456423,-590882299,2021-07-29
13379,,176_455934920_CACEIS,1383926776,OB,OB,No-pair,fees,Caceis booked the fees for SD 07-10-2020. Integrata yet to book,1383926776,1383926776,4551456423,-590882299,2021-07-29
13380,,88_4551430779_CACEIS,2043021948,OB,OB,No-pair,fees,Caceis booked the fees for SD 07-12-2021. Integrata yet to book,2043021948,2043021948,4551456423,-590882299,2021-07-29
13381,,58_4551311496_CACEIS,1881179974,OB,OB,No-pair,fees,Caceis booked the fees for SD 04-14-2021. Integrata yet to book,1881179974,1881179974,4551456423,-590882299,2021-07-29
13382,,1103_455643841_CACEIS,975324175,OB,OB,No-pair,wire transfer,Caceis booked the wire transfer for SD 11-13-2019. Integrata yet to book,975324175,975324175,4551456423,-590882299,2021-07-29
13383,,278_4551394628_CACEIS,1997244795,OB,OB,No-pair,fx wire,Caceis booked the fx wire for SD 06-15-2021. Integrata yet to book,1997244795,1997244795,4551456423,-590882299,2021-07-29
13384,,86_4551018409_CACEIS,1492757127,OB,OB,No-pair,wire transfer,Caceis booked the wire transfer for SD 09-10-2020. Integrata yet to book,1492757127,1492757127,4551456423,-590882299,2021-07-29
13385,,589_4551232906_CACEIS,1780157001,OB,OB,No-pair,fx wire,Caceis booked the fx wire for SD 02-16-2021. Integrata yet to book,1780157001,1780157001,4551456423,-590882299,2021-07-29
13386,,63_455706635_CACEIS,1081907631,OB,OB,No-pair,fx wire,Caceis booked the fx wire for SD 01-15-2020. Integrata yet to book,1081907631,1081907631,4551456423,-590882299,2021-07-29
13387,,1148_455643841_CACEIS,975324220,OB,OB,No-pair,wire transfer,Caceis booked the wire transfer for SD 11-13-2019. Integrata yet to book,975324220,975324220,4551456423,-590882299,2021-07-29
13388,,70_4551430779_CACEIS,2043021929,OB,OB,No-pair,fees,Caceis booked the fees for SD 07-12-2021. Integrata yet to book,2043021929,2043021929,4551456423,-590882299,2021-07-29
13389,,55_4551018409_CACEIS,1492757122,OB,OB,No-pair,wire transfer,Caceis booked the wire transfer for SD 09-10-2020. Integrata yet to book,1492757122,1492757122,4551456423,-590882299,2021-07-29
13390,,1_4551101474_CACEIS,1602589076,OB,OB,No-pair,wire transfer,Caceis booked the wire transfer for SD 11-10-2020. Integrata yet to book,1602589076,1602589076,4551456423,-590882299,2021-07-29
13391,,202_4551023983_CACEIS,1500213958,OB,OB,No-pair,fx wire,Caceis booked the fx wire for SD 09-15-2020. Integrata yet to book,1500213958,1500213958,4551456423,-590882299,2021-07-29
13392,,42_4551246640_CACEIS,1797846207,OB,OB,No-pair,monthend interest,Caceis booked the monthend interest for SD 02-26-2021. Integrata yet to book,1797846207,1797846207,4551456423,-590882299,2021-07-29
13393,,8_455441282_CACEIS,634490269,OB,OB,No-pair,wire transfer,Caceis booked the wire transfer for SD 06-14-2019. Integrata yet to book,634490269,634490269,4551456423,-590882299,2021-07-29
13394,,55_4551311496_CACEIS,1881179955,OB,OB,No-pair,fees,Caceis booked the fees for SD 04-14-2021. Integrata yet to book,1881179955,1881179955,4551456423,-590882299,2021-07-29
13395,,26_4551144082_CACEIS,1659707127,OB,OB,No-pair,wire transfer,Caceis booked the wire transfer for SD 12-10-2020. Integrata yet to book,1659707127,1659707127,4551456423,-590882299,2021-07-29
13396,,1125_455643841_CACEIS,975324197,OB,OB,No-pair,wire transfer,Caceis booked the wire transfer for SD 11-13-2019. Integrata yet to book,975324197,975324197,4551456423,-590882299,2021-07-29
13397,,24_4551246640_CACEIS,1797846191,OB,OB,No-pair,proceeds sell,Caceis booked the proceeds sell for SD 02-25-2021. Integrata yet to book,1797846191,1797846191,4551456423,-590882299,2021-07-29
13398,,63_455516633_CACEIS,760048366,OB,OB,No-pair,fx wire,Caceis booked the fx wire for SD 08-16-2019. Integrata yet to book,760048366,760048366,4551456423,-590882299,2021-07-29
13399,,342_455862625_CACEIS,1287003782,OB,OB,No-pair,fx wire,Caceis booked the fx wire for SD 05-15-2020. Integrata yet to book,1287003782,1287003782,4551456423,-590882299,2021-07-29
13400,,64_4551018409_CACEIS,1492757158,OB,OB,No-pair,wire transfer,Caceis booked the wire transfer for SD 09-10-2020. Integrata yet to book,1492757158,1492757158,4551456423,-590882299,2021-07-29
13401,,28_455889377_CACEIS,1323110259,OB,OB,No-pair,fx wire,Caceis booked the fx wire for SD 06-05-2020. Integrata yet to book,1323110259,1323110259,4551456423,-590882299,2021-07-29
13402,,1066_455643841_CACEIS,975324138,OB,OB,No-pair,wire transfer,Caceis booked the wire transfer for SD 11-13-2019. Integrata yet to book,975324138,975324138,4551456423,-590882299,2021-07-29
13403,,43_4551018409_CACEIS,1492757117,OB,OB,No-pair,wire transfer,Caceis booked the wire transfer for SD 09-10-2020. Integrata yet to book,1492757117,1492757117,4551456423,-590882299,2021-07-29
13404,,62_4551299798_CACEIS,1866915119,OB,OB,No-pair,fx wire,Caceis booked the fx wire for SD 04-06-2021. Integrata yet to book,1866915119,1866915119,4551456423,-590882299,2021-07-29
13405,,109_4551430779_CACEIS,2043021935,OB,OB,No-pair,fees,Caceis booked the fees for SD 07-12-2021. Integrata yet to book,2043021935,2043021935,4551456423,-590882299,2021-07-29
13406,,195_4551269721_CACEIS,1827473926,OB,OB,No-pair,fx wire,Caceis booked the fx wire for SD 03-15-2021. Integrata yet to book,1827473926,1827473926,4551456423,-590882299,2021-07-29
13407,,9_4551144082_CACEIS,1659707023,OB,OB,No-pair,wire transfer,Caceis booked the wire transfer for SD 12-10-2020. Integrata yet to book,1659707023,1659707023,4551456423,-590882299,2021-07-29
13408,,37_368123_CACEIS,532374008,OB,OB,No-pair,fx wire,Caceis booked the fx wire for SD 04-15-2019. Integrata yet to book,532374008,532374008,4551456423,-590882299,2021-07-29
13409,,14_4551144082_CACEIS,1659707059,OB,OB,No-pair,wire transfer,Caceis booked the wire transfer for SD 12-10-2020. Integrata yet to book,1659707059,1659707059,4551456423,-590882299,2021-07-29
13410,,1144_455643841_CACEIS,975324216,OB,OB,No-pair,wire transfer,Caceis booked the wire transfer for SD 11-13-2019. Integrata yet to book,975324216,975324216,4551456423,-590882299,2021-07-29
13411,,69_4551018409_CACEIS,1492757188,OB,OB,No-pair,wire transfer,Caceis booked the wire transfer for SD 09-10-2020. Integrata yet to book,1492757188,1492757188,4551456423,-590882299,2021-07-29
13412,,90_455822501_CACEIS,1235307959,OB,OB,No-pair,fx wire,Caceis booked the fx wire for SD 04-15-2020. Integrata yet to book,1235307959,1235307959,4551456423,-590882299,2021-07-29
13413,,1050_455643841_CACEIS,975324122,OB,OB,No-pair,wire transfer,Caceis booked the wire transfer for SD 11-13-2019. Integrata yet to book,975324122,975324122,4551456423,-590882299,2021-07-29
13414,,13_4551456423_CACEIS,2074469267,OB,OB,No-pair,wire transfer,Caceis booked the wire transfer for SD 07-29-2021. Integrata yet to book,2074469267,2074469267,4551456423,-590882299,2021-07-29
13415,,95_4551430779_CACEIS,2043021962,OB,OB,No-pair,fees,Caceis booked the fees for SD 07-12-2021. Integrata yet to book,2043021962,2043021962,4551456423,-590882299,2021-07-29
13416,,21_4551456423_CACEIS,2074469269,OB,OB,No-pair,proceeds sell,Caceis booked the proceeds sell for SD 07-29-2021. Integrata yet to book,2074469269,2074469269,4551456423,-590882299,2021-07-29
13417,,35_4551044906_CACEIS,1528403622,OB,OB,No-pair,wire transfer,Caceis booked the wire transfer for SD 09-17-2020. Integrata yet to book,1528403622,1528403622,4551456423,-590882299,2021-07-29
13418,,3_4551058652_CACEIS,1546340310,OB,OB,No-pair,fx wire,Caceis booked the fx wire for SD 10-09-2020. Integrata yet to book,1546340310,1546340310,4551456423,-590882299,2021-07-29
13419,,745_4551232906_CACEIS,1780157119,OB,OB,No-pair,fx wire,Caceis booked the fx wire for SD 02-16-2021. Integrata yet to book,1780157119,1780157119,4551456423,-590882299,2021-07-29
13420,,1090_455643841_CACEIS,975324162,OB,OB,No-pair,wire transfer,Caceis booked the wire transfer for SD 11-13-2019. Integrata yet to book,975324162,975324162,4551456423,-590882299,2021-07-29
13421,,355_455822501_CACEIS,1235308142,OB,OB,No-pair,fx wire,Caceis booked the fx wire for SD 04-15-2020. Integrata yet to book,1235308142,1235308142,4551456423,-590882299,2021-07-29
13422,,1038_455643841_CACEIS,975324110,OB,OB,No-pair,wire transfer,Caceis booked the wire transfer for SD 11-13-2019. Integrata yet to book,975324110,975324110,4551456423,-590882299,2021-07-29
13423,,23_4551456423_CACEIS,2074469273,OB,OB,No-pair,proceeds sell,Caceis booked the proceeds sell for SD 07-29-2021. Integrata yet to book,2074469273,2074469273,4551456423,-590882299,2021-07-29
13424,,19_4551210754_CACEIS,1748958234,OB,OB,No-pair,monthend interest,Caceis booked the monthend interest for SD 02-01-2021. Integrata yet to book,1748958234,1748958234,4551456423,-590882299,2021-07-29
13425,,29_4551210754_CACEIS,1748958312,OB,OB,No-pair,fx wire,Caceis booked the fx wire for SD 01-29-2021. Integrata yet to book,1748958312,1748958312,4551456423,-590882299,2021-07-29
13426,,6_455857124_CACEIS,1279775033,OB,OB,No-pair,wire transfer,Caceis booked the wire transfer for SD 05-12-2020. Integrata yet to book,1279775033,1279775033,4551456423,-590882299,2021-07-29
13427,,1187_455643841_CACEIS,975324259,OB,OB,No-pair,wire transfer,Caceis booked the wire transfer for SD 11-13-2019. Integrata yet to book,975324259,975324259,4551456423,-590882299,2021-07-29
13428,,256_4551436806_CACEIS,2049885916,OB,OB,No-pair,fx wire,Caceis booked the fx wire for SD 07-15-2021. Integrata yet to book,2049885916,2049885916,4551456423,-590882299,2021-07-29
13429,,25_4551144082_CACEIS,1659707118,OB,OB,No-pair,wire transfer,Caceis booked the wire transfer for SD 12-10-2020. Integrata yet to book,1659707118,1659707118,4551456423,-590882299,2021-07-29
13430,,716_455862625_CACEIS,1287005283,OB,OB,No-pair,fx wire,Caceis booked the fx wire for SD 05-15-2020. Integrata yet to book,1287005283,1287005283,4551456423,-590882299,2021-07-29
13431,,21_4551210754_CACEIS,1748958273,OB,OB,No-pair,fx wire,Caceis booked the fx wire for SD 01-29-2021. Integrata yet to book,1748958273,1748958273,4551456423,-590882299,2021-07-29
13432,,143_4551201062_CACEIS,1734566011,OB,OB,No-pair,wire transfer,Caceis booked the wire transfer for SD 01-22-2021. Integrata yet to book,1734566011,1734566011,4551456423,-590882299,2021-07-29
13433,,339_455822501_CACEIS,1235308126,OB,OB,No-pair,fx wire,Caceis booked the fx wire for SD 04-15-2020. Integrata yet to book,1235308126,1235308126,4551456423,-590882299,2021-07-29
13434,,332_455822501_CACEIS,1235308113,OB,OB,No-pair,fx wire,Caceis booked the fx wire for SD 04-15-2020. Integrata yet to book,1235308113,1235308113,4551456423,-590882299,2021-07-29
13435,,412_4551066313_CACEIS,1556876738,OB,OB,No-pair,fx wire,Caceis booked the fx wire for SD 10-15-2020. Integrata yet to book,1556876738,1556876738,4551456423,-590882299,2021-07-29
13436,,28_4551018409_CACEIS,1492757240,OB,OB,No-pair,fees,Caceis booked the fees for SD 09-10-2020. Integrata yet to book,1492757240,1492757240,4551456423,-590882299,2021-07-29
13437,,8_455851677_CACEIS,1272856294,OB,OB,No-pair,wire transfer,Caceis booked the wire transfer for SD 03-27-2020. Integrata yet to book,1272856294,1272856294,4551456423,-590882299,2021-07-29
13438,,27_4551228190_CACEIS,1773079502,OB,OB,No-pair,wire transfer,Caceis booked the wire transfer for SD 02-10-2021. Integrata yet to book,1773079502,1773079502,4551456423,-590882299,2021-07-29
13439,,142_4551201062_CACEIS,1734565998,OB,OB,No-pair,wire transfer,Caceis booked the wire transfer for SD 01-22-2021. Integrata yet to book,1734565998,1734565998,4551456423,-590882299,2021-07-29
13440,,12_4551184426_CACEIS,1712749695,OB,OB,No-pair,fees,Caceis booked the fees for SD 01-11-2021. Integrata yet to book,1712749695,1712749695,4551456423,-590882299,2021-07-29
13441,,694_455643841_CACEIS,975323766,OB,OB,No-pair,fx wire,Caceis booked the fx wire for SD 11-18-2019. Integrata yet to book,975323766,975323766,4551456423,-590882299,2021-07-29
13442,,210_4551066313_CACEIS,1556876506,OB,OB,No-pair,fx wire,Caceis booked the fx wire for SD 10-15-2020. Integrata yet to book,1556876506,1556876506,4551456423,-590882299,2021-07-29
13443,,191_455934920_CACEIS,1383926690,OB,OB,No-pair,fees,Caceis booked the fees for SD 07-10-2020. Integrata yet to book,1383926690,1383926690,4551456423,-590882299,2021-07-29
13444,,9_4551315208_CACEIS,1885912655,OB,OB,No-pair,fx wire,Caceis booked the fx wire for SD 04-16-2021. Integrata yet to book,1885912655,1885912655,4551456423,-590882299,2021-07-29
13445,,236_455985296_CACEIS,1449582065,OB,OB,No-pair,fx wire,Caceis booked the fx wire for SD 08-17-2020. Integrata yet to book,1449582065,1449582065,4551456423,-590882299,2021-07-29
13446,,23_4551184426_CACEIS,1712749740,OB,OB,No-pair,fees,Caceis booked the fees for SD 01-11-2021. Integrata yet to book,1712749740,1712749740,4551456423,-590882299,2021-07-29
13447,,174_455762980_CACEIS,1156897783,OB,OB,No-pair,monthend interest,Caceis booked the monthend interest for SD 03-01-2020. Integrata yet to book,1156897783,1156897783,4551456423,-590882299,2021-07-29
13448,,436_4551066313_CACEIS,1556876691,OB,OB,No-pair,fx wire,Caceis booked the fx wire for SD 10-15-2020. Integrata yet to book,1556876691,1556876691,4551456423,-590882299,2021-07-29
13449,,173_455822501_CACEIS,1235308033,OB,OB,No-pair,fx wire,Caceis booked the fx wire for SD 04-15-2020. Integrata yet to book,1235308033,1235308033,4551456423,-590882299,2021-07-29
13450,,2_4551301826_CACEIS,1869069190,OB,OB,No-pair,wire transfer,Caceis booked the wire transfer for SD 04-01-2021. Integrata yet to book,1869069190,1869069190,4551456423,-590882299,2021-07-29
13451,,175_455934920_CACEIS,1383926755,OB,OB,No-pair,fees,Caceis booked the fees for SD 07-10-2020. Integrata yet to book,1383926755,1383926755,4551456423,-590882299,2021-07-29
13452,,616_455643841_CACEIS,975323688,OB,OB,No-pair,wire transfer,Caceis booked the wire transfer for SD 11-18-2019. Integrata yet to book,975323688,975323688,4551456423,-590882299,2021-07-29
13453,,40_4551184426_CACEIS,1712749816,OB,OB,No-pair,fees,Caceis booked the fees for SD 01-11-2021. Integrata yet to book,1712749816,1712749816,4551456423,-590882299,2021-07-29
13454,,11_4551184426_CACEIS,1712749685,OB,OB,No-pair,fees,Caceis booked the fees for SD 01-11-2021. Integrata yet to book,1712749685,1712749685,4551456423,-590882299,2021-07-29
13455,,31_4551044906_CACEIS,1528403619,OB,OB,No-pair,wire transfer,Caceis booked the wire transfer for SD 09-17-2020. Integrata yet to book,1528403619,1528403619,4551456423,-590882299,2021-07-29
13456,,1087_455643841_CACEIS,975324159,OB,OB,No-pair,wire transfer,Caceis booked the wire transfer for SD 11-13-2019. Integrata yet to book,975324159,975324159,4551456423,-590882299,2021-07-29
13457,,23_4551144082_CACEIS,1659707132,OB,OB,No-pair,wire transfer,Caceis booked the wire transfer for SD 12-10-2020. Integrata yet to book,1659707132,1659707132,4551456423,-590882299,2021-07-29
13458,,81_455985296_CACEIS,1449581737,OB,OB,No-pair,fx wire,Caceis booked the fx wire for SD 08-17-2020. Integrata yet to book,1449581737,1449581737,4551456423,-590882299,2021-07-29
13459,,81_4551127906_CACEIS,1637981949,OB,OB,No-pair,monthend interest,Caceis booked the monthend interest for SD 12-01-2020. Integrata yet to book,1637981949,1637981949,4551456423,-590882299,2021-07-29
13460,,38_4551184426_CACEIS,1712749808,OB,OB,No-pair,fees,Caceis booked the fees for SD 01-11-2021. Integrata yet to book,1712749808,1712749808,4551456423,-590882299,2021-07-29
13461,,12_455610697_CACEIS,917943276,OB,OB,No-pair,fx wire,Caceis booked the fx wire for SD 10-18-2019. Integrata yet to book,917943276,917943276,4551456423,-590882299,2021-07-29
13462,,184_455934920_CACEIS,1383926766,OB,OB,No-pair,fees,Caceis booked the fees for SD 07-10-2020. Integrata yet to book,1383926766,1383926766,4551456423,-590882299,2021-07-29
13463,,512_455900053_CACEIS,1336714022,OB,OB,No-pair,fx wire,Caceis booked the fx wire for SD 06-15-2020. Integrata yet to book,1336714022,1336714022,4551456423,-590882299,2021-07-29
13464,,500_455862625_CACEIS,1287004033,OB,OB,No-pair,fx wire,Caceis booked the fx wire for SD 05-15-2020. Integrata yet to book,1287004033,1287004033,4551456423,-590882299,2021-07-29
13465,,2_4551144082_CACEIS,1659707173,OB,OB,No-pair,wire transfer,Caceis booked the wire transfer for SD 12-10-2020. Integrata yet to book,1659707173,1659707173,4551456423,-590882299,2021-07-29
13466,,394_455783582_CACEIS,1185159629,OB,OB,No-pair,fx wire,Caceis booked the fx wire for SD 03-16-2020. Integrata yet to book,1185159629,1185159629,4551456423,-590882299,2021-07-29
13467,,38_455688261_CACEIS,1053516669,OB,OB,No-pair,monthend interest,Caceis booked the monthend interest for SD 01-01-2020. Integrata yet to book,1053516669,1053516669,4551456423,-590882299,2021-07-29
13468,,421_455783582_CACEIS,1185159642,OB,OB,No-pair,fx wire,Caceis booked the fx wire for SD 03-16-2020. Integrata yet to book,1185159642,1185159642,4551456423,-590882299,2021-07-29
13469,,1_336400_CACEIS,484236221,OB,OB,No-pair,fees,Caceis booked the fees for SD 03-15-2019. Integrata yet to book,484236221,484236221,4551456423,-590882299,2021-07-29
13470,,430_455940640_CACEIS,1391596140,OB,OB,No-pair,fx wire,Caceis booked the fx wire for SD 07-15-2020. Integrata yet to book,1391596140,1391596140,4551456423,-590882299,2021-07-29
13471,,1_455723511_CACEIS,1103355700,OB,OB,No-pair,wire transfer,Caceis booked the wire transfer for SD 01-29-2020. Integrata yet to book,1103355700,1103355700,4551456423,-590882299,2021-07-29
13472,,7_4551315208_CACEIS,1885912653,OB,OB,No-pair,fx wire,Caceis booked the fx wire for SD 04-16-2021. Integrata yet to book,1885912653,1885912653,4551456423,-590882299,2021-07-29
13473,,68_4551269721_CACEIS,1827473921,OB,OB,No-pair,fx wire,Caceis booked the fx wire for SD 03-15-2021. Integrata yet to book,1827473921,1827473921,4551456423,-590882299,2021-07-29
13474,,130_455718167_CACEIS,1096511888,OB,OB,No-pair,fx wire,Caceis booked the fx wire for SD 01-24-2020. Integrata yet to book,1096511888,1096511888,4551456423,-590882299,2021-07-29
13475,,15_4551229444_CACEIS,1775243236,OB,OB,No-pair,fx wire,Caceis booked the fx wire for SD 02-12-2021. Integrata yet to book,1775243236,1775243236,4551456423,-590882299,2021-07-29
13476,,2_4551277470_CACEIS,1837468611,OB,OB,No-pair,fx wire,Caceis booked the fx wire for SD 03-19-2021. Integrata yet to book,1837468611,1837468611,4551456423,-590882299,2021-07-29
13477,,139_4551201062_CACEIS,1734565966,OB,OB,No-pair,wire transfer,Caceis booked the wire transfer for SD 01-22-2021. Integrata yet to book,1734565966,1734565966,4551456423,-590882299,2021-07-29
13478,,1404_455643841_CACEIS,975324476,OB,OB,No-pair,fx wire,Caceis booked the fx wire for SD 11-15-2019. Integrata yet to book,975324476,975324476,4551456423,-590882299,2021-07-29
13479,,1136_455643841_CACEIS,975324208,OB,OB,No-pair,wire transfer,Caceis booked the wire transfer for SD 11-13-2019. Integrata yet to book,975324208,975324208,4551456423,-590882299,2021-07-29
13480,,53_455963450_CACEIS,1421777704,OB,OB,No-pair,fx wire,Caceis booked the fx wire for SD 07-31-2020. Integrata yet to book,1421777704,1421777704,4551456423,-590882299,2021-07-29
13481,,907_455643841_CACEIS,975323979,OB,OB,No-pair,fx wire,Caceis booked the fx wire for SD 11-08-2019. Integrata yet to book,975323979,975323979,4551456423,-590882299,2021-07-29
13482,,183_4551210754_CACEIS,1748958369,OB,OB,No-pair,fx wire,Caceis booked the fx wire for SD 01-29-2021. Integrata yet to book,1748958369,1748958369,4551456423,-590882299,2021-07-29
13483,,59_4551066313_CACEIS,1556876336,OB,OB,No-pair,fx wire,Caceis booked the fx wire for SD 10-15-2020. Integrata yet to book,1556876336,1556876336,4551456423,-590882299,2021-07-29
13484,,145_4551201062_CACEIS,1734566016,OB,OB,No-pair,wire transfer,Caceis booked the wire transfer for SD 01-22-2021. Integrata yet to book,1734566016,1734566016,4551456423,-590882299,2021-07-29
13485,,57_4551018409_CACEIS,1492757134,OB,OB,No-pair,wire transfer,Caceis booked the wire transfer for SD 09-10-2020. Integrata yet to book,1492757134,1492757134,4551456423,-590882299,2021-07-29
13486,,22_4551144082_CACEIS,1659707100,OB,OB,No-pair,wire transfer,Caceis booked the wire transfer for SD 12-10-2020. Integrata yet to book,1659707100,1659707100,4551456423,-590882299,2021-07-29
13487,,491_455862625_CACEIS,1287004124,OB,OB,No-pair,fx wire,Caceis booked the fx wire for SD 05-15-2020. Integrata yet to book,1287004124,1287004124,4551456423,-590882299,2021-07-29
13488,,16_4551229444_CACEIS,1775243241,OB,OB,No-pair,fx wire,Caceis booked the fx wire for SD 02-12-2021. Integrata yet to book,1775243241,1775243241,4551456423,-590882299,2021-07-29
13489,,278_4551191593_CACEIS,1722905327,OB,OB,No-pair,fx wire,Caceis booked the fx wire for SD 01-15-2021. Integrata yet to book,1722905327,1722905327,4551456423,-590882299,2021-07-29
13490,,103_4551248485_CACEIS,1800039461,OB,OB,No-pair,fx wire,Caceis booked the fx wire for SD 02-26-2021. Integrata yet to book,1800039461,1800039461,4551456423,-590882299,2021-07-29
13491,,94_4551220415_CACEIS,1761956154,OB,OB,No-pair,wire transfer,Caceis booked the wire transfer for SD 02-05-2021. Integrata yet to book,1761956154,1761956154,4551456423,-590882299,2021-07-29
13492,,118_455718167_CACEIS,1096511869,OB,OB,No-pair,fx wire,Caceis booked the fx wire for SD 01-24-2020. Integrata yet to book,1096511869,1096511869,4551456423,-590882299,2021-07-29
13493,,281_4551394628_CACEIS,1997244785,OB,OB,No-pair,fx wire,Caceis booked the fx wire for SD 06-15-2021. Integrata yet to book,1997244785,1997244785,4551456423,-590882299,2021-07-29
13494,,114_455900053_CACEIS,1336713220,OB,OB,No-pair,fx wire,Caceis booked the fx wire for SD 06-15-2020. Integrata yet to book,1336713220,1336713220,4551456423,-590882299,2021-07-29
13495,,51_4551066313_CACEIS,1556876383,OB,OB,No-pair,fx wire,Caceis booked the fx wire for SD 10-15-2020. Integrata yet to book,1556876383,1556876383,4551456423,-590882299,2021-07-29
13496,,26_4551018409_CACEIS,1492757222,OB,OB,No-pair,fees,Caceis booked the fees for SD 09-10-2020. Integrata yet to book,1492757222,1492757222,4551456423,-590882299,2021-07-29
13497,,106_4551220415_CACEIS,1761955942,OB,OB,No-pair,wire transfer,Caceis booked the wire transfer for SD 02-05-2021. Integrata yet to book,1761955942,1761955942,4551456423,-590882299,2021-07-29
13498,,1017_455643841_CACEIS,975324089,OB,OB,No-pair,wire transfer,Caceis booked the wire transfer for SD 11-13-2019. Integrata yet to book,975324089,975324089,4551456423,-590882299,2021-07-29
13499,,191_4551232906_CACEIS,1780156510,OB,OB,No-pair,fx wire,Caceis booked the fx wire for SD 02-16-2021. Integrata yet to book,1780156510,1780156510,4551456423,-590882299,2021-07-29
13500,,34_4551018409_CACEIS,1492757272,OB,OB,No-pair,fees,Caceis booked the fees for SD 09-10-2020. Integrata yet to book,1492757272,1492757272,4551456423,-590882299,2021-07-29
13501,,204_455934920_CACEIS,1383926783,OB,OB,No-pair,fees,Caceis booked the fees for SD 07-10-2020. Integrata yet to book,1383926783,1383926783,4551456423,-590882299,2021-07-29
13502,,1155_455643841_CACEIS,975324227,OB,OB,No-pair,wire transfer,Caceis booked the wire transfer for SD 11-13-2019. Integrata yet to book,975324227,975324227,4551456423,-590882299,2021-07-29
13503,,229_4551248485_CACEIS,1800039485,OB,OB,No-pair,wire transfer,Caceis booked the wire transfer for SD 02-26-2021. Integrata yet to book,1800039485,1800039485,4551456423,-590882299,2021-07-29
13504,,494_455985296_CACEIS,1449582218,OB,OB,No-pair,fx wire,Caceis booked the fx wire for SD 08-17-2020. Integrata yet to book,1449582218,1449582218,4551456423,-590882299,2021-07-29
13505,,13_4551144082_CACEIS,1659707049,OB,OB,No-pair,wire transfer,Caceis booked the wire transfer for SD 12-10-2020. Integrata yet to book,1659707049,1659707049,4551456423,-590882299,2021-07-29
13506,,209_4551232906_CACEIS,1780156652,OB,OB,No-pair,fx wire,Caceis booked the fx wire for SD 02-16-2021. Integrata yet to book,1780156652,1780156652,4551456423,-590882299,2021-07-29
13507,,141_4551201062_CACEIS,1734565988,OB,OB,No-pair,wire transfer,Caceis booked the wire transfer for SD 01-22-2021. Integrata yet to book,1734565988,1734565988,4551456423,-590882299,2021-07-29
13508,,31_4551144082_CACEIS,1659707148,OB,OB,No-pair,wire transfer,Caceis booked the wire transfer for SD 12-10-2020. Integrata yet to book,1659707148,1659707148,4551456423,-590882299,2021-07-29
13509,,224_4551394628_CACEIS,1997244777,OB,OB,No-pair,fx wire,Caceis booked the fx wire for SD 06-15-2021. Integrata yet to book,1997244777,1997244777,4551456423,-590882299,2021-07-29
13510,,498_4551066313_CACEIS,1556876631,OB,OB,No-pair,fx wire,Caceis booked the fx wire for SD 10-15-2020. Integrata yet to book,1556876631,1556876631,4551456423,-590882299,2021-07-29
13511,,83_455442954_CACEIS,637183859,OB,OB,No-pair,fx wire,Caceis booked the fx wire for SD 06-17-2019. Integrata yet to book,637183859,637183859,4551456423,-590882299,2021-07-29
13512,,459_455783582_CACEIS,1185159619,OB,OB,No-pair,fx wire,Caceis booked the fx wire for SD 03-16-2020. Integrata yet to book,1185159619,1185159619,4551456423,-590882299,2021-07-29
13513,,90_4551018409_CACEIS,1492757149,OB,OB,No-pair,wire transfer,Caceis booked the wire transfer for SD 09-10-2020. Integrata yet to book,1492757149,1492757149,4551456423,-590882299,2021-07-29
13514,,1118_455643841_CACEIS,975324190,OB,OB,No-pair,wire transfer,Caceis booked the wire transfer for SD 11-13-2019. Integrata yet to book,975324190,975324190,4551456423,-590882299,2021-07-29
13515,,127_4551201062_CACEIS,1734565950,OB,OB,No-pair,fx wire,Caceis booked the fx wire for SD 01-22-2021. Integrata yet to book,1734565950,1734565950,4551456423,-590882299,2021-07-29
13516,,59_4551003590_CACEIS,1473426005,OB,OB,No-pair,monthend interest,Caceis booked the monthend interest for SD 09-01-2020. Integrata yet to book,1473426005,1473426005,4551456423,-590882299,2021-07-29
13517,,54_4551018409_CACEIS,1492757187,OB,OB,No-pair,wire transfer,Caceis booked the wire transfer for SD 09-10-2020. Integrata yet to book,1492757187,1492757187,4551456423,-590882299,2021-07-29
13518,,206_455934920_CACEIS,1383926677,OB,OB,No-pair,fees,Caceis booked the fees for SD 07-10-2020. Integrata yet to book,1383926677,1383926677,4551456423,-590882299,2021-07-29
13519,,223_4551109218_CACEIS,1613286779,OB,OB,No-pair,fx wire,Caceis booked the fx wire for SD 11-16-2020. Integrata yet to book,1613286779,1613286779,4551456423,-590882299,2021-07-29
13520,,8_4551406212_CACEIS,2011417157,OB,OB,No-pair,wire transfer,Caceis booked the wire transfer for SD 06-23-2021. Integrata yet to book,2011417157,2011417157,4551456423,-590882299,2021-07-29
13521,,16_4551144082_CACEIS,1659707079,OB,OB,No-pair,wire transfer,Caceis booked the wire transfer for SD 12-10-2020. Integrata yet to book,1659707079,1659707079,4551456423,-590882299,2021-07-29
13522,,99_4551220415_CACEIS,1761956185,OB,OB,No-pair,wire transfer,Caceis booked the wire transfer for SD 02-05-2021. Integrata yet to book,1761956185,1761956185,4551456423,-590882299,2021-07-29
13523,,12_4551214580_CACEIS,1754128753,OB,OB,No-pair,wire transfer,Caceis booked the wire transfer for SD 02-01-2021. Integrata yet to book,1754128753,1754128753,4551456423,-590882299,2021-07-29
13524,,278_4551354754_CACEIS,1942399665,OB,OB,No-pair,fx wire,Caceis booked the fx wire for SD 05-17-2021. Integrata yet to book,1942399665,1942399665,4551456423,-590882299,2021-07-29
13525,,46_455643841_CACEIS,975323118,OB,OB,No-pair,wire transfer,Caceis booked the wire transfer for SD 11-01-2019. Integrata yet to book,975323118,975323118,4551456423,-590882299,2021-07-29
13526,,98_4551066313_CACEIS,1556876400,OB,OB,No-pair,fx wire,Caceis booked the fx wire for SD 10-15-2020. Integrata yet to book,1556876400,1556876400,4551456423,-590882299,2021-07-29
13527,,1133_455643841_CACEIS,975324205,OB,OB,No-pair,wire transfer,Caceis booked the wire transfer for SD 11-13-2019. Integrata yet to book,975324205,975324205,4551456423,-590882299,2021-07-29
13528,,63_455898221_CACEIS,1334730775,OB,OB,No-pair,fx wire,Caceis booked the fx wire for SD 06-12-2020. Integrata yet to book,1334730775,1334730775,4551456423,-590882299,2021-07-29
13529,,32_455982783_CACEIS,1446488999,OB,OB,No-pair,fx wire,Caceis booked the fx wire for SD 08-14-2020. Integrata yet to book,1446488999,1446488999,4551456423,-590882299,2021-07-29
13530,,205_455934920_CACEIS,1383926645,OB,OB,No-pair,fees,Caceis booked the fees for SD 07-10-2020. Integrata yet to book,1383926645,1383926645,4551456423,-590882299,2021-07-29
13531,,293_4551191593_CACEIS,1722905369,OB,OB,No-pair,fx wire,Caceis booked the fx wire for SD 01-15-2021. Integrata yet to book,1722905369,1722905369,4551456423,-590882299,2021-07-29
13532,,196_455934920_CACEIS,1383926797,OB,OB,No-pair,fees,Caceis booked the fees for SD 07-10-2020. Integrata yet to book,1383926797,1383926797,4551456423,-590882299,2021-07-29
13533,,31_455927788_CACEIS,1374347984,OB,OB,No-pair,wire transfer,Caceis booked the wire transfer for SD 07-06-2020. Integrata yet to book,1374347984,1374347984,4551456423,-590882299,2021-07-29
13534,,51_4551018409_CACEIS,1492757168,OB,OB,No-pair,wire transfer,Caceis booked the wire transfer for SD 09-10-2020. Integrata yet to book,1492757168,1492757168,4551456423,-590882299,2021-07-29
13535,,183_455985296_CACEIS,1449581906,OB,OB,No-pair,fx wire,Caceis booked the fx wire for SD 08-17-2020. Integrata yet to book,1449581906,1449581906,4551456423,-590882299,2021-07-29
13536,,103_4551191593_CACEIS,1722905085,OB,OB,No-pair,fx wire,Caceis booked the fx wire for SD 01-15-2021. Integrata yet to book,1722905085,1722905085,4551456423,-590882299,2021-07-29
13537,,6_455808758_CACEIS,1217520411,OB,OB,No-pair,fx wire,Caceis booked the fx wire for SD 04-03-2020. Integrata yet to book,1217520411,1217520411,4551456423,-590882299,2021-07-29
13538,,95_4551239617_CACEIS,1789074833,OB,OB,No-pair,fx wire,Caceis booked the fx wire for SD 02-19-2021. Integrata yet to book,1789074833,1789074833,4551456423,-590882299,2021-07-29
13539,,51_455718167_CACEIS,1096511659,OB,OB,No-pair,fx wire,Caceis booked the fx wire for SD 01-24-2020. Integrata yet to book,1096511659,1096511659,4551456423,-590882299,2021-07-29
13540,,434_455643841_CACEIS,975323506,OB,OB,No-pair,wire transfer,Caceis booked the wire transfer for SD 11-15-2019. Integrata yet to book,975323506,975323506,4551456423,-590882299,2021-07-29
13541,,199_455934920_CACEIS,1383926719,OB,OB,No-pair,fees,Caceis booked the fees for SD 07-10-2020. Integrata yet to book,1383926719,1383926719,4551456423,-590882299,2021-07-29
13542,,8_455605017_CACEIS,907407239,OB,OB,No-pair,fx wire,Caceis booked the fx wire for SD 10-25-2019. Integrata yet to book,907407239,907407239,4551456423,-590882299,2021-07-29
13543,,185_455669415_CACEIS,1020661955,OB,OB,No-pair,fx wire,Caceis booked the fx wire for SD 12-16-2019. Integrata yet to book,1020661955,1020661955,4551456423,-590882299,2021-07-29
13544,,275_4551313388_CACEIS,1883527959,OB,OB,No-pair,fx wire,Caceis booked the fx wire for SD 04-15-2021. Integrata yet to book,1883527959,1883527959,4551456423,-590882299,2021-07-29
13545,,56_455649350_CACEIS,985331635,OB,OB,No-pair,fx wire,Caceis booked the fx wire for SD 11-29-2019. Integrata yet to book,985331635,985331635,4551456423,-590882299,2021-07-29
13546,,12_4551228190_CACEIS,1773079449,OB,OB,No-pair,wire transfer,Caceis booked the wire transfer for SD 02-11-2021. Integrata yet to book,1773079449,1773079449,4551456423,-590882299,2021-07-29
13547,,489_4551149959_CACEIS,1667623347,OB,OB,No-pair,fx wire,Caceis booked the fx wire for SD 12-15-2020. Integrata yet to book,1667623347,1667623347,4551456423,-590882299,2021-07-29
13548,,1416_455643841_CACEIS,975324488,OB,OB,No-pair,fx wire,Caceis booked the fx wire for SD 11-15-2019. Integrata yet to book,975324488,975324488,4551456423,-590882299,2021-07-29
13549,,188_455934920_CACEIS,1383926637,OB,OB,No-pair,fees,Caceis booked the fees for SD 07-10-2020. Integrata yet to book,1383926637,1383926637,4551456423,-590882299,2021-07-29
13550,,29_455469998_CACEIS,680605592,OB,OB,No-pair,fees,Caceis booked the fees for SD 07-10-2019. Integrata yet to book,680605592,680605592,4551456423,-590882299,2021-07-29
13551,,9_455803095_CACEIS,1210223518,OB,OB,No-pair,monthend interest,Caceis booked the monthend interest for SD 04-01-2020. Integrata yet to book,1210223518,1210223518,4551456423,-590882299,2021-07-29
13552,,49_455879764_CACEIS,1309543733,OB,OB,No-pair,fx wire,Caceis booked the fx wire for SD 05-29-2020. Integrata yet to book,1309543733,1309543733,4551456423,-590882299,2021-07-29
13553,,189_4551210754_CACEIS,1748958226,OB,OB,No-pair,wire transfer,Caceis booked the wire transfer for SD 01-29-2021. Integrata yet to book,1748958226,1748958226,4551456423,-590882299,2021-07-29
13554,,1_455736646_CACEIS,1120326825,OB,OB,No-pair,fx wire,Caceis booked the fx wire for SD 02-07-2020. Integrata yet to book,1120326825,1120326825,4551456423,-590882299,2021-07-29
13555,,361_455940640_CACEIS,1391596127,OB,OB,No-pair,fx wire,Caceis booked the fx wire for SD 07-15-2020. Integrata yet to book,1391596127,1391596127,4551456423,-590882299,2021-07-29
13556,,27_455469998_CACEIS,680605578,OB,OB,No-pair,fees,Caceis booked the fees for SD 07-10-2019. Integrata yet to book,680605578,680605578,4551456423,-590882299,2021-07-29
13557,,322_455643841_CACEIS,975323394,OB,OB,No-pair,fx wire,Caceis booked the fx wire for SD 11-15-2019. Integrata yet to book,975323394,975323394,4551456423,-590882299,2021-07-29
13558,,148_4551201062_CACEIS,1734565952,OB,OB,No-pair,wire transfer,Caceis booked the wire transfer for SD 01-22-2021. Integrata yet to book,1734565952,1734565952,4551456423,-590882299,2021-07-29
13559,,1413_455643841_CACEIS,975324485,OB,OB,No-pair,fx wire,Caceis booked the fx wire for SD 11-15-2019. Integrata yet to book,975324485,975324485,4551456423,-590882299,2021-07-29
13560,,195_455934920_CACEIS,1383926756,OB,OB,No-pair,fees,Caceis booked the fees for SD 07-10-2020. Integrata yet to book,1383926756,1383926756,4551456423,-590882299,2021-07-29
13561,,81_455404958_CACEIS,585162361,OB,OB,No-pair,fx wire,Caceis booked the fx wire for SD 05-15-2019. Integrata yet to book,585162361,585162361,4551456423,-590882299,2021-07-29
13562,,6_455610697_CACEIS,917943270,OB,OB,No-pair,wire transfer,Caceis booked the wire transfer for SD 10-18-2019. Integrata yet to book,917943270,917943270,4551456423,-590882299,2021-07-29
13563,,163_455934920_CACEIS,1383926795,OB,OB,No-pair,fees,Caceis booked the fees for SD 07-10-2020. Integrata yet to book,1383926795,1383926795,4551456423,-590882299,2021-07-29
13564,,548_4551149959_CACEIS,1667623357,OB,OB,No-pair,fx wire,Caceis booked the fx wire for SD 12-15-2020. Integrata yet to book,1667623357,1667623357,4551456423,-590882299,2021-07-29
13565,,672_455643841_CACEIS,975323744,OB,OB,No-pair,monthend interest,Caceis booked the monthend interest for SD 10-31-2019. Integrata yet to book,975323744,975323744,4551456423,-590882299,2021-07-29
13566,,231_455783582_CACEIS,1185159473,OB,OB,No-pair,fx wire,Caceis booked the fx wire for SD 03-16-2020. Integrata yet to book,1185159473,1185159473,4551456423,-590882299,2021-07-29
13567,,198_455934920_CACEIS,1383926673,OB,OB,No-pair,fees,Caceis booked the fees for SD 07-10-2020. Integrata yet to book,1383926673,1383926673,4551456423,-590882299,2021-07-29
13568,,1_4551018409_CACEIS,1492757114,OB,OB,No-pair,fees,Caceis booked the fees for SD 09-10-2020. Integrata yet to book,1492757114,1492757114,4551456423,-590882299,2021-07-29
13569,,51_455879764_CACEIS,1309543727,OB,OB,No-pair,fx wire,Caceis booked the fx wire for SD 05-29-2020. Integrata yet to book,1309543727,1309543727,4551456423,-590882299,2021-07-29
13570,,35_4551018409_CACEIS,1492757273,OB,OB,No-pair,fees,Caceis booked the fees for SD 09-10-2020. Integrata yet to book,1492757273,1492757273,4551456423,-590882299,2021-07-29
13571,,84_4551087502_CACEIS,1584326648,OB,OB,No-pair,monthend interest,Caceis booked the monthend interest for SD 11-01-2020. Integrata yet to book,1584326648,1584326648,4551456423,-590882299,2021-07-29
13572,,151_455900053_CACEIS,1336713534,OB,OB,No-pair,fx wire,Caceis booked the fx wire for SD 06-15-2020. Integrata yet to book,1336713534,1336713534,4551456423,-590882299,2021-07-29
13573,,140_4551201062_CACEIS,1734565978,OB,OB,No-pair,wire transfer,Caceis booked the wire transfer for SD 01-22-2021. Integrata yet to book,1734565978,1734565978,4551456423,-590882299,2021-07-29
13574,,41_455643841_CACEIS,975323113,OB,OB,No-pair,monthend interest,Caceis booked the monthend interest for SD 10-31-2019. Integrata yet to book,975323113,975323113,4551456423,-590882299,2021-07-29
13575,,12_4551003590_CACEIS,1473425979,OB,OB,No-pair,monthend interest,Caceis booked the monthend interest for SD 08-31-2020. Integrata yet to book,1473425979,1473425979,4551456423,-590882299,2021-07-29
13576,,183_455934920_CACEIS,1383926728,OB,OB,No-pair,fees,Caceis booked the fees for SD 07-10-2020. Integrata yet to book,1383926728,1383926728,4551456423,-590882299,2021-07-29
13577,,1325_455643841_CACEIS,975324397,OB,OB,No-pair,wire transfer,Caceis booked the wire transfer for SD 11-15-2019. Integrata yet to book,975324397,975324397,4551456423,-590882299,2021-07-29
13578,,5_4551222350_CACEIS,1765090332,OB,OB,No-pair,fees,Caceis booked the fees for SD 02-05-2021. Integrata yet to book,1765090332,1765090332,4551456423,-590882299,2021-07-29
13579,,5_455495487_CACEIS,723389972,OB,OB,No-pair,monthend interest,Caceis booked the monthend interest for SD 08-01-2019. Integrata yet to book,723389972,723389972,4551456423,-590882299,2021-07-29
13580,,4_455944496_CACEIS,1396484593,OB,OB,No-pair,fx wire,Caceis booked the fx wire for SD 07-17-2020. Integrata yet to book,1396484593,1396484593,4551456423,-590882299,2021-07-29
13581,,957_455643841_CACEIS,975324029,OB,OB,No-pair,fx wire,Caceis booked the fx wire for SD 11-08-2019. Integrata yet to book,975324029,975324029,4551456423,-590882299,2021-07-29
13582,,18_455803095_CACEIS,1210223475,OB,OB,No-pair,monthend interest,Caceis booked the monthend interest for SD 04-01-2020. Integrata yet to book,1210223475,1210223475,4551456423,-590882299,2021-07-29
13583,,24_4551228190_CACEIS,1773079484,OB,OB,No-pair,wire transfer,Caceis booked the wire transfer for SD 02-11-2021. Integrata yet to book,1773079484,1773079484,4551456423,-590882299,2021-07-29
13584,,12_4551018409_CACEIS,1492757170,OB,OB,No-pair,fees,Caceis booked the fees for SD 09-10-2020. Integrata yet to book,1492757170,1492757170,4551456423,-590882299,2021-07-29
13585,,359_455822501_CACEIS,1235308256,OB,OB,No-pair,fx wire,Caceis booked the fx wire for SD 04-15-2020. Integrata yet to book,1235308256,1235308256,4551456423,-590882299,2021-07-29
13586,,161_4551201062_CACEIS,1734565983,OB,OB,No-pair,wire transfer,Caceis booked the wire transfer for SD 01-22-2021. Integrata yet to book,1734565983,1734565983,4551456423,-590882299,2021-07-29
13587,,1_4551014647_CACEIS,1487748716,OB,OB,No-pair,wire transfer,Caceis booked the wire transfer for SD 09-08-2020. Integrata yet to book,1487748716,1487748716,4551456423,-590882299,2021-07-29
13588,,89_455726980_CACEIS,1107942697,OB,OB,No-pair,monthend interest,Caceis booked the monthend interest for SD 02-01-2020. Integrata yet to book,1107942697,1107942697,4551456423,-590882299,2021-07-29
13589,,59_455404958_CACEIS,585162358,OB,OB,No-pair,fx wire,Caceis booked the fx wire for SD 05-15-2019. Integrata yet to book,585162358,585162358,4551456423,-590882299,2021-07-29
13590,,4_4551222350_CACEIS,1765090329,OB,OB,No-pair,fees,Caceis booked the fees for SD 02-05-2021. Integrata yet to book,1765090329,1765090329,4551456423,-590882299,2021-07-29
13591,,3_455495487_CACEIS,723389962,OB,OB,No-pair,monthend interest,Caceis booked the monthend interest for SD 08-01-2019. Integrata yet to book,723389962,723389962,4551456423,-590882299,2021-07-29
13592,,456_455643841_CACEIS,975323528,OB,OB,No-pair,fx wire,Caceis booked the fx wire for SD 11-15-2019. Integrata yet to book,975323528,975323528,4551456423,-590882299,2021-07-29
13593,,52_455554115_CACEIS,824385001,OB,OB,No-pair,fx wire,Caceis booked the fx wire for SD 09-17-2019. Integrata yet to book,824385001,824385001,4551456423,-590882299,2021-07-29
13594,,427_4551066313_CACEIS,1556876679,OB,OB,No-pair,fx wire,Caceis booked the fx wire for SD 10-15-2020. Integrata yet to book,1556876679,1556876679,4551456423,-590882299,2021-07-29
13595,,9_4551083561_CACEIS,1579309187,OB,OB,No-pair,wire transfer,Caceis booked the wire transfer for SD 10-28-2020. Integrata yet to book,1579309187,1579309187,4551456423,-590882299,2021-07-29
13596,,81_455762980_CACEIS,1156897828,OB,OB,No-pair,monthend interest,Caceis booked the monthend interest for SD 03-01-2020. Integrata yet to book,1156897828,1156897828,4551456423,-590882299,2021-07-29
13597,,1_4551372778_CACEIS,1969041938,OB,OB,No-pair,fx wire,Caceis booked the fx wire for SD 05-28-2021. Integrata yet to book,1969041938,1969041938,4551456423,-590882299,2021-07-29
13598,,173_455934920_CACEIS,1383926706,OB,OB,No-pair,fees,Caceis booked the fees for SD 07-10-2020. Integrata yet to book,1383926706,1383926706,4551456423,-590882299,2021-07-29
13599,,116_455442954_CACEIS,637183828,OB,OB,No-pair,fx wire,Caceis booked the fx wire for SD 06-17-2019. Integrata yet to book,637183828,637183828,4551456423,-590882299,2021-07-29
13600,,182_455985296_CACEIS,1449581878,OB,OB,No-pair,fx wire,Caceis booked the fx wire for SD 08-17-2020. Integrata yet to book,1449581878,1449581878,4551456423,-590882299,2021-07-29
13601,,18_455610697_CACEIS,917943282,OB,OB,No-pair,fx wire,Caceis booked the fx wire for SD 10-18-2019. Integrata yet to book,917943282,917943282,4551456423,-590882299,2021-07-29
13602,,137_455726980_CACEIS,1107942544,OB,OB,No-pair,fx wire,Caceis booked the fx wire for SD 01-31-2020. Integrata yet to book,1107942544,1107942544,4551456423,-590882299,2021-07-29
13603,,147_4551264332_CACEIS,1819946094,OB,OB,No-pair,wire transfer,Caceis booked the wire transfer for SD 03-10-2021. Integrata yet to book,1819946094,1819946094,4551456423,-590882299,2021-07-29
13604,,129_4551264332_CACEIS,1819946028,OB,OB,No-pair,wire transfer,Caceis booked the wire transfer for SD 03-10-2021. Integrata yet to book,1819946028,1819946028,4551456423,-590882299,2021-07-29
13605,,451_455822501_CACEIS,1235308438,OB,OB,No-pair,fx wire,Caceis booked the fx wire for SD 04-15-2020. Integrata yet to book,1235308438,1235308438,4551456423,-590882299,2021-07-29
13606,,1439_455643841_CACEIS,975324511,OB,OB,No-pair,wire transfer,Caceis booked the wire transfer for SD 11-18-2019. Integrata yet to book,975324511,975324511,4551456423,-590882299,2021-07-29
13607,,1400_455643841_CACEIS,975324472,OB,OB,No-pair,fx wire,Caceis booked the fx wire for SD 11-15-2019. Integrata yet to book,975324472,975324472,4551456423,-590882299,2021-07-29
13608,,184_4551232906_CACEIS,1780156620,OB,OB,No-pair,fx wire,Caceis booked the fx wire for SD 02-16-2021. Integrata yet to book,1780156620,1780156620,4551456423,-590882299,2021-07-29
13609,,714_4551232906_CACEIS,1780157182,OB,OB,No-pair,fx wire,Caceis booked the fx wire for SD 02-16-2021. Integrata yet to book,1780157182,1780157182,4551456423,-590882299,2021-07-29
13610,,142_4551264332_CACEIS,1819946103,OB,OB,No-pair,wire transfer,Caceis booked the wire transfer for SD 03-10-2021. Integrata yet to book,1819946103,1819946103,4551456423,-590882299,2021-07-29
13611,,130_455688261_CACEIS,1053516697,OB,OB,No-pair,monthend interest,Caceis booked the monthend interest for SD 01-01-2020. Integrata yet to book,1053516697,1053516697,4551456423,-590882299,2021-07-29
13612,,194_455934920_CACEIS,1383926744,OB,OB,No-pair,fees,Caceis booked the fees for SD 07-10-2020. Integrata yet to book,1383926744,1383926744,4551456423,-590882299,2021-07-29
13613,,104_4551018409_CACEIS,1492757186,OB,OB,No-pair,wire transfer,Caceis booked the wire transfer for SD 09-10-2020. Integrata yet to book,1492757186,1492757186,4551456423,-590882299,2021-07-29
13614,,57_455940640_CACEIS,1391596049,OB,OB,No-pair,fx wire,Caceis booked the fx wire for SD 07-15-2020. Integrata yet to book,1391596049,1391596049,4551456423,-590882299,2021-07-29
13615,,63_455404958_CACEIS,585162381,OB,OB,No-pair,fx wire,Caceis booked the fx wire for SD 05-15-2019. Integrata yet to book,585162381,585162381,4551456423,-590882299,2021-07-29
13616,,942_455822501_CACEIS,1235308226,OB,OB,No-pair,fx wire,Caceis booked the fx wire for SD 04-15-2020. Integrata yet to book,1235308226,1235308226,4551456423,-590882299,2021-07-29
13617,,80_4551018409_CACEIS,1492757248,OB,OB,No-pair,wire transfer,Caceis booked the wire transfer for SD 09-10-2020. Integrata yet to book,1492757248,1492757248,4551456423,-590882299,2021-07-29
13618,,4_4551404423_CACEIS,2009057964,OB,OB,No-pair,wire transfer,Caceis booked the wire transfer for SD 06-22-2021. Integrata yet to book,2009057964,2009057964,4551456423,-590882299,2021-07-29
13619,,133_455688261_CACEIS,1053516776,OB,OB,No-pair,monthend interest,Caceis booked the monthend interest for SD 01-01-2020. Integrata yet to book,1053516776,1053516776,4551456423,-590882299,2021-07-29
13620,,530_455900053_CACEIS,1336714010,OB,OB,No-pair,fx wire,Caceis booked the fx wire for SD 06-15-2020. Integrata yet to book,1336714010,1336714010,4551456423,-590882299,2021-07-29
13621,,2_455982783_CACEIS,1446488977,OB,OB,No-pair,fx wire,Caceis booked the fx wire for SD 08-14-2020. Integrata yet to book,1446488977,1446488977,4551456423,-590882299,2021-07-29
13622,,329_455643841_CACEIS,975323401,OB,OB,No-pair,fx wire,Caceis booked the fx wire for SD 11-15-2019. Integrata yet to book,975323401,975323401,4551456423,-590882299,2021-07-29
13623,,62_4551018409_CACEIS,1492757154,OB,OB,No-pair,wire transfer,Caceis booked the wire transfer for SD 09-10-2020. Integrata yet to book,1492757154,1492757154,4551456423,-590882299,2021-07-29
13624,,59_455803095_CACEIS,1210223501,OB,OB,No-pair,monthend interest,Caceis booked the monthend interest for SD 04-01-2020. Integrata yet to book,1210223501,1210223501,4551456423,-590882299,2021-07-29
13625,,502_455900053_CACEIS,1336713938,OB,OB,No-pair,fx wire,Caceis booked the fx wire for SD 06-15-2020. Integrata yet to book,1336713938,1336713938,4551456423,-590882299,2021-07-29
13626,,9_455896330_CACEIS,1332271843,OB,OB,No-pair,wire transfer,Caceis booked the wire transfer for SD 06-05-2020. Integrata yet to book,1332271843,1332271843,4551456423,-590882299,2021-07-29
13627,,243_4551109218_CACEIS,1613287101,OB,OB,No-pair,fx wire,Caceis booked the fx wire for SD 11-16-2020. Integrata yet to book,1613287101,1613287101,4551456423,-590882299,2021-07-29
13628,,24_4551018409_CACEIS,1492757205,OB,OB,No-pair,fees,Caceis booked the fees for SD 09-10-2020. Integrata yet to book,1492757205,1492757205,4551456423,-590882299,2021-07-29
13629,,74_4551018409_CACEIS,1492757221,OB,OB,No-pair,wire transfer,Caceis booked the wire transfer for SD 09-10-2020. Integrata yet to book,1492757221,1492757221,4551456423,-590882299,2021-07-29
13630,,208_455985296_CACEIS,1449581909,OB,OB,No-pair,fx wire,Caceis booked the fx wire for SD 08-17-2020. Integrata yet to book,1449581909,1449581909,4551456423,-590882299,2021-07-29
13631,,16_4551136088_CACEIS,1649475192,OB,OB,No-pair,proceeds sell,Caceis booked the proceeds sell for SD 12-04-2020. Integrata yet to book,1649475192,1649475192,4551456423,-590882299,2021-07-29
13632,,180_455590588_CACEIS,883858394,OB,OB,No-pair,fx wire,Caceis booked the fx wire for SD 10-15-2019. Integrata yet to book,883858394,883858394,4551456423,-590882299,2021-07-29
13633,,206_455590588_CACEIS,883858547,OB,OB,No-pair,fx wire,Caceis booked the fx wire for SD 10-15-2019. Integrata yet to book,883858547,883858547,4551456423,-590882299,2021-07-29
13634,,143_4551264332_CACEIS,1819946119,OB,OB,No-pair,wire transfer,Caceis booked the wire transfer for SD 03-10-2021. Integrata yet to book,1819946119,1819946119,4551456423,-590882299,2021-07-29
13635,,59_455842390_CACEIS,1260634975,OB,OB,No-pair,monthend interest,Caceis booked the monthend interest for SD 05-01-2020. Integrata yet to book,1260634975,1260634975,4551456423,-590882299,2021-07-29
13636,,411_455643841_CACEIS,975323483,OB,OB,No-pair,fx wire,Caceis booked the fx wire for SD 11-15-2019. Integrata yet to book,975323483,975323483,4551456423,-590882299,2021-07-29
13637,,48_455745203_CACEIS,1132280386,OB,OB,No-pair,fx wire,Caceis booked the fx wire for SD 02-14-2020. Integrata yet to book,1132280386,1132280386,4551456423,-590882299,2021-07-29
13638,,17_4551381021_CACEIS,1979694297,OB,OB,No-pair,fx wire,Caceis booked the fx wire for SD 06-04-2021. Integrata yet to book,1979694297,1979694297,4551456423,-590882299,2021-07-29
13639,,88_4551018409_CACEIS,1492757137,OB,OB,No-pair,wire transfer,Caceis booked the wire transfer for SD 09-10-2020. Integrata yet to book,1492757137,1492757137,4551456423,-590882299,2021-07-29
13640,,1348_455643841_CACEIS,975324420,OB,OB,No-pair,fx wire,Caceis booked the fx wire for SD 11-15-2019. Integrata yet to book,975324420,975324420,4551456423,-590882299,2021-07-29
13641,,347_4551023983_CACEIS,1500214145,OB,OB,No-pair,fx wire,Caceis booked the fx wire for SD 09-15-2020. Integrata yet to book,1500214145,1500214145,4551456423,-590882299,2021-07-29
13642,,1_455555863_CACEIS,827131818,OB,OB,No-pair,wire transfer,Caceis booked the wire transfer for SD 09-18-2019. Integrata yet to book,827131818,827131818,4551456423,-590882299,2021-07-29
13643,,126_4551201062_CACEIS,1734566023,OB,OB,No-pair,fx wire,Caceis booked the fx wire for SD 01-22-2021. Integrata yet to book,1734566023,1734566023,4551456423,-590882299,2021-07-29
13644,,259_4551394628_CACEIS,1997244817,OB,OB,No-pair,fx wire,Caceis booked the fx wire for SD 06-15-2021. Integrata yet to book,1997244817,1997244817,4551456423,-590882299,2021-07-29
13645,,473_455822501_CACEIS,1235308267,OB,OB,No-pair,fx wire,Caceis booked the fx wire for SD 04-15-2020. Integrata yet to book,1235308267,1235308267,4551456423,-590882299,2021-07-29
13646,,426_4551023983_CACEIS,1500214278,OB,OB,No-pair,fx wire,Caceis booked the fx wire for SD 09-15-2020. Integrata yet to book,1500214278,1500214278,4551456423,-590882299,2021-07-29
13647,,54_455790609_CACEIS,1194036449,OB,OB,No-pair,fx wire,Caceis booked the fx wire for SD 03-20-2020. Integrata yet to book,1194036449,1194036449,4551456423,-590882299,2021-07-29
13648,,791_455643841_CACEIS,975323863,OB,OB,No-pair,fx wire,Caceis booked the fx wire for SD 11-01-2019. Integrata yet to book,975323863,975323863,4551456423,-590882299,2021-07-29
13649,,36_4551244633_CACEIS,1795375913,OB,OB,No-pair,wire transfer,Caceis booked the wire transfer for SD 02-24-2021. Integrata yet to book,1795375913,1795375913,4551456423,-590882299,2021-07-29
13650,,411_4551023983_CACEIS,1500214191,OB,OB,No-pair,fx wire,Caceis booked the fx wire for SD 09-15-2020. Integrata yet to book,1500214191,1500214191,4551456423,-590882299,2021-07-29
13651,,10_4551153712_CACEIS,1672409238,OB,OB,No-pair,wire transfer,Caceis booked the wire transfer for SD 12-17-2020. Integrata yet to book,1672409238,1672409238,4551456423,-590882299,2021-07-29
13652,,1509_455643841_CACEIS,975324581,OB,OB,No-pair,fx wire,Caceis booked the fx wire for SD 11-18-2019. Integrata yet to book,975324581,975324581,4551456423,-590882299,2021-07-29
13653,,1_4551318931_CACEIS,1890812359,OB,OB,No-pair,wire transfer,Caceis booked the wire transfer for SD 04-20-2021. Integrata yet to book,1890812359,1890812359,4551456423,-590882299,2021-07-29
13654,,298_4551191593_CACEIS,1722905359,OB,OB,No-pair,fx wire,Caceis booked the fx wire for SD 01-15-2021. Integrata yet to book,1722905359,1722905359,4551456423,-590882299,2021-07-29
13655,,786_455643841_CACEIS,975323858,OB,OB,No-pair,wire transfer,Caceis booked the wire transfer for SD 11-06-2019. Integrata yet to book,975323858,975323858,4551456423,-590882299,2021-07-29
13656,,117_4551354754_CACEIS,1942399613,OB,OB,No-pair,fx wire,Caceis booked the fx wire for SD 05-17-2021. Integrata yet to book,1942399613,1942399613,4551456423,-590882299,2021-07-29
13657,,464_455862625_CACEIS,1287003808,OB,OB,No-pair,fx wire,Caceis booked the fx wire for SD 05-15-2020. Integrata yet to book,1287003808,1287003808,4551456423,-590882299,2021-07-29
13658,,1335_455643841_CACEIS,975324407,OB,OB,No-pair,fx wire,Caceis booked the fx wire for SD 11-15-2019. Integrata yet to book,975324407,975324407,4551456423,-590882299,2021-07-29
13659,,46_4551018409_CACEIS,1492757140,OB,OB,No-pair,wire transfer,Caceis booked the wire transfer for SD 09-10-2020. Integrata yet to book,1492757140,1492757140,4551456423,-590882299,2021-07-29
13660,,485_455985296_CACEIS,1449582146,OB,OB,No-pair,fx wire,Caceis booked the fx wire for SD 08-17-2020. Integrata yet to book,1449582146,1449582146,4551456423,-590882299,2021-07-29
13661,,136_455762980_CACEIS,1156897779,OB,OB,No-pair,wire transfer,Caceis booked the wire transfer for SD 02-28-2020. Integrata yet to book,1156897779,1156897779,4551456423,-590882299,2021-07-29
13662,,1_455788772_CACEIS,1191824877,OB,OB,No-pair,wire transfer,Caceis booked the wire transfer for SD 03-19-2020. Integrata yet to book,1191824877,1191824877,4551456423,-590882299,2021-07-29
13663,,279_4551149959_CACEIS,1667623167,OB,OB,No-pair,fx wire,Caceis booked the fx wire for SD 12-15-2020. Integrata yet to book,1667623167,1667623167,4551456423,-590882299,2021-07-29
13664,,202_455934920_CACEIS,1383926771,OB,OB,No-pair,fees,Caceis booked the fees for SD 07-10-2020. Integrata yet to book,1383926771,1383926771,4551456423,-590882299,2021-07-29
13665,,1_4551203153_CACEIS,1737813325,OB,OB,No-pair,wire transfer,Caceis booked the wire transfer for SD 01-25-2021. Integrata yet to book,1737813325,1737813325,4551456423,-590882299,2021-07-29
13666,,358_455940640_CACEIS,1391596160,OB,OB,No-pair,fx wire,Caceis booked the fx wire for SD 07-15-2020. Integrata yet to book,1391596160,1391596160,4551456423,-590882299,2021-07-29
13667,,382_455748445_CACEIS,1136275030,OB,OB,No-pair,fx wire,Caceis booked the fx wire for SD 02-18-2020. Integrata yet to book,1136275030,1136275030,4551456423,-590882299,2021-07-29
13668,,114_4551210754_CACEIS,1748958086,OB,OB,No-pair,wire transfer,Caceis booked the wire transfer for SD 12-22-2020. Integrata yet to book,1748958086,1748958086,4551456423,-590882299,2021-07-29
13669,,311_4551313388_CACEIS,1883527880,OB,OB,No-pair,fx wire,Caceis booked the fx wire for SD 04-15-2021. Integrata yet to book,1883527880,1883527880,4551456423,-590882299,2021-07-29
13670,,337_4551023983_CACEIS,1500214126,OB,OB,No-pair,fx wire,Caceis booked the fx wire for SD 09-15-2020. Integrata yet to book,1500214126,1500214126,4551456423,-590882299,2021-07-29
13671,,62_455554115_CACEIS,824384858,OB,OB,No-pair,fx wire,Caceis booked the fx wire for SD 09-17-2019. Integrata yet to book,824384858,824384858,4551456423,-590882299,2021-07-29
13672,,408_455940640_CACEIS,1391596172,OB,OB,No-pair,fx wire,Caceis booked the fx wire for SD 07-15-2020. Integrata yet to book,1391596172,1391596172,4551456423,-590882299,2021-07-29
13673,,452_455862625_CACEIS,1287003783,OB,OB,No-pair,fx wire,Caceis booked the fx wire for SD 05-15-2020. Integrata yet to book,1287003783,1287003783,4551456423,-590882299,2021-07-29
13674,,538_455900053_CACEIS,1336713910,OB,OB,No-pair,fx wire,Caceis booked the fx wire for SD 06-15-2020. Integrata yet to book,1336713910,1336713910,4551456423,-590882299,2021-07-29
13675,,62_455900053_CACEIS,1336713348,OB,OB,No-pair,fx wire,Caceis booked the fx wire for SD 06-15-2020. Integrata yet to book,1336713348,1336713348,4551456423,-590882299,2021-07-29
13676,,1328_455643841_CACEIS,975324400,OB,OB,No-pair,fx wire,Caceis booked the fx wire for SD 11-15-2019. Integrata yet to book,975324400,975324400,4551456423,-590882299,2021-07-29
13677,,127_4551264332_CACEIS,1819946123,OB,OB,No-pair,wire transfer,Caceis booked the wire transfer for SD 03-10-2021. Integrata yet to book,1819946123,1819946123,4551456423,-590882299,2021-07-29
13678,,184_4551210754_CACEIS,1748958286,OB,OB,No-pair,fx wire,Caceis booked the fx wire for SD 01-29-2021. Integrata yet to book,1748958286,1748958286,4551456423,-590882299,2021-07-29
13679,,37_455978912_CACEIS,1441832114,OB,OB,No-pair,fees,Caceis booked the fees for SD 08-11-2020. Integrata yet to book,1441832114,1441832114,4551456423,-590882299,2021-07-29
13680,,74_4551436806_CACEIS,2049885760,OB,OB,No-pair,fx wire,Caceis booked the fx wire for SD 07-15-2021. Integrata yet to book,2049885760,2049885760,4551456423,-590882299,2021-07-29
13681,,54_455554115_CACEIS,824385051,OB,OB,No-pair,fx wire,Caceis booked the fx wire for SD 09-17-2019. Integrata yet to book,824385051,824385051,4551456423,-590882299,2021-07-29
13682,,235_4551394628_CACEIS,1997244651,OB,OB,No-pair,fx wire,Caceis booked the fx wire for SD 06-15-2021. Integrata yet to book,1997244651,1997244651,4551456423,-590882299,2021-07-29
13683,,39_455820754_CACEIS,1233177773,OB,OB,No-pair,fx wire,Caceis booked the fx wire for SD 04-14-2020. Integrata yet to book,1233177773,1233177773,4551456423,-590882299,2021-07-29
13684,,89_455745203_CACEIS,1132280405,OB,OB,No-pair,fx wire,Caceis booked the fx wire for SD 02-14-2020. Integrata yet to book,1132280405,1132280405,4551456423,-590882299,2021-07-29
13685,,11_4551083561_CACEIS,1579309192,OB,OB,No-pair,wire transfer,Caceis booked the wire transfer for SD 10-28-2020. Integrata yet to book,1579309192,1579309192,4551456423,-590882299,2021-07-29
13686,,5_455835232_CACEIS,1251293760,OB,OB,No-pair,fx wire,Caceis booked the fx wire for SD 04-24-2020. Integrata yet to book,1251293760,1251293760,4551456423,-590882299,2021-07-29
13687,,217_455985296_CACEIS,1449581990,OB,OB,No-pair,fx wire,Caceis booked the fx wire for SD 08-17-2020. Integrata yet to book,1449581990,1449581990,4551456423,-590882299,2021-07-29
13688,,374_4551023983_CACEIS,1500214130,OB,OB,No-pair,fx wire,Caceis booked the fx wire for SD 09-15-2020. Integrata yet to book,1500214130,1500214130,4551456423,-590882299,2021-07-29
13689,,98_455862625_CACEIS,1287003190,OB,OB,No-pair,fx wire,Caceis booked the fx wire for SD 05-15-2020. Integrata yet to book,1287003190,1287003190,4551456423,-590882299,2021-07-29
13690,,39_455978912_CACEIS,1441832125,OB,OB,No-pair,fees,Caceis booked the fees for SD 08-11-2020. Integrata yet to book,1441832125,1441832125,4551456423,-590882299,2021-07-29
13691,,17_4551254304_CACEIS,1807385752,OB,OB,No-pair,wire transfer,Caceis booked the wire transfer for SD 03-03-2021. Integrata yet to book,1807385752,1807385752,4551456423,-590882299,2021-07-29
13692,,408_455862625_CACEIS,1287003768,OB,OB,No-pair,fx wire,Caceis booked the fx wire for SD 05-15-2020. Integrata yet to book,1287003768,1287003768,4551456423,-590882299,2021-07-29
13693,,9_4551414063_CACEIS,2021656554,OB,OB,No-pair,wire transfer,Caceis booked the wire transfer for SD 06-28-2021. Integrata yet to book,2021656554,2021656554,4551456423,-590882299,2021-07-29
13694,,60_4551220415_CACEIS,1761956013,OB,OB,No-pair,fx wire,Caceis booked the fx wire for SD 02-05-2021. Integrata yet to book,1761956013,1761956013,4551456423,-590882299,2021-07-29
13695,,1530_455643841_CACEIS,975324602,OB,OB,No-pair,fx wire,Caceis booked the fx wire for SD 11-18-2019. Integrata yet to book,975324602,975324602,4551456423,-590882299,2021-07-29
13696,,40_4551256295_CACEIS,1810321914,OB,OB,No-pair,wire transfer,Caceis booked the wire transfer for SD 03-03-2021. Integrata yet to book,1810321914,1810321914,4551456423,-590882299,2021-07-29
13697,,53_4551210754_CACEIS,1748958195,OB,OB,No-pair,monthend interest,Caceis booked the monthend interest for SD 02-01-2021. Integrata yet to book,1748958195,1748958195,4551456423,-590882299,2021-07-29
13698,,97_455745203_CACEIS,1132280393,OB,OB,No-pair,fx wire,Caceis booked the fx wire for SD 02-14-2020. Integrata yet to book,1132280393,1132280393,4551456423,-590882299,2021-07-29
13699,,369_4551066313_CACEIS,1556876548,OB,OB,No-pair,fx wire,Caceis booked the fx wire for SD 10-15-2020. Integrata yet to book,1556876548,1556876548,4551456423,-590882299,2021-07-29
13700,,124_455762980_CACEIS,1156897764,OB,OB,No-pair,wire transfer,Caceis booked the wire transfer for SD 02-28-2020. Integrata yet to book,1156897764,1156897764,4551456423,-590882299,2021-07-29
13701,,69_306589_CACEIS,433998223,OB,OB,No-pair,fx wire,Caceis booked the fx wire for SD 02-15-2019. Integrata yet to book,433998223,433998223,4551456423,-590882299,2021-07-29
13702,,5_455685901_CACEIS,1047557774,OB,OB,No-pair,wire transfer,Caceis booked the wire transfer for SD 12-30-2019. Integrata yet to book,1047557774,1047557774,4551456423,-590882299,2021-07-29
13703,,23_455745203_CACEIS,1132280370,OB,OB,No-pair,fx wire,Caceis booked the fx wire for SD 02-14-2020. Integrata yet to book,1132280370,1132280370,4551456423,-590882299,2021-07-29
13704,,262_455748445_CACEIS,1136275353,OB,OB,No-pair,fx wire,Caceis booked the fx wire for SD 02-18-2020. Integrata yet to book,1136275353,1136275353,4551456423,-590882299,2021-07-29
13705,,57_455586694_CACEIS,876699121,OB,OB,No-pair,fx wire,Caceis booked the fx wire for SD 10-11-2019. Integrata yet to book,876699121,876699121,4551456423,-590882299,2021-07-29
13706,,88_455404958_CACEIS,585162390,OB,OB,No-pair,fx wire,Caceis booked the fx wire for SD 05-15-2019. Integrata yet to book,585162390,585162390,4551456423,-590882299,2021-07-29
13707,,1539_455643841_CACEIS,975324611,OB,OB,No-pair,monthend interest,Caceis booked the monthend interest for SD 11-18-2019. Integrata yet to book,975324611,975324611,4551456423,-590882299,2021-07-29
13708,,50_455667500_CACEIS,1017540723,OB,OB,No-pair,fees,Caceis booked the fees for SD 12-12-2019. Integrata yet to book,1017540723,1017540723,4551456423,-590882299,2021-07-29
13709,,173_455862625_CACEIS,1287002967,OB,OB,No-pair,fx wire,Caceis booked the fx wire for SD 05-15-2020. Integrata yet to book,1287002967,1287002967,4551456423,-590882299,2021-07-29
13710,,73_4551269721_CACEIS,1827473971,OB,OB,No-pair,wire transfer,Caceis booked the wire transfer for SD 03-15-2021. Integrata yet to book,1827473971,1827473971,4551456423,-590882299,2021-07-29
13711,,351_455940640_CACEIS,1391596303,OB,OB,No-pair,fx wire,Caceis booked the fx wire for SD 07-15-2020. Integrata yet to book,1391596303,1391596303,4551456423,-590882299,2021-07-29
13712,,365_455900053_CACEIS,1336713980,OB,OB,No-pair,fx wire,Caceis booked the fx wire for SD 06-15-2020. Integrata yet to book,1336713980,1336713980,4551456423,-590882299,2021-07-29
13713,,59_306589_CACEIS,433998220,OB,OB,No-pair,fx wire,Caceis booked the fx wire for SD 02-15-2019. Integrata yet to book,433998220,433998220,4551456423,-590882299,2021-07-29
13714,,15_455701234_CACEIS,1075203712,OB,OB,No-pair,fees,Caceis booked the fees for SD 01-09-2020. Integrata yet to book,1075203712,1075203712,4551456423,-590882299,2021-07-29
13715,,43_4551428980_CACEIS,2040344583,OB,OB,No-pair,fx wire,Caceis booked the fx wire for SD 07-09-2021. Integrata yet to book,2040344583,2040344583,4551456423,-590882299,2021-07-29
13716,,87_455782293_CACEIS,1183562989,OB,OB,No-pair,fx wire,Caceis booked the fx wire for SD 03-13-2020. Integrata yet to book,1183562989,1183562989,4551456423,-590882299,2021-07-29
13717,,490_4551191593_CACEIS,1722905496,OB,OB,No-pair,wire transfer,Caceis booked the wire transfer for SD 01-15-2021. Integrata yet to book,1722905496,1722905496,4551456423,-590882299,2021-07-29
13718,,193_455934920_CACEIS,1383926730,OB,OB,No-pair,fees,Caceis booked the fees for SD 07-10-2020. Integrata yet to book,1383926730,1383926730,4551456423,-590882299,2021-07-29
13719,,45_455736646_CACEIS,1120326824,OB,OB,No-pair,fx wire,Caceis booked the fx wire for SD 02-07-2020. Integrata yet to book,1120326824,1120326824,4551456423,-590882299,2021-07-29
13720,,970_455822501_CACEIS,1235308521,OB,OB,No-pair,fx wire,Caceis booked the fx wire for SD 04-15-2020. Integrata yet to book,1235308521,1235308521,4551456423,-590882299,2021-07-29
13721,,6_4551343376_CACEIS,1925737836,OB,OB,No-pair,wire transfer,Caceis booked the wire transfer for SD 05-07-2021. Integrata yet to book,1925737836,1925737836,4551456423,-590882299,2021-07-29
13722,,125_455762980_CACEIS,1156897772,OB,OB,No-pair,wire transfer,Caceis booked the wire transfer for SD 02-28-2020. Integrata yet to book,1156897772,1156897772,4551456423,-590882299,2021-07-29
13723,,11_455464963_CACEIS,673465268,OB,OB,No-pair,fx wire,Caceis booked the fx wire for SD 07-05-2019. Integrata yet to book,673465268,673465268,4551456423,-590882299,2021-07-29
13724,,929_455643841_CACEIS,975324001,OB,OB,No-pair,fx wire,Caceis booked the fx wire for SD 11-01-2019. Integrata yet to book,975324001,975324001,4551456423,-590882299,2021-07-29
13725,,1301_455643841_CACEIS,975324373,OB,OB,No-pair,fx wire,Caceis booked the fx wire for SD 11-15-2019. Integrata yet to book,975324373,975324373,4551456423,-590882299,2021-07-29
13726,,494_455643841_CACEIS,975323566,OB,OB,No-pair,fx wire,Caceis booked the fx wire for SD 11-15-2019. Integrata yet to book,975323566,975323566,4551456423,-590882299,2021-07-29
13727,,58_455658450_CACEIS,1002374665,OB,OB,No-pair,fx wire,Caceis booked the fx wire for SD 12-06-2019. Integrata yet to book,1002374665,1002374665,4551456423,-590882299,2021-07-29
13728,,2_455671061_CACEIS,1023554980,OB,OB,No-pair,proceeds sell,Caceis booked the proceeds sell for SD 12-17-2019. Integrata yet to book,1023554980,1023554980,4551456423,-590882299,2021-07-29
13729,,79_4551381021_CACEIS,1979694278,OB,OB,No-pair,wire transfer,Caceis booked the wire transfer for SD 06-04-2021. Integrata yet to book,1979694278,1979694278,4551456423,-590882299,2021-07-29
13730,,83_455783582_CACEIS,1185159309,OB,OB,No-pair,fx wire,Caceis booked the fx wire for SD 03-16-2020. Integrata yet to book,1185159309,1185159309,4551456423,-590882299,2021-07-29
13731,,209_4551269721_CACEIS,1827473931,OB,OB,No-pair,fx wire,Caceis booked the fx wire for SD 03-15-2021. Integrata yet to book,1827473931,1827473931,4551456423,-590882299,2021-07-29
13732,,114_306589_CACEIS,433998226,OB,OB,No-pair,fx wire,Caceis booked the fx wire for SD 02-15-2019. Integrata yet to book,433998226,433998226,4551456423,-590882299,2021-07-29
13733,,11_4551287241_CACEIS,1850449296,OB,OB,No-pair,fx wire,Caceis booked the fx wire for SD 03-26-2021. Integrata yet to book,1850449296,1850449296,4551456423,-590882299,2021-07-29
13734,,263_4551394628_CACEIS,1997244811,OB,OB,No-pair,fx wire,Caceis booked the fx wire for SD 06-15-2021. Integrata yet to book,1997244811,1997244811,4551456423,-590882299,2021-07-29
13735,,9_4551330053_CACEIS,1905535665,OB,OB,No-pair,wire transfer,Caceis booked the wire transfer for SD 04-23-2021. Integrata yet to book,1905535665,1905535665,4551456423,-590882299,2021-07-29
13736,,17_455762980_CACEIS,1156897785,OB,OB,No-pair,fx wire,Caceis booked the fx wire for SD 02-28-2020. Integrata yet to book,1156897785,1156897785,4551456423,-590882299,2021-07-29
13737,,9_455651199_CACEIS,989140168,OB,OB,No-pair,wire transfer,Caceis booked the wire transfer for SD 12-02-2019. Integrata yet to book,989140168,989140168,4551456423,-590882299,2021-07-29
13738,,266_4551109218_CACEIS,1613286901,OB,OB,No-pair,fx wire,Caceis booked the fx wire for SD 11-16-2020. Integrata yet to book,1613286901,1613286901,4551456423,-590882299,2021-07-29
13739,,328_455706635_CACEIS,1081907586,OB,OB,No-pair,fx wire,Caceis booked the fx wire for SD 01-15-2020. Integrata yet to book,1081907586,1081907586,4551456423,-590882299,2021-07-29
13740,,9_4551456423_CACEIS,2074469264,OB,OB,No-pair,wire transfer,Caceis booked the wire transfer for SD 07-29-2021. Integrata yet to book,2074469264,2074469264,4551456423,-590882299,2021-07-29
13741,,1365_455643841_CACEIS,975324437,OB,OB,No-pair,fx wire,Caceis booked the fx wire for SD 11-15-2019. Integrata yet to book,975324437,975324437,4551456423,-590882299,2021-07-29
13742,,9_4551248485_CACEIS,1800039349,OB,OB,No-pair,fx wire,Caceis booked the fx wire for SD 02-26-2021. Integrata yet to book,1800039349,1800039349,4551456423,-590882299,2021-07-29
13743,,482_455862625_CACEIS,1287003801,OB,OB,No-pair,fx wire,Caceis booked the fx wire for SD 05-15-2020. Integrata yet to book,1287003801,1287003801,4551456423,-590882299,2021-07-29
13744,,407_455643841_CACEIS,975323479,OB,OB,No-pair,fx wire,Caceis booked the fx wire for SD 11-15-2019. Integrata yet to book,975323479,975323479,4551456423,-590882299,2021-07-29
13745,,315_455643841_CACEIS,975323387,OB,OB,No-pair,fx wire,Caceis booked the fx wire for SD 11-15-2019. Integrata yet to book,975323387,975323387,4551456423,-590882299,2021-07-29
13746,,19_4551456423_CACEIS,2074469265,OB,OB,No-pair,wire transfer,Caceis booked the wire transfer for SD 07-29-2021. Integrata yet to book,2074469265,2074469265,4551456423,-590882299,2021-07-29
13747,,66_4551023983_CACEIS,1500213940,OB,OB,No-pair,fx wire,Caceis booked the fx wire for SD 09-15-2020. Integrata yet to book,1500213940,1500213940,4551456423,-590882299,2021-07-29
13748,,4_4551339728_CACEIS,1920020596,OB,OB,No-pair,wire transfer,Caceis booked the wire transfer for SD 05-05-2021. Integrata yet to book,1920020596,1920020596,4551456423,-590882299,2021-07-29
13749,,170_455934920_CACEIS,1383926696,OB,OB,No-pair,fees,Caceis booked the fees for SD 07-10-2020. Integrata yet to book,1383926696,1383926696,4551456423,-590882299,2021-07-29
13750,,23_455610697_CACEIS,917943287,OB,OB,No-pair,fx wire,Caceis booked the fx wire for SD 10-18-2019. Integrata yet to book,917943287,917943287,4551456423,-590882299,2021-07-29
13751,,31_4551349054_CACEIS,1933657886,OB,OB,No-pair,wire transfer,Caceis booked the wire transfer for SD 05-12-2021. Integrata yet to book,1933657886,1933657886,4551456423,-590882299,2021-07-29
13752,,935_455643841_CACEIS,975324007,OB,OB,No-pair,fx wire,Caceis booked the fx wire for SD 11-08-2019. Integrata yet to book,975324007,975324007,4551456423,-590882299,2021-07-29
13753,,258_4551394628_CACEIS,1997244807,OB,OB,No-pair,fx wire,Caceis booked the fx wire for SD 06-15-2021. Integrata yet to book,1997244807,1997244807,4551456423,-590882299,2021-07-29
13754,,146_455934920_CACEIS,1383926686,OB,OB,No-pair,fees,Caceis booked the fees for SD 07-10-2020. Integrata yet to book,1383926686,1383926686,4551456423,-590882299,2021-07-29
13755,,20_4551456423_CACEIS,2074469268,OB,OB,No-pair,wire transfer,Caceis booked the wire transfer for SD 07-29-2021. Integrata yet to book,2074469268,2074469268,4551456423,-590882299,2021-07-29
13756,,58_455753887_CACEIS,1143364737,OB,OB,No-pair,fx wire,Caceis booked the fx wire for SD 02-21-2020. Integrata yet to book,1143364737,1143364737,4551456423,-590882299,2021-07-29
13757,,7_455610697_CACEIS,917943271,OB,OB,No-pair,fx wire,Caceis booked the fx wire for SD 10-18-2019. Integrata yet to book,917943271,917943271,4551456423,-590882299,2021-07-29
13758,,60_4551003590_CACEIS,1473426008,OB,OB,No-pair,monthend interest,Caceis booked the monthend interest for SD 09-01-2020. Integrata yet to book,1473426008,1473426008,4551456423,-590882299,2021-07-29
13759,,401_455643841_CACEIS,975323473,OB,OB,No-pair,fx wire,Caceis booked the fx wire for SD 11-15-2019. Integrata yet to book,975323473,975323473,4551456423,-590882299,2021-07-29
13760,,131_4551248485_CACEIS,1800039407,OB,OB,No-pair,wire transfer,Caceis booked the wire transfer for SD 02-26-2021. Integrata yet to book,1800039407,1800039407,4551456423,-590882299,2021-07-29
13761,,5_4551073975_CACEIS,1566704353,OB,OB,No-pair,wire transfer,Caceis booked the wire transfer for SD 10-21-2020. Integrata yet to book,1566704353,1566704353,4551456423,-590882299,2021-07-29
13762,,171_455669415_CACEIS,1020661892,OB,OB,No-pair,fx wire,Caceis booked the fx wire for SD 12-16-2019. Integrata yet to book,1020661892,1020661892,4551456423,-590882299,2021-07-29
13763,,22_4551456423_CACEIS,2074469270,OB,OB,No-pair,proceeds sell,Caceis booked the proceeds sell for SD 07-29-2021. Integrata yet to book,2074469270,2074469270,4551456423,-590882299,2021-07-29
13764,,4_4551037369_CACEIS,1518452134,OB,OB,No-pair,proceeds sell,Caceis booked the proceeds sell for SD 09-24-2020. Integrata yet to book,1518452134,1518452134,4551456423,-590882299,2021-07-29
13765,,16_455610697_CACEIS,917943280,OB,OB,No-pair,fx wire,Caceis booked the fx wire for SD 10-18-2019. Integrata yet to book,917943280,917943280,4551456423,-590882299,2021-07-29
13766,,34_4551182476_CACEIS,1710215381,OB,OB,No-pair,wire transfer,Caceis booked the wire transfer for SD 01-08-2021. Integrata yet to book,1710215381,1710215381,4551456423,-590882299,2021-07-29
13767,,1_455844329_CACEIS,1263214811,OB,OB,No-pair,wire transfer,Caceis booked the wire transfer for SD 05-01-2020. Integrata yet to book,1263214811,1263214811,4551456423,-590882299,2021-07-29
13768,,43_4551035437_CACEIS,1516099546,OB,OB,No-pair,wire transfer,Caceis booked the wire transfer for SD 05-06-2020. Integrata yet to book,1516099546,1516099546,4551456423,-590882299,2021-07-29
13769,,16_455386356_CACEIS,560114408,OB,OB,No-pair,monthend interest,Caceis booked the monthend interest for SD 05-01-2019. Integrata yet to book,560114408,560114408,4551456423,-590882299,2021-07-29
13770,,24_4551456423_CACEIS,2074469272,OB,OB,No-pair,proceeds sell,Caceis booked the proceeds sell for SD 07-29-2021. Integrata yet to book,2074469272,2074469272,4551456423,-590882299,2021-07-29
13771,,157_455934920_CACEIS,1383926741,OB,OB,No-pair,fees,Caceis booked the fees for SD 07-10-2020. Integrata yet to book,1383926741,1383926741,4551456423,-590882299,2021-07-29
13772,,3_4551044906_CACEIS,1528403557,OB,OB,No-pair,monthend interest,Caceis booked the monthend interest for SD 10-01-2020. Integrata yet to book,1528403557,1528403557,4551456423,-590882299,2021-07-29
13773,,130_4551248485_CACEIS,1800039396,OB,OB,No-pair,wire transfer,Caceis booked the wire transfer for SD 02-26-2021. Integrata yet to book,1800039396,1800039396,4551456423,-590882299,2021-07-29
13774,,4_4551277470_CACEIS,1837468613,OB,OB,No-pair,fx wire,Caceis booked the fx wire for SD 03-19-2021. Integrata yet to book,1837468613,1837468613,4551456423,-590882299,2021-07-29
13775,,53_455706635_CACEIS,1081907410,OB,OB,No-pair,fx wire,Caceis booked the fx wire for SD 01-15-2020. Integrata yet to book,1081907410,1081907410,4551456423,-590882299,2021-07-29
13776,,196_455669415_CACEIS,1020661965,OB,OB,No-pair,fx wire,Caceis booked the fx wire for SD 12-16-2019. Integrata yet to book,1020661965,1020661965,4551456423,-590882299,2021-07-29
13777,,1320_455643841_CACEIS,975324392,OB,OB,No-pair,fx wire,Caceis booked the fx wire for SD 11-15-2019. Integrata yet to book,975324392,975324392,4551456423,-590882299,2021-07-29
13778,,197_455669415_CACEIS,1020661974,OB,OB,No-pair,fx wire,Caceis booked the fx wire for SD 12-16-2019. Integrata yet to book,1020661974,1020661974,4551456423,-590882299,2021-07-29
13779,,38_4551087502_CACEIS,1584326656,OB,OB,No-pair,monthend interest,Caceis booked the monthend interest for SD 11-01-2020. Integrata yet to book,1584326656,1584326656,4551456423,-590882299,2021-07-29
13780,,395_455643841_CACEIS,975323467,OB,OB,No-pair,fx wire,Caceis booked the fx wire for SD 11-15-2019. Integrata yet to book,975323467,975323467,4551456423,-590882299,2021-07-29
13781,,64_455658450_CACEIS,1002374668,OB,OB,No-pair,fx wire,Caceis booked the fx wire for SD 12-06-2019. Integrata yet to book,1002374668,1002374668,4551456423,-590882299,2021-07-29
13782,,40_4551430779_CACEIS,2043021968,OB,OB,No-pair,fees,Caceis booked the fees for SD 07-12-2021. Integrata yet to book,2043021968,2043021968,4551456423,-590882299,2021-07-29
13783,,82_4551023983_CACEIS,1500213844,OB,OB,No-pair,fx wire,Caceis booked the fx wire for SD 09-15-2020. Integrata yet to book,1500213844,1500213844,4551456423,-590882299,2021-07-29
13784,,123_455726980_CACEIS,1107942633,OB,OB,No-pair,fx wire,Caceis booked the fx wire for SD 01-31-2020. Integrata yet to book,1107942633,1107942633,4551456423,-590882299,2021-07-29
13785,,365_455862625_CACEIS,1287003732,OB,OB,No-pair,fx wire,Caceis booked the fx wire for SD 05-15-2020. Integrata yet to book,1287003732,1287003732,4551456423,-590882299,2021-07-29
13786,,1_4551443076_CACEIS,2057295847,OB,OB,No-pair,fees,Caceis booked the fees for SD 07-20-2021. Integrata yet to book,2057295847,2057295847,4551456423,-590882299,2021-07-29
13787,,24_455469998_CACEIS,680605572,OB,OB,No-pair,fees,Caceis booked the fees for SD 07-10-2019. Integrata yet to book,680605572,680605572,4551456423,-590882299,2021-07-29
13788,,495_455822501_CACEIS,1235308340,OB,OB,No-pair,fx wire,Caceis booked the fx wire for SD 04-15-2020. Integrata yet to book,1235308340,1235308340,4551456423,-590882299,2021-07-29
13789,,739_4551232906_CACEIS,1780157181,OB,OB,No-pair,fx wire,Caceis booked the fx wire for SD 02-16-2021. Integrata yet to book,1780157181,1780157181,4551456423,-590882299,2021-07-29
13790,,1256_455643841_CACEIS,975324328,OB,OB,No-pair,fx wire,Caceis booked the fx wire for SD 11-15-2019. Integrata yet to book,975324328,975324328,4551456423,-590882299,2021-07-29
13791,,192_455934920_CACEIS,1383926707,OB,OB,No-pair,fees,Caceis booked the fees for SD 07-10-2020. Integrata yet to book,1383926707,1383926707,4551456423,-590882299,2021-07-29
13792,,381_4551232906_CACEIS,1780156790,OB,OB,No-pair,fx wire,Caceis booked the fx wire for SD 02-16-2021. Integrata yet to book,1780156790,1780156790,4551456423,-590882299,2021-07-29
13793,,62_306589_CACEIS,433998241,OB,OB,No-pair,fx wire,Caceis booked the fx wire for SD 02-15-2019. Integrata yet to book,433998241,433998241,4551456423,-590882299,2021-07-29
13794,,20_4551415924_CACEIS,2024089337,OB,OB,No-pair,wire transfer,Caceis booked the wire transfer for SD 06-30-2021. Integrata yet to book,2024089337,2024089337,4551456423,-590882299,2021-07-29
13795,,409_4551023983_CACEIS,1500214241,OB,OB,No-pair,fx wire,Caceis booked the fx wire for SD 09-15-2020. Integrata yet to book,1500214241,1500214241,4551456423,-590882299,2021-07-29
13796,,21_4551373621_CACEIS,1970229482,OB,OB,No-pair,monthend interest,Caceis booked the monthend interest for SD 06-01-2021. Integrata yet to book,1970229482,1970229482,4551456423,-590882299,2021-07-29
13797,,1239_455643841_CACEIS,975324311,OB,OB,No-pair,fx wire,Caceis booked the fx wire for SD 11-15-2019. Integrata yet to book,975324311,975324311,4551456423,-590882299,2021-07-29
13798,,58_455554115_CACEIS,824385036,OB,OB,No-pair,fx wire,Caceis booked the fx wire for SD 09-17-2019. Integrata yet to book,824385036,824385036,4551456423,-590882299,2021-07-29
13799,,2_455936750_CACEIS,1386391249,OB,OB,No-pair,fees,Caceis booked the fees for SD 07-10-2020. Integrata yet to book,1386391249,1386391249,4551456423,-590882299,2021-07-29
13800,,118_455742022_CACEIS,1127725751,OB,OB,No-pair,fees,Caceis booked the fees for SD 02-12-2020. Integrata yet to book,1127725751,1127725751,4551456423,-590882299,2021-07-29
13801,,373_455822501_CACEIS,1235308303,OB,OB,No-pair,fx wire,Caceis booked the fx wire for SD 04-15-2020. Integrata yet to book,1235308303,1235308303,4551456423,-590882299,2021-07-29
13802,,727_4551232906_CACEIS,1780156981,OB,OB,No-pair,fx wire,Caceis booked the fx wire for SD 02-16-2021. Integrata yet to book,1780156981,1780156981,4551456423,-590882299,2021-07-29
13803,,200_455669415_CACEIS,1020662084,OB,OB,No-pair,fx wire,Caceis booked the fx wire for SD 12-16-2019. Integrata yet to book,1020662084,1020662084,4551456423,-590882299,2021-07-29
13804,,4_4551248485_CACEIS,1800039348,OB,OB,No-pair,fx wire,Caceis booked the fx wire for SD 02-26-2021. Integrata yet to book,1800039348,1800039348,4551456423,-590882299,2021-07-29
13805,,1_455936750_CACEIS,1386391245,OB,OB,No-pair,fees,Caceis booked the fees for SD 07-10-2020. Integrata yet to book,1386391245,1386391245,4551456423,-590882299,2021-07-29
13806,,188_455590588_CACEIS,883858484,OB,OB,No-pair,fx wire,Caceis booked the fx wire for SD 10-15-2019. Integrata yet to book,883858484,883858484,4551456423,-590882299,2021-07-29
13807,,1_455552284_CACEIS,820708057,OB,OB,No-pair,wire transfer,Caceis booked the wire transfer for SD 08-29-2019. Integrata yet to book,820708057,820708057,4551456423,-590882299,2021-07-29
13808,,110_455900053_CACEIS,1336713347,OB,OB,No-pair,fx wire,Caceis booked the fx wire for SD 06-15-2020. Integrata yet to book,1336713347,1336713347,4551456423,-590882299,2021-07-29
13809,,50_455586694_CACEIS,876699117,OB,OB,No-pair,fx wire,Caceis booked the fx wire for SD 10-11-2019. Integrata yet to book,876699117,876699117,4551456423,-590882299,2021-07-29
13810,,36_4551127906_CACEIS,1637981959,OB,OB,No-pair,monthend interest,Caceis booked the monthend interest for SD 12-01-2020. Integrata yet to book,1637981959,1637981959,4551456423,-590882299,2021-07-29
13811,,14_455643841_CACEIS,975323086,OB,OB,No-pair,monthend interest,Caceis booked the monthend interest for SD 10-31-2019. Integrata yet to book,975323086,975323086,4551456423,-590882299,2021-07-29
13812,,414_455643841_CACEIS,975323486,OB,OB,No-pair,fx wire,Caceis booked the fx wire for SD 11-15-2019. Integrata yet to book,975323486,975323486,4551456423,-590882299,2021-07-29
13813,,273_4551436806_CACEIS,2049885947,OB,OB,No-pair,fx wire,Caceis booked the fx wire for SD 07-15-2021. Integrata yet to book,2049885947,2049885947,4551456423,-590882299,2021-07-29
13814,,198_455643841_CACEIS,975323270,OB,OB,No-pair,fx wire,Caceis booked the fx wire for SD 11-08-2019. Integrata yet to book,975323270,975323270,4551456423,-590882299,2021-07-29
13815,,464_4551191593_CACEIS,1722905446,OB,OB,No-pair,fx wire,Caceis booked the fx wire for SD 01-15-2021. Integrata yet to book,1722905446,1722905446,4551456423,-590882299,2021-07-29
13816,,67_455554115_CACEIS,824385050,OB,OB,No-pair,fx wire,Caceis booked the fx wire for SD 09-17-2019. Integrata yet to book,824385050,824385050,4551456423,-590882299,2021-07-29
13817,,112_455742022_CACEIS,1127725683,OB,OB,No-pair,fees,Caceis booked the fees for SD 02-12-2020. Integrata yet to book,1127725683,1127725683,4551456423,-590882299,2021-07-29
13818,,172_455726980_CACEIS,1107942557,OB,OB,No-pair,monthend interest,Caceis booked the monthend interest for SD 02-01-2020. Integrata yet to book,1107942557,1107942557,4551456423,-590882299,2021-07-29
13819,,112_306589_CACEIS,433998247,OB,OB,No-pair,fx wire,Caceis booked the fx wire for SD 02-15-2019. Integrata yet to book,433998247,433998247,4551456423,-590882299,2021-07-29
13820,,60_455799620_CACEIS,1205700380,OB,OB,No-pair,fx wire,Caceis booked the fx wire for SD 03-27-2020. Integrata yet to book,1205700380,1205700380,4551456423,-590882299,2021-07-29
13821,,70_4551039598_CACEIS,1521245937,OB,OB,No-pair,fx wire,Caceis booked the fx wire for SD 09-25-2020. Integrata yet to book,1521245937,1521245937,4551456423,-590882299,2021-07-29
13822,,391_4551066313_CACEIS,1556876596,OB,OB,No-pair,fx wire,Caceis booked the fx wire for SD 10-15-2020. Integrata yet to book,1556876596,1556876596,4551456423,-590882299,2021-07-29
13823,,130_455762980_CACEIS,1156897731,OB,OB,No-pair,wire transfer,Caceis booked the wire transfer for SD 02-28-2020. Integrata yet to book,1156897731,1156897731,4551456423,-590882299,2021-07-29
13824,,228_4551210754_CACEIS,1748958368,OB,OB,No-pair,monthend interest,Caceis booked the monthend interest for SD 02-01-2021. Integrata yet to book,1748958368,1748958368,4551456423,-590882299,2021-07-29
13825,,7_455651199_CACEIS,989140156,OB,OB,No-pair,wire transfer,Caceis booked the wire transfer for SD 12-02-2019. Integrata yet to book,989140156,989140156,4551456423,-590882299,2021-07-29
13826,,129_4551248485_CACEIS,1800039384,OB,OB,No-pair,wire transfer,Caceis booked the wire transfer for SD 02-26-2021. Integrata yet to book,1800039384,1800039384,4551456423,-590882299,2021-07-29
13827,,512_4551149959_CACEIS,1667623383,OB,OB,No-pair,fx wire,Caceis booked the fx wire for SD 12-15-2020. Integrata yet to book,1667623383,1667623383,4551456423,-590882299,2021-07-29
13828,,147_455742022_CACEIS,1127725759,OB,OB,No-pair,fees,Caceis booked the fees for SD 02-12-2020. Integrata yet to book,1127725759,1127725759,4551456423,-590882299,2021-07-29
13829,,14_4551349054_CACEIS,1933657845,OB,OB,No-pair,wire transfer,Caceis booked the wire transfer for SD 05-12-2021. Integrata yet to book,1933657845,1933657845,4551456423,-590882299,2021-07-29
13830,,58_455610697_CACEIS,917943322,OB,OB,No-pair,fx wire,Caceis booked the fx wire for SD 10-18-2019. Integrata yet to book,917943322,917943322,4551456423,-590882299,2021-07-29
13831,,24_455643841_CACEIS,975323096,OB,OB,No-pair,monthend interest,Caceis booked the monthend interest for SD 10-31-2019. Integrata yet to book,975323096,975323096,4551456423,-590882299,2021-07-29
13832,,63_4551039598_CACEIS,1521245933,OB,OB,No-pair,fx wire,Caceis booked the fx wire for SD 09-25-2020. Integrata yet to book,1521245933,1521245933,4551456423,-590882299,2021-07-29
13833,,24_4551430779_CACEIS,2043021964,OB,OB,No-pair,fees,Caceis booked the fees for SD 07-12-2021. Integrata yet to book,2043021964,2043021964,4551456423,-590882299,2021-07-29
13834,,218_455590588_CACEIS,883858661,OB,OB,No-pair,fx wire,Caceis booked the fx wire for SD 10-15-2019. Integrata yet to book,883858661,883858661,4551456423,-590882299,2021-07-29
13835,,8_4551456423_CACEIS,2074469258,OB,OB,No-pair,wire transfer,Caceis booked the wire transfer for SD 07-29-2021. Integrata yet to book,2074469258,2074469258,4551456423,-590882299,2021-07-29
13836,,67_4551381021_CACEIS,1979694267,OB,OB,No-pair,wire transfer,Caceis booked the wire transfer for SD 06-04-2021. Integrata yet to book,1979694267,1979694267,4551456423,-590882299,2021-07-29
13837,,97_4551191593_CACEIS,1722905117,OB,OB,No-pair,fx wire,Caceis booked the fx wire for SD 01-15-2021. Integrata yet to book,1722905117,1722905117,4551456423,-590882299,2021-07-29
13838,,5_4551111173_CACEIS,1615781822,OB,OB,No-pair,wire transfer,Caceis booked the wire transfer for SD 10-23-2020. Integrata yet to book,1615781822,1615781822,4551456423,-590882299,2021-07-29
13839,,1_455499153_CACEIS,729733288,OB,OB,No-pair,fx wire,Caceis booked the fx wire for SD 08-02-2019. Integrata yet to book,729733288,729733288,4551456423,-590882299,2021-07-29
13840,,27_4551349054_CACEIS,1933657862,OB,OB,No-pair,wire transfer,Caceis booked the wire transfer for SD 05-12-2021. Integrata yet to book,1933657862,1933657862,4551456423,-590882299,2021-07-29
13841,,187_4551066313_CACEIS,1556876374,OB,OB,No-pair,fx wire,Caceis booked the fx wire for SD 10-15-2020. Integrata yet to book,1556876374,1556876374,4551456423,-590882299,2021-07-29
13842,,947_455643841_CACEIS,975324019,OB,OB,No-pair,fx wire,Caceis booked the fx wire for SD 11-01-2019. Integrata yet to book,975324019,975324019,4551456423,-590882299,2021-07-29
13843,,450_455985296_CACEIS,1449582191,OB,OB,No-pair,fx wire,Caceis booked the fx wire for SD 08-17-2020. Integrata yet to book,1449582191,1449582191,4551456423,-590882299,2021-07-29
13844,,159_4551201062_CACEIS,1734566001,OB,OB,No-pair,fx wire,Caceis booked the fx wire for SD 01-22-2021. Integrata yet to book,1734566001,1734566001,4551456423,-590882299,2021-07-29
13845,,134_455762980_CACEIS,1156897738,OB,OB,No-pair,monthend interest,Caceis booked the monthend interest for SD 03-01-2020. Integrata yet to book,1156897738,1156897738,4551456423,-590882299,2021-07-29
13846,,51_455753887_CACEIS,1143364838,OB,OB,No-pair,fx wire,Caceis booked the fx wire for SD 02-21-2020. Integrata yet to book,1143364838,1143364838,4551456423,-590882299,2021-07-29
13847,,501_455822501_CACEIS,1235308332,OB,OB,No-pair,fx wire,Caceis booked the fx wire for SD 04-15-2020. Integrata yet to book,1235308332,1235308332,4551456423,-590882299,2021-07-29
13848,,148_455742022_CACEIS,1127725765,OB,OB,No-pair,fees,Caceis booked the fees for SD 02-12-2020. Integrata yet to book,1127725765,1127725765,4551456423,-590882299,2021-07-29
13849,,13_4551168254_CACEIS,1691686491,OB,OB,No-pair,wire transfer,Caceis booked the wire transfer for SD 12-29-2020. Integrata yet to book,1691686491,1691686491,4551456423,-590882299,2021-07-29
13850,,48_455404958_CACEIS,585162329,OB,OB,No-pair,fx wire,Caceis booked the fx wire for SD 05-15-2019. Integrata yet to book,585162329,585162329,4551456423,-590882299,2021-07-29
13851,,13_4551349054_CACEIS,1933657839,OB,OB,No-pair,wire transfer,Caceis booked the wire transfer for SD 05-12-2021. Integrata yet to book,1933657839,1933657839,4551456423,-590882299,2021-07-29
13852,,461_455822501_CACEIS,1235308327,OB,OB,No-pair,fx wire,Caceis booked the fx wire for SD 04-15-2020. Integrata yet to book,1235308327,1235308327,4551456423,-590882299,2021-07-29
13853,,78_4551381021_CACEIS,1979694283,OB,OB,No-pair,wire transfer,Caceis booked the wire transfer for SD 06-04-2021. Integrata yet to book,1979694283,1979694283,4551456423,-590882299,2021-07-29
13854,,86_4551109218_CACEIS,1613286727,OB,OB,No-pair,fx wire,Caceis booked the fx wire for SD 11-16-2020. Integrata yet to book,1613286727,1613286727,4551456423,-590882299,2021-07-29
13855,,18_455953995_CACEIS,1409848233,OB,OB,No-pair,fx wire,Caceis booked the fx wire for SD 07-24-2020. Integrata yet to book,1409848233,1409848233,4551456423,-590882299,2021-07-29
13856,,165_455742022_CACEIS,1127725669,OB,OB,No-pair,fees,Caceis booked the fees for SD 02-12-2020. Integrata yet to book,1127725669,1127725669,4551456423,-590882299,2021-07-29
13857,,406_455643841_CACEIS,975323478,OB,OB,No-pair,fx wire,Caceis booked the fx wire for SD 11-15-2019. Integrata yet to book,975323478,975323478,4551456423,-590882299,2021-07-29
13858,,28_455476582_CACEIS,691189173,OB,OB,No-pair,fx wire,Caceis booked the fx wire for SD 07-16-2019. Integrata yet to book,691189173,691189173,4551456423,-590882299,2021-07-29
13859,,43_455706635_CACEIS,1081907323,OB,OB,No-pair,fx wire,Caceis booked the fx wire for SD 01-15-2020. Integrata yet to book,1081907323,1081907323,4551456423,-590882299,2021-07-29
13860,,8_4551087502_CACEIS,1584326598,OB,OB,No-pair,monthend interest,Caceis booked the monthend interest for SD 11-01-2020. Integrata yet to book,1584326598,1584326598,4551456423,-590882299,2021-07-29
13861,,1_4551064383_CACEIS,1554267361,OB,OB,No-pair,wire transfer,Caceis booked the wire transfer for SD 10-14-2020. Integrata yet to book,1554267361,1554267361,4551456423,-590882299,2021-07-29
13862,,2_455959742_CACEIS,1417073508,OB,OB,No-pair,proceeds sell,Caceis booked the proceeds sell for SD 07-29-2020. Integrata yet to book,1417073508,1417073508,4551456423,-590882299,2021-07-29
13863,,27_4551292839_CACEIS,1857221937,OB,OB,No-pair,monthend interest,Caceis booked the monthend interest for SD 04-01-2021. Integrata yet to book,1857221937,1857221937,4551456423,-590882299,2021-07-29
13864,,269_4551191593_CACEIS,1722905232,OB,OB,No-pair,fx wire,Caceis booked the fx wire for SD 01-15-2021. Integrata yet to book,1722905232,1722905232,4551456423,-590882299,2021-07-29
13865,,32_455706635_CACEIS,1081907309,OB,OB,No-pair,fx wire,Caceis booked the fx wire for SD 01-15-2020. Integrata yet to book,1081907309,1081907309,4551456423,-590882299,2021-07-29
13866,,405_455643841_CACEIS,975323477,OB,OB,No-pair,fx wire,Caceis booked the fx wire for SD 11-15-2019. Integrata yet to book,975323477,975323477,4551456423,-590882299,2021-07-29
13867,,1349_455643841_CACEIS,975324421,OB,OB,No-pair,fx wire,Caceis booked the fx wire for SD 11-15-2019. Integrata yet to book,975324421,975324421,4551456423,-590882299,2021-07-29
13868,,74_455898221_CACEIS,1334730866,OB,OB,No-pair,wire transfer,Caceis booked the wire transfer for SD 06-12-2020. Integrata yet to book,1334730866,1334730866,4551456423,-590882299,2021-07-29
13869,,36_455404958_CACEIS,585162310,OB,OB,No-pair,fx wire,Caceis booked the fx wire for SD 05-15-2019. Integrata yet to book,585162310,585162310,4551456423,-590882299,2021-07-29
13870,,69_333062_CACEIS,479846823,OB,OB,No-pair,fees,Caceis booked the fees for SD 03-15-2019. Integrata yet to book,479846823,479846823,4551456423,-590882299,2021-07-29
13871,,422_4551191593_CACEIS,1722905385,OB,OB,No-pair,fx wire,Caceis booked the fx wire for SD 01-15-2021. Integrata yet to book,1722905385,1722905385,4551456423,-590882299,2021-07-29
13872,,249_455748445_CACEIS,1136275373,OB,OB,No-pair,fx wire,Caceis booked the fx wire for SD 02-18-2020. Integrata yet to book,1136275373,1136275373,4551456423,-590882299,2021-07-29
13873,,25_4551265958_CACEIS,1821951002,OB,OB,No-pair,fees,Caceis booked the fees for SD 03-10-2021. Integrata yet to book,1821951002,1821951002,4551456423,-590882299,2021-07-29
13874,,167_455742022_CACEIS,1127725676,OB,OB,No-pair,fees,Caceis booked the fees for SD 02-12-2020. Integrata yet to book,1127725676,1127725676,4551456423,-590882299,2021-07-29
13875,,77_4551066313_CACEIS,1556876281,OB,OB,No-pair,fx wire,Caceis booked the fx wire for SD 10-15-2020. Integrata yet to book,1556876281,1556876281,4551456423,-590882299,2021-07-29
13876,,150_455862625_CACEIS,1287003226,OB,OB,No-pair,fx wire,Caceis booked the fx wire for SD 05-15-2020. Integrata yet to book,1287003226,1287003226,4551456423,-590882299,2021-07-29
13877,,18_4551042956_CACEIS,1525553087,OB,OB,No-pair,wire transfer,Caceis booked the wire transfer for SD 09-17-2020. Integrata yet to book,1525553087,1525553087,4551456423,-590882299,2021-07-29
13878,,76_455554115_CACEIS,824384965,OB,OB,No-pair,fx wire,Caceis booked the fx wire for SD 09-17-2019. Integrata yet to book,824384965,824384965,4551456423,-590882299,2021-07-29
13879,,378_455643841_CACEIS,975323450,OB,OB,No-pair,fx wire,Caceis booked the fx wire for SD 11-15-2019. Integrata yet to book,975323450,975323450,4551456423,-590882299,2021-07-29
13880,,114_455742022_CACEIS,1127725698,OB,OB,No-pair,fees,Caceis booked the fees for SD 02-12-2020. Integrata yet to book,1127725698,1127725698,4551456423,-590882299,2021-07-29
13881,,698_455643841_CACEIS,975323770,OB,OB,No-pair,monthend interest,Caceis booked the monthend interest for SD 10-31-2019. Integrata yet to book,975323770,975323770,4551456423,-590882299,2021-07-29
13882,,28_455574099_CACEIS,855526100,OB,OB,No-pair,wire transfer,Caceis booked the wire transfer for SD 10-02-2019. Integrata yet to book,855526100,855526100,4551456423,-590882299,2021-07-29
13883,,6_4551171343_CACEIS,1696929176,OB,OB,No-pair,monthend interest,Caceis booked the monthend interest for SD 01-01-2021. Integrata yet to book,1696929176,1696929176,4551456423,-590882299,2021-07-29
13884,,251_455985296_CACEIS,1449581905,OB,OB,No-pair,fx wire,Caceis booked the fx wire for SD 08-17-2020. Integrata yet to book,1449581905,1449581905,4551456423,-590882299,2021-07-29
13885,,71_4551381021_CACEIS,1979694273,OB,OB,No-pair,wire transfer,Caceis booked the wire transfer for SD 06-04-2021. Integrata yet to book,1979694273,1979694273,4551456423,-590882299,2021-07-29
13886,,299_455669415_CACEIS,1020662027,OB,OB,No-pair,fx wire,Caceis booked the fx wire for SD 12-16-2019. Integrata yet to book,1020662027,1020662027,4551456423,-590882299,2021-07-29
13887,,80_4551354754_CACEIS,1942399638,OB,OB,No-pair,fx wire,Caceis booked the fx wire for SD 05-17-2021. Integrata yet to book,1942399638,1942399638,4551456423,-590882299,2021-07-29
13888,,373_455748445_CACEIS,1136275457,OB,OB,No-pair,fx wire,Caceis booked the fx wire for SD 02-18-2020. Integrata yet to book,1136275457,1136275457,4551456423,-590882299,2021-07-29
13889,,10_455400675_CACEIS,579063110,OB,OB,No-pair,fx wire,Caceis booked the fx wire for SD 05-10-2019. Integrata yet to book,579063110,579063110,4551456423,-590882299,2021-07-29
13890,,56_455853613_CACEIS,1275438462,OB,OB,No-pair,fx wire,Caceis booked the fx wire for SD 05-08-2020. Integrata yet to book,1275438462,1275438462,4551456423,-590882299,2021-07-29
13891,,117_455742022_CACEIS,1127725734,OB,OB,No-pair,fees,Caceis booked the fees for SD 02-12-2020. Integrata yet to book,1127725734,1127725734,4551456423,-590882299,2021-07-29
13892,,1246_455643841_CACEIS,975324318,OB,OB,No-pair,fx wire,Caceis booked the fx wire for SD 11-15-2019. Integrata yet to book,975324318,975324318,4551456423,-590882299,2021-07-29
13893,,6_455570278_CACEIS,849574806,OB,OB,No-pair,monthend interest,Caceis booked the monthend interest for SD 10-01-2019. Integrata yet to book,849574806,849574806,4551456423,-590882299,2021-07-29
13894,,297_455669415_CACEIS,1020661952,OB,OB,No-pair,fx wire,Caceis booked the fx wire for SD 12-16-2019. Integrata yet to book,1020661952,1020661952,4551456423,-590882299,2021-07-29
13895,,14_4551229444_CACEIS,1775243232,OB,OB,No-pair,fx wire,Caceis booked the fx wire for SD 02-12-2021. Integrata yet to book,1775243232,1775243232,4551456423,-590882299,2021-07-29
13896,,61_4551264332_CACEIS,1819946059,OB,OB,No-pair,wire transfer,Caceis booked the wire transfer for SD 04-21-2020. Integrata yet to book,1819946059,1819946059,4551456423,-590882299,2021-07-29
13897,,143_455742022_CACEIS,1127725651,OB,OB,No-pair,fees,Caceis booked the fees for SD 02-12-2020. Integrata yet to book,1127725651,1127725651,4551456423,-590882299,2021-07-29
13898,,221_455643841_CACEIS,975323293,OB,OB,No-pair,wire transfer,Caceis booked the wire transfer for SD 11-12-2019. Integrata yet to book,975323293,975323293,4551456423,-590882299,2021-07-29
13899,,11_455851677_CACEIS,1272856298,OB,OB,No-pair,wire transfer,Caceis booked the wire transfer for SD 02-10-2020. Integrata yet to book,1272856298,1272856298,4551456423,-590882299,2021-07-29
13900,,83_455898221_CACEIS,1334730903,OB,OB,No-pair,wire transfer,Caceis booked the wire transfer for SD 06-12-2020. Integrata yet to book,1334730903,1334730903,4551456423,-590882299,2021-07-29
13901,,222_4551066313_CACEIS,1556876448,OB,OB,No-pair,fx wire,Caceis booked the fx wire for SD 10-15-2020. Integrata yet to book,1556876448,1556876448,4551456423,-590882299,2021-07-29
13902,,396_455822501_CACEIS,1235308297,OB,OB,No-pair,fx wire,Caceis booked the fx wire for SD 04-15-2020. Integrata yet to book,1235308297,1235308297,4551456423,-590882299,2021-07-29
13903,,644_4551232906_CACEIS,1780157071,OB,OB,No-pair,fx wire,Caceis booked the fx wire for SD 02-16-2021. Integrata yet to book,1780157071,1780157071,4551456423,-590882299,2021-07-29
13904,,68_455748445_CACEIS,1136275066,OB,OB,No-pair,fx wire,Caceis booked the fx wire for SD 02-18-2020. Integrata yet to book,1136275066,1136275066,4551456423,-590882299,2021-07-29
13905,,86_455898221_CACEIS,1334730746,OB,OB,No-pair,wire transfer,Caceis booked the wire transfer for SD 06-12-2020. Integrata yet to book,1334730746,1334730746,4551456423,-590882299,2021-07-29
13906,,26_455820754_CACEIS,1233177622,OB,OB,No-pair,fees,Caceis booked the fees for SD 04-14-2020. Integrata yet to book,1233177622,1233177622,4551456423,-590882299,2021-07-29
13907,,4_4551064383_CACEIS,1554267364,OB,OB,No-pair,wire transfer,Caceis booked the wire transfer for SD 10-14-2020. Integrata yet to book,1554267364,1554267364,4551456423,-590882299,2021-07-29
13908,,42_4551127906_CACEIS,1637981972,OB,OB,No-pair,wire transfer,Caceis booked the wire transfer for SD 11-27-2020. Integrata yet to book,1637981972,1637981972,4551456423,-590882299,2021-07-29
13909,,966_455822501_CACEIS,1235308575,OB,OB,No-pair,fx wire,Caceis booked the fx wire for SD 04-15-2020. Integrata yet to book,1235308575,1235308575,4551456423,-590882299,2021-07-29
13910,,394_455643841_CACEIS,975323466,OB,OB,No-pair,fx wire,Caceis booked the fx wire for SD 11-15-2019. Integrata yet to book,975323466,975323466,4551456423,-590882299,2021-07-29
13911,,21_455996032_CACEIS,1463186845,OB,OB,No-pair,wire transfer,Caceis booked the wire transfer for SD 06-16-2020. Integrata yet to book,1463186845,1463186845,4551456423,-590882299,2021-07-29
13912,,94_455898221_CACEIS,1334730803,OB,OB,No-pair,wire transfer,Caceis booked the wire transfer for SD 06-12-2020. Integrata yet to book,1334730803,1334730803,4551456423,-590882299,2021-07-29
13913,,513_455643841_CACEIS,975323585,OB,OB,No-pair,wire transfer,Caceis booked the wire transfer for SD 11-18-2019. Integrata yet to book,975323585,975323585,4551456423,-590882299,2021-07-29
13914,,31_4551136088_CACEIS,1649475159,OB,OB,No-pair,fx wire,Caceis booked the fx wire for SD 12-04-2020. Integrata yet to book,1649475159,1649475159,4551456423,-590882299,2021-07-29
13915,,235_4551436806_CACEIS,2049885943,OB,OB,No-pair,fx wire,Caceis booked the fx wire for SD 07-15-2021. Integrata yet to book,2049885943,2049885943,4551456423,-590882299,2021-07-29
13916,,217_4551248485_CACEIS,1800039404,OB,OB,No-pair,wire transfer,Caceis booked the wire transfer for SD 02-26-2021. Integrata yet to book,1800039404,1800039404,4551456423,-590882299,2021-07-29
13917,,91_455783582_CACEIS,1185159392,OB,OB,No-pair,fx wire,Caceis booked the fx wire for SD 03-16-2020. Integrata yet to book,1185159392,1185159392,4551456423,-590882299,2021-07-29
13918,,27_455820754_CACEIS,1233177625,OB,OB,No-pair,fees,Caceis booked the fees for SD 04-14-2020. Integrata yet to book,1233177625,1233177625,4551456423,-590882299,2021-07-29
13919,,152_455742022_CACEIS,1127725787,OB,OB,No-pair,fees,Caceis booked the fees for SD 02-12-2020. Integrata yet to book,1127725787,1127725787,4551456423,-590882299,2021-07-29
13920,,9_4551005548_CACEIS,1476092820,OB,OB,No-pair,wire transfer,Caceis booked the wire transfer for SD 08-05-2020. Integrata yet to book,1476092820,1476092820,4551456423,-590882299,2021-07-29
13921,,13_455643841_CACEIS,975323085,OB,OB,No-pair,monthend interest,Caceis booked the monthend interest for SD 10-31-2019. Integrata yet to book,975323085,975323085,4551456423,-590882299,2021-07-29
13922,,179_455590588_CACEIS,883858341,OB,OB,No-pair,fx wire,Caceis booked the fx wire for SD 10-15-2019. Integrata yet to book,883858341,883858341,4551456423,-590882299,2021-07-29
13923,,379_455590588_CACEIS,883858705,OB,OB,No-pair,fx wire,Caceis booked the fx wire for SD 10-15-2019. Integrata yet to book,883858705,883858705,4551456423,-590882299,2021-07-29
13924,,48_4551269721_CACEIS,1827473818,OB,OB,No-pair,fx wire,Caceis booked the fx wire for SD 03-15-2021. Integrata yet to book,1827473818,1827473818,4551456423,-590882299,2021-07-29
13925,,30_455820754_CACEIS,1233177635,OB,OB,No-pair,fees,Caceis booked the fees for SD 04-14-2020. Integrata yet to book,1233177635,1233177635,4551456423,-590882299,2021-07-29
13926,,163_455742022_CACEIS,1127725701,OB,OB,No-pair,fees,Caceis booked the fees for SD 02-12-2020. Integrata yet to book,1127725701,1127725701,4551456423,-590882299,2021-07-29
13927,,765_455822501_CACEIS,1235308692,OB,OB,No-pair,fx wire,Caceis booked the fx wire for SD 04-15-2020. Integrata yet to book,1235308692,1235308692,4551456423,-590882299,2021-07-29
13928,,37_4551035437_CACEIS,1516099530,OB,OB,No-pair,wire transfer,Caceis booked the wire transfer for SD 08-25-2020. Integrata yet to book,1516099530,1516099530,4551456423,-590882299,2021-07-29
13929,,23_4551068550_CACEIS,1559437447,OB,OB,No-pair,fx wire,Caceis booked the fx wire for SD 10-16-2020. Integrata yet to book,1559437447,1559437447,4551456423,-590882299,2021-07-29
13930,,55_455554115_CACEIS,824384950,OB,OB,No-pair,fx wire,Caceis booked the fx wire for SD 09-17-2019. Integrata yet to book,824384950,824384950,4551456423,-590882299,2021-07-29
13931,,330_455900053_CACEIS,1336713550,OB,OB,No-pair,fx wire,Caceis booked the fx wire for SD 06-15-2020. Integrata yet to book,1336713550,1336713550,4551456423,-590882299,2021-07-29
13932,,193_455783582_CACEIS,1185159186,OB,OB,No-pair,fx wire,Caceis booked the fx wire for SD 03-16-2020. Integrata yet to book,1185159186,1185159186,4551456423,-590882299,2021-07-29
13933,,904_455643841_CACEIS,975323976,OB,OB,No-pair,fx wire,Caceis booked the fx wire for SD 11-08-2019. Integrata yet to book,975323976,975323976,4551456423,-590882299,2021-07-29
13934,,35_4551244633_CACEIS,1795375911,OB,OB,No-pair,wire transfer,Caceis booked the wire transfer for SD 02-21-2021. Integrata yet to book,1795375911,1795375911,4551456423,-590882299,2021-07-29
13935,,963_455643841_CACEIS,975324035,OB,OB,No-pair,fx wire,Caceis booked the fx wire for SD 11-08-2019. Integrata yet to book,975324035,975324035,4551456423,-590882299,2021-07-29
13936,,218_455706635_CACEIS,1081907411,OB,OB,No-pair,fx wire,Caceis booked the fx wire for SD 01-15-2020. Integrata yet to book,1081907411,1081907411,4551456423,-590882299,2021-07-29
13937,,171_455643841_CACEIS,975323243,OB,OB,No-pair,fx wire,Caceis booked the fx wire for SD 11-08-2019. Integrata yet to book,975323243,975323243,4551456423,-590882299,2021-07-29
13938,,121_455742022_CACEIS,1127725742,OB,OB,No-pair,fees,Caceis booked the fees for SD 02-12-2020. Integrata yet to book,1127725742,1127725742,4551456423,-590882299,2021-07-29
13939,,3_455790609_CACEIS,1194036418,OB,OB,No-pair,fx wire,Caceis booked the fx wire for SD 03-20-2020. Integrata yet to book,1194036418,1194036418,4551456423,-590882299,2021-07-29
13940,,90_455846205_CACEIS,1265566776,OB,OB,No-pair,wire transfer,Caceis booked the wire transfer for SD 04-23-2020. Integrata yet to book,1265566776,1265566776,4551456423,-590882299,2021-07-29
13941,,27_455953995_CACEIS,1409848238,OB,OB,No-pair,fx wire,Caceis booked the fx wire for SD 07-24-2020. Integrata yet to book,1409848238,1409848238,4551456423,-590882299,2021-07-29
13942,,604_455643841_CACEIS,975323676,OB,OB,No-pair,wire transfer,Caceis booked the wire transfer for SD 11-18-2019. Integrata yet to book,975323676,975323676,4551456423,-590882299,2021-07-29
13943,,161_455742022_CACEIS,1127725668,OB,OB,No-pair,fees,Caceis booked the fees for SD 02-12-2020. Integrata yet to book,1127725668,1127725668,4551456423,-590882299,2021-07-29
13944,,66_455688261_CACEIS,1053516735,OB,OB,No-pair,wire transfer,Caceis booked the wire transfer for SD 12-31-2019. Integrata yet to book,1053516735,1053516735,4551456423,-590882299,2021-07-29
13945,,374_4551232906_CACEIS,1780156785,OB,OB,No-pair,fx wire,Caceis booked the fx wire for SD 02-16-2021. Integrata yet to book,1780156785,1780156785,4551456423,-590882299,2021-07-29
13946,,3_4551136088_CACEIS,1649475118,OB,OB,No-pair,fx wire,Caceis booked the fx wire for SD 12-04-2020. Integrata yet to book,1649475118,1649475118,4551456423,-590882299,2021-07-29
13947,,1298_455643841_CACEIS,975324370,OB,OB,No-pair,fx wire,Caceis booked the fx wire for SD 11-15-2019. Integrata yet to book,975324370,975324370,4551456423,-590882299,2021-07-29
13948,,164_455742022_CACEIS,1127725662,OB,OB,No-pair,fees,Caceis booked the fees for SD 02-12-2020. Integrata yet to book,1127725662,1127725662,4551456423,-590882299,2021-07-29
13949,,49_455643841_CACEIS,975323121,OB,OB,No-pair,fx wire,Caceis booked the fx wire for SD 11-01-2019. Integrata yet to book,975323121,975323121,4551456423,-590882299,2021-07-29
13950,,33_455879764_CACEIS,1309543742,OB,OB,No-pair,monthend interest,Caceis booked the monthend interest for SD 06-01-2020. Integrata yet to book,1309543742,1309543742,4551456423,-590882299,2021-07-29
13951,,290_455748445_CACEIS,1136275288,OB,OB,No-pair,fx wire,Caceis booked the fx wire for SD 02-18-2020. Integrata yet to book,1136275288,1136275288,4551456423,-590882299,2021-07-29
13952,,15_455416215_CACEIS,599999240,OB,OB,No-pair,wire transfer,Caceis booked the wire transfer for SD 05-24-2019. Integrata yet to book,599999240,599999240,4551456423,-590882299,2021-07-29
13953,,940_455643841_CACEIS,975324012,OB,OB,No-pair,fx wire,Caceis booked the fx wire for SD 11-01-2019. Integrata yet to book,975324012,975324012,4551456423,-590882299,2021-07-29
13954,,70_455688261_CACEIS,1053516752,OB,OB,No-pair,wire transfer,Caceis booked the wire transfer for SD 12-31-2019. Integrata yet to book,1053516752,1053516752,4551456423,-590882299,2021-07-29
13955,,30_4551171343_CACEIS,1696929204,OB,OB,No-pair,monthend interest,Caceis booked the monthend interest for SD 01-01-2021. Integrata yet to book,1696929204,1696929204,4551456423,-590882299,2021-07-29
13956,,5_4551064383_CACEIS,1554267365,OB,OB,No-pair,wire transfer,Caceis booked the wire transfer for SD 10-14-2020. Integrata yet to book,1554267365,1554267365,4551456423,-590882299,2021-07-29
13957,,18_455978912_CACEIS,1441832105,OB,OB,No-pair,fees,Caceis booked the fees for SD 08-12-2020. Integrata yet to book,1441832105,1441832105,4551456423,-590882299,2021-07-29
13958,,103_455898221_CACEIS,1334730885,OB,OB,No-pair,wire transfer,Caceis booked the wire transfer for SD 06-12-2020. Integrata yet to book,1334730885,1334730885,4551456423,-590882299,2021-07-29
13959,,19_455424626_CACEIS,610989029,OB,OB,No-pair,monthend interest,Caceis booked the monthend interest for SD 06-01-2019. Integrata yet to book,610989029,610989029,4551456423,-590882299,2021-07-29
13960,,133_455742022_CACEIS,1127725718,OB,OB,No-pair,wire transfer,Caceis booked the wire transfer for SD 02-12-2020. Integrata yet to book,1127725718,1127725718,4551456423,-590882299,2021-07-29
13961,,394_455590588_CACEIS,883858610,OB,OB,No-pair,fx wire,Caceis booked the fx wire for SD 10-15-2019. Integrata yet to book,883858610,883858610,4551456423,-590882299,2021-07-29
13962,,14_4551271705_CACEIS,1830184041,OB,OB,No-pair,proceeds sell,Caceis booked the proceeds sell for SD 03-16-2021. Integrata yet to book,1830184041,1830184041,4551456423,-590882299,2021-07-29
13963,,211_4551248485_CACEIS,1800039478,OB,OB,No-pair,wire transfer,Caceis booked the wire transfer for SD 02-26-2021. Integrata yet to book,1800039478,1800039478,4551456423,-590882299,2021-07-29
13964,,75_455898221_CACEIS,1334730874,OB,OB,No-pair,wire transfer,Caceis booked the wire transfer for SD 06-12-2020. Integrata yet to book,1334730874,1334730874,4551456423,-590882299,2021-07-29
13965,,22_455688261_CACEIS,1053516662,OB,OB,No-pair,monthend interest,Caceis booked the monthend interest for SD 01-01-2020. Integrata yet to book,1053516662,1053516662,4551456423,-590882299,2021-07-29
13966,,745_455862625_CACEIS,1287005080,OB,OB,No-pair,fx wire,Caceis booked the fx wire for SD 05-15-2020. Integrata yet to book,1287005080,1287005080,4551456423,-590882299,2021-07-29
13967,,727_455862625_CACEIS,1287005012,OB,OB,No-pair,fx wire,Caceis booked the fx wire for SD 05-15-2020. Integrata yet to book,1287005012,1287005012,4551456423,-590882299,2021-07-29
13968,,28_455963450_CACEIS,1421777811,OB,OB,No-pair,monthend interest,Caceis booked the monthend interest for SD 08-01-2020. Integrata yet to book,1421777811,1421777811,4551456423,-590882299,2021-07-29
13969,,3_4551171343_CACEIS,1696929167,OB,OB,No-pair,monthend interest,Caceis booked the monthend interest for SD 01-01-2021. Integrata yet to book,1696929167,1696929167,4551456423,-590882299,2021-07-29
13970,,168_455706635_CACEIS,1081907509,OB,OB,No-pair,fx wire,Caceis booked the fx wire for SD 01-15-2020. Integrata yet to book,1081907509,1081907509,4551456423,-590882299,2021-07-29
13971,,770_455862625_CACEIS,1287005242,OB,OB,No-pair,fx wire,Caceis booked the fx wire for SD 05-15-2020. Integrata yet to book,1287005242,1287005242,4551456423,-590882299,2021-07-29
13972,,2_323468_CACEIS,464158707,OB,OB,No-pair,fees,Caceis booked the fees for SD 03-06-2019. Integrata yet to book,464158707,464158707,4551456423,-590882299,2021-07-29
13973,,754_455862625_CACEIS,1287005102,OB,OB,No-pair,fx wire,Caceis booked the fx wire for SD 05-15-2020. Integrata yet to book,1287005102,1287005102,4551456423,-590882299,2021-07-29
13974,,25_4551171343_CACEIS,1696929186,OB,OB,No-pair,monthend interest,Caceis booked the monthend interest for SD 01-01-2021. Integrata yet to book,1696929186,1696929186,4551456423,-590882299,2021-07-29
13975,,52_4551068550_CACEIS,1559437440,OB,OB,No-pair,fx wire,Caceis booked the fx wire for SD 10-16-2020. Integrata yet to book,1559437440,1559437440,4551456423,-590882299,2021-07-29
13976,,287_455900053_CACEIS,1336713847,OB,OB,No-pair,fx wire,Caceis booked the fx wire for SD 06-15-2020. Integrata yet to book,1336713847,1336713847,4551456423,-590882299,2021-07-29
13977,,784_455862625_CACEIS,1287005025,OB,OB,No-pair,fx wire,Caceis booked the fx wire for SD 05-15-2020. Integrata yet to book,1287005025,1287005025,4551456423,-590882299,2021-07-29
13978,,502_455643841_CACEIS,975323574,OB,OB,No-pair,fx wire,Caceis booked the fx wire for SD 11-15-2019. Integrata yet to book,975323574,975323574,4551456423,-590882299,2021-07-29
13979,,99_455900053_CACEIS,1336713299,OB,OB,No-pair,fx wire,Caceis booked the fx wire for SD 06-15-2020. Integrata yet to book,1336713299,1336713299,4551456423,-590882299,2021-07-29
13980,,225_4551248485_CACEIS,1800039515,OB,OB,No-pair,wire transfer,Caceis booked the wire transfer for SD 02-26-2021. Integrata yet to book,1800039515,1800039515,4551456423,-590882299,2021-07-29
13981,,5_4551419402_CACEIS,2029730701,OB,OB,No-pair,wire transfer,Caceis booked the wire transfer for SD 07-01-2021. Integrata yet to book,2029730701,2029730701,4551456423,-590882299,2021-07-29
13982,,67_455898221_CACEIS,1334730807,OB,OB,No-pair,wire transfer,Caceis booked the wire transfer for SD 06-12-2020. Integrata yet to book,1334730807,1334730807,4551456423,-590882299,2021-07-29
13983,,702_455862625_CACEIS,1287005213,OB,OB,No-pair,fx wire,Caceis booked the fx wire for SD 05-15-2020. Integrata yet to book,1287005213,1287005213,4551456423,-590882299,2021-07-29
13984,,16_455688261_CACEIS,1053516795,OB,OB,No-pair,proceeds sell,Caceis booked the proceeds sell for SD 12-31-2019. Integrata yet to book,1053516795,1053516795,4551456423,-590882299,2021-07-29
13985,,74_455706635_CACEIS,1081907351,OB,OB,No-pair,fx wire,Caceis booked the fx wire for SD 01-15-2020. Integrata yet to book,1081907351,1081907351,4551456423,-590882299,2021-07-29
13986,,166_455742022_CACEIS,1127725740,OB,OB,No-pair,wire transfer,Caceis booked the wire transfer for SD 02-12-2020. Integrata yet to book,1127725740,1127725740,4551456423,-590882299,2021-07-29
13987,,15_455978912_CACEIS,1441832263,OB,OB,No-pair,fees,Caceis booked the fees for SD 08-12-2020. Integrata yet to book,1441832263,1441832263,4551456423,-590882299,2021-07-29
13988,,40_455977022_CACEIS,1439406723,OB,OB,No-pair,fees,Caceis booked the fees for SD 06-10-2020. Integrata yet to book,1439406723,1439406723,4551456423,-590882299,2021-07-29
13989,,497_4551066313_CACEIS,1556876786,OB,OB,No-pair,fx wire,Caceis booked the fx wire for SD 10-15-2020. Integrata yet to book,1556876786,1556876786,4551456423,-590882299,2021-07-29
13990,,53_4551136088_CACEIS,1649475117,OB,OB,No-pair,fx wire,Caceis booked the fx wire for SD 12-04-2020. Integrata yet to book,1649475117,1649475117,4551456423,-590882299,2021-07-29
13991,,194_455985296_CACEIS,1449581853,OB,OB,No-pair,fx wire,Caceis booked the fx wire for SD 08-17-2020. Integrata yet to book,1449581853,1449581853,4551456423,-590882299,2021-07-29
13992,,123_4551354754_CACEIS,1942399530,OB,OB,No-pair,fx wire,Caceis booked the fx wire for SD 05-17-2021. Integrata yet to book,1942399530,1942399530,4551456423,-590882299,2021-07-29
13993,,114_4551248485_CACEIS,1800039519,OB,OB,No-pair,fx wire,Caceis booked the fx wire for SD 02-26-2021. Integrata yet to book,1800039519,1800039519,4551456423,-590882299,2021-07-29
13994,,735_455643841_CACEIS,975323807,OB,OB,No-pair,fx wire,Caceis booked the fx wire for SD 11-18-2019. Integrata yet to book,975323807,975323807,4551456423,-590882299,2021-07-29
13995,,6_323468_CACEIS,464158709,OB,OB,No-pair,fees,Caceis booked the fees for SD 03-06-2019. Integrata yet to book,464158709,464158709,4551456423,-590882299,2021-07-29
13996,,114_455898221_CACEIS,1334730712,OB,OB,No-pair,wire transfer,Caceis booked the wire transfer for SD 06-12-2020. Integrata yet to book,1334730712,1334730712,4551456423,-590882299,2021-07-29
13997,,219_4551248485_CACEIS,1800039412,OB,OB,No-pair,wire transfer,Caceis booked the wire transfer for SD 02-26-2021. Integrata yet to book,1800039412,1800039412,4551456423,-590882299,2021-07-29
13998,,329_455706635_CACEIS,1081907633,OB,OB,No-pair,fx wire,Caceis booked the fx wire for SD 01-15-2020. Integrata yet to book,1081907633,1081907633,4551456423,-590882299,2021-07-29
13999,,159_455742022_CACEIS,1127725697,OB,OB,No-pair,wire transfer,Caceis booked the wire transfer for SD 02-12-2020. Integrata yet to book,1127725697,1127725697,4551456423,-590882299,2021-07-29
14000,,74_4551125930_CACEIS,1635426551,OB,OB,No-pair,fx wire,Caceis booked the fx wire for SD 11-27-2020. Integrata yet to book,1635426551,1635426551,4551456423,-590882299,2021-07-29
14001,,189_4551354754_CACEIS,1942399555,OB,OB,No-pair,wire transfer,Caceis booked the wire transfer for SD 05-17-2021. Integrata yet to book,1942399555,1942399555,4551456423,-590882299,2021-07-29
14002,,21_267975_CACEIS,368747225,OB,OB,No-pair,fx wire,Caceis booked the fx wire for SD 01-15-2019. Integrata yet to book,368747225,368747225,4551456423,-590882299,2021-07-29
14003,,1378_455643841_CACEIS,975324450,OB,OB,No-pair,fx wire,Caceis booked the fx wire for SD 11-15-2019. Integrata yet to book,975324450,975324450,4551456423,-590882299,2021-07-29
14004,,11_455842390_CACEIS,1260634968,OB,OB,No-pair,monthend interest,Caceis booked the monthend interest for SD 05-01-2020. Integrata yet to book,1260634968,1260634968,4551456423,-590882299,2021-07-29
14005,,48_455803095_CACEIS,1210223539,OB,OB,No-pair,monthend interest,Caceis booked the monthend interest for SD 04-01-2020. Integrata yet to book,1210223539,1210223539,4551456423,-590882299,2021-07-29
14006,,51_267975_CACEIS,368747271,OB,OB,No-pair,fx wire,Caceis booked the fx wire for SD 01-15-2019. Integrata yet to book,368747271,368747271,4551456423,-590882299,2021-07-29
14007,,725_455822501_CACEIS,1235308552,OB,OB,No-pair,fx wire,Caceis booked the fx wire for SD 04-15-2020. Integrata yet to book,1235308552,1235308552,4551456423,-590882299,2021-07-29
14008,,14_294330_CACEIS,412596779,OB,OB,No-pair,fees,Caceis booked the fees for SD 02-07-2019. Integrata yet to book,412596779,412596779,4551456423,-590882299,2021-07-29
14009,,350_455643841_CACEIS,975323422,OB,OB,No-pair,fx wire,Caceis booked the fx wire for SD 11-15-2019. Integrata yet to book,975323422,975323422,4551456423,-590882299,2021-07-29
14010,,23_4551197321_CACEIS,1730233495,OB,OB,No-pair,wire transfer,Caceis booked the wire transfer for SD 01-20-2021. Integrata yet to book,1730233495,1730233495,4551456423,-590882299,2021-07-29
14011,,8_323468_CACEIS,464158710,OB,OB,No-pair,fees,Caceis booked the fees for SD 03-06-2019. Integrata yet to book,464158710,464158710,4551456423,-590882299,2021-07-29
14012,,447_4551149959_CACEIS,1667623239,OB,OB,No-pair,fx wire,Caceis booked the fx wire for SD 12-15-2020. Integrata yet to book,1667623239,1667623239,4551456423,-590882299,2021-07-29
14013,,23_4551182476_CACEIS,1710215350,OB,OB,No-pair,fx wire,Caceis booked the fx wire for SD 01-08-2021. Integrata yet to book,1710215350,1710215350,4551456423,-590882299,2021-07-29
14014,,377_4551023983_CACEIS,1500214179,OB,OB,No-pair,fx wire,Caceis booked the fx wire for SD 09-15-2020. Integrata yet to book,1500214179,1500214179,4551456423,-590882299,2021-07-29
14015,,5_4551026197_CACEIS,1503283512,OB,OB,No-pair,proceeds sell,Caceis booked the proceeds sell for SD 09-16-2020. Integrata yet to book,1503283512,1503283512,4551456423,-590882299,2021-07-29
14016,,372_4551066313_CACEIS,1556876537,OB,OB,No-pair,fx wire,Caceis booked the fx wire for SD 10-15-2020. Integrata yet to book,1556876537,1556876537,4551456423,-590882299,2021-07-29
14017,,140_455742022_CACEIS,1127725679,OB,OB,No-pair,wire transfer,Caceis booked the wire transfer for SD 02-12-2020. Integrata yet to book,1127725679,1127725679,4551456423,-590882299,2021-07-29
14018,,350_455590588_CACEIS,883858714,OB,OB,No-pair,fx wire,Caceis booked the fx wire for SD 10-15-2019. Integrata yet to book,883858714,883858714,4551456423,-590882299,2021-07-29
14019,,77_455822501_CACEIS,1235307920,OB,OB,No-pair,fx wire,Caceis booked the fx wire for SD 04-15-2020. Integrata yet to book,1235307920,1235307920,4551456423,-590882299,2021-07-29
14020,,1271_455643841_CACEIS,975324343,OB,OB,No-pair,fx wire,Caceis booked the fx wire for SD 11-15-2019. Integrata yet to book,975324343,975324343,4551456423,-590882299,2021-07-29
14021,,444_4551191593_CACEIS,1722905463,OB,OB,No-pair,fx wire,Caceis booked the fx wire for SD 01-15-2021. Integrata yet to book,1722905463,1722905463,4551456423,-590882299,2021-07-29
14022,,7_455777858_CACEIS,1177395720,OB,OB,No-pair,fees,Caceis booked the fees for SD 03-11-2020. Integrata yet to book,1177395720,1177395720,4551456423,-590882299,2021-07-29
14023,,125_4551232906_CACEIS,1780156478,OB,OB,No-pair,fx wire,Caceis booked the fx wire for SD 02-16-2021. Integrata yet to book,1780156478,1780156478,4551456423,-590882299,2021-07-29
14024,,4_323468_CACEIS,464158705,OB,OB,No-pair,fees,Caceis booked the fees for SD 03-06-2019. Integrata yet to book,464158705,464158705,4551456423,-590882299,2021-07-29
14025,,172_455590588_CACEIS,883858403,OB,OB,No-pair,fx wire,Caceis booked the fx wire for SD 10-15-2019. Integrata yet to book,883858403,883858403,4551456423,-590882299,2021-07-29
14026,,400_4551232906_CACEIS,1780156801,OB,OB,No-pair,fx wire,Caceis booked the fx wire for SD 02-16-2021. Integrata yet to book,1780156801,1780156801,4551456423,-590882299,2021-07-29
14027,,10_455777858_CACEIS,1177395732,OB,OB,No-pair,fees,Caceis booked the fees for SD 03-11-2020. Integrata yet to book,1177395732,1177395732,4551456423,-590882299,2021-07-29
14028,,15_455753887_CACEIS,1143364783,OB,OB,No-pair,fx wire,Caceis booked the fx wire for SD 02-21-2020. Integrata yet to book,1143364783,1143364783,4551456423,-590882299,2021-07-29
14029,,7_4551003590_CACEIS,1473425963,OB,OB,No-pair,monthend interest,Caceis booked the monthend interest for SD 09-01-2020. Integrata yet to book,1473425963,1473425963,4551456423,-590882299,2021-07-29
14030,,33_455667500_CACEIS,1017540716,OB,OB,No-pair,fees,Caceis booked the fees for SD 12-12-2019. Integrata yet to book,1017540716,1017540716,4551456423,-590882299,2021-07-29
14031,,1_4551347247_CACEIS,1931198817,OB,OB,No-pair,wire transfer,Caceis booked the wire transfer for SD 05-11-2021. Integrata yet to book,1931198817,1931198817,4551456423,-590882299,2021-07-29
14032,,115_455742022_CACEIS,1127725670,OB,OB,No-pair,wire transfer,Caceis booked the wire transfer for SD 02-12-2020. Integrata yet to book,1127725670,1127725670,4551456423,-590882299,2021-07-29
14033,,14_4551097416_CACEIS,1597270344,OB,OB,No-pair,fx wire,Caceis booked the fx wire for SD 11-06-2020. Integrata yet to book,1597270344,1597270344,4551456423,-590882299,2021-07-29
14034,,55_455907521_CACEIS,1347197192,OB,OB,No-pair,fx wire,Caceis booked the fx wire for SD 06-19-2020. Integrata yet to book,1347197192,1347197192,4551456423,-590882299,2021-07-29
14035,,176_4551232906_CACEIS,1780156481,OB,OB,No-pair,fx wire,Caceis booked the fx wire for SD 02-16-2021. Integrata yet to book,1780156481,1780156481,4551456423,-590882299,2021-07-29
14036,,531_4551109218_CACEIS,1613287143,OB,OB,No-pair,fx wire,Caceis booked the fx wire for SD 11-16-2020. Integrata yet to book,1613287143,1613287143,4551456423,-590882299,2021-07-29
14037,,1358_455643841_CACEIS,975324430,OB,OB,No-pair,fx wire,Caceis booked the fx wire for SD 11-15-2019. Integrata yet to book,975324430,975324430,4551456423,-590882299,2021-07-29
14038,,95_4551220415_CACEIS,1761956034,OB,OB,No-pair,fx wire,Caceis booked the fx wire for SD 02-05-2021. Integrata yet to book,1761956034,1761956034,4551456423,-590882299,2021-07-29
14039,,34_455706635_CACEIS,1081907278,OB,OB,No-pair,fx wire,Caceis booked the fx wire for SD 01-15-2020. Integrata yet to book,1081907278,1081907278,4551456423,-590882299,2021-07-29
14040,,9_323468_CACEIS,464158711,OB,OB,No-pair,fees,Caceis booked the fees for SD 03-06-2019. Integrata yet to book,464158711,464158711,4551456423,-590882299,2021-07-29
14041,,53_455590588_CACEIS,883858327,OB,OB,No-pair,fx wire,Caceis booked the fx wire for SD 10-15-2019. Integrata yet to book,883858327,883858327,4551456423,-590882299,2021-07-29
14042,,10_4551322707_CACEIS,1895726829,OB,OB,No-pair,wire transfer,Caceis booked the wire transfer for SD 04-22-2021. Integrata yet to book,1895726829,1895726829,4551456423,-590882299,2021-07-29
14043,,19_4551042956_CACEIS,1525553092,OB,OB,No-pair,wire transfer,Caceis booked the wire transfer for SD 09-22-2020. Integrata yet to book,1525553092,1525553092,4551456423,-590882299,2021-07-29
14044,,153_455742022_CACEIS,1127725707,OB,OB,No-pair,wire transfer,Caceis booked the wire transfer for SD 02-12-2020. Integrata yet to book,1127725707,1127725707,4551456423,-590882299,2021-07-29
14045,,93_455898221_CACEIS,1334730789,OB,OB,No-pair,wire transfer,Caceis booked the wire transfer for SD 06-12-2020. Integrata yet to book,1334730789,1334730789,4551456423,-590882299,2021-07-29
14046,,858_455822501_CACEIS,1235307705,OB,OB,No-pair,fx wire,Caceis booked the fx wire for SD 04-15-2020. Integrata yet to book,1235307705,1235307705,4551456423,-590882299,2021-07-29
14047,,14_455874345_CACEIS,1302176823,OB,OB,No-pair,wire transfer,Caceis booked the wire transfer for SD 05-26-2020. Integrata yet to book,1302176823,1302176823,4551456423,-590882299,2021-07-29
14048,,70_455898221_CACEIS,1334730832,OB,OB,No-pair,wire transfer,Caceis booked the wire transfer for SD 06-12-2020. Integrata yet to book,1334730832,1334730832,4551456423,-590882299,2021-07-29
14049,,345_4551232906_CACEIS,1780156651,OB,OB,No-pair,fx wire,Caceis booked the fx wire for SD 02-16-2021. Integrata yet to book,1780156651,1780156651,4551456423,-590882299,2021-07-29
14050,,286_455900053_CACEIS,1336713811,OB,OB,No-pair,fx wire,Caceis booked the fx wire for SD 06-15-2020. Integrata yet to book,1336713811,1336713811,4551456423,-590882299,2021-07-29
14051,,56_455516633_CACEIS,760048526,OB,OB,No-pair,fx wire,Caceis booked the fx wire for SD 08-16-2019. Integrata yet to book,760048526,760048526,4551456423,-590882299,2021-07-29
14052,,58_455590588_CACEIS,883858325,OB,OB,No-pair,fx wire,Caceis booked the fx wire for SD 10-15-2019. Integrata yet to book,883858325,883858325,4551456423,-590882299,2021-07-29
14053,,332_4551354754_CACEIS,1942399737,OB,OB,No-pair,proceeds sell,Caceis booked the proceeds sell for SD 05-17-2021. Integrata yet to book,1942399737,1942399737,4551456423,-590882299,2021-07-29
14054,,25_455820754_CACEIS,1233177688,OB,OB,No-pair,wire transfer,Caceis booked the wire transfer for SD 04-03-2020. Integrata yet to book,1233177688,1233177688,4551456423,-590882299,2021-07-29
14055,,89_4551436806_CACEIS,2049885898,OB,OB,No-pair,fx wire,Caceis booked the fx wire for SD 07-15-2021. Integrata yet to book,2049885898,2049885898,4551456423,-590882299,2021-07-29
14056,,733_455643841_CACEIS,975323805,OB,OB,No-pair,monthend interest,Caceis booked the monthend interest for SD 10-31-2019. Integrata yet to book,975323805,975323805,4551456423,-590882299,2021-07-29
14057,,13_4551087502_CACEIS,1584326628,OB,OB,No-pair,monthend interest,Caceis booked the monthend interest for SD 11-01-2020. Integrata yet to book,1584326628,1584326628,4551456423,-590882299,2021-07-29
14058,,242_4551248485_CACEIS,1800039546,OB,OB,No-pair,fx wire,Caceis booked the fx wire for SD 02-26-2021. Integrata yet to book,1800039546,1800039546,4551456423,-590882299,2021-07-29
14059,,7_455892672_CACEIS,1327457336,OB,OB,No-pair,proceeds sell,Caceis booked the proceeds sell for SD 06-09-2020. Integrata yet to book,1327457336,1327457336,4551456423,-590882299,2021-07-29
14060,,1334_455643841_CACEIS,975324406,OB,OB,No-pair,fx wire,Caceis booked the fx wire for SD 11-15-2019. Integrata yet to book,975324406,975324406,4551456423,-590882299,2021-07-29
14061,,367_4551023983_CACEIS,1500214214,OB,OB,No-pair,fx wire,Caceis booked the fx wire for SD 09-15-2020. Integrata yet to book,1500214214,1500214214,4551456423,-590882299,2021-07-29
14062,,81_455978912_CACEIS,1441832176,OB,OB,No-pair,wire transfer,Caceis booked the wire transfer for SD 08-12-2020. Integrata yet to book,1441832176,1441832176,4551456423,-590882299,2021-07-29
14063,,380_455862625_CACEIS,1287003797,OB,OB,No-pair,fx wire,Caceis booked the fx wire for SD 05-15-2020. Integrata yet to book,1287003797,1287003797,4551456423,-590882299,2021-07-29
14064,,99_455898221_CACEIS,1334730863,OB,OB,No-pair,wire transfer,Caceis booked the wire transfer for SD 06-12-2020. Integrata yet to book,1334730863,1334730863,4551456423,-590882299,2021-07-29
14065,,149_455742022_CACEIS,1127725778,OB,OB,No-pair,fees,Caceis booked the fees for SD 02-12-2020. Integrata yet to book,1127725778,1127725778,4551456423,-590882299,2021-07-29
14066,,45_455669415_CACEIS,1020661745,OB,OB,No-pair,fx wire,Caceis booked the fx wire for SD 12-16-2019. Integrata yet to book,1020661745,1020661745,4551456423,-590882299,2021-07-29
14067,,36_349816_CACEIS,505077802,OB,OB,No-pair,monthend interest,Caceis booked the monthend interest for SD 04-01-2019. Integrata yet to book,505077802,505077802,4551456423,-590882299,2021-07-29
14068,,8_455697538_CACEIS,1069441613,OB,OB,No-pair,proceeds sell,Caceis booked the proceeds sell for SD 01-08-2020. Integrata yet to book,1069441613,1069441613,4551456423,-590882299,2021-07-29
14069,,12_4551373621_CACEIS,1970229493,OB,OB,No-pair,monthend interest,Caceis booked the monthend interest for SD 06-01-2021. Integrata yet to book,1970229493,1970229493,4551456423,-590882299,2021-07-29
14070,,96_455898221_CACEIS,1334730829,OB,OB,No-pair,wire transfer,Caceis booked the wire transfer for SD 06-12-2020. Integrata yet to book,1334730829,1334730829,4551456423,-590882299,2021-07-29
14071,,137_455742022_CACEIS,1127725772,OB,OB,No-pair,fees,Caceis booked the fees for SD 02-12-2020. Integrata yet to book,1127725772,1127725772,4551456423,-590882299,2021-07-29
14072,,312_455706635_CACEIS,1081907693,OB,OB,No-pair,fx wire,Caceis booked the fx wire for SD 01-15-2020. Integrata yet to book,1081907693,1081907693,4551456423,-590882299,2021-07-29
14073,,7_455697538_CACEIS,1069441612,OB,OB,No-pair,fx wire,Caceis booked the fx wire for SD 01-08-2020. Integrata yet to book,1069441612,1069441612,4551456423,-590882299,2021-07-29
14074,,338_455590588_CACEIS,883858447,OB,OB,No-pair,fx wire,Caceis booked the fx wire for SD 10-15-2019. Integrata yet to book,883858447,883858447,4551456423,-590882299,2021-07-29
14075,,1_455685901_CACEIS,1047557771,OB,OB,No-pair,wire transfer,Caceis booked the wire transfer for SD 12-30-2019. Integrata yet to book,1047557771,1047557771,4551456423,-590882299,2021-07-29
14076,,84_455898221_CACEIS,1334730724,OB,OB,No-pair,wire transfer,Caceis booked the wire transfer for SD 06-12-2020. Integrata yet to book,1334730724,1334730724,4551456423,-590882299,2021-07-29
14077,,174_455669415_CACEIS,1020661890,OB,OB,No-pair,fx wire,Caceis booked the fx wire for SD 12-16-2019. Integrata yet to book,1020661890,1020661890,4551456423,-590882299,2021-07-29
14078,,47_455803095_CACEIS,1210223535,OB,OB,No-pair,monthend interest,Caceis booked the monthend interest for SD 04-01-2020. Integrata yet to book,1210223535,1210223535,4551456423,-590882299,2021-07-29
14079,,459_4551066313_CACEIS,1556876617,OB,OB,No-pair,fx wire,Caceis booked the fx wire for SD 10-15-2020. Integrata yet to book,1556876617,1556876617,4551456423,-590882299,2021-07-29
14080,,1420_455643841_CACEIS,975324492,OB,OB,No-pair,fx wire,Caceis booked the fx wire for SD 11-15-2019. Integrata yet to book,975324492,975324492,4551456423,-590882299,2021-07-29
14081,,72_455898221_CACEIS,1334730844,OB,OB,No-pair,wire transfer,Caceis booked the wire transfer for SD 06-12-2020. Integrata yet to book,1334730844,1334730844,4551456423,-590882299,2021-07-29
14082,,2_455610697_CACEIS,917943266,OB,OB,No-pair,fx wire,Caceis booked the fx wire for SD 10-18-2019. Integrata yet to book,917943266,917943266,4551456423,-590882299,2021-07-29
14083,,155_4551184426_CACEIS,1712749769,OB,OB,No-pair,fees,Caceis booked the fees for SD 01-11-2021. Integrata yet to book,1712749769,1712749769,4551456423,-590882299,2021-07-29
14084,,910_455643841_CACEIS,975323982,OB,OB,No-pair,fx wire,Caceis booked the fx wire for SD 11-08-2019. Integrata yet to book,975323982,975323982,4551456423,-590882299,2021-07-29
14085,,442_4551066313_CACEIS,1556876660,OB,OB,No-pair,fx wire,Caceis booked the fx wire for SD 10-15-2020. Integrata yet to book,1556876660,1556876660,4551456423,-590882299,2021-07-29
14086,,345_4551023983_CACEIS,1500214108,OB,OB,No-pair,fx wire,Caceis booked the fx wire for SD 09-15-2020. Integrata yet to book,1500214108,1500214108,4551456423,-590882299,2021-07-29
14087,,112_455900053_CACEIS,1336713300,OB,OB,No-pair,fx wire,Caceis booked the fx wire for SD 06-15-2020. Integrata yet to book,1336713300,1336713300,4551456423,-590882299,2021-07-29
14088,,6_4551151852_CACEIS,1670070722,OB,OB,No-pair,wire transfer,Caceis booked the wire transfer for SD 12-16-2020. Integrata yet to book,1670070722,1670070722,4551456423,-590882299,2021-07-29
14089,,14_455920273_CACEIS,1364559755,OB,OB,No-pair,monthend interest,Caceis booked the monthend interest for SD 07-01-2020. Integrata yet to book,1364559755,1364559755,4551456423,-590882299,2021-07-29
14090,,13_455570278_CACEIS,849574829,OB,OB,No-pair,monthend interest,Caceis booked the monthend interest for SD 10-01-2019. Integrata yet to book,849574829,849574829,4551456423,-590882299,2021-07-29
14091,,78_455898221_CACEIS,1334730894,OB,OB,No-pair,wire transfer,Caceis booked the wire transfer for SD 06-12-2020. Integrata yet to book,1334730894,1334730894,4551456423,-590882299,2021-07-29
14092,,39_4551060531_CACEIS,1548950646,OB,OB,No-pair,wire transfer,Caceis booked the wire transfer for SD 10-07-2020. Integrata yet to book,1548950646,1548950646,4551456423,-590882299,2021-07-29
14093,,79_4551269721_CACEIS,1827473832,OB,OB,No-pair,fx wire,Caceis booked the fx wire for SD 03-15-2021. Integrata yet to book,1827473832,1827473832,4551456423,-590882299,2021-07-29
14094,,127_4551184426_CACEIS,1712749759,OB,OB,No-pair,fees,Caceis booked the fees for SD 01-11-2021. Integrata yet to book,1712749759,1712749759,4551456423,-590882299,2021-07-29
14095,,1376_455643841_CACEIS,975324448,OB,OB,No-pair,fx wire,Caceis booked the fx wire for SD 11-15-2019. Integrata yet to book,975324448,975324448,4551456423,-590882299,2021-07-29
14096,,109_455898221_CACEIS,1334730902,OB,OB,No-pair,wire transfer,Caceis booked the wire transfer for SD 06-12-2020. Integrata yet to book,1334730902,1334730902,4551456423,-590882299,2021-07-29
14097,,799_455822501_CACEIS,1235308801,OB,OB,No-pair,fx wire,Caceis booked the fx wire for SD 04-15-2020. Integrata yet to book,1235308801,1235308801,4551456423,-590882299,2021-07-29
14098,,67_455900053_CACEIS,1336713289,OB,OB,No-pair,fx wire,Caceis booked the fx wire for SD 06-15-2020. Integrata yet to book,1336713289,1336713289,4551456423,-590882299,2021-07-29
14099,,1312_455643841_CACEIS,975324384,OB,OB,No-pair,fx wire,Caceis booked the fx wire for SD 11-15-2019. Integrata yet to book,975324384,975324384,4551456423,-590882299,2021-07-29
14100,,934_455643841_CACEIS,975324006,OB,OB,No-pair,fx wire,Caceis booked the fx wire for SD 11-01-2019. Integrata yet to book,975324006,975324006,4551456423,-590882299,2021-07-29
14101,,11_455408517_CACEIS,589855181,OB,OB,No-pair,fx wire,Caceis booked the fx wire for SD 05-17-2019. Integrata yet to book,589855181,589855181,4551456423,-590882299,2021-07-29
14102,,82_455940640_CACEIS,1391596031,OB,OB,No-pair,fx wire,Caceis booked the fx wire for SD 07-15-2020. Integrata yet to book,1391596031,1391596031,4551456423,-590882299,2021-07-29
14103,,699_455643841_CACEIS,975323771,OB,OB,No-pair,monthend interest,Caceis booked the monthend interest for SD 10-31-2019. Integrata yet to book,975323771,975323771,4551456423,-590882299,2021-07-29
14104,,244_4551354754_CACEIS,1942399642,OB,OB,No-pair,fx wire,Caceis booked the fx wire for SD 05-17-2021. Integrata yet to book,1942399642,1942399642,4551456423,-590882299,2021-07-29
14105,,6_455914788_CACEIS,1356802606,OB,OB,No-pair,proceeds sell,Caceis booked the proceeds sell for SD 06-22-2020. Integrata yet to book,1356802606,1356802606,4551456423,-590882299,2021-07-29
14106,,16_455982783_CACEIS,1446488997,OB,OB,No-pair,fx wire,Caceis booked the fx wire for SD 08-14-2020. Integrata yet to book,1446488997,1446488997,4551456423,-590882299,2021-07-29
14107,,512_455862625_CACEIS,1287003830,OB,OB,No-pair,fx wire,Caceis booked the fx wire for SD 05-15-2020. Integrata yet to book,1287003830,1287003830,4551456423,-590882299,2021-07-29
14108,,16_4551362459_CACEIS,1953424886,OB,OB,No-pair,fx wire,Caceis booked the fx wire for SD 05-21-2021. Integrata yet to book,1953424886,1953424886,4551456423,-590882299,2021-07-29
14109,,41_455940640_CACEIS,1391595946,OB,OB,No-pair,fx wire,Caceis booked the fx wire for SD 07-15-2020. Integrata yet to book,1391595946,1391595946,4551456423,-590882299,2021-07-29
14110,,64_455669415_CACEIS,1020661766,OB,OB,No-pair,fx wire,Caceis booked the fx wire for SD 12-16-2019. Integrata yet to book,1020661766,1020661766,4551456423,-590882299,2021-07-29
14111,,481_4551191593_CACEIS,1722905420,OB,OB,No-pair,fx wire,Caceis booked the fx wire for SD 01-15-2021. Integrata yet to book,1722905420,1722905420,4551456423,-590882299,2021-07-29
14112,,145_455742022_CACEIS,1127725741,OB,OB,No-pair,wire transfer,Caceis booked the wire transfer for SD 02-12-2020. Integrata yet to book,1127725741,1127725741,4551456423,-590882299,2021-07-29
14113,,116_455742022_CACEIS,1127725722,OB,OB,No-pair,fees,Caceis booked the fees for SD 02-12-2020. Integrata yet to book,1127725722,1127725722,4551456423,-590882299,2021-07-29
14114,,350_455862625_CACEIS,1287003831,OB,OB,No-pair,fx wire,Caceis booked the fx wire for SD 05-15-2020. Integrata yet to book,1287003831,1287003831,4551456423,-590882299,2021-07-29
14115,,432_4551023983_CACEIS,1500214254,OB,OB,No-pair,fx wire,Caceis booked the fx wire for SD 09-15-2020. Integrata yet to book,1500214254,1500214254,4551456423,-590882299,2021-07-29
14116,,359_455590588_CACEIS,883858611,OB,OB,No-pair,fx wire,Caceis booked the fx wire for SD 10-15-2019. Integrata yet to book,883858611,883858611,4551456423,-590882299,2021-07-29
14117,,2_4551240968_CACEIS,1790775311,OB,OB,No-pair,wire transfer,Caceis booked the wire transfer for SD 02-22-2021. Integrata yet to book,1790775311,1790775311,4551456423,-590882299,2021-07-29
14118,,6_455853613_CACEIS,1275438449,OB,OB,No-pair,fx wire,Caceis booked the fx wire for SD 05-08-2020. Integrata yet to book,1275438449,1275438449,4551456423,-590882299,2021-07-29
14119,,5_323468_CACEIS,464158708,OB,OB,No-pair,fees,Caceis booked the fees for SD 03-06-2019. Integrata yet to book,464158708,464158708,4551456423,-590882299,2021-07-29
14120,,74_455978912_CACEIS,1441832208,OB,OB,No-pair,wire transfer,Caceis booked the wire transfer for SD 08-12-2020. Integrata yet to book,1441832208,1441832208,4551456423,-590882299,2021-07-29
14121,,80_455978912_CACEIS,1441832146,OB,OB,No-pair,wire transfer,Caceis booked the wire transfer for SD 08-12-2020. Integrata yet to book,1441832146,1441832146,4551456423,-590882299,2021-07-29
14122,,470_455643841_CACEIS,975323542,OB,OB,No-pair,fx wire,Caceis booked the fx wire for SD 11-15-2019. Integrata yet to book,975323542,975323542,4551456423,-590882299,2021-07-29
14123,,1454_455643841_CACEIS,975324526,OB,OB,No-pair,fx wire,Caceis booked the fx wire for SD 11-18-2019. Integrata yet to book,975324526,975324526,4551456423,-590882299,2021-07-29
14124,,66_455404958_CACEIS,585162394,OB,OB,No-pair,fx wire,Caceis booked the fx wire for SD 05-15-2019. Integrata yet to book,585162394,585162394,4551456423,-590882299,2021-07-29
14125,,46_455808758_CACEIS,1217520462,OB,OB,No-pair,fx wire,Caceis booked the fx wire for SD 04-03-2020. Integrata yet to book,1217520462,1217520462,4551456423,-590882299,2021-07-29
14126,,74_455554115_CACEIS,824385108,OB,OB,No-pair,fx wire,Caceis booked the fx wire for SD 09-17-2019. Integrata yet to book,824385108,824385108,4551456423,-590882299,2021-07-29
14127,,345_455590588_CACEIS,883858627,OB,OB,No-pair,fx wire,Caceis booked the fx wire for SD 10-15-2019. Integrata yet to book,883858627,883858627,4551456423,-590882299,2021-07-29
14128,,432_4551191593_CACEIS,1722905395,OB,OB,No-pair,fx wire,Caceis booked the fx wire for SD 01-15-2021. Integrata yet to book,1722905395,1722905395,4551456423,-590882299,2021-07-29
14129,,176_455590588_CACEIS,883858415,OB,OB,No-pair,fx wire,Caceis booked the fx wire for SD 10-15-2019. Integrata yet to book,883858415,883858415,4551456423,-590882299,2021-07-29
14130,,732_4551232906_CACEIS,1780156907,OB,OB,No-pair,fx wire,Caceis booked the fx wire for SD 02-16-2021. Integrata yet to book,1780156907,1780156907,4551456423,-590882299,2021-07-29
14131,,62_455978912_CACEIS,1441832212,OB,OB,No-pair,wire transfer,Caceis booked the wire transfer for SD 08-12-2020. Integrata yet to book,1441832212,1441832212,4551456423,-590882299,2021-07-29
14132,,423_4551232906_CACEIS,1780156750,OB,OB,No-pair,fx wire,Caceis booked the fx wire for SD 02-16-2021. Integrata yet to book,1780156750,1780156750,4551456423,-590882299,2021-07-29
14133,,49_455978912_CACEIS,1441832191,OB,OB,No-pair,wire transfer,Caceis booked the wire transfer for SD 08-12-2020. Integrata yet to book,1441832191,1441832191,4551456423,-590882299,2021-07-29
14134,,190_4551248485_CACEIS,1800039551,OB,OB,No-pair,fx wire,Caceis booked the fx wire for SD 02-26-2021. Integrata yet to book,1800039551,1800039551,4551456423,-590882299,2021-07-29
14135,,65_455907521_CACEIS,1347197312,OB,OB,No-pair,fx wire,Caceis booked the fx wire for SD 06-19-2020. Integrata yet to book,1347197312,1347197312,4551456423,-590882299,2021-07-29
14136,,35_455772338_CACEIS,1169827541,OB,OB,No-pair,fx wire,Caceis booked the fx wire for SD 03-06-2020. Integrata yet to book,1169827541,1169827541,4551456423,-590882299,2021-07-29
14137,,40_455920273_CACEIS,1364559797,OB,OB,No-pair,monthend interest,Caceis booked the monthend interest for SD 07-01-2020. Integrata yet to book,1364559797,1364559797,4551456423,-590882299,2021-07-29
14138,,422_4551232906_CACEIS,1780156737,OB,OB,No-pair,fx wire,Caceis booked the fx wire for SD 02-16-2021. Integrata yet to book,1780156737,1780156737,4551456423,-590882299,2021-07-29
14139,,52_4551254304_CACEIS,1807385727,OB,OB,No-pair,wire transfer,Caceis booked the wire transfer for SD 03-02-2021. Integrata yet to book,1807385727,1807385727,4551456423,-590882299,2021-07-29
14140,,90_455978912_CACEIS,1441832199,OB,OB,No-pair,wire transfer,Caceis booked the wire transfer for SD 08-12-2020. Integrata yet to book,1441832199,1441832199,4551456423,-590882299,2021-07-29
14141,,1226_455643841_CACEIS,975324298,OB,OB,No-pair,fx wire,Caceis booked the fx wire for SD 11-15-2019. Integrata yet to book,975324298,975324298,4551456423,-590882299,2021-07-29
14142,,547_4551149959_CACEIS,1667623335,OB,OB,No-pair,fx wire,Caceis booked the fx wire for SD 12-15-2020. Integrata yet to book,1667623335,1667623335,4551456423,-590882299,2021-07-29
14143,,64_455978912_CACEIS,1441832238,OB,OB,No-pair,wire transfer,Caceis booked the wire transfer for SD 08-12-2020. Integrata yet to book,1441832238,1441832238,4551456423,-590882299,2021-07-29
14144,,11_323468_CACEIS,464158712,OB,OB,No-pair,fees,Caceis booked the fees for SD 03-06-2019. Integrata yet to book,464158712,464158712,4551456423,-590882299,2021-07-29
14145,,88_455978912_CACEIS,1441832232,OB,OB,No-pair,wire transfer,Caceis booked the wire transfer for SD 08-12-2020. Integrata yet to book,1441832232,1441832232,4551456423,-590882299,2021-07-29
14146,,1_455840571_CACEIS,1258109975,OB,OB,No-pair,wire transfer,Caceis booked the wire transfer for SD 04-29-2020. Integrata yet to book,1258109975,1258109975,4551456423,-590882299,2021-07-29
14147,,129_455742022_CACEIS,1127725715,OB,OB,No-pair,wire transfer,Caceis booked the wire transfer for SD 02-12-2020. Integrata yet to book,1127725715,1127725715,4551456423,-590882299,2021-07-29
14148,,104_455745203_CACEIS,1132280372,OB,OB,No-pair,fx wire,Caceis booked the fx wire for SD 02-14-2020. Integrata yet to book,1132280372,1132280372,4551456423,-590882299,2021-07-29
14149,,8_4551356653_CACEIS,1945281529,OB,OB,No-pair,wire transfer,Caceis booked the wire transfer for SD 05-17-2021. Integrata yet to book,1945281529,1945281529,4551456423,-590882299,2021-07-29
14150,,209_455940640_CACEIS,1391596155,OB,OB,No-pair,fx wire,Caceis booked the fx wire for SD 07-15-2020. Integrata yet to book,1391596155,1391596155,4551456423,-590882299,2021-07-29
14151,,166_455726980_CACEIS,1107942620,OB,OB,No-pair,monthend interest,Caceis booked the monthend interest for SD 02-01-2020. Integrata yet to book,1107942620,1107942620,4551456423,-590882299,2021-07-29
14152,,48_455676391_CACEIS,1031864583,OB,OB,No-pair,fx wire,Caceis booked the fx wire for SD 12-20-2019. Integrata yet to book,1031864583,1031864583,4551456423,-590882299,2021-07-29
14153,,419_4551232906_CACEIS,1780156720,OB,OB,No-pair,fx wire,Caceis booked the fx wire for SD 02-16-2021. Integrata yet to book,1780156720,1780156720,4551456423,-590882299,2021-07-29
14154,,111_4551087502_CACEIS,1584326632,OB,OB,No-pair,monthend interest,Caceis booked the monthend interest for SD 11-01-2020. Integrata yet to book,1584326632,1584326632,4551456423,-590882299,2021-07-29
14155,,68_455978912_CACEIS,1441832247,OB,OB,No-pair,wire transfer,Caceis booked the wire transfer for SD 08-12-2020. Integrata yet to book,1441832247,1441832247,4551456423,-590882299,2021-07-29
14156,,73_368123_CACEIS,532374094,OB,OB,No-pair,fx wire,Caceis booked the fx wire for SD 04-15-2019. Integrata yet to book,532374094,532374094,4551456423,-590882299,2021-07-29
14157,,796_455643841_CACEIS,975323868,OB,OB,No-pair,wire transfer,Caceis booked the wire transfer for SD 11-06-2019. Integrata yet to book,975323868,975323868,4551456423,-590882299,2021-07-29
14158,,700_455643841_CACEIS,975323772,OB,OB,No-pair,wire transfer,Caceis booked the wire transfer for SD 11-18-2019. Integrata yet to book,975323772,975323772,4551456423,-590882299,2021-07-29
14159,,758_4551232906_CACEIS,1780156927,OB,OB,No-pair,fx wire,Caceis booked the fx wire for SD 02-16-2021. Integrata yet to book,1780156927,1780156927,4551456423,-590882299,2021-07-29
14160,,227_4551248485_CACEIS,1800039529,OB,OB,No-pair,wire transfer,Caceis booked the wire transfer for SD 02-26-2021. Integrata yet to book,1800039529,1800039529,4551456423,-590882299,2021-07-29
14161,,141_455742022_CACEIS,1127725685,OB,OB,No-pair,wire transfer,Caceis booked the wire transfer for SD 02-12-2020. Integrata yet to book,1127725685,1127725685,4551456423,-590882299,2021-07-29
14162,,34_455701234_CACEIS,1075203704,OB,OB,No-pair,fx wire,Caceis booked the fx wire for SD 01-10-2020. Integrata yet to book,1075203704,1075203704,4551456423,-590882299,2021-07-29
14163,,47_455706635_CACEIS,1081907343,OB,OB,No-pair,fx wire,Caceis booked the fx wire for SD 01-15-2020. Integrata yet to book,1081907343,1081907343,4551456423,-590882299,2021-07-29
14164,,471_455822501_CACEIS,1235308308,OB,OB,No-pair,fx wire,Caceis booked the fx wire for SD 04-15-2020. Integrata yet to book,1235308308,1235308308,4551456423,-590882299,2021-07-29
14165,,110_455978912_CACEIS,1441832132,OB,OB,No-pair,wire transfer,Caceis booked the wire transfer for SD 08-12-2020. Integrata yet to book,1441832132,1441832132,4551456423,-590882299,2021-07-29
14166,,65_455822501_CACEIS,1235308058,OB,OB,No-pair,fx wire,Caceis booked the fx wire for SD 04-15-2020. Integrata yet to book,1235308058,1235308058,4551456423,-590882299,2021-07-29
14167,,188_4551269721_CACEIS,1827473980,OB,OB,No-pair,fx wire,Caceis booked the fx wire for SD 03-15-2021. Integrata yet to book,1827473980,1827473980,4551456423,-590882299,2021-07-29
14168,,413_455862625_CACEIS,1287003769,OB,OB,No-pair,fx wire,Caceis booked the fx wire for SD 05-15-2020. Integrata yet to book,1287003769,1287003769,4551456423,-590882299,2021-07-29
14169,,460_4551109218_CACEIS,1613287042,OB,OB,No-pair,fx wire,Caceis booked the fx wire for SD 11-16-2020. Integrata yet to book,1613287042,1613287042,4551456423,-590882299,2021-07-29
14170,,31_455706635_CACEIS,1081907283,OB,OB,No-pair,fx wire,Caceis booked the fx wire for SD 01-15-2020. Integrata yet to book,1081907283,1081907283,4551456423,-590882299,2021-07-29
14171,,10_4551205068_CACEIS,1740582733,OB,OB,No-pair,wire transfer,Caceis booked the wire transfer for SD 01-26-2021. Integrata yet to book,1740582733,1740582733,4551456423,-590882299,2021-07-29
14172,,79_455940640_CACEIS,1391596051,OB,OB,No-pair,fx wire,Caceis booked the fx wire for SD 07-15-2020. Integrata yet to book,1391596051,1391596051,4551456423,-590882299,2021-07-29
14173,,66_455803095_CACEIS,1210223507,OB,OB,No-pair,monthend interest,Caceis booked the monthend interest for SD 04-01-2020. Integrata yet to book,1210223507,1210223507,4551456423,-590882299,2021-07-29
14174,,516_455862625_CACEIS,1287003785,OB,OB,No-pair,fx wire,Caceis booked the fx wire for SD 05-15-2020. Integrata yet to book,1287003785,1287003785,4551456423,-590882299,2021-07-29
14175,,72_455590588_CACEIS,883858342,OB,OB,No-pair,fx wire,Caceis booked the fx wire for SD 10-15-2019. Integrata yet to book,883858342,883858342,4551456423,-590882299,2021-07-29
14176,,434_4551191593_CACEIS,1722905410,OB,OB,No-pair,fx wire,Caceis booked the fx wire for SD 01-15-2021. Integrata yet to book,1722905410,1722905410,4551456423,-590882299,2021-07-29
14177,,1449_455643841_CACEIS,975324521,OB,OB,No-pair,fx wire,Caceis booked the fx wire for SD 11-18-2019. Integrata yet to book,975324521,975324521,4551456423,-590882299,2021-07-29
14178,,104_455748445_CACEIS,1136275029,OB,OB,No-pair,fx wire,Caceis booked the fx wire for SD 02-18-2020. Integrata yet to book,1136275029,1136275029,4551456423,-590882299,2021-07-29
14179,,212_4551248485_CACEIS,1800039504,OB,OB,No-pair,wire transfer,Caceis booked the wire transfer for SD 02-26-2021. Integrata yet to book,1800039504,1800039504,4551456423,-590882299,2021-07-29
14180,,600_4551232906_CACEIS,1780157077,OB,OB,No-pair,fx wire,Caceis booked the fx wire for SD 02-16-2021. Integrata yet to book,1780157077,1780157077,4551456423,-590882299,2021-07-29
14181,,126_455742022_CACEIS,1127725704,OB,OB,No-pair,wire transfer,Caceis booked the wire transfer for SD 02-12-2020. Integrata yet to book,1127725704,1127725704,4551456423,-590882299,2021-07-29
14182,,31_4551415924_CACEIS,2024089341,OB,OB,No-pair,monthend interest,Caceis booked the monthend interest for SD 07-01-2021. Integrata yet to book,2024089341,2024089341,4551456423,-590882299,2021-07-29
14183,,149_455862625_CACEIS,1287003081,OB,OB,No-pair,fx wire,Caceis booked the fx wire for SD 05-15-2020. Integrata yet to book,1287003081,1287003081,4551456423,-590882299,2021-07-29
14184,,57_455706635_CACEIS,1081907531,OB,OB,No-pair,fx wire,Caceis booked the fx wire for SD 01-15-2020. Integrata yet to book,1081907531,1081907531,4551456423,-590882299,2021-07-29
14185,,109_4551149959_CACEIS,1667622962,OB,OB,No-pair,fx wire,Caceis booked the fx wire for SD 12-15-2020. Integrata yet to book,1667622962,1667622962,4551456423,-590882299,2021-07-29
14186,,280_4551313388_CACEIS,1883527864,OB,OB,No-pair,fx wire,Caceis booked the fx wire for SD 04-15-2021. Integrata yet to book,1883527864,1883527864,4551456423,-590882299,2021-07-29
14187,,33_267975_CACEIS,368747291,OB,OB,No-pair,fx wire,Caceis booked the fx wire for SD 01-15-2019. Integrata yet to book,368747291,368747291,4551456423,-590882299,2021-07-29
14188,,103_455643841_CACEIS,975323175,OB,OB,No-pair,wire transfer,Caceis booked the wire transfer for SD 11-04-2019. Integrata yet to book,975323175,975323175,4551456423,-590882299,2021-07-29
14189,,6_271886_CACEIS,376733213,OB,OB,No-pair,fx wire,Caceis booked the fx wire for SD 01-18-2019. Integrata yet to book,376733213,376733213,4551456423,-590882299,2021-07-29
14190,,411_455862625_CACEIS,1287003747,OB,OB,No-pair,fx wire,Caceis booked the fx wire for SD 05-15-2020. Integrata yet to book,1287003747,1287003747,4551456423,-590882299,2021-07-29
14191,,360_455590588_CACEIS,883858620,OB,OB,No-pair,fx wire,Caceis booked the fx wire for SD 10-15-2019. Integrata yet to book,883858620,883858620,4551456423,-590882299,2021-07-29
14192,,224_4551248485_CACEIS,1800039464,OB,OB,No-pair,wire transfer,Caceis booked the wire transfer for SD 02-26-2021. Integrata yet to book,1800039464,1800039464,4551456423,-590882299,2021-07-29
14193,,17_455643841_CACEIS,975323089,OB,OB,No-pair,monthend interest,Caceis booked the monthend interest for SD 10-31-2019. Integrata yet to book,975323089,975323089,4551456423,-590882299,2021-07-29
14194,,151_455742022_CACEIS,1127725729,OB,OB,No-pair,wire transfer,Caceis booked the wire transfer for SD 02-12-2020. Integrata yet to book,1127725729,1127725729,4551456423,-590882299,2021-07-29
14195,,1_323468_CACEIS,464158701,OB,OB,No-pair,fees,Caceis booked the fees for SD 03-06-2019. Integrata yet to book,464158701,464158701,4551456423,-590882299,2021-07-29
14196,,107_4551109218_CACEIS,1613286767,OB,OB,No-pair,fx wire,Caceis booked the fx wire for SD 11-16-2020. Integrata yet to book,1613286767,1613286767,4551456423,-590882299,2021-07-29
14197,,357_455643841_CACEIS,975323429,OB,OB,No-pair,fx wire,Caceis booked the fx wire for SD 11-15-2019. Integrata yet to book,975323429,975323429,4551456423,-590882299,2021-07-29
14198,,213_4551248485_CACEIS,1800039536,OB,OB,No-pair,wire transfer,Caceis booked the wire transfer for SD 02-26-2021. Integrata yet to book,1800039536,1800039536,4551456423,-590882299,2021-07-29
14199,,1_455944496_CACEIS,1396484588,OB,OB,No-pair,wire transfer,Caceis booked the wire transfer for SD 07-17-2020. Integrata yet to book,1396484588,1396484588,4551456423,-590882299,2021-07-29
14200,,43_4551411869_CACEIS,2018959562,OB,OB,No-pair,fx wire,Caceis booked the fx wire for SD 06-28-2021. Integrata yet to book,2018959562,2018959562,4551456423,-590882299,2021-07-29
14201,,442_455748445_CACEIS,1136275502,OB,OB,No-pair,fx wire,Caceis booked the fx wire for SD 02-18-2020. Integrata yet to book,1136275502,1136275502,4551456423,-590882299,2021-07-29
14202,,123_4551109218_CACEIS,1613286660,OB,OB,No-pair,fx wire,Caceis booked the fx wire for SD 11-16-2020. Integrata yet to book,1613286660,1613286660,4551456423,-590882299,2021-07-29
14203,,22_4551020261_CACEIS,1495478268,OB,OB,No-pair,wire transfer,Caceis booked the wire transfer for SD 09-11-2020. Integrata yet to book,1495478268,1495478268,4551456423,-590882299,2021-07-29
14204,,1219_455643841_CACEIS,975324291,OB,OB,No-pair,fx wire,Caceis booked the fx wire for SD 11-15-2019. Integrata yet to book,975324291,975324291,4551456423,-590882299,2021-07-29
14205,,111_455442954_CACEIS,637183808,OB,OB,No-pair,fx wire,Caceis booked the fx wire for SD 06-17-2019. Integrata yet to book,637183808,637183808,4551456423,-590882299,2021-07-29
14206,,29_4551267661_CACEIS,1824870518,OB,OB,No-pair,fx wire,Caceis booked the fx wire for SD 03-12-2021. Integrata yet to book,1824870518,1824870518,4551456423,-590882299,2021-07-29
14207,,45_455706635_CACEIS,1081907341,OB,OB,No-pair,fx wire,Caceis booked the fx wire for SD 01-15-2020. Integrata yet to book,1081907341,1081907341,4551456423,-590882299,2021-07-29
14208,,15_455610697_CACEIS,917943279,OB,OB,No-pair,fx wire,Caceis booked the fx wire for SD 10-18-2019. Integrata yet to book,917943279,917943279,4551456423,-590882299,2021-07-29
14209,,20_4551195338_CACEIS,1727684721,OB,OB,No-pair,wire transfer,Caceis booked the wire transfer for SD 01-19-2021. Integrata yet to book,1727684721,1727684721,4551456423,-590882299,2021-07-29
14210,,182_4551232906_CACEIS,1780156687,OB,OB,No-pair,fx wire,Caceis booked the fx wire for SD 02-16-2021. Integrata yet to book,1780156687,1780156687,4551456423,-590882299,2021-07-29
14211,,12_455734639_CACEIS,1118103069,OB,OB,No-pair,wire transfer,Caceis booked the wire transfer for SD 02-06-2020. Integrata yet to book,1118103069,1118103069,4551456423,-590882299,2021-07-29
14212,,447_455783582_CACEIS,1185159726,OB,OB,No-pair,fx wire,Caceis booked the fx wire for SD 03-16-2020. Integrata yet to book,1185159726,1185159726,4551456423,-590882299,2021-07-29
14213,,68_455898221_CACEIS,1334730840,OB,OB,No-pair,fees,Caceis booked the fees for SD 06-12-2020. Integrata yet to book,1334730840,1334730840,4551456423,-590882299,2021-07-29
14214,,398_455985296_CACEIS,1449582140,OB,OB,No-pair,fx wire,Caceis booked the fx wire for SD 08-17-2020. Integrata yet to book,1449582140,1449582140,4551456423,-590882299,2021-07-29
14215,,318_4551191593_CACEIS,1722905212,OB,OB,No-pair,fx wire,Caceis booked the fx wire for SD 01-15-2021. Integrata yet to book,1722905212,1722905212,4551456423,-590882299,2021-07-29
14216,,2_4551307616_CACEIS,1876494337,OB,OB,No-pair,wire transfer,Caceis booked the wire transfer for SD 04-12-2021. Integrata yet to book,1876494337,1876494337,4551456423,-590882299,2021-07-29
14217,,4_4551411869_CACEIS,2018959349,OB,OB,No-pair,wire transfer,Caceis booked the wire transfer for SD 06-28-2021. Integrata yet to book,2018959349,2018959349,4551456423,-590882299,2021-07-29
14218,,36_4551044906_CACEIS,1528403631,OB,OB,No-pair,wire transfer,Caceis booked the wire transfer for SD 09-21-2020. Integrata yet to book,1528403631,1528403631,4551456423,-590882299,2021-07-29
14219,,21_4551195338_CACEIS,1727684722,OB,OB,No-pair,wire transfer,Caceis booked the wire transfer for SD 01-19-2021. Integrata yet to book,1727684722,1727684722,4551456423,-590882299,2021-07-29
14220,,269_4551354754_CACEIS,1942399663,OB,OB,No-pair,fx wire,Caceis booked the fx wire for SD 05-17-2021. Integrata yet to book,1942399663,1942399663,4551456423,-590882299,2021-07-29
14221,,31_4551244633_CACEIS,1795375947,OB,OB,No-pair,wire transfer,Caceis booked the wire transfer for SD 02-24-2021. Integrata yet to book,1795375947,1795375947,4551456423,-590882299,2021-07-29
14222,,54_4551354754_CACEIS,1942399494,OB,OB,No-pair,fx wire,Caceis booked the fx wire for SD 05-17-2021. Integrata yet to book,1942399494,1942399494,4551456423,-590882299,2021-07-29
14223,,10_4551411869_CACEIS,2018959409,OB,OB,No-pair,wire transfer,Caceis booked the wire transfer for SD 06-28-2021. Integrata yet to book,2018959409,2018959409,4551456423,-590882299,2021-07-29
14224,,71_4551044906_CACEIS,1528403612,OB,OB,No-pair,monthend interest,Caceis booked the monthend interest for SD 10-01-2020. Integrata yet to book,1528403612,1528403612,4551456423,-590882299,2021-07-29
14225,,6_455761196_CACEIS,1154270079,OB,OB,No-pair,proceeds sell,Caceis booked the proceeds sell for SD 02-27-2020. Integrata yet to book,1154270079,1154270079,4551456423,-590882299,2021-07-29
14226,,28_4551242873_CACEIS,1793109158,OB,OB,No-pair,proceeds sell,Caceis booked the proceeds sell for SD 02-23-2021. Integrata yet to book,1793109158,1793109158,4551456423,-590882299,2021-07-29
14227,,84_455762980_CACEIS,1156897837,OB,OB,No-pair,fx wire,Caceis booked the fx wire for SD 02-28-2020. Integrata yet to book,1156897837,1156897837,4551456423,-590882299,2021-07-29
14228,,17_455879764_CACEIS,1309543771,OB,OB,No-pair,monthend interest,Caceis booked the monthend interest for SD 06-01-2020. Integrata yet to book,1309543771,1309543771,4551456423,-590882299,2021-07-29
14229,,258_4551313388_CACEIS,1883527891,OB,OB,No-pair,fx wire,Caceis booked the fx wire for SD 04-15-2021. Integrata yet to book,1883527891,1883527891,4551456423,-590882299,2021-07-29
14230,,685_455643841_CACEIS,975323757,OB,OB,No-pair,wire transfer,Caceis booked the wire transfer for SD 11-18-2019. Integrata yet to book,975323757,975323757,4551456423,-590882299,2021-07-29
14231,,164_4551023983_CACEIS,1500213952,OB,OB,No-pair,fx wire,Caceis booked the fx wire for SD 09-15-2020. Integrata yet to book,1500213952,1500213952,4551456423,-590882299,2021-07-29
14232,,8_455667500_CACEIS,1017540707,OB,OB,No-pair,wire transfer,Caceis booked the wire transfer for SD 12-13-2019. Integrata yet to book,1017540707,1017540707,4551456423,-590882299,2021-07-29
14233,,25_4551136088_CACEIS,1649475136,OB,OB,No-pair,fx wire,Caceis booked the fx wire for SD 12-04-2020. Integrata yet to book,1649475136,1649475136,4551456423,-590882299,2021-07-29
14234,,41_455820754_CACEIS,1233177781,OB,OB,No-pair,fx wire,Caceis booked the fx wire for SD 04-14-2020. Integrata yet to book,1233177781,1233177781,4551456423,-590882299,2021-07-29
14235,,8_455533322_CACEIS,787871330,OB,OB,No-pair,fx wire,Caceis booked the fx wire for SD 08-30-2019. Integrata yet to book,787871330,787871330,4551456423,-590882299,2021-07-29
14236,,17_4551456423_CACEIS,2074469259,OB,OB,No-pair,wire transfer,Caceis booked the wire transfer for SD 07-29-2021. Integrata yet to book,2074469259,2074469259,4551456423,-590882299,2021-07-29
14237,,9_455533322_CACEIS,787871331,OB,OB,No-pair,fx wire,Caceis booked the fx wire for SD 08-30-2019. Integrata yet to book,787871331,787871331,4551456423,-590882299,2021-07-29
14238,,255_4551248485_CACEIS,1800039570,OB,OB,No-pair,fx wire,Caceis booked the fx wire for SD 02-26-2021. Integrata yet to book,1800039570,1800039570,4551456423,-590882299,2021-07-29
14239,,255_455748445_CACEIS,1136275261,OB,OB,No-pair,fx wire,Caceis booked the fx wire for SD 02-18-2020. Integrata yet to book,1136275261,1136275261,4551456423,-590882299,2021-07-29
14240,,257_4551313388_CACEIS,1883527871,OB,OB,No-pair,fx wire,Caceis booked the fx wire for SD 04-15-2021. Integrata yet to book,1883527871,1883527871,4551456423,-590882299,2021-07-29
14241,,103_455753887_CACEIS,1143364759,OB,OB,No-pair,wire transfer,Caceis booked the wire transfer for SD 02-21-2020. Integrata yet to book,1143364759,1143364759,4551456423,-590882299,2021-07-29
14242,,143_4551436806_CACEIS,2049885851,OB,OB,No-pair,fx wire,Caceis booked the fx wire for SD 07-15-2021. Integrata yet to book,2049885851,2049885851,4551456423,-590882299,2021-07-29
14243,,60_455554115_CACEIS,824385084,OB,OB,No-pair,fx wire,Caceis booked the fx wire for SD 09-17-2019. Integrata yet to book,824385084,824385084,4551456423,-590882299,2021-07-29
14244,,50_4551144082_CACEIS,1659707040,OB,OB,No-pair,proceeds sell,Caceis booked the proceeds sell for SD 12-07-2020. Integrata yet to book,1659707040,1659707040,4551456423,-590882299,2021-07-29
14245,,92_455898221_CACEIS,1334730862,OB,OB,No-pair,fees,Caceis booked the fees for SD 06-12-2020. Integrata yet to book,1334730862,1334730862,4551456423,-590882299,2021-07-29
14246,,101_455753887_CACEIS,1143364748,OB,OB,No-pair,fx wire,Caceis booked the fx wire for SD 02-21-2020. Integrata yet to book,1143364748,1143364748,4551456423,-590882299,2021-07-29
14247,,419_455862625_CACEIS,1287003898,OB,OB,No-pair,fx wire,Caceis booked the fx wire for SD 05-15-2020. Integrata yet to book,1287003898,1287003898,4551456423,-590882299,2021-07-29
14248,,445_455822501_CACEIS,1235308386,OB,OB,No-pair,fx wire,Caceis booked the fx wire for SD 04-15-2020. Integrata yet to book,1235308386,1235308386,4551456423,-590882299,2021-07-29
14249,,79_4551394628_CACEIS,1997244648,OB,OB,No-pair,fx wire,Caceis booked the fx wire for SD 06-15-2021. Integrata yet to book,1997244648,1997244648,4551456423,-590882299,2021-07-29
14250,,7_455665664_CACEIS,1014464238,OB,OB,No-pair,wire transfer,Caceis booked the wire transfer for SD 07-18-2019. Integrata yet to book,1014464238,1014464238,4551456423,-590882299,2021-07-29
14251,,145_4551191593_CACEIS,1722905060,OB,OB,No-pair,fx wire,Caceis booked the fx wire for SD 01-15-2021. Integrata yet to book,1722905060,1722905060,4551456423,-590882299,2021-07-29
14252,,303_455900053_CACEIS,1336713568,OB,OB,No-pair,fx wire,Caceis booked the fx wire for SD 06-15-2020. Integrata yet to book,1336713568,1336713568,4551456423,-590882299,2021-07-29
14253,,205_4551269721_CACEIS,1827473983,OB,OB,No-pair,fx wire,Caceis booked the fx wire for SD 03-15-2021. Integrata yet to book,1827473983,1827473983,4551456423,-590882299,2021-07-29
14254,,78_455978912_CACEIS,1441832104,OB,OB,No-pair,wire transfer,Caceis booked the wire transfer for SD 08-12-2020. Integrata yet to book,1441832104,1441832104,4551456423,-590882299,2021-07-29
14255,,8_4551248485_CACEIS,1800039353,OB,OB,No-pair,fx wire,Caceis booked the fx wire for SD 02-26-2021. Integrata yet to book,1800039353,1800039353,4551456423,-590882299,2021-07-29
14256,,304_455590588_CACEIS,883858310,OB,OB,No-pair,fx wire,Caceis booked the fx wire for SD 10-15-2019. Integrata yet to book,883858310,883858310,4551456423,-590882299,2021-07-29
14257,,256_4551248485_CACEIS,1800039496,OB,OB,No-pair,wire transfer,Caceis booked the wire transfer for SD 02-26-2021. Integrata yet to book,1800039496,1800039496,4551456423,-590882299,2021-07-29
14258,,15_455846205_CACEIS,1265566726,OB,OB,No-pair,wire transfer,Caceis booked the wire transfer for SD 05-04-2020. Integrata yet to book,1265566726,1265566726,4551456423,-590882299,2021-07-29
14259,,121_455748445_CACEIS,1136275095,OB,OB,No-pair,fx wire,Caceis booked the fx wire for SD 02-18-2020. Integrata yet to book,1136275095,1136275095,4551456423,-590882299,2021-07-29
14260,,11_4551101474_CACEIS,1602589084,OB,OB,No-pair,wire transfer,Caceis booked the wire transfer for SD 11-10-2020. Integrata yet to book,1602589084,1602589084,4551456423,-590882299,2021-07-29
14261,,977_455822501_CACEIS,1235308721,OB,OB,No-pair,fx wire,Caceis booked the fx wire for SD 04-15-2020. Integrata yet to book,1235308721,1235308721,4551456423,-590882299,2021-07-29
14262,,73_4551394628_CACEIS,1997244674,OB,OB,No-pair,fx wire,Caceis booked the fx wire for SD 06-15-2021. Integrata yet to book,1997244674,1997244674,4551456423,-590882299,2021-07-29
14263,,1329_455643841_CACEIS,975324401,OB,OB,No-pair,fx wire,Caceis booked the fx wire for SD 11-15-2019. Integrata yet to book,975324401,975324401,4551456423,-590882299,2021-07-29
14264,,708_455643841_CACEIS,975323780,OB,OB,No-pair,monthend interest,Caceis booked the monthend interest for SD 10-31-2019. Integrata yet to book,975323780,975323780,4551456423,-590882299,2021-07-29
14265,,93_455978912_CACEIS,1441832242,OB,OB,No-pair,wire transfer,Caceis booked the wire transfer for SD 08-12-2020. Integrata yet to book,1441832242,1441832242,4551456423,-590882299,2021-07-29
14266,,10_4551381021_CACEIS,1979694276,OB,OB,No-pair,fx wire,Caceis booked the fx wire for SD 06-04-2021. Integrata yet to book,1979694276,1979694276,4551456423,-590882299,2021-07-29
14267,,96_4551239617_CACEIS,1789074842,OB,OB,No-pair,fx wire,Caceis booked the fx wire for SD 02-19-2021. Integrata yet to book,1789074842,1789074842,4551456423,-590882299,2021-07-29
14268,,221_4551248485_CACEIS,1800039431,OB,OB,No-pair,wire transfer,Caceis booked the wire transfer for SD 02-26-2021. Integrata yet to book,1800039431,1800039431,4551456423,-590882299,2021-07-29
14269,,360_455900053_CACEIS,1336713718,OB,OB,No-pair,fx wire,Caceis booked the fx wire for SD 06-15-2020. Integrata yet to book,1336713718,1336713718,4551456423,-590882299,2021-07-29
14270,,357_455590588_CACEIS,883858328,OB,OB,No-pair,fx wire,Caceis booked the fx wire for SD 10-15-2019. Integrata yet to book,883858328,883858328,4551456423,-590882299,2021-07-29
14271,,122_4551109218_CACEIS,1613286718,OB,OB,No-pair,fx wire,Caceis booked the fx wire for SD 11-16-2020. Integrata yet to book,1613286718,1613286718,4551456423,-590882299,2021-07-29
14272,,9_455697538_CACEIS,1069441614,OB,OB,No-pair,wire transfer,Caceis booked the wire transfer for SD 01-08-2020. Integrata yet to book,1069441614,1069441614,4551456423,-590882299,2021-07-29
14273,,12_455896330_CACEIS,1332271848,OB,OB,No-pair,wire transfer,Caceis booked the wire transfer for SD 05-15-2020. Integrata yet to book,1332271848,1332271848,4551456423,-590882299,2021-07-29
14274,,1_4551197321_CACEIS,1730233482,OB,OB,No-pair,wire transfer,Caceis booked the wire transfer for SD 01-20-2021. Integrata yet to book,1730233482,1730233482,4551456423,-590882299,2021-07-29
14275,,9_455663909_CACEIS,1011570598,OB,OB,No-pair,wire transfer,Caceis booked the wire transfer for SD 12-11-2019. Integrata yet to book,1011570598,1011570598,4551456423,-590882299,2021-07-29
14276,,1_455971354_CACEIS,1432288827,OB,OB,No-pair,wire transfer,Caceis booked the wire transfer for SD 08-06-2020. Integrata yet to book,1432288827,1432288827,4551456423,-590882299,2021-07-29
14277,,37_4551105378_CACEIS,1608089301,OB,OB,No-pair,wire transfer,Caceis booked the wire transfer for SD 11-12-2020. Integrata yet to book,1608089301,1608089301,4551456423,-590882299,2021-07-29
14278,,1403_455643841_CACEIS,975324475,OB,OB,No-pair,fx wire,Caceis booked the fx wire for SD 11-15-2019. Integrata yet to book,975324475,975324475,4551456423,-590882299,2021-07-29
14279,,215_4551248485_CACEIS,1800039382,OB,OB,No-pair,wire transfer,Caceis booked the wire transfer for SD 02-26-2021. Integrata yet to book,1800039382,1800039382,4551456423,-590882299,2021-07-29
14280,,529_455900053_CACEIS,1336713865,OB,OB,No-pair,fx wire,Caceis booked the fx wire for SD 06-15-2020. Integrata yet to book,1336713865,1336713865,4551456423,-590882299,2021-07-29
14281,,24_4551285256_CACEIS,1847792959,OB,OB,No-pair,proceeds sell,Caceis booked the proceeds sell for SD 03-22-2021. Integrata yet to book,1847792959,1847792959,4551456423,-590882299,2021-07-29
14282,,85_4551232906_CACEIS,1780156552,OB,OB,No-pair,fx wire,Caceis booked the fx wire for SD 02-16-2021. Integrata yet to book,1780156552,1780156552,4551456423,-590882299,2021-07-29
14283,,347_455900053_CACEIS,1336713717,OB,OB,No-pair,fx wire,Caceis booked the fx wire for SD 06-15-2020. Integrata yet to book,1336713717,1336713717,4551456423,-590882299,2021-07-29
14284,,27_4551001817_CACEIS,1470676027,OB,OB,No-pair,fx wire,Caceis booked the fx wire for SD 08-28-2020. Integrata yet to book,1470676027,1470676027,4551456423,-590882299,2021-07-29
14285,,132_4551149959_CACEIS,1667622974,OB,OB,No-pair,fx wire,Caceis booked the fx wire for SD 12-15-2020. Integrata yet to book,1667622974,1667622974,4551456423,-590882299,2021-07-29
14286,,186_4551232906_CACEIS,1780156669,OB,OB,No-pair,fx wire,Caceis booked the fx wire for SD 02-16-2021. Integrata yet to book,1780156669,1780156669,4551456423,-590882299,2021-07-29
14287,,40_455676391_CACEIS,1031864550,OB,OB,No-pair,wire transfer,Caceis booked the wire transfer for SD 12-20-2019. Integrata yet to book,1031864550,1031864550,4551456423,-590882299,2021-07-29
14288,,3_4551115163_CACEIS,1620888326,OB,OB,No-pair,wire transfer,Caceis booked the wire transfer for SD 11-13-2020. Integrata yet to book,1620888326,1620888326,4551456423,-590882299,2021-07-29
14289,,11_4551214580_CACEIS,1754128754,OB,OB,No-pair,wire transfer,Caceis booked the wire transfer for SD 02-01-2021. Integrata yet to book,1754128754,1754128754,4551456423,-590882299,2021-07-29
14290,,26_455726980_CACEIS,1107942662,OB,OB,No-pair,fx wire,Caceis booked the fx wire for SD 01-31-2020. Integrata yet to book,1107942662,1107942662,4551456423,-590882299,2021-07-29
14291,,135_4551149959_CACEIS,1667622986,OB,OB,No-pair,fx wire,Caceis booked the fx wire for SD 12-15-2020. Integrata yet to book,1667622986,1667622986,4551456423,-590882299,2021-07-29
14292,,94_455693832_CACEIS,1063035128,OB,OB,No-pair,fees,Caceis booked the fees for SD 01-06-2020. Integrata yet to book,1063035128,1063035128,4551456423,-590882299,2021-07-29
14293,,473_4551149959_CACEIS,1667623293,OB,OB,No-pair,fx wire,Caceis booked the fx wire for SD 12-15-2020. Integrata yet to book,1667623293,1667623293,4551456423,-590882299,2021-07-29
14294,,29_455944496_CACEIS,1396484631,OB,OB,No-pair,fx wire,Caceis booked the fx wire for SD 07-17-2020. Integrata yet to book,1396484631,1396484631,4551456423,-590882299,2021-07-29
14295,,14_455726980_CACEIS,1107942695,OB,OB,No-pair,fx wire,Caceis booked the fx wire for SD 01-31-2020. Integrata yet to book,1107942695,1107942695,4551456423,-590882299,2021-07-29
14296,,20_349816_CACEIS,505077783,OB,OB,No-pair,wire transfer,Caceis booked the wire transfer for SD 03-29-2019. Integrata yet to book,505077783,505077783,4551456423,-590882299,2021-07-29
14297,,226_4551248485_CACEIS,1800039493,OB,OB,No-pair,wire transfer,Caceis booked the wire transfer for SD 02-26-2021. Integrata yet to book,1800039493,1800039493,4551456423,-590882299,2021-07-29
14298,,207_455706635_CACEIS,1081907378,OB,OB,No-pair,fx wire,Caceis booked the fx wire for SD 01-15-2020. Integrata yet to book,1081907378,1081907378,4551456423,-590882299,2021-07-29
14299,,210_455706635_CACEIS,1081907381,OB,OB,No-pair,fx wire,Caceis booked the fx wire for SD 01-15-2020. Integrata yet to book,1081907381,1081907381,4551456423,-590882299,2021-07-29
14300,,132_4551201062_CACEIS,1734565953,OB,OB,No-pair,fx wire,Caceis booked the fx wire for SD 01-22-2021. Integrata yet to book,1734565953,1734565953,4551456423,-590882299,2021-07-29
14301,,232_4551248485_CACEIS,1800039517,OB,OB,No-pair,wire transfer,Caceis booked the wire transfer for SD 02-26-2021. Integrata yet to book,1800039517,1800039517,4551456423,-590882299,2021-07-29
14302,,11_455663909_CACEIS,1011570611,OB,OB,No-pair,wire transfer,Caceis booked the wire transfer for SD 12-11-2019. Integrata yet to book,1011570611,1011570611,4551456423,-590882299,2021-07-29
14303,,4_455663909_CACEIS,1011570726,OB,OB,No-pair,wire transfer,Caceis booked the wire transfer for SD 12-11-2019. Integrata yet to book,1011570726,1011570726,4551456423,-590882299,2021-07-29
14304,,150_455898221_CACEIS,1334730826,OB,OB,No-pair,fx wire,Caceis booked the fx wire for SD 06-12-2020. Integrata yet to book,1334730826,1334730826,4551456423,-590882299,2021-07-29
14305,,8_455663909_CACEIS,1011570593,OB,OB,No-pair,wire transfer,Caceis booked the wire transfer for SD 12-11-2019. Integrata yet to book,1011570593,1011570593,4551456423,-590882299,2021-07-29
14306,,254_4551248485_CACEIS,1800039479,OB,OB,No-pair,wire transfer,Caceis booked the wire transfer for SD 02-26-2021. Integrata yet to book,1800039479,1800039479,4551456423,-590882299,2021-07-29
14307,,382_455643841_CACEIS,975323454,OB,OB,No-pair,fx wire,Caceis booked the fx wire for SD 11-15-2019. Integrata yet to book,975323454,975323454,4551456423,-590882299,2021-07-29
14308,,127_455762980_CACEIS,1156897860,OB,OB,No-pair,fx wire,Caceis booked the fx wire for SD 02-28-2020. Integrata yet to book,1156897860,1156897860,4551456423,-590882299,2021-07-29
14309,,127_455718167_CACEIS,1096511912,OB,OB,No-pair,fx wire,Caceis booked the fx wire for SD 01-24-2020. Integrata yet to book,1096511912,1096511912,4551456423,-590882299,2021-07-29
14310,,23_455533322_CACEIS,787871256,OB,OB,No-pair,monthend interest,Caceis booked the monthend interest for SD 09-01-2019. Integrata yet to book,787871256,787871256,4551456423,-590882299,2021-07-29
14311,,476_455900053_CACEIS,1336714047,OB,OB,No-pair,fx wire,Caceis booked the fx wire for SD 06-15-2020. Integrata yet to book,1336714047,1336714047,4551456423,-590882299,2021-07-29
14312,,14_455378188_CACEIS,548739504,OB,OB,No-pair,fx wire,Caceis booked the fx wire for SD 04-23-2019. Integrata yet to book,548739504,548739504,4551456423,-590882299,2021-07-29
14313,,480_455783582_CACEIS,1185159769,OB,OB,No-pair,fx wire,Caceis booked the fx wire for SD 03-16-2020. Integrata yet to book,1185159769,1185159769,4551456423,-590882299,2021-07-29
14314,,90_455898221_CACEIS,1334730856,OB,OB,No-pair,fees,Caceis booked the fees for SD 06-12-2020. Integrata yet to book,1334730856,1334730856,4551456423,-590882299,2021-07-29
14315,,458_455862625_CACEIS,1287003771,OB,OB,No-pair,fx wire,Caceis booked the fx wire for SD 05-15-2020. Integrata yet to book,1287003771,1287003771,4551456423,-590882299,2021-07-29
14316,,214_4551248485_CACEIS,1800039371,OB,OB,No-pair,wire transfer,Caceis booked the wire transfer for SD 02-26-2021. Integrata yet to book,1800039371,1800039371,4551456423,-590882299,2021-07-29
14317,,4_4551374975_CACEIS,1971733175,OB,OB,No-pair,wire transfer,Caceis booked the wire transfer for SD 06-01-2021. Integrata yet to book,1971733175,1971733175,4551456423,-590882299,2021-07-29
14318,,444_455783582_CACEIS,1185159736,OB,OB,No-pair,fx wire,Caceis booked the fx wire for SD 03-16-2020. Integrata yet to book,1185159736,1185159736,4551456423,-590882299,2021-07-29
14319,,190_455693832_CACEIS,1063035300,OB,OB,No-pair,wire transfer,Caceis booked the wire transfer for SD 01-06-2020. Integrata yet to book,1063035300,1063035300,4551456423,-590882299,2021-07-29
14320,,446_4551023983_CACEIS,1500214252,OB,OB,No-pair,fx wire,Caceis booked the fx wire for SD 09-15-2020. Integrata yet to book,1500214252,1500214252,4551456423,-590882299,2021-07-29
14321,,413_4551023983_CACEIS,1500214077,OB,OB,No-pair,fx wire,Caceis booked the fx wire for SD 09-15-2020. Integrata yet to book,1500214077,1500214077,4551456423,-590882299,2021-07-29
14322,,8_455645400_CACEIS,977616500,OB,OB,No-pair,wire transfer,Caceis booked the wire transfer for SD 11-26-2019. Integrata yet to book,977616500,977616500,4551456423,-590882299,2021-07-29
14323,,337_455900053_CACEIS,1336713715,OB,OB,No-pair,fx wire,Caceis booked the fx wire for SD 06-15-2020. Integrata yet to book,1336713715,1336713715,4551456423,-590882299,2021-07-29
14324,,1356_455643841_CACEIS,975324428,OB,OB,No-pair,fx wire,Caceis booked the fx wire for SD 11-15-2019. Integrata yet to book,975324428,975324428,4551456423,-590882299,2021-07-29
14325,,310_455706635_CACEIS,1081907681,OB,OB,No-pair,fx wire,Caceis booked the fx wire for SD 01-15-2020. Integrata yet to book,1081907681,1081907681,4551456423,-590882299,2021-07-29
14326,,371_4551023983_CACEIS,1500214065,OB,OB,No-pair,fx wire,Caceis booked the fx wire for SD 09-15-2020. Integrata yet to book,1500214065,1500214065,4551456423,-590882299,2021-07-29
14327,,192_455862625_CACEIS,1287003048,OB,OB,No-pair,fx wire,Caceis booked the fx wire for SD 05-15-2020. Integrata yet to book,1287003048,1287003048,4551456423,-590882299,2021-07-29
14328,,351_455822501_CACEIS,1235308210,OB,OB,No-pair,fx wire,Caceis booked the fx wire for SD 04-15-2020. Integrata yet to book,1235308210,1235308210,4551456423,-590882299,2021-07-29
14329,,238_4551354754_CACEIS,1942399653,OB,OB,No-pair,fx wire,Caceis booked the fx wire for SD 05-17-2021. Integrata yet to book,1942399653,1942399653,4551456423,-590882299,2021-07-29
14330,,4_294330_CACEIS,412596765,OB,OB,No-pair,fx wire,Caceis booked the fx wire for SD 02-08-2019. Integrata yet to book,412596765,412596765,4551456423,-590882299,2021-07-29
14331,,700_455862625_CACEIS,1287004963,OB,OB,No-pair,fx wire,Caceis booked the fx wire for SD 05-15-2020. Integrata yet to book,1287004963,1287004963,4551456423,-590882299,2021-07-29
14332,,81_455693832_CACEIS,1063035179,OB,OB,No-pair,fees,Caceis booked the fees for SD 01-06-2020. Integrata yet to book,1063035179,1063035179,4551456423,-590882299,2021-07-29
14333,,391_455590588_CACEIS,883858733,OB,OB,No-pair,fx wire,Caceis booked the fx wire for SD 10-15-2019. Integrata yet to book,883858733,883858733,4551456423,-590882299,2021-07-29
14334,,72_455822501_CACEIS,1235308032,OB,OB,No-pair,fx wire,Caceis booked the fx wire for SD 04-15-2020. Integrata yet to book,1235308032,1235308032,4551456423,-590882299,2021-07-29
14335,,120_4551232906_CACEIS,1780156441,OB,OB,No-pair,fx wire,Caceis booked the fx wire for SD 02-16-2021. Integrata yet to book,1780156441,1780156441,4551456423,-590882299,2021-07-29
14336,,398_4551232906_CACEIS,1780156796,OB,OB,No-pair,fx wire,Caceis booked the fx wire for SD 02-16-2021. Integrata yet to book,1780156796,1780156796,4551456423,-590882299,2021-07-29
14337,,56_455693832_CACEIS,1063035120,OB,OB,No-pair,fees,Caceis booked the fees for SD 01-06-2020. Integrata yet to book,1063035120,1063035120,4551456423,-590882299,2021-07-29
14338,,25_4551372778_CACEIS,1969041944,OB,OB,No-pair,wire transfer,Caceis booked the wire transfer for SD 05-21-2021. Integrata yet to book,1969041944,1969041944,4551456423,-590882299,2021-07-29
14339,,509_455822501_CACEIS,1235308425,OB,OB,No-pair,fx wire,Caceis booked the fx wire for SD 04-15-2020. Integrata yet to book,1235308425,1235308425,4551456423,-590882299,2021-07-29
14340,,128_455762980_CACEIS,1156897691,OB,OB,No-pair,fx wire,Caceis booked the fx wire for SD 02-28-2020. Integrata yet to book,1156897691,1156897691,4551456423,-590882299,2021-07-29
14341,,61_455693832_CACEIS,1063035138,OB,OB,No-pair,fees,Caceis booked the fees for SD 01-06-2020. Integrata yet to book,1063035138,1063035138,4551456423,-590882299,2021-07-29
14342,,2_455577664_CACEIS,861360896,OB,OB,No-pair,fx wire,Caceis booked the fx wire for SD 10-04-2019. Integrata yet to book,861360896,861360896,4551456423,-590882299,2021-07-29
14343,,3_4551122535_CACEIS,1631194826,OB,OB,No-pair,proceeds sell,Caceis booked the proceeds sell for SD 11-25-2020. Integrata yet to book,1631194826,1631194826,4551456423,-590882299,2021-07-29
14344,,34_455663909_CACEIS,1011570653,OB,OB,No-pair,wire transfer,Caceis booked the wire transfer for SD 07-17-2019. Integrata yet to book,1011570653,1011570653,4551456423,-590882299,2021-07-29
14345,,3_4551052926_CACEIS,1538800353,OB,OB,No-pair,wire transfer,Caceis booked the wire transfer for SD 10-06-2020. Integrata yet to book,1538800353,1538800353,4551456423,-590882299,2021-07-29
14346,,1_4551122535_CACEIS,1631194823,OB,OB,No-pair,wire transfer,Caceis booked the wire transfer for SD 11-25-2020. Integrata yet to book,1631194823,1631194823,4551456423,-590882299,2021-07-29
14347,,419_4551066313_CACEIS,1556876763,OB,OB,No-pair,fx wire,Caceis booked the fx wire for SD 10-15-2020. Integrata yet to book,1556876763,1556876763,4551456423,-590882299,2021-07-29
14348,,44_455779682_CACEIS,1179968826,OB,OB,No-pair,wire transfer,Caceis booked the wire transfer for SD 02-27-2020. Integrata yet to book,1179968826,1179968826,4551456423,-590882299,2021-07-29
14349,,903_455822501_CACEIS,1235307888,OB,OB,No-pair,fx wire,Caceis booked the fx wire for SD 04-15-2020. Integrata yet to book,1235307888,1235307888,4551456423,-590882299,2021-07-29
14350,,15_455920273_CACEIS,1364559760,OB,OB,No-pair,monthend interest,Caceis booked the monthend interest for SD 07-01-2020. Integrata yet to book,1364559760,1364559760,4551456423,-590882299,2021-07-29
14351,,6_455663909_CACEIS,1011570584,OB,OB,No-pair,wire transfer,Caceis booked the wire transfer for SD 12-11-2019. Integrata yet to book,1011570584,1011570584,4551456423,-590882299,2021-07-29
14352,,47_455554115_CACEIS,824384859,OB,OB,No-pair,fx wire,Caceis booked the fx wire for SD 09-17-2019. Integrata yet to book,824384859,824384859,4551456423,-590882299,2021-07-29
14353,,138_4551109218_CACEIS,1613286730,OB,OB,No-pair,fx wire,Caceis booked the fx wire for SD 11-16-2020. Integrata yet to book,1613286730,1613286730,4551456423,-590882299,2021-07-29
14354,,9_455879764_CACEIS,1309543710,OB,OB,No-pair,monthend interest,Caceis booked the monthend interest for SD 06-01-2020. Integrata yet to book,1309543710,1309543710,4551456423,-590882299,2021-07-29
14355,,80_4551220415_CACEIS,1761956110,OB,OB,No-pair,fx wire,Caceis booked the fx wire for SD 02-05-2021. Integrata yet to book,1761956110,1761956110,4551456423,-590882299,2021-07-29
14356,,101_455745203_CACEIS,1132280311,OB,OB,No-pair,fx wire,Caceis booked the fx wire for SD 02-14-2020. Integrata yet to book,1132280311,1132280311,4551456423,-590882299,2021-07-29
14357,,98_4551313388_CACEIS,1883527762,OB,OB,No-pair,fx wire,Caceis booked the fx wire for SD 04-15-2021. Integrata yet to book,1883527762,1883527762,4551456423,-590882299,2021-07-29
14358,,40_455649350_CACEIS,985331655,OB,OB,No-pair,monthend interest,Caceis booked the monthend interest for SD 12-01-2019. Integrata yet to book,985331655,985331655,4551456423,-590882299,2021-07-29
14359,,889_455822501_CACEIS,1235307948,OB,OB,No-pair,fx wire,Caceis booked the fx wire for SD 04-15-2020. Integrata yet to book,1235307948,1235307948,4551456423,-590882299,2021-07-29
14360,,23_4551042956_CACEIS,1525553095,OB,OB,No-pair,wire transfer,Caceis booked the wire transfer for SD 09-22-2020. Integrata yet to book,1525553095,1525553095,4551456423,-590882299,2021-07-29
14361,,392_455985296_CACEIS,1449582126,OB,OB,No-pair,fx wire,Caceis booked the fx wire for SD 08-17-2020. Integrata yet to book,1449582126,1449582126,4551456423,-590882299,2021-07-29
14362,,409_455748445_CACEIS,1136275388,OB,OB,No-pair,fx wire,Caceis booked the fx wire for SD 02-18-2020. Integrata yet to book,1136275388,1136275388,4551456423,-590882299,2021-07-29
14363,,182_4551066313_CACEIS,1556876315,OB,OB,No-pair,fx wire,Caceis booked the fx wire for SD 10-15-2020. Integrata yet to book,1556876315,1556876315,4551456423,-590882299,2021-07-29
14364,,304_455900053_CACEIS,1336713722,OB,OB,No-pair,fx wire,Caceis booked the fx wire for SD 06-15-2020. Integrata yet to book,1336713722,1336713722,4551456423,-590882299,2021-07-29
14365,,97_455762980_CACEIS,1156897873,OB,OB,No-pair,monthend interest,Caceis booked the monthend interest for SD 03-01-2020. Integrata yet to book,1156897873,1156897873,4551456423,-590882299,2021-07-29
14366,,60_4551060531_CACEIS,1548950612,OB,OB,No-pair,fees,Caceis booked the fees for SD 10-12-2020. Integrata yet to book,1548950612,1548950612,4551456423,-590882299,2021-07-29
14367,,309_455590588_CACEIS,883858532,OB,OB,No-pair,fx wire,Caceis booked the fx wire for SD 10-15-2019. Integrata yet to book,883858532,883858532,4551456423,-590882299,2021-07-29
14368,,92_455649350_CACEIS,985331650,OB,OB,No-pair,fx wire,Caceis booked the fx wire for SD 11-29-2019. Integrata yet to book,985331650,985331650,4551456423,-590882299,2021-07-29
14369,,712_455643841_CACEIS,975323784,OB,OB,No-pair,monthend interest,Caceis booked the monthend interest for SD 10-31-2019. Integrata yet to book,975323784,975323784,4551456423,-590882299,2021-07-29
14370,,42_455762980_CACEIS,1156897748,OB,OB,No-pair,monthend interest,Caceis booked the monthend interest for SD 03-01-2020. Integrata yet to book,1156897748,1156897748,4551456423,-590882299,2021-07-29
14371,,59_4551220415_CACEIS,1761956004,OB,OB,No-pair,fx wire,Caceis booked the fx wire for SD 02-05-2021. Integrata yet to book,1761956004,1761956004,4551456423,-590882299,2021-07-29
14372,,17_4551258322_CACEIS,1812652690,OB,OB,No-pair,fx wire,Caceis booked the fx wire for SD 03-05-2021. Integrata yet to book,1812652690,1812652690,4551456423,-590882299,2021-07-29
14373,,3_455450918_CACEIS,651304348,OB,OB,No-pair,wire transfer,Caceis booked the wire transfer for SD 06-24-2019. Integrata yet to book,651304348,651304348,4551456423,-590882299,2021-07-29
14374,,40_455846205_CACEIS,1265566720,OB,OB,No-pair,wire transfer,Caceis booked the wire transfer for SD 03-20-2020. Integrata yet to book,1265566720,1265566720,4551456423,-590882299,2021-07-29
14375,,1243_455643841_CACEIS,975324315,OB,OB,No-pair,fx wire,Caceis booked the fx wire for SD 11-15-2019. Integrata yet to book,975324315,975324315,4551456423,-590882299,2021-07-29
14376,,284_455706635_CACEIS,1081907608,OB,OB,No-pair,fx wire,Caceis booked the fx wire for SD 01-15-2020. Integrata yet to book,1081907608,1081907608,4551456423,-590882299,2021-07-29
14377,,6_4551081703_CACEIS,1576857670,OB,OB,No-pair,wire transfer,Caceis booked the wire transfer for SD 10-27-2020. Integrata yet to book,1576857670,1576857670,4551456423,-590882299,2021-07-29
14378,,34_333062_CACEIS,479846751,OB,OB,No-pair,fx wire,Caceis booked the fx wire for SD 03-15-2019. Integrata yet to book,479846751,479846751,4551456423,-590882299,2021-07-29
14379,,383_455822501_CACEIS,1235308279,OB,OB,No-pair,fx wire,Caceis booked the fx wire for SD 04-15-2020. Integrata yet to book,1235308279,1235308279,4551456423,-590882299,2021-07-29
14380,,17_4551011052_CACEIS,1483359802,OB,OB,No-pair,fx wire,Caceis booked the fx wire for SD 09-04-2020. Integrata yet to book,1483359802,1483359802,4551456423,-590882299,2021-07-29
14381,,14_4551174457_CACEIS,1699762766,OB,OB,No-pair,fx wire,Caceis booked the fx wire for SD 01-04-2021. Integrata yet to book,1699762766,1699762766,4551456423,-590882299,2021-07-29
14382,,237_4551248485_CACEIS,1800039441,OB,OB,No-pair,wire transfer,Caceis booked the wire transfer for SD 02-26-2021. Integrata yet to book,1800039441,1800039441,4551456423,-590882299,2021-07-29
14383,,466_4551066313_CACEIS,1556876643,OB,OB,No-pair,fx wire,Caceis booked the fx wire for SD 10-15-2020. Integrata yet to book,1556876643,1556876643,4551456423,-590882299,2021-07-29
14384,,71_455963450_CACEIS,1421777918,OB,OB,No-pair,fx wire,Caceis booked the fx wire for SD 07-31-2020. Integrata yet to book,1421777918,1421777918,4551456423,-590882299,2021-07-29
14385,,67_455476582_CACEIS,691188216,OB,OB,No-pair,fx wire,Caceis booked the fx wire for SD 07-16-2019. Integrata yet to book,691188216,691188216,4551456423,-590882299,2021-07-29
14386,,280_4551354754_CACEIS,1942399702,OB,OB,No-pair,fx wire,Caceis booked the fx wire for SD 05-17-2021. Integrata yet to book,1942399702,1942399702,4551456423,-590882299,2021-07-29
14387,,3_455842390_CACEIS,1260634947,OB,OB,No-pair,monthend interest,Caceis booked the monthend interest for SD 05-01-2020. Integrata yet to book,1260634947,1260634947,4551456423,-590882299,2021-07-29
14388,,1_455730876_CACEIS,1112842538,OB,OB,No-pair,wire transfer,Caceis booked the wire transfer for SD 02-04-2020. Integrata yet to book,1112842538,1112842538,4551456423,-590882299,2021-07-29
14389,,187_4551248485_CACEIS,1800039526,OB,OB,No-pair,fx wire,Caceis booked the fx wire for SD 02-26-2021. Integrata yet to book,1800039526,1800039526,4551456423,-590882299,2021-07-29
14390,,12_4551303755_CACEIS,1871563039,OB,OB,No-pair,wire transfer,Caceis booked the wire transfer for SD 04-08-2021. Integrata yet to book,1871563039,1871563039,4551456423,-590882299,2021-07-29
14391,,483_455643841_CACEIS,975323555,OB,OB,No-pair,fx wire,Caceis booked the fx wire for SD 11-15-2019. Integrata yet to book,975323555,975323555,4551456423,-590882299,2021-07-29
14392,,50_4551127906_CACEIS,1637981954,OB,OB,No-pair,monthend interest,Caceis booked the monthend interest for SD 12-01-2020. Integrata yet to book,1637981954,1637981954,4551456423,-590882299,2021-07-29
14393,,275_4551354754_CACEIS,1942399711,OB,OB,No-pair,fx wire,Caceis booked the fx wire for SD 05-17-2021. Integrata yet to book,1942399711,1942399711,4551456423,-590882299,2021-07-29
14394,,52_455790609_CACEIS,1194036480,OB,OB,No-pair,wire transfer,Caceis booked the wire transfer for SD 03-20-2020. Integrata yet to book,1194036480,1194036480,4551456423,-590882299,2021-07-29
14395,,17_4551414063_CACEIS,2021656559,OB,OB,No-pair,wire transfer,Caceis booked the wire transfer for SD 05-17-2021. Integrata yet to book,2021656559,2021656559,4551456423,-590882299,2021-07-29
14396,,1228_455643841_CACEIS,975324300,OB,OB,No-pair,fx wire,Caceis booked the fx wire for SD 11-15-2019. Integrata yet to book,975324300,975324300,4551456423,-590882299,2021-07-29
14397,,29_4551077732_CACEIS,1571717940,OB,OB,No-pair,fx wire,Caceis booked the fx wire for SD 10-23-2020. Integrata yet to book,1571717940,1571717940,4551456423,-590882299,2021-07-29
14398,,397_455643841_CACEIS,975323469,OB,OB,No-pair,fx wire,Caceis booked the fx wire for SD 11-15-2019. Integrata yet to book,975323469,975323469,4551456423,-590882299,2021-07-29
14399,,33_455940640_CACEIS,1391596027,OB,OB,No-pair,fx wire,Caceis booked the fx wire for SD 07-15-2020. Integrata yet to book,1391596027,1391596027,4551456423,-590882299,2021-07-29
14400,,360_455822501_CACEIS,1235308352,OB,OB,No-pair,fx wire,Caceis booked the fx wire for SD 04-15-2020. Integrata yet to book,1235308352,1235308352,4551456423,-590882299,2021-07-29
14401,,146_455898221_CACEIS,1334730780,OB,OB,No-pair,fx wire,Caceis booked the fx wire for SD 06-12-2020. Integrata yet to book,1334730780,1334730780,4551456423,-590882299,2021-07-29
14402,,30_4551035437_CACEIS,1516099560,OB,OB,No-pair,wire transfer,Caceis booked the wire transfer for SD 06-01-2020. Integrata yet to book,1516099560,1516099560,4551456423,-590882299,2021-07-29
14403,,90_455900053_CACEIS,1336713447,OB,OB,No-pair,fx wire,Caceis booked the fx wire for SD 06-15-2020. Integrata yet to book,1336713447,1336713447,4551456423,-590882299,2021-07-29
14404,,26_4551373621_CACEIS,1970229491,OB,OB,No-pair,monthend interest,Caceis booked the monthend interest for SD 06-01-2021. Integrata yet to book,1970229491,1970229491,4551456423,-590882299,2021-07-29
14405,,115_4551149959_CACEIS,1667622834,OB,OB,No-pair,fx wire,Caceis booked the fx wire for SD 12-15-2020. Integrata yet to book,1667622834,1667622834,4551456423,-590882299,2021-07-29
14406,,737_4551232906_CACEIS,1780157178,OB,OB,No-pair,fx wire,Caceis booked the fx wire for SD 02-16-2021. Integrata yet to book,1780157178,1780157178,4551456423,-590882299,2021-07-29
14407,,5_455876125_CACEIS,1304457662,OB,OB,No-pair,wire transfer,Caceis booked the wire transfer for SD 05-11-2020. Integrata yet to book,1304457662,1304457662,4551456423,-590882299,2021-07-29
14408,,1_4551322707_CACEIS,1895726828,OB,OB,No-pair,wire transfer,Caceis booked the wire transfer for SD 04-22-2021. Integrata yet to book,1895726828,1895726828,4551456423,-590882299,2021-07-29
14409,,36_455476582_CACEIS,691188735,OB,OB,No-pair,fx wire,Caceis booked the fx wire for SD 07-16-2019. Integrata yet to book,691188735,691188735,4551456423,-590882299,2021-07-29
14410,,177_455822501_CACEIS,1235307927,OB,OB,No-pair,fx wire,Caceis booked the fx wire for SD 04-15-2020. Integrata yet to book,1235307927,1235307927,4551456423,-590882299,2021-07-29
14411,,48_455442954_CACEIS,637183902,OB,OB,No-pair,fx wire,Caceis booked the fx wire for SD 06-17-2019. Integrata yet to book,637183902,637183902,4551456423,-590882299,2021-07-29
14412,,3_455810647_CACEIS,1220317305,OB,OB,No-pair,wire transfer,Caceis booked the wire transfer for SD 04-06-2020. Integrata yet to book,1220317305,1220317305,4551456423,-590882299,2021-07-29
14413,,37_455842390_CACEIS,1260634997,OB,OB,No-pair,monthend interest,Caceis booked the monthend interest for SD 05-01-2020. Integrata yet to book,1260634997,1260634997,4551456423,-590882299,2021-07-29
14414,,1_4551292839_CACEIS,1857221912,OB,OB,No-pair,monthend interest,Caceis booked the monthend interest for SD 04-01-2021. Integrata yet to book,1857221912,1857221912,4551456423,-590882299,2021-07-29
14415,,28_4551419402_CACEIS,2029730709,OB,OB,No-pair,wire transfer,Caceis booked the wire transfer for SD 07-01-2021. Integrata yet to book,2029730709,2029730709,4551456423,-590882299,2021-07-29
14416,,17_4551134044_CACEIS,1646944680,OB,OB,No-pair,wire transfer,Caceis booked the wire transfer for SD 12-03-2020. Integrata yet to book,1646944680,1646944680,4551456423,-590882299,2021-07-29
14417,,230_4551248485_CACEIS,1800039505,OB,OB,No-pair,wire transfer,Caceis booked the wire transfer for SD 02-26-2021. Integrata yet to book,1800039505,1800039505,4551456423,-590882299,2021-07-29
14418,,515_455900053_CACEIS,1336714033,OB,OB,No-pair,fx wire,Caceis booked the fx wire for SD 06-15-2020. Integrata yet to book,1336714033,1336714033,4551456423,-590882299,2021-07-29
14419,,10_455457456_CACEIS,662167962,OB,OB,No-pair,fx wire,Caceis booked the fx wire for SD 06-28-2019. Integrata yet to book,662167962,662167962,4551456423,-590882299,2021-07-29
14420,,77_4551394628_CACEIS,1997244636,OB,OB,No-pair,fx wire,Caceis booked the fx wire for SD 06-15-2021. Integrata yet to book,1997244636,1997244636,4551456423,-590882299,2021-07-29
14421,,64_4551127906_CACEIS,1637981948,OB,OB,No-pair,monthend interest,Caceis booked the monthend interest for SD 12-01-2020. Integrata yet to book,1637981948,1637981948,4551456423,-590882299,2021-07-29
14422,,679_455643841_CACEIS,975323751,OB,OB,No-pair,fx wire,Caceis booked the fx wire for SD 11-18-2019. Integrata yet to book,975323751,975323751,4551456423,-590882299,2021-07-29
14423,,245_4551109218_CACEIS,1613286886,OB,OB,No-pair,fx wire,Caceis booked the fx wire for SD 11-16-2020. Integrata yet to book,1613286886,1613286886,4551456423,-590882299,2021-07-29
14424,,50_4551394628_CACEIS,1997244614,OB,OB,No-pair,fx wire,Caceis booked the fx wire for SD 06-15-2021. Integrata yet to book,1997244614,1997244614,4551456423,-590882299,2021-07-29
14425,,355_4551023983_CACEIS,1500214044,OB,OB,No-pair,fx wire,Caceis booked the fx wire for SD 09-15-2020. Integrata yet to book,1500214044,1500214044,4551456423,-590882299,2021-07-29
14426,,42_455799620_CACEIS,1205700359,OB,OB,No-pair,fx wire,Caceis booked the fx wire for SD 03-27-2020. Integrata yet to book,1205700359,1205700359,4551456423,-590882299,2021-07-29
14427,,24_455940640_CACEIS,1391595982,OB,OB,No-pair,fx wire,Caceis booked the fx wire for SD 07-15-2020. Integrata yet to book,1391595982,1391595982,4551456423,-590882299,2021-07-29
14428,,11_455501001_CACEIS,732848925,OB,OB,No-pair,fx wire,Caceis booked the fx wire for SD 08-05-2019. Integrata yet to book,732848925,732848925,4551456423,-590882299,2021-07-29
14429,,11_455658450_CACEIS,1002374654,OB,OB,No-pair,fx wire,Caceis booked the fx wire for SD 12-06-2019. Integrata yet to book,1002374654,1002374654,4551456423,-590882299,2021-07-29
14430,,37_455985296_CACEIS,1449581714,OB,OB,No-pair,fx wire,Caceis booked the fx wire for SD 08-17-2020. Integrata yet to book,1449581714,1449581714,4551456423,-590882299,2021-07-29
14431,,106_4551436806_CACEIS,2049885834,OB,OB,No-pair,fx wire,Caceis booked the fx wire for SD 07-15-2021. Integrata yet to book,2049885834,2049885834,4551456423,-590882299,2021-07-29
14432,,22_4551210754_CACEIS,1748958323,OB,OB,No-pair,fx wire,Caceis booked the fx wire for SD 01-29-2021. Integrata yet to book,1748958323,1748958323,4551456423,-590882299,2021-07-29
14433,,424_455822501_CACEIS,1235308290,OB,OB,No-pair,fx wire,Caceis booked the fx wire for SD 04-15-2020. Integrata yet to book,1235308290,1235308290,4551456423,-590882299,2021-07-29
14434,,14_455408517_CACEIS,589855191,OB,OB,No-pair,fx wire,Caceis booked the fx wire for SD 05-17-2019. Integrata yet to book,589855191,589855191,4551456423,-590882299,2021-07-29
14435,,78_455693832_CACEIS,1063035160,OB,OB,No-pair,fees,Caceis booked the fees for SD 01-06-2020. Integrata yet to book,1063035160,1063035160,4551456423,-590882299,2021-07-29
14436,,26_4551136088_CACEIS,1649475141,OB,OB,No-pair,fx wire,Caceis booked the fx wire for SD 12-04-2020. Integrata yet to book,1649475141,1649475141,4551456423,-590882299,2021-07-29
14437,,52_455940640_CACEIS,1391595933,OB,OB,No-pair,fx wire,Caceis booked the fx wire for SD 07-15-2020. Integrata yet to book,1391595933,1391595933,4551456423,-590882299,2021-07-29
14438,,7_455779682_CACEIS,1179968821,OB,OB,No-pair,wire transfer,Caceis booked the wire transfer for SD 03-12-2020. Integrata yet to book,1179968821,1179968821,4551456423,-590882299,2021-07-29
14439,,234_4551248485_CACEIS,1800039528,OB,OB,No-pair,wire transfer,Caceis booked the wire transfer for SD 02-26-2021. Integrata yet to book,1800039528,1800039528,4551456423,-590882299,2021-07-29
14440,,45_333062_CACEIS,479846761,OB,OB,No-pair,fx wire,Caceis booked the fx wire for SD 03-15-2019. Integrata yet to book,479846761,479846761,4551456423,-590882299,2021-07-29
14441,,5_455550632_CACEIS,818475518,OB,OB,No-pair,fx wire,Caceis booked the fx wire for SD 09-13-2019. Integrata yet to book,818475518,818475518,4551456423,-590882299,2021-07-29
14442,,25_4551058652_CACEIS,1546340363,OB,OB,No-pair,fx wire,Caceis booked the fx wire for SD 10-09-2020. Integrata yet to book,1546340363,1546340363,4551456423,-590882299,2021-07-29
14443,,56_455753887_CACEIS,1143364768,OB,OB,No-pair,fx wire,Caceis booked the fx wire for SD 02-21-2020. Integrata yet to book,1143364768,1143364768,4551456423,-590882299,2021-07-29
14444,,300_4551232906_CACEIS,1780156628,OB,OB,No-pair,wire transfer,Caceis booked the wire transfer for SD 01-29-2021. Integrata yet to book,1780156628,1780156628,4551456423,-590882299,2021-07-29
14445,,55_455889377_CACEIS,1323110241,OB,OB,No-pair,fx wire,Caceis booked the fx wire for SD 06-05-2020. Integrata yet to book,1323110241,1323110241,4551456423,-590882299,2021-07-29
14446,,123_455718167_CACEIS,1096511824,OB,OB,No-pair,fx wire,Caceis booked the fx wire for SD 01-24-2020. Integrata yet to book,1096511824,1096511824,4551456423,-590882299,2021-07-29
14447,,2_455525155_CACEIS,774691779,OB,OB,No-pair,wire transfer,Caceis booked the wire transfer for SD 08-23-2019. Integrata yet to book,774691779,774691779,4551456423,-590882299,2021-07-29
14448,,13_455927788_CACEIS,1374347975,OB,OB,No-pair,fx wire,Caceis booked the fx wire for SD 07-06-2020. Integrata yet to book,1374347975,1374347975,4551456423,-590882299,2021-07-29
14449,,189_4551232906_CACEIS,1780156455,OB,OB,No-pair,fx wire,Caceis booked the fx wire for SD 02-16-2021. Integrata yet to book,1780156455,1780156455,4551456423,-590882299,2021-07-29
14450,,440_455748445_CACEIS,1136275484,OB,OB,No-pair,fx wire,Caceis booked the fx wire for SD 02-18-2020. Integrata yet to book,1136275484,1136275484,4551456423,-590882299,2021-07-29
14451,,350_4551232906_CACEIS,1780156793,OB,OB,No-pair,fx wire,Caceis booked the fx wire for SD 02-16-2021. Integrata yet to book,1780156793,1780156793,4551456423,-590882299,2021-07-29
14452,,4_455808758_CACEIS,1217520383,OB,OB,No-pair,fx wire,Caceis booked the fx wire for SD 04-03-2020. Integrata yet to book,1217520383,1217520383,4551456423,-590882299,2021-07-29
14453,,3_4551072061_CACEIS,1564185614,OB,OB,No-pair,wire transfer,Caceis booked the wire transfer for SD 10-06-2020. Integrata yet to book,1564185614,1564185614,4551456423,-590882299,2021-07-29
14454,,352_455940640_CACEIS,1391596187,OB,OB,No-pair,fx wire,Caceis booked the fx wire for SD 07-15-2020. Integrata yet to book,1391596187,1391596187,4551456423,-590882299,2021-07-29
14455,,397_455748445_CACEIS,1136275249,OB,OB,No-pair,fx wire,Caceis booked the fx wire for SD 02-18-2020. Integrata yet to book,1136275249,1136275249,4551456423,-590882299,2021-07-29
14456,,99_455693832_CACEIS,1063035155,OB,OB,No-pair,fees,Caceis booked the fees for SD 01-06-2020. Integrata yet to book,1063035155,1063035155,4551456423,-590882299,2021-07-29
14457,,18_4551326398_CACEIS,1900587952,OB,OB,No-pair,proceeds sell,Caceis booked the proceeds sell for SD 04-26-2021. Integrata yet to book,1900587952,1900587952,4551456423,-590882299,2021-07-29
14458,,88_455745203_CACEIS,1132280362,OB,OB,No-pair,wire transfer,Caceis booked the wire transfer for SD 02-14-2020. Integrata yet to book,1132280362,1132280362,4551456423,-590882299,2021-07-29
14459,,84_455693832_CACEIS,1063035197,OB,OB,No-pair,fees,Caceis booked the fees for SD 01-06-2020. Integrata yet to book,1063035197,1063035197,4551456423,-590882299,2021-07-29
14460,,73_4551354754_CACEIS,1942399526,OB,OB,No-pair,fx wire,Caceis booked the fx wire for SD 05-17-2021. Integrata yet to book,1942399526,1942399526,4551456423,-590882299,2021-07-29
14461,,30_267975_CACEIS,368747277,OB,OB,No-pair,fx wire,Caceis booked the fx wire for SD 01-15-2019. Integrata yet to book,368747277,368747277,4551456423,-590882299,2021-07-29
14462,,61_306589_CACEIS,433998238,OB,OB,No-pair,fx wire,Caceis booked the fx wire for SD 02-15-2019. Integrata yet to book,433998238,433998238,4551456423,-590882299,2021-07-29
14463,,54_4551229444_CACEIS,1775243128,OB,OB,No-pair,wire transfer,Caceis booked the wire transfer for SD 01-29-2021. Integrata yet to book,1775243128,1775243128,4551456423,-590882299,2021-07-29
14464,,4_455525155_CACEIS,774691784,OB,OB,No-pair,wire transfer,Caceis booked the wire transfer for SD 08-23-2019. Integrata yet to book,774691784,774691784,4551456423,-590882299,2021-07-29
14465,,55_455835232_CACEIS,1251293840,OB,OB,No-pair,fx wire,Caceis booked the fx wire for SD 04-24-2020. Integrata yet to book,1251293840,1251293840,4551456423,-590882299,2021-07-29
14466,,5_4551115163_CACEIS,1620888331,OB,OB,No-pair,wire transfer,Caceis booked the wire transfer for SD 06-11-2020. Integrata yet to book,1620888331,1620888331,4551456423,-590882299,2021-07-29
14467,,446_455822501_CACEIS,1235308272,OB,OB,No-pair,fx wire,Caceis booked the fx wire for SD 04-15-2020. Integrata yet to book,1235308272,1235308272,4551456423,-590882299,2021-07-29
14468,,25_4551305829_CACEIS,1874141017,OB,OB,No-pair,fx wire,Caceis booked the fx wire for SD 04-09-2021. Integrata yet to book,1874141017,1874141017,4551456423,-590882299,2021-07-29
14469,,405_455822501_CACEIS,1235308247,OB,OB,No-pair,fx wire,Caceis booked the fx wire for SD 04-15-2020. Integrata yet to book,1235308247,1235308247,4551456423,-590882299,2021-07-29
14470,,70_4551394628_CACEIS,1997244660,OB,OB,No-pair,fx wire,Caceis booked the fx wire for SD 06-15-2021. Integrata yet to book,1997244660,1997244660,4551456423,-590882299,2021-07-29
14471,,26_4551145900_CACEIS,1662179013,OB,OB,No-pair,fx wire,Caceis booked the fx wire for SD 12-11-2020. Integrata yet to book,1662179013,1662179013,4551456423,-590882299,2021-07-29
14472,,249_4551210754_CACEIS,1748958360,OB,OB,No-pair,monthend interest,Caceis booked the monthend interest for SD 02-01-2021. Integrata yet to book,1748958360,1748958360,4551456423,-590882299,2021-07-29
14473,,61_455590588_CACEIS,883858483,OB,OB,No-pair,fx wire,Caceis booked the fx wire for SD 10-15-2019. Integrata yet to book,883858483,883858483,4551456423,-590882299,2021-07-29
14474,,197_455590588_CACEIS,883858322,OB,OB,No-pair,fx wire,Caceis booked the fx wire for SD 10-15-2019. Integrata yet to book,883858322,883858322,4551456423,-590882299,2021-07-29
14475,,73_455799620_CACEIS,1205700332,OB,OB,No-pair,fx wire,Caceis booked the fx wire for SD 03-27-2020. Integrata yet to book,1205700332,1205700332,4551456423,-590882299,2021-07-29
14476,,63_455799620_CACEIS,1205700322,OB,OB,No-pair,fx wire,Caceis booked the fx wire for SD 03-27-2020. Integrata yet to book,1205700322,1205700322,4551456423,-590882299,2021-07-29
14477,,271_4551109218_CACEIS,1613286866,OB,OB,No-pair,fx wire,Caceis booked the fx wire for SD 11-16-2020. Integrata yet to book,1613286866,1613286866,4551456423,-590882299,2021-07-29
14478,,765_455862625_CACEIS,1287005258,OB,OB,No-pair,fx wire,Caceis booked the fx wire for SD 05-15-2020. Integrata yet to book,1287005258,1287005258,4551456423,-590882299,2021-07-29
14479,,8_455424626_CACEIS,610989042,OB,OB,No-pair,wire transfer,Caceis booked the wire transfer for SD 05-31-2019. Integrata yet to book,610989042,610989042,4551456423,-590882299,2021-07-29
14480,,307_455590588_CACEIS,883858314,OB,OB,No-pair,fx wire,Caceis booked the fx wire for SD 10-15-2019. Integrata yet to book,883858314,883858314,4551456423,-590882299,2021-07-29
14481,,708_4551232906_CACEIS,1780157002,OB,OB,No-pair,fx wire,Caceis booked the fx wire for SD 02-16-2021. Integrata yet to book,1780157002,1780157002,4551456423,-590882299,2021-07-29
14482,,688_4551232906_CACEIS,1780157075,OB,OB,No-pair,fx wire,Caceis booked the fx wire for SD 02-16-2021. Integrata yet to book,1780157075,1780157075,4551456423,-590882299,2021-07-29
14483,,102_455693832_CACEIS,1063035189,OB,OB,No-pair,fees,Caceis booked the fees for SD 01-06-2020. Integrata yet to book,1063035189,1063035189,4551456423,-590882299,2021-07-29
14484,,59_4551436806_CACEIS,2049885823,OB,OB,No-pair,fx wire,Caceis booked the fx wire for SD 07-15-2021. Integrata yet to book,2049885823,2049885823,4551456423,-590882299,2021-07-29
14485,,103_455783582_CACEIS,1185159297,OB,OB,No-pair,fx wire,Caceis booked the fx wire for SD 03-16-2020. Integrata yet to book,1185159297,1185159297,4551456423,-590882299,2021-07-29
14486,,91_455693832_CACEIS,1063035258,OB,OB,No-pair,fees,Caceis booked the fees for SD 01-06-2020. Integrata yet to book,1063035258,1063035258,4551456423,-590882299,2021-07-29
14487,,177_455762980_CACEIS,1156897819,OB,OB,No-pair,monthend interest,Caceis booked the monthend interest for SD 03-01-2020. Integrata yet to book,1156897819,1156897819,4551456423,-590882299,2021-07-29
14488,,693_4551232906_CACEIS,1780157190,OB,OB,No-pair,fx wire,Caceis booked the fx wire for SD 02-16-2021. Integrata yet to book,1780157190,1780157190,4551456423,-590882299,2021-07-29
14489,,11_455963450_CACEIS,1421777810,OB,OB,No-pair,monthend interest,Caceis booked the monthend interest for SD 08-01-2020. Integrata yet to book,1421777810,1421777810,4551456423,-590882299,2021-07-29
14490,,772_4551232906_CACEIS,1780157097,OB,OB,No-pair,fx wire,Caceis booked the fx wire for SD 02-16-2021. Integrata yet to book,1780157097,1780157097,4551456423,-590882299,2021-07-29
14491,,55_455667500_CACEIS,1017540719,OB,OB,No-pair,fx wire,Caceis booked the fx wire for SD 12-13-2019. Integrata yet to book,1017540719,1017540719,4551456423,-590882299,2021-07-29
14492,,137_4551149959_CACEIS,1667622830,OB,OB,No-pair,fx wire,Caceis booked the fx wire for SD 12-15-2020. Integrata yet to book,1667622830,1667622830,4551456423,-590882299,2021-07-29
14493,,745_455822501_CACEIS,1235308518,OB,OB,No-pair,fx wire,Caceis booked the fx wire for SD 04-15-2020. Integrata yet to book,1235308518,1235308518,4551456423,-590882299,2021-07-29
14494,,428_4551023983_CACEIS,1500214192,OB,OB,No-pair,fx wire,Caceis booked the fx wire for SD 09-15-2020. Integrata yet to book,1500214192,1500214192,4551456423,-590882299,2021-07-29
14495,,62_4551023983_CACEIS,1500213951,OB,OB,No-pair,fx wire,Caceis booked the fx wire for SD 09-15-2020. Integrata yet to book,1500213951,1500213951,4551456423,-590882299,2021-07-29
14496,,140_4551109218_CACEIS,1613286650,OB,OB,No-pair,fx wire,Caceis booked the fx wire for SD 11-16-2020. Integrata yet to book,1613286650,1613286650,4551456423,-590882299,2021-07-29
14497,,275_455748445_CACEIS,1136275308,OB,OB,No-pair,fx wire,Caceis booked the fx wire for SD 02-18-2020. Integrata yet to book,1136275308,1136275308,4551456423,-590882299,2021-07-29
14498,,6_455599601_CACEIS,898224384,OB,OB,No-pair,proceeds sell,Caceis booked the proceeds sell for SD 10-22-2019. Integrata yet to book,898224384,898224384,4551456423,-590882299,2021-07-29
14499,,45_4551438780_CACEIS,2052260416,OB,OB,No-pair,fx wire,Caceis booked the fx wire for SD 07-16-2021. Integrata yet to book,2052260416,2052260416,4551456423,-590882299,2021-07-29
14500,,67_4551109218_CACEIS,1613286590,OB,OB,No-pair,fx wire,Caceis booked the fx wire for SD 11-16-2020. Integrata yet to book,1613286590,1613286590,4551456423,-590882299,2021-07-29
14501,,89_455822501_CACEIS,1235307910,OB,OB,No-pair,fx wire,Caceis booked the fx wire for SD 04-15-2020. Integrata yet to book,1235307910,1235307910,4551456423,-590882299,2021-07-29
14502,,49_455718167_CACEIS,1096512084,OB,OB,No-pair,fx wire,Caceis booked the fx wire for SD 01-24-2020. Integrata yet to book,1096512084,1096512084,4551456423,-590882299,2021-07-29
14503,,6_4551315208_CACEIS,1885912652,OB,OB,No-pair,fx wire,Caceis booked the fx wire for SD 04-16-2021. Integrata yet to book,1885912652,1885912652,4551456423,-590882299,2021-07-29
14504,,40_455934920_CACEIS,1383926740,OB,OB,No-pair,fees,Caceis booked the fees for SD 07-10-2020. Integrata yet to book,1383926740,1383926740,4551456423,-590882299,2021-07-29
14505,,71_455676391_CACEIS,1031864533,OB,OB,No-pair,wire transfer,Caceis booked the wire transfer for SD 12-03-2019. Integrata yet to book,1031864533,1031864533,4551456423,-590882299,2021-07-29
14506,,49_4551244633_CACEIS,1795375946,OB,OB,No-pair,monthend interest,Caceis booked the monthend interest for SD 02-25-2021. Integrata yet to book,1795375946,1795375946,4551456423,-590882299,2021-07-29
14507,,24_4551349054_CACEIS,1933657856,OB,OB,No-pair,wire transfer,Caceis booked the wire transfer for SD 05-12-2021. Integrata yet to book,1933657856,1933657856,4551456423,-590882299,2021-07-29
14508,,1282_455643841_CACEIS,975324354,OB,OB,No-pair,fx wire,Caceis booked the fx wire for SD 11-15-2019. Integrata yet to book,975324354,975324354,4551456423,-590882299,2021-07-29
14509,,37_455934920_CACEIS,1383926700,OB,OB,No-pair,fees,Caceis booked the fees for SD 07-10-2020. Integrata yet to book,1383926700,1383926700,4551456423,-590882299,2021-07-29
14510,,126_4551436806_CACEIS,2049885919,OB,OB,No-pair,fx wire,Caceis booked the fx wire for SD 07-15-2021. Integrata yet to book,2049885919,2049885919,4551456423,-590882299,2021-07-29
14511,,121_4551248485_CACEIS,1800039469,OB,OB,No-pair,fx wire,Caceis booked the fx wire for SD 02-26-2021. Integrata yet to book,1800039469,1800039469,4551456423,-590882299,2021-07-29
14512,,2_294330_CACEIS,412596763,OB,OB,No-pair,fx wire,Caceis booked the fx wire for SD 02-08-2019. Integrata yet to book,412596763,412596763,4551456423,-590882299,2021-07-29
14513,,129_4551436806_CACEIS,2049885852,OB,OB,No-pair,fx wire,Caceis booked the fx wire for SD 07-15-2021. Integrata yet to book,2049885852,2049885852,4551456423,-590882299,2021-07-29
14514,,181_455590588_CACEIS,883858444,OB,OB,No-pair,fx wire,Caceis booked the fx wire for SD 10-15-2019. Integrata yet to book,883858444,883858444,4551456423,-590882299,2021-07-29
14515,,214_455643841_CACEIS,975323286,OB,OB,No-pair,wire transfer,Caceis booked the wire transfer for SD 11-12-2019. Integrata yet to book,975323286,975323286,4551456423,-590882299,2021-07-29
14516,,10_4551349054_CACEIS,1933657822,OB,OB,No-pair,wire transfer,Caceis booked the wire transfer for SD 05-12-2021. Integrata yet to book,1933657822,1933657822,4551456423,-590882299,2021-07-29
14517,,417_455822501_CACEIS,1235308265,OB,OB,No-pair,fx wire,Caceis booked the fx wire for SD 04-15-2020. Integrata yet to book,1235308265,1235308265,4551456423,-590882299,2021-07-29
14518,,74_455663909_CACEIS,1011570586,OB,OB,No-pair,fees,Caceis booked the fees for SD 12-11-2019. Integrata yet to book,1011570586,1011570586,4551456423,-590882299,2021-07-29
14519,,92_4551184426_CACEIS,1712749724,OB,OB,No-pair,fees,Caceis booked the fees for SD 01-11-2021. Integrata yet to book,1712749724,1712749724,4551456423,-590882299,2021-07-29
14520,,69_4551381021_CACEIS,1979694292,OB,OB,No-pair,fx wire,Caceis booked the fx wire for SD 06-04-2021. Integrata yet to book,1979694292,1979694292,4551456423,-590882299,2021-07-29
14521,,84_4551436806_CACEIS,2049885773,OB,OB,No-pair,fx wire,Caceis booked the fx wire for SD 07-15-2021. Integrata yet to book,2049885773,2049885773,4551456423,-590882299,2021-07-29
14522,,37_4551023983_CACEIS,1500213962,OB,OB,No-pair,fx wire,Caceis booked the fx wire for SD 09-15-2020. Integrata yet to book,1500213962,1500213962,4551456423,-590882299,2021-07-29
14523,,443_4551191593_CACEIS,1722905398,OB,OB,No-pair,fx wire,Caceis booked the fx wire for SD 01-15-2021. Integrata yet to book,1722905398,1722905398,4551456423,-590882299,2021-07-29
14524,,114_4551436806_CACEIS,2049885868,OB,OB,No-pair,fx wire,Caceis booked the fx wire for SD 07-15-2021. Integrata yet to book,2049885868,2049885868,4551456423,-590882299,2021-07-29
14525,,29_4551349054_CACEIS,1933657868,OB,OB,No-pair,wire transfer,Caceis booked the wire transfer for SD 05-12-2021. Integrata yet to book,1933657868,1933657868,4551456423,-590882299,2021-07-29
14526,,391_455643841_CACEIS,975323463,OB,OB,No-pair,fx wire,Caceis booked the fx wire for SD 11-15-2019. Integrata yet to book,975323463,975323463,4551456423,-590882299,2021-07-29
14527,,288_4551313388_CACEIS,1883527869,OB,OB,No-pair,fx wire,Caceis booked the fx wire for SD 04-15-2021. Integrata yet to book,1883527869,1883527869,4551456423,-590882299,2021-07-29
14528,,8_455920273_CACEIS,1364559774,OB,OB,No-pair,monthend interest,Caceis booked the monthend interest for SD 07-01-2020. Integrata yet to book,1364559774,1364559774,4551456423,-590882299,2021-07-29
14529,,854_455822501_CACEIS,1235308527,OB,OB,No-pair,fx wire,Caceis booked the fx wire for SD 04-15-2020. Integrata yet to book,1235308527,1235308527,4551456423,-590882299,2021-07-29
14530,,494_455822501_CACEIS,1235308390,OB,OB,No-pair,fx wire,Caceis booked the fx wire for SD 04-15-2020. Integrata yet to book,1235308390,1235308390,4551456423,-590882299,2021-07-29
14531,,66_455643841_CACEIS,975323138,OB,OB,No-pair,fx wire,Caceis booked the fx wire for SD 11-01-2019. Integrata yet to book,975323138,975323138,4551456423,-590882299,2021-07-29
14532,,68_455985296_CACEIS,1449581901,OB,OB,No-pair,fx wire,Caceis booked the fx wire for SD 08-17-2020. Integrata yet to book,1449581901,1449581901,4551456423,-590882299,2021-07-29
14533,,503_4551149959_CACEIS,1667623339,OB,OB,No-pair,fx wire,Caceis booked the fx wire for SD 12-15-2020. Integrata yet to book,1667623339,1667623339,4551456423,-590882299,2021-07-29
14534,,67_4551184426_CACEIS,1712749714,OB,OB,No-pair,fees,Caceis booked the fees for SD 01-11-2021. Integrata yet to book,1712749714,1712749714,4551456423,-590882299,2021-07-29
14535,,3_455583364_CACEIS,870636848,OB,OB,No-pair,wire transfer,Caceis booked the wire transfer for SD 09-27-2019. Integrata yet to book,870636848,870636848,4551456423,-590882299,2021-07-29
14536,,12_4551229444_CACEIS,1775243221,OB,OB,No-pair,fx wire,Caceis booked the fx wire for SD 02-12-2021. Integrata yet to book,1775243221,1775243221,4551456423,-590882299,2021-07-29
14537,,1_455743848_CACEIS,1130319869,OB,OB,No-pair,fees,Caceis booked the fees for SD 02-12-2020. Integrata yet to book,1130319869,1130319869,4551456423,-590882299,2021-07-29
14538,,66_455669415_CACEIS,1020661826,OB,OB,No-pair,fx wire,Caceis booked the fx wire for SD 12-16-2019. Integrata yet to book,1020661826,1020661826,4551456423,-590882299,2021-07-29
14539,,13_4551210754_CACEIS,1748958216,OB,OB,No-pair,fx wire,Caceis booked the fx wire for SD 01-29-2021. Integrata yet to book,1748958216,1748958216,4551456423,-590882299,2021-07-29
14540,,231_4551066313_CACEIS,1556876438,OB,OB,No-pair,fx wire,Caceis booked the fx wire for SD 10-15-2020. Integrata yet to book,1556876438,1556876438,4551456423,-590882299,2021-07-29
14541,,180_4551232906_CACEIS,1780156598,OB,OB,No-pair,fx wire,Caceis booked the fx wire for SD 02-16-2021. Integrata yet to book,1780156598,1780156598,4551456423,-590882299,2021-07-29
14542,,286_4551313388_CACEIS,1883527858,OB,OB,No-pair,fx wire,Caceis booked the fx wire for SD 04-15-2021. Integrata yet to book,1883527858,1883527858,4551456423,-590882299,2021-07-29
14543,,397_455985296_CACEIS,1449582258,OB,OB,No-pair,fx wire,Caceis booked the fx wire for SD 08-17-2020. Integrata yet to book,1449582258,1449582258,4551456423,-590882299,2021-07-29
14544,,60_455663909_CACEIS,1011570602,OB,OB,No-pair,fees,Caceis booked the fees for SD 12-11-2019. Integrata yet to book,1011570602,1011570602,4551456423,-590882299,2021-07-29
14545,,196_4551066313_CACEIS,1556876425,OB,OB,No-pair,fx wire,Caceis booked the fx wire for SD 10-15-2020. Integrata yet to book,1556876425,1556876425,4551456423,-590882299,2021-07-29
14546,,480_455985296_CACEIS,1449582102,OB,OB,No-pair,fx wire,Caceis booked the fx wire for SD 08-17-2020. Integrata yet to book,1449582102,1449582102,4551456423,-590882299,2021-07-29
14547,,36_455934920_CACEIS,1383926689,OB,OB,No-pair,fees,Caceis booked the fees for SD 07-10-2020. Integrata yet to book,1383926689,1383926689,4551456423,-590882299,2021-07-29
14548,,5_455914788_CACEIS,1356802604,OB,OB,No-pair,proceeds sell,Caceis booked the proceeds sell for SD 06-22-2020. Integrata yet to book,1356802604,1356802604,4551456423,-590882299,2021-07-29
14549,,121_455777858_CACEIS,1177395608,OB,OB,No-pair,fees,Caceis booked the fees for SD 03-11-2020. Integrata yet to book,1177395608,1177395608,4551456423,-590882299,2021-07-29
14550,,70_4551145900_CACEIS,1662179052,OB,OB,No-pair,wire transfer,Caceis booked the wire transfer for SD 12-11-2020. Integrata yet to book,1662179052,1662179052,4551456423,-590882299,2021-07-29
14551,,290_455669415_CACEIS,1020661987,OB,OB,No-pair,fx wire,Caceis booked the fx wire for SD 12-16-2019. Integrata yet to book,1020661987,1020661987,4551456423,-590882299,2021-07-29
14552,,558_4551109218_CACEIS,1613286966,OB,OB,No-pair,fx wire,Caceis booked the fx wire for SD 11-16-2020. Integrata yet to book,1613286966,1613286966,4551456423,-590882299,2021-07-29
14553,,166_4551248485_CACEIS,1800039445,OB,OB,No-pair,fx wire,Caceis booked the fx wire for SD 02-26-2021. Integrata yet to book,1800039445,1800039445,4551456423,-590882299,2021-07-29
14554,,84_455782293_CACEIS,1183563022,OB,OB,No-pair,fx wire,Caceis booked the fx wire for SD 03-13-2020. Integrata yet to book,1183563022,1183563022,4551456423,-590882299,2021-07-29
14555,,75_455736646_CACEIS,1120326866,OB,OB,No-pair,wire transfer,Caceis booked the wire transfer for SD 02-07-2020. Integrata yet to book,1120326866,1120326866,4551456423,-590882299,2021-07-29
14556,,101_455693832_CACEIS,1063035181,OB,OB,No-pair,fees,Caceis booked the fees for SD 01-06-2020. Integrata yet to book,1063035181,1063035181,4551456423,-590882299,2021-07-29
14557,,225_4551210754_CACEIS,1748958245,OB,OB,No-pair,monthend interest,Caceis booked the monthend interest for SD 02-01-2021. Integrata yet to book,1748958245,1748958245,4551456423,-590882299,2021-07-29
14558,,105_455442954_CACEIS,637183826,OB,OB,No-pair,fx wire,Caceis booked the fx wire for SD 06-17-2019. Integrata yet to book,637183826,637183826,4551456423,-590882299,2021-07-29
14559,,44_455590588_CACEIS,883858503,OB,OB,No-pair,fx wire,Caceis booked the fx wire for SD 10-15-2019. Integrata yet to book,883858503,883858503,4551456423,-590882299,2021-07-29
14560,,477_4551109218_CACEIS,1613287088,OB,OB,No-pair,fx wire,Caceis booked the fx wire for SD 11-16-2020. Integrata yet to book,1613287088,1613287088,4551456423,-590882299,2021-07-29
14561,,673_4551232906_CACEIS,1780157048,OB,OB,No-pair,fx wire,Caceis booked the fx wire for SD 02-16-2021. Integrata yet to book,1780157048,1780157048,4551456423,-590882299,2021-07-29
14562,,8_455386356_CACEIS,560114417,OB,OB,No-pair,monthend interest,Caceis booked the monthend interest for SD 05-01-2019. Integrata yet to book,560114417,560114417,4551456423,-590882299,2021-07-29
14563,,5_455909302_CACEIS,1349421684,OB,OB,No-pair,proceeds sell,Caceis booked the proceeds sell for SD 06-22-2020. Integrata yet to book,1349421684,1349421684,4551456423,-590882299,2021-07-29
14564,,87_455706635_CACEIS,1081907285,OB,OB,No-pair,fx wire,Caceis booked the fx wire for SD 01-15-2020. Integrata yet to book,1081907285,1081907285,4551456423,-590882299,2021-07-29
14565,,276_4551394628_CACEIS,1997244757,OB,OB,No-pair,fx wire,Caceis booked the fx wire for SD 06-15-2021. Integrata yet to book,1997244757,1997244757,4551456423,-590882299,2021-07-29
14566,,45_4551354754_CACEIS,1942399674,OB,OB,No-pair,fx wire,Caceis booked the fx wire for SD 05-17-2021. Integrata yet to book,1942399674,1942399674,4551456423,-590882299,2021-07-29
14567,,62_455991947_CACEIS,1458093886,OB,OB,No-pair,fx wire,Caceis booked the fx wire for SD 08-21-2020. Integrata yet to book,1458093886,1458093886,4551456423,-590882299,2021-07-29
14568,,91_4551269721_CACEIS,1827473973,OB,OB,No-pair,fx wire,Caceis booked the fx wire for SD 03-15-2021. Integrata yet to book,1827473973,1827473973,4551456423,-590882299,2021-07-29
14569,,26_4551305829_CACEIS,1874141018,OB,OB,No-pair,fx wire,Caceis booked the fx wire for SD 04-09-2021. Integrata yet to book,1874141018,1874141018,4551456423,-590882299,2021-07-29
14570,,696_455643841_CACEIS,975323768,OB,OB,No-pair,wire transfer,Caceis booked the wire transfer for SD 11-18-2019. Integrata yet to book,975323768,975323768,4551456423,-590882299,2021-07-29
14571,,117_455693832_CACEIS,1063035255,OB,OB,No-pair,fees,Caceis booked the fees for SD 01-06-2020. Integrata yet to book,1063035255,1063035255,4551456423,-590882299,2021-07-29
14572,,60_4551343376_CACEIS,1925737869,OB,OB,No-pair,wire transfer,Caceis booked the wire transfer for SD 05-07-2021. Integrata yet to book,1925737869,1925737869,4551456423,-590882299,2021-07-29
14573,,208_455669415_CACEIS,1020662026,OB,OB,No-pair,fx wire,Caceis booked the fx wire for SD 12-16-2019. Integrata yet to book,1020662026,1020662026,4551456423,-590882299,2021-07-29
14574,,232_455985296_CACEIS,1449581998,OB,OB,No-pair,fx wire,Caceis booked the fx wire for SD 08-17-2020. Integrata yet to book,1449581998,1449581998,4551456423,-590882299,2021-07-29
14575,,697_455643841_CACEIS,975323769,OB,OB,No-pair,wire transfer,Caceis booked the wire transfer for SD 11-18-2019. Integrata yet to book,975323769,975323769,4551456423,-590882299,2021-07-29
14576,,151_4551191593_CACEIS,1722905166,OB,OB,No-pair,fx wire,Caceis booked the fx wire for SD 01-15-2021. Integrata yet to book,1722905166,1722905166,4551456423,-590882299,2021-07-29
14577,,26_455457456_CACEIS,662167960,OB,OB,No-pair,monthend interest,Caceis booked the monthend interest for SD 07-01-2019. Integrata yet to book,662167960,662167960,4551456423,-590882299,2021-07-29
14578,,122_455649350_CACEIS,985331681,OB,OB,No-pair,monthend interest,Caceis booked the monthend interest for SD 12-01-2019. Integrata yet to book,985331681,985331681,4551456423,-590882299,2021-07-29
14579,,44_455783582_CACEIS,1185159321,OB,OB,No-pair,fx wire,Caceis booked the fx wire for SD 03-16-2020. Integrata yet to book,1185159321,1185159321,4551456423,-590882299,2021-07-29
14580,,34_455846205_CACEIS,1265566684,OB,OB,No-pair,wire transfer,Caceis booked the wire transfer for SD 05-04-2020. Integrata yet to book,1265566684,1265566684,4551456423,-590882299,2021-07-29
14581,,37_455940640_CACEIS,1391595931,OB,OB,No-pair,fx wire,Caceis booked the fx wire for SD 07-15-2020. Integrata yet to book,1391595931,1391595931,4551456423,-590882299,2021-07-29
14582,,464_455985296_CACEIS,1449582093,OB,OB,No-pair,fx wire,Caceis booked the fx wire for SD 08-17-2020. Integrata yet to book,1449582093,1449582093,4551456423,-590882299,2021-07-29
14583,,50_455676391_CACEIS,1031864587,OB,OB,No-pair,fx wire,Caceis booked the fx wire for SD 12-20-2019. Integrata yet to book,1031864587,1031864587,4551456423,-590882299,2021-07-29
14584,,57_455442954_CACEIS,637183784,OB,OB,No-pair,fx wire,Caceis booked the fx wire for SD 06-17-2019. Integrata yet to book,637183784,637183784,4551456423,-590882299,2021-07-29
14585,,5_4551107328_CACEIS,1610764957,OB,OB,No-pair,wire transfer,Caceis booked the wire transfer for SD 11-13-2020. Integrata yet to book,1610764957,1610764957,4551456423,-590882299,2021-07-29
14586,,382_455862625_CACEIS,1287003559,OB,OB,No-pair,wire transfer,Caceis booked the wire transfer for SD 05-15-2020. Integrata yet to book,1287003559,1287003559,4551456423,-590882299,2021-07-29
14587,,98_455693832_CACEIS,1063035142,OB,OB,No-pair,fees,Caceis booked the fees for SD 01-06-2020. Integrata yet to book,1063035142,1063035142,4551456423,-590882299,2021-07-29
14588,,40_455973142_CACEIS,1434650030,OB,OB,No-pair,fx wire,Caceis booked the fx wire for SD 08-07-2020. Integrata yet to book,1434650030,1434650030,4551456423,-590882299,2021-07-29
14589,,53_455934920_CACEIS,1383926711,OB,OB,No-pair,fees,Caceis booked the fees for SD 07-10-2020. Integrata yet to book,1383926711,1383926711,4551456423,-590882299,2021-07-29
14590,,89_455783582_CACEIS,1185159369,OB,OB,No-pair,fx wire,Caceis booked the fx wire for SD 03-16-2020. Integrata yet to book,1185159369,1185159369,4551456423,-590882299,2021-07-29
14591,,6_4551176595_CACEIS,1702419451,OB,OB,No-pair,wire transfer,Caceis booked the wire transfer for SD 01-05-2021. Integrata yet to book,1702419451,1702419451,4551456423,-590882299,2021-07-29
14592,,85_455688261_CACEIS,1053516780,OB,OB,No-pair,monthend interest,Caceis booked the monthend interest for SD 01-01-2020. Integrata yet to book,1053516780,1053516780,4551456423,-590882299,2021-07-29
14593,,23_267975_CACEIS,368747233,OB,OB,No-pair,fx wire,Caceis booked the fx wire for SD 01-15-2019. Integrata yet to book,368747233,368747233,4551456423,-590882299,2021-07-29
14594,,57_455663909_CACEIS,1011570645,OB,OB,No-pair,fees,Caceis booked the fees for SD 12-11-2019. Integrata yet to book,1011570645,1011570645,4551456423,-590882299,2021-07-29
14595,,526_4551149959_CACEIS,1667623314,OB,OB,No-pair,fx wire,Caceis booked the fx wire for SD 12-15-2020. Integrata yet to book,1667623314,1667623314,4551456423,-590882299,2021-07-29
14596,,388_455940640_CACEIS,1391596295,OB,OB,No-pair,fx wire,Caceis booked the fx wire for SD 07-15-2020. Integrata yet to book,1391596295,1391596295,4551456423,-590882299,2021-07-29
14597,,501_4551149959_CACEIS,1667623300,OB,OB,No-pair,fx wire,Caceis booked the fx wire for SD 12-15-2020. Integrata yet to book,1667623300,1667623300,4551456423,-590882299,2021-07-29
14598,,6_455533322_CACEIS,787871327,OB,OB,No-pair,monthend interest,Caceis booked the monthend interest for SD 09-01-2019. Integrata yet to book,787871327,787871327,4551456423,-590882299,2021-07-29
14599,,56_455991947_CACEIS,1458085298,OB,OB,No-pair,fx wire,Caceis booked the fx wire for SD 08-21-2020. Integrata yet to book,1458085298,1458085298,4551456423,-590882299,2021-07-29
14600,,22_455835232_CACEIS,1251293838,OB,OB,No-pair,wire transfer,Caceis booked the wire transfer for SD 04-22-2020. Integrata yet to book,1251293838,1251293838,4551456423,-590882299,2021-07-29
14601,,71_455663909_CACEIS,1011570708,OB,OB,No-pair,fees,Caceis booked the fees for SD 12-11-2019. Integrata yet to book,1011570708,1011570708,4551456423,-590882299,2021-07-29
14602,,23_455753887_CACEIS,1143364811,OB,OB,No-pair,fx wire,Caceis booked the fx wire for SD 02-21-2020. Integrata yet to book,1143364811,1143364811,4551456423,-590882299,2021-07-29
14603,,157_4551248485_CACEIS,1800039433,OB,OB,No-pair,fx wire,Caceis booked the fx wire for SD 02-26-2021. Integrata yet to book,1800039433,1800039433,4551456423,-590882299,2021-07-29
14604,,70_4551191593_CACEIS,1722905182,OB,OB,No-pair,fx wire,Caceis booked the fx wire for SD 01-15-2021. Integrata yet to book,1722905182,1722905182,4551456423,-590882299,2021-07-29
14605,,500_4551149959_CACEIS,1667623235,OB,OB,No-pair,fx wire,Caceis booked the fx wire for SD 12-15-2020. Integrata yet to book,1667623235,1667623235,4551456423,-590882299,2021-07-29
14606,,1_4551408153_CACEIS,2013693307,OB,OB,No-pair,wire transfer,Caceis booked the wire transfer for SD 06-24-2021. Integrata yet to book,2013693307,2013693307,4551456423,-590882299,2021-07-29
14607,,1385_455643841_CACEIS,975324457,OB,OB,No-pair,fx wire,Caceis booked the fx wire for SD 11-15-2019. Integrata yet to book,975324457,975324457,4551456423,-590882299,2021-07-29
14608,,27_455835232_CACEIS,1251293771,OB,OB,No-pair,fx wire,Caceis booked the fx wire for SD 04-24-2020. Integrata yet to book,1251293771,1251293771,4551456423,-590882299,2021-07-29
14609,,343_4551023983_CACEIS,1500214021,OB,OB,No-pair,fx wire,Caceis booked the fx wire for SD 09-15-2020. Integrata yet to book,1500214021,1500214021,4551456423,-590882299,2021-07-29
14610,,101_4551184426_CACEIS,1712749744,OB,OB,No-pair,fees,Caceis booked the fees for SD 01-11-2021. Integrata yet to book,1712749744,1712749744,4551456423,-590882299,2021-07-29
14611,,1305_455643841_CACEIS,975324377,OB,OB,No-pair,fx wire,Caceis booked the fx wire for SD 11-15-2019. Integrata yet to book,975324377,975324377,4551456423,-590882299,2021-07-29
14612,,695_455862625_CACEIS,1287004921,OB,OB,No-pair,fx wire,Caceis booked the fx wire for SD 05-15-2020. Integrata yet to book,1287004921,1287004921,4551456423,-590882299,2021-07-29
14613,,85_4551436806_CACEIS,2049885793,OB,OB,No-pair,fx wire,Caceis booked the fx wire for SD 07-15-2021. Integrata yet to book,2049885793,2049885793,4551456423,-590882299,2021-07-29
14614,,116_4551229444_CACEIS,1775243150,OB,OB,No-pair,fx wire,Caceis booked the fx wire for SD 02-12-2021. Integrata yet to book,1775243150,1775243150,4551456423,-590882299,2021-07-29
14615,,11_455753887_CACEIS,1143364803,OB,OB,No-pair,fx wire,Caceis booked the fx wire for SD 02-21-2020. Integrata yet to book,1143364803,1143364803,4551456423,-590882299,2021-07-29
14616,,234_4551023983_CACEIS,1500213964,OB,OB,No-pair,fx wire,Caceis booked the fx wire for SD 09-15-2020. Integrata yet to book,1500213964,1500213964,4551456423,-590882299,2021-07-29
14617,,209_455706635_CACEIS,1081907380,OB,OB,No-pair,fx wire,Caceis booked the fx wire for SD 01-15-2020. Integrata yet to book,1081907380,1081907380,4551456423,-590882299,2021-07-29
14618,,197_455783582_CACEIS,1185159292,OB,OB,No-pair,fx wire,Caceis booked the fx wire for SD 03-16-2020. Integrata yet to book,1185159292,1185159292,4551456423,-590882299,2021-07-29
14619,,27_4551415924_CACEIS,2024089343,OB,OB,No-pair,monthend interest,Caceis booked the monthend interest for SD 07-01-2021. Integrata yet to book,2024089343,2024089343,4551456423,-590882299,2021-07-29
14620,,105_455934920_CACEIS,1383926784,OB,OB,No-pair,fees,Caceis booked the fees for SD 07-10-2020. Integrata yet to book,1383926784,1383926784,4551456423,-590882299,2021-07-29
14621,,92_455783582_CACEIS,1185159418,OB,OB,No-pair,fx wire,Caceis booked the fx wire for SD 03-16-2020. Integrata yet to book,1185159418,1185159418,4551456423,-590882299,2021-07-29
14622,,109_4551436806_CACEIS,2049885758,OB,OB,No-pair,fx wire,Caceis booked the fx wire for SD 07-15-2021. Integrata yet to book,2049885758,2049885758,4551456423,-590882299,2021-07-29
14623,,974_455643841_CACEIS,975324046,OB,OB,No-pair,wire transfer,Caceis booked the wire transfer for SD 11-08-2019. Integrata yet to book,975324046,975324046,4551456423,-590882299,2021-07-29
14624,,3_306589_CACEIS,433998163,OB,OB,No-pair,fx wire,Caceis booked the fx wire for SD 02-15-2019. Integrata yet to book,433998163,433998163,4551456423,-590882299,2021-07-29
14625,,228_455783582_CACEIS,1185159328,OB,OB,No-pair,fx wire,Caceis booked the fx wire for SD 03-16-2020. Integrata yet to book,1185159328,1185159328,4551456423,-590882299,2021-07-29
14626,,192_455985296_CACEIS,1449581806,OB,OB,No-pair,fx wire,Caceis booked the fx wire for SD 08-17-2020. Integrata yet to book,1449581806,1449581806,4551456423,-590882299,2021-07-29
14627,,27_455709628_CACEIS,1085770923,OB,OB,No-pair,wire transfer,Caceis booked the wire transfer for SD 01-17-2020. Integrata yet to book,1085770923,1085770923,4551456423,-590882299,2021-07-29
14628,,518_455862625_CACEIS,1287003908,OB,OB,No-pair,fx wire,Caceis booked the fx wire for SD 05-15-2020. Integrata yet to book,1287003908,1287003908,4551456423,-590882299,2021-07-29
14629,,26_455709628_CACEIS,1085770918,OB,OB,No-pair,wire transfer,Caceis booked the wire transfer for SD 01-17-2020. Integrata yet to book,1085770918,1085770918,4551456423,-590882299,2021-07-29
14630,,5_455761196_CACEIS,1154270076,OB,OB,No-pair,proceeds sell,Caceis booked the proceeds sell for SD 02-27-2020. Integrata yet to book,1154270076,1154270076,4551456423,-590882299,2021-07-29
14631,,501_4551109218_CACEIS,1613286955,OB,OB,No-pair,fx wire,Caceis booked the fx wire for SD 11-16-2020. Integrata yet to book,1613286955,1613286955,4551456423,-590882299,2021-07-29
14632,,55_455934920_CACEIS,1383926729,OB,OB,No-pair,fees,Caceis booked the fees for SD 07-10-2020. Integrata yet to book,1383926729,1383926729,4551456423,-590882299,2021-07-29
14633,,171_4551394628_CACEIS,1997244547,OB,OB,No-pair,wire transfer,Caceis booked the wire transfer for SD 06-15-2021. Integrata yet to book,1997244547,1997244547,4551456423,-590882299,2021-07-29
14634,,1_455643841_CACEIS,975323073,OB,OB,No-pair,monthend interest,Caceis booked the monthend interest for SD 10-31-2019. Integrata yet to book,975323073,975323073,4551456423,-590882299,2021-07-29
14635,,108_4551191593_CACEIS,1722905039,OB,OB,No-pair,fx wire,Caceis booked the fx wire for SD 01-15-2021. Integrata yet to book,1722905039,1722905039,4551456423,-590882299,2021-07-29
14636,,8_4551349054_CACEIS,1933657815,OB,OB,No-pair,wire transfer,Caceis booked the wire transfer for SD 05-12-2021. Integrata yet to book,1933657815,1933657815,4551456423,-590882299,2021-07-29
14637,,94_4551060531_CACEIS,1548950640,OB,OB,No-pair,fees,Caceis booked the fees for SD 10-12-2020. Integrata yet to book,1548950640,1548950640,4551456423,-590882299,2021-07-29
14638,,14_455846205_CACEIS,1265566778,OB,OB,No-pair,fx wire,Caceis booked the fx wire for SD 05-04-2020. Integrata yet to book,1265566778,1265566778,4551456423,-590882299,2021-07-29
14639,,322_455900053_CACEIS,1336713664,OB,OB,No-pair,fx wire,Caceis booked the fx wire for SD 06-15-2020. Integrata yet to book,1336713664,1336713664,4551456423,-590882299,2021-07-29
14640,,80_455934920_CACEIS,1383926657,OB,OB,No-pair,fees,Caceis booked the fees for SD 07-10-2020. Integrata yet to book,1383926657,1383926657,4551456423,-590882299,2021-07-29
14641,,15_4551155693_CACEIS,1675163297,OB,OB,No-pair,fx wire,Caceis booked the fx wire for SD 12-18-2020. Integrata yet to book,1675163297,1675163297,4551456423,-590882299,2021-07-29
14642,,82_4551191593_CACEIS,1722905048,OB,OB,No-pair,fx wire,Caceis booked the fx wire for SD 01-15-2021. Integrata yet to book,1722905048,1722905048,4551456423,-590882299,2021-07-29
14643,,8_4551171343_CACEIS,1696929184,OB,OB,No-pair,monthend interest,Caceis booked the monthend interest for SD 01-01-2021. Integrata yet to book,1696929184,1696929184,4551456423,-590882299,2021-07-29
14644,,94_455963450_CACEIS,1421777814,OB,OB,No-pair,monthend interest,Caceis booked the monthend interest for SD 08-01-2020. Integrata yet to book,1421777814,1421777814,4551456423,-590882299,2021-07-29
14645,,12_455740199_CACEIS,1125344812,OB,OB,No-pair,wire transfer,Caceis booked the wire transfer for SD 02-11-2020. Integrata yet to book,1125344812,1125344812,4551456423,-590882299,2021-07-29
14646,,737_455862625_CACEIS,1287004989,OB,OB,No-pair,fx wire,Caceis booked the fx wire for SD 05-15-2020. Integrata yet to book,1287004989,1287004989,4551456423,-590882299,2021-07-29
14647,,69_455862625_CACEIS,1287002720,OB,OB,No-pair,wire transfer,Caceis booked the wire transfer for SD 05-15-2020. Integrata yet to book,1287002720,1287002720,4551456423,-590882299,2021-07-29
14648,,185_4551210754_CACEIS,1748958333,OB,OB,No-pair,fx wire,Caceis booked the fx wire for SD 01-29-2021. Integrata yet to book,1748958333,1748958333,4551456423,-590882299,2021-07-29
14649,,49_4551226296_CACEIS,1770440263,OB,OB,No-pair,wire transfer,Caceis booked the wire transfer for SD 02-09-2021. Integrata yet to book,1770440263,1770440263,4551456423,-590882299,2021-07-29
14650,,79_4551060531_CACEIS,1548950630,OB,OB,No-pair,fees,Caceis booked the fees for SD 10-12-2020. Integrata yet to book,1548950630,1548950630,4551456423,-590882299,2021-07-29
14651,,488_4551109218_CACEIS,1613286960,OB,OB,No-pair,fx wire,Caceis booked the fx wire for SD 11-16-2020. Integrata yet to book,1613286960,1613286960,4551456423,-590882299,2021-07-29
14652,,45_455934920_CACEIS,1383926777,OB,OB,No-pair,fees,Caceis booked the fees for SD 07-10-2020. Integrata yet to book,1383926777,1383926777,4551456423,-590882299,2021-07-29
14653,,526_455783582_CACEIS,1185159612,OB,OB,No-pair,fx wire,Caceis booked the fx wire for SD 03-16-2020. Integrata yet to book,1185159612,1185159612,4551456423,-590882299,2021-07-29
14654,,515_455862625_CACEIS,1287003661,OB,OB,No-pair,fx wire,Caceis booked the fx wire for SD 05-15-2020. Integrata yet to book,1287003661,1287003661,4551456423,-590882299,2021-07-29
14655,,298_455900053_CACEIS,1336713611,OB,OB,No-pair,fx wire,Caceis booked the fx wire for SD 06-15-2020. Integrata yet to book,1336713611,1336713611,4551456423,-590882299,2021-07-29
14656,,12_455762980_CACEIS,1156897757,OB,OB,No-pair,wire transfer,Caceis booked the wire transfer for SD 02-28-2020. Integrata yet to book,1156897757,1156897757,4551456423,-590882299,2021-07-29
14657,,77_455782293_CACEIS,1183563014,OB,OB,No-pair,fx wire,Caceis booked the fx wire for SD 03-13-2020. Integrata yet to book,1183563014,1183563014,4551456423,-590882299,2021-07-29
14658,,53_455790609_CACEIS,1194036451,OB,OB,No-pair,fx wire,Caceis booked the fx wire for SD 03-20-2020. Integrata yet to book,1194036451,1194036451,4551456423,-590882299,2021-07-29
14659,,10_455963450_CACEIS,1421777796,OB,OB,No-pair,monthend interest,Caceis booked the monthend interest for SD 08-01-2020. Integrata yet to book,1421777796,1421777796,4551456423,-590882299,2021-07-29
14660,,438_455985296_CACEIS,1449582252,OB,OB,No-pair,fx wire,Caceis booked the fx wire for SD 08-17-2020. Integrata yet to book,1449582252,1449582252,4551456423,-590882299,2021-07-29
14661,,416_455862625_CACEIS,1287003591,OB,OB,No-pair,fx wire,Caceis booked the fx wire for SD 05-15-2020. Integrata yet to book,1287003591,1287003591,4551456423,-590882299,2021-07-29
14662,,326_455669415_CACEIS,1020661973,OB,OB,No-pair,fx wire,Caceis booked the fx wire for SD 12-16-2019. Integrata yet to book,1020661973,1020661973,4551456423,-590882299,2021-07-29
14663,,375_4551066313_CACEIS,1556876629,OB,OB,No-pair,fx wire,Caceis booked the fx wire for SD 10-15-2020. Integrata yet to book,1556876629,1556876629,4551456423,-590882299,2021-07-29
14664,,186_4551210754_CACEIS,1748958343,OB,OB,No-pair,fx wire,Caceis booked the fx wire for SD 01-29-2021. Integrata yet to book,1748958343,1748958343,4551456423,-590882299,2021-07-29
14665,,14_4551239617_CACEIS,1789074780,OB,OB,No-pair,fx wire,Caceis booked the fx wire for SD 02-19-2021. Integrata yet to book,1789074780,1789074780,4551456423,-590882299,2021-07-29
14666,,28_455709628_CACEIS,1085770929,OB,OB,No-pair,wire transfer,Caceis booked the wire transfer for SD 01-17-2020. Integrata yet to book,1085770929,1085770929,4551456423,-590882299,2021-07-29
14667,,66_455709628_CACEIS,1085770900,OB,OB,No-pair,fx wire,Caceis booked the fx wire for SD 01-17-2020. Integrata yet to book,1085770900,1085770900,4551456423,-590882299,2021-07-29
14668,,4_455799620_CACEIS,1205700330,OB,OB,No-pair,fx wire,Caceis booked the fx wire for SD 03-27-2020. Integrata yet to book,1205700330,1205700330,4551456423,-590882299,2021-07-29
14669,,220_455706635_CACEIS,1081907382,OB,OB,No-pair,fx wire,Caceis booked the fx wire for SD 01-15-2020. Integrata yet to book,1081907382,1081907382,4551456423,-590882299,2021-07-29
14670,,38_4551166054_CACEIS,1689088080,OB,OB,No-pair,fx wire,Caceis booked the fx wire for SD 12-28-2020. Integrata yet to book,1689088080,1689088080,4551456423,-590882299,2021-07-29
14671,,10_455871083_CACEIS,1298154317,OB,OB,No-pair,wire transfer,Caceis booked the wire transfer for SD 02-11-2020. Integrata yet to book,1298154317,1298154317,4551456423,-590882299,2021-07-29
14672,,16_455799620_CACEIS,1205700338,OB,OB,No-pair,fx wire,Caceis booked the fx wire for SD 03-27-2020. Integrata yet to book,1205700338,1205700338,4551456423,-590882299,2021-07-29
14673,,48_455783582_CACEIS,1185159199,OB,OB,No-pair,fx wire,Caceis booked the fx wire for SD 03-16-2020. Integrata yet to book,1185159199,1185159199,4551456423,-590882299,2021-07-29
14674,,69_455978912_CACEIS,1441832122,OB,OB,No-pair,fees,Caceis booked the fees for SD 08-12-2020. Integrata yet to book,1441832122,1441832122,4551456423,-590882299,2021-07-29
14675,,128_4551354754_CACEIS,1942399549,OB,OB,No-pair,wire transfer,Caceis booked the wire transfer for SD 05-17-2021. Integrata yet to book,1942399549,1942399549,4551456423,-590882299,2021-07-29
14676,,13_455762980_CACEIS,1156897760,OB,OB,No-pair,wire transfer,Caceis booked the wire transfer for SD 02-28-2020. Integrata yet to book,1156897760,1156897760,4551456423,-590882299,2021-07-29
14677,,37_4551372778_CACEIS,1969041970,OB,OB,No-pair,fx wire,Caceis booked the fx wire for SD 05-28-2021. Integrata yet to book,1969041970,1969041970,4551456423,-590882299,2021-07-29
14678,,63_455709628_CACEIS,1085770969,OB,OB,No-pair,fx wire,Caceis booked the fx wire for SD 01-17-2020. Integrata yet to book,1085770969,1085770969,4551456423,-590882299,2021-07-29
14679,,35_4551003590_CACEIS,1473426010,OB,OB,No-pair,monthend interest,Caceis booked the monthend interest for SD 09-01-2020. Integrata yet to book,1473426010,1473426010,4551456423,-590882299,2021-07-29
14680,,28_4551058652_CACEIS,1546340370,OB,OB,No-pair,wire transfer,Caceis booked the wire transfer for SD 10-09-2020. Integrata yet to book,1546340370,1546340370,4551456423,-590882299,2021-07-29
14681,,76_455590588_CACEIS,883858495,OB,OB,No-pair,fx wire,Caceis booked the fx wire for SD 10-15-2019. Integrata yet to book,883858495,883858495,4551456423,-590882299,2021-07-29
14682,,114_455718167_CACEIS,1096511861,OB,OB,No-pair,fx wire,Caceis booked the fx wire for SD 01-24-2020. Integrata yet to book,1096511861,1096511861,4551456423,-590882299,2021-07-29
14683,,256_4551109218_CACEIS,1613286855,OB,OB,No-pair,fx wire,Caceis booked the fx wire for SD 11-16-2020. Integrata yet to book,1613286855,1613286855,4551456423,-590882299,2021-07-29
14684,,111_455934920_CACEIS,1383926727,OB,OB,No-pair,fees,Caceis booked the fees for SD 07-10-2020. Integrata yet to book,1383926727,1383926727,4551456423,-590882299,2021-07-29
14685,,9_4551182476_CACEIS,1710215366,OB,OB,No-pair,fx wire,Caceis booked the fx wire for SD 01-08-2021. Integrata yet to book,1710215366,1710215366,4551456423,-590882299,2021-07-29
14686,,1_455804770_CACEIS,1212351473,OB,OB,No-pair,wire transfer,Caceis booked the wire transfer for SD 04-01-2020. Integrata yet to book,1212351473,1212351473,4551456423,-590882299,2021-07-29
14687,,109_455978912_CACEIS,1441832138,OB,OB,No-pair,fees,Caceis booked the fees for SD 08-12-2020. Integrata yet to book,1441832138,1441832138,4551456423,-590882299,2021-07-29
14688,,124_455822501_CACEIS,1235307982,OB,OB,No-pair,fx wire,Caceis booked the fx wire for SD 04-15-2020. Integrata yet to book,1235307982,1235307982,4551456423,-590882299,2021-07-29
14689,,16_455762980_CACEIS,1156897763,OB,OB,No-pair,wire transfer,Caceis booked the wire transfer for SD 02-28-2020. Integrata yet to book,1156897763,1156897763,4551456423,-590882299,2021-07-29
14690,,34_455533322_CACEIS,787871194,OB,OB,No-pair,monthend interest,Caceis booked the monthend interest for SD 09-01-2019. Integrata yet to book,787871194,787871194,4551456423,-590882299,2021-07-29
14691,,94_368123_CACEIS,532374142,OB,OB,No-pair,fx wire,Caceis booked the fx wire for SD 04-15-2019. Integrata yet to book,532374142,532374142,4551456423,-590882299,2021-07-29
14692,,75_455934920_CACEIS,1383926678,OB,OB,No-pair,fees,Caceis booked the fees for SD 07-10-2020. Integrata yet to book,1383926678,1383926678,4551456423,-590882299,2021-07-29
14693,,79_455978912_CACEIS,1441832130,OB,OB,No-pair,fees,Caceis booked the fees for SD 08-12-2020. Integrata yet to book,1441832130,1441832130,4551456423,-590882299,2021-07-29
14694,,50_4551400940_CACEIS,2004694247,OB,OB,No-pair,wire transfer,Caceis booked the wire transfer for SD 06-18-2021. Integrata yet to book,2004694247,2004694247,4551456423,-590882299,2021-07-29
14695,,6_4551122535_CACEIS,1631194827,OB,OB,No-pair,proceeds sell,Caceis booked the proceeds sell for SD 11-25-2020. Integrata yet to book,1631194827,1631194827,4551456423,-590882299,2021-07-29
14696,,131_4551109218_CACEIS,1613286597,OB,OB,No-pair,fx wire,Caceis booked the fx wire for SD 11-16-2020. Integrata yet to book,1613286597,1613286597,4551456423,-590882299,2021-07-29
14697,,18_455676391_CACEIS,1031864589,OB,OB,No-pair,proceeds sell,Caceis booked the proceeds sell for SD 12-20-2019. Integrata yet to book,1031864589,1031864589,4551456423,-590882299,2021-07-29
14698,,43_455934920_CACEIS,1383926759,OB,OB,No-pair,fees,Caceis booked the fees for SD 07-10-2020. Integrata yet to book,1383926759,1383926759,4551456423,-590882299,2021-07-29
14699,,245_4551394628_CACEIS,1997244751,OB,OB,No-pair,fx wire,Caceis booked the fx wire for SD 06-15-2021. Integrata yet to book,1997244751,1997244751,4551456423,-590882299,2021-07-29
14700,,15_4551281272_CACEIS,1842371438,OB,OB,No-pair,proceeds sell,Caceis booked the proceeds sell for SD 03-23-2021. Integrata yet to book,1842371438,1842371438,4551456423,-590882299,2021-07-29
14701,,484_455985296_CACEIS,1449582198,OB,OB,No-pair,fx wire,Caceis booked the fx wire for SD 08-17-2020. Integrata yet to book,1449582198,1449582198,4551456423,-590882299,2021-07-29
14702,,3_455768650_CACEIS,1164892823,OB,OB,No-pair,wire transfer,Caceis booked the wire transfer for SD 03-04-2020. Integrata yet to book,1164892823,1164892823,4551456423,-590882299,2021-07-29
14703,,103_4551066313_CACEIS,1556876245,OB,OB,No-pair,fx wire,Caceis booked the fx wire for SD 10-15-2020. Integrata yet to book,1556876245,1556876245,4551456423,-590882299,2021-07-29
14704,,16_455973142_CACEIS,1434650120,OB,OB,No-pair,wire transfer,Caceis booked the wire transfer for SD 07-21-2020. Integrata yet to book,1434650120,1434650120,4551456423,-590882299,2021-07-29
14705,,85_4551060531_CACEIS,1548950618,OB,OB,No-pair,fees,Caceis booked the fees for SD 10-12-2020. Integrata yet to book,1548950618,1548950618,4551456423,-590882299,2021-07-29
14706,,44_4551023983_CACEIS,1500213960,OB,OB,No-pair,fx wire,Caceis booked the fx wire for SD 09-15-2020. Integrata yet to book,1500213960,1500213960,4551456423,-590882299,2021-07-29
14707,,11_4551122535_CACEIS,1631194829,OB,OB,No-pair,wire transfer,Caceis booked the wire transfer for SD 11-25-2020. Integrata yet to book,1631194829,1631194829,4551456423,-590882299,2021-07-29
14708,,64_4551436806_CACEIS,2049885842,OB,OB,No-pair,fx wire,Caceis booked the fx wire for SD 07-15-2021. Integrata yet to book,2049885842,2049885842,4551456423,-590882299,2021-07-29
14709,,856_455822501_CACEIS,1235308773,OB,OB,No-pair,fx wire,Caceis booked the fx wire for SD 04-15-2020. Integrata yet to book,1235308773,1235308773,4551456423,-590882299,2021-07-29
14710,,49_4551109218_CACEIS,1613286582,OB,OB,No-pair,fx wire,Caceis booked the fx wire for SD 11-16-2020. Integrata yet to book,1613286582,1613286582,4551456423,-590882299,2021-07-29
14711,,7_455602007_CACEIS,902500255,OB,OB,No-pair,wire transfer,Caceis booked the wire transfer for SD 10-23-2019. Integrata yet to book,902500255,902500255,4551456423,-590882299,2021-07-29
14712,,49_455772338_CACEIS,1169827508,OB,OB,No-pair,wire transfer,Caceis booked the wire transfer for SD 03-06-2020. Integrata yet to book,1169827508,1169827508,4551456423,-590882299,2021-07-29
14713,,509_4551149959_CACEIS,1667623279,OB,OB,No-pair,fx wire,Caceis booked the fx wire for SD 12-15-2020. Integrata yet to book,1667623279,1667623279,4551456423,-590882299,2021-07-29
14714,,49_4551400940_CACEIS,2004694249,OB,OB,No-pair,wire transfer,Caceis booked the wire transfer for SD 06-18-2021. Integrata yet to book,2004694249,2004694249,4551456423,-590882299,2021-07-29
14715,,87_368123_CACEIS,532374138,OB,OB,No-pair,fx wire,Caceis booked the fx wire for SD 04-15-2019. Integrata yet to book,532374138,532374138,4551456423,-590882299,2021-07-29
14716,,61_4551229444_CACEIS,1775243168,OB,OB,No-pair,fx wire,Caceis booked the fx wire for SD 02-12-2021. Integrata yet to book,1775243168,1775243168,4551456423,-590882299,2021-07-29
14717,,32_4551415924_CACEIS,2024089342,OB,OB,No-pair,monthend interest,Caceis booked the monthend interest for SD 07-01-2021. Integrata yet to book,2024089342,2024089342,4551456423,-590882299,2021-07-29
14718,,245_4551354754_CACEIS,1942399710,OB,OB,No-pair,fx wire,Caceis booked the fx wire for SD 05-17-2021. Integrata yet to book,1942399710,1942399710,4551456423,-590882299,2021-07-29
14719,,226_455985296_CACEIS,1449581960,OB,OB,No-pair,fx wire,Caceis booked the fx wire for SD 08-17-2020. Integrata yet to book,1449581960,1449581960,4551456423,-590882299,2021-07-29
14720,,347_4551232906_CACEIS,1780156690,OB,OB,No-pair,fx wire,Caceis booked the fx wire for SD 02-16-2021. Integrata yet to book,1780156690,1780156690,4551456423,-590882299,2021-07-29
14721,,414_4551109218_CACEIS,1613286948,OB,OB,No-pair,fx wire,Caceis booked the fx wire for SD 11-16-2020. Integrata yet to book,1613286948,1613286948,4551456423,-590882299,2021-07-29
14722,,447_4551023983_CACEIS,1500214205,OB,OB,No-pair,fx wire,Caceis booked the fx wire for SD 09-15-2020. Integrata yet to book,1500214205,1500214205,4551456423,-590882299,2021-07-29
14723,,360_455985296_CACEIS,1449582067,OB,OB,No-pair,fx wire,Caceis booked the fx wire for SD 08-17-2020. Integrata yet to book,1449582067,1449582067,4551456423,-590882299,2021-07-29
14724,,102_455745203_CACEIS,1132280369,OB,OB,No-pair,wire transfer,Caceis booked the wire transfer for SD 02-14-2020. Integrata yet to book,1132280369,1132280369,4551456423,-590882299,2021-07-29
14725,,72_455663909_CACEIS,1011570694,OB,OB,No-pair,fees,Caceis booked the fees for SD 12-11-2019. Integrata yet to book,1011570694,1011570694,4551456423,-590882299,2021-07-29
14726,,14_4551035437_CACEIS,1516099558,OB,OB,No-pair,wire transfer,Caceis booked the wire transfer for SD 06-01-2020. Integrata yet to book,1516099558,1516099558,4551456423,-590882299,2021-07-29
14727,,89_455862625_CACEIS,1287003018,OB,OB,No-pair,fx wire,Caceis booked the fx wire for SD 05-15-2020. Integrata yet to book,1287003018,1287003018,4551456423,-590882299,2021-07-29
14728,,33_455509747_CACEIS,748668166,OB,OB,No-pair,wire transfer,Caceis booked the wire transfer for SD 08-12-2019. Integrata yet to book,748668166,748668166,4551456423,-590882299,2021-07-29
14729,,59_455822501_CACEIS,1235307969,OB,OB,No-pair,fx wire,Caceis booked the fx wire for SD 04-15-2020. Integrata yet to book,1235307969,1235307969,4551456423,-590882299,2021-07-29
14730,,6_4551201062_CACEIS,1734565923,OB,OB,No-pair,fx wire,Caceis booked the fx wire for SD 01-22-2021. Integrata yet to book,1734565923,1734565923,4551456423,-590882299,2021-07-29
14731,,239_4551109218_CACEIS,1613286847,OB,OB,No-pair,fx wire,Caceis booked the fx wire for SD 11-16-2020. Integrata yet to book,1613286847,1613286847,4551456423,-590882299,2021-07-29
14732,,88_455822501_CACEIS,1235307882,OB,OB,No-pair,fx wire,Caceis booked the fx wire for SD 04-15-2020. Integrata yet to book,1235307882,1235307882,4551456423,-590882299,2021-07-29
14733,,36_455663909_CACEIS,1011570671,OB,OB,No-pair,wire transfer,Caceis booked the wire transfer for SD 09-27-2019. Integrata yet to book,1011570671,1011570671,4551456423,-590882299,2021-07-29
14734,,11_4551070074_CACEIS,1561670139,OB,OB,No-pair,wire transfer,Caceis booked the wire transfer for SD 10-15-2020. Integrata yet to book,1561670139,1561670139,4551456423,-590882299,2021-07-29
14735,,111_4551239617_CACEIS,1789074949,OB,OB,No-pair,fx wire,Caceis booked the fx wire for SD 02-19-2021. Integrata yet to book,1789074949,1789074949,4551456423,-590882299,2021-07-29
14736,,58_455842390_CACEIS,1260634971,OB,OB,No-pair,monthend interest,Caceis booked the monthend interest for SD 05-01-2020. Integrata yet to book,1260634971,1260634971,4551456423,-590882299,2021-07-29
14737,,704_4551232906_CACEIS,1780157155,OB,OB,No-pair,fx wire,Caceis booked the fx wire for SD 02-16-2021. Integrata yet to book,1780157155,1780157155,4551456423,-590882299,2021-07-29
14738,,11_455901915_CACEIS,1339298899,OB,OB,No-pair,wire transfer,Caceis booked the wire transfer for SD 06-16-2020. Integrata yet to book,1339298899,1339298899,4551456423,-590882299,2021-07-29
14739,,278_455669415_CACEIS,1020662054,OB,OB,No-pair,fx wire,Caceis booked the fx wire for SD 12-16-2019. Integrata yet to book,1020662054,1020662054,4551456423,-590882299,2021-07-29
14740,,104_455822501_CACEIS,1235307956,OB,OB,No-pair,fx wire,Caceis booked the fx wire for SD 04-15-2020. Integrata yet to book,1235307956,1235307956,4551456423,-590882299,2021-07-29
14741,,436_4551149959_CACEIS,1667623320,OB,OB,No-pair,fx wire,Caceis booked the fx wire for SD 12-15-2020. Integrata yet to book,1667623320,1667623320,4551456423,-590882299,2021-07-29
14742,,5_455509747_CACEIS,748668094,OB,OB,No-pair,wire transfer,Caceis booked the wire transfer for SD 08-12-2019. Integrata yet to book,748668094,748668094,4551456423,-590882299,2021-07-29
14743,,16_4551180537_CACEIS,1707592397,OB,OB,No-pair,wire transfer,Caceis booked the wire transfer for SD 01-06-2021. Integrata yet to book,1707592397,1707592397,4551456423,-590882299,2021-07-29
14744,,5_4551328228_CACEIS,1902869974,OB,OB,No-pair,wire transfer,Caceis booked the wire transfer for SD 04-27-2021. Integrata yet to book,1902869974,1902869974,4551456423,-590882299,2021-07-29
14745,,42_4551390838_CACEIS,1992497404,OB,OB,No-pair,proceeds sell,Caceis booked the proceeds sell for SD 06-11-2021. Integrata yet to book,1992497404,1992497404,4551456423,-590882299,2021-07-29
14746,,60_455790609_CACEIS,1194036488,OB,OB,No-pair,wire transfer,Caceis booked the wire transfer for SD 03-20-2020. Integrata yet to book,1194036488,1194036488,4551456423,-590882299,2021-07-29
14747,,22_455469998_CACEIS,680605554,OB,OB,No-pair,fees,Caceis booked the fees for SD 07-10-2019. Integrata yet to book,680605554,680605554,4551456423,-590882299,2021-07-29
14748,,79_455820754_CACEIS,1233177787,OB,OB,No-pair,proceeds sell,Caceis booked the proceeds sell for SD 04-13-2020. Integrata yet to book,1233177787,1233177787,4551456423,-590882299,2021-07-29
14749,,107_4551239617_CACEIS,1789074718,OB,OB,No-pair,fx wire,Caceis booked the fx wire for SD 02-19-2021. Integrata yet to book,1789074718,1789074718,4551456423,-590882299,2021-07-29
14750,,289_4551149959_CACEIS,1667623174,OB,OB,No-pair,fx wire,Caceis booked the fx wire for SD 12-15-2020. Integrata yet to book,1667623174,1667623174,4551456423,-590882299,2021-07-29
14751,,12_455662172_CACEIS,1008560373,OB,OB,No-pair,wire transfer,Caceis booked the wire transfer for SD 07-18-2019. Integrata yet to book,1008560373,1008560373,4551456423,-590882299,2021-07-29
14752,,64_4551299798_CACEIS,1866915150,OB,OB,No-pair,wire transfer,Caceis booked the wire transfer for SD 04-06-2021. Integrata yet to book,1866915150,1866915150,4551456423,-590882299,2021-07-29
14753,,22_267975_CACEIS,368747231,OB,OB,No-pair,fx wire,Caceis booked the fx wire for SD 01-15-2019. Integrata yet to book,368747231,368747231,4551456423,-590882299,2021-07-29
14754,,349_455900053_CACEIS,1336713866,OB,OB,No-pair,fx wire,Caceis booked the fx wire for SD 06-15-2020. Integrata yet to book,1336713866,1336713866,4551456423,-590882299,2021-07-29
14755,,39_455940640_CACEIS,1391595999,OB,OB,No-pair,fx wire,Caceis booked the fx wire for SD 07-15-2020. Integrata yet to book,1391595999,1391595999,4551456423,-590882299,2021-07-29
14756,,434_4551023983_CACEIS,1500214063,OB,OB,No-pair,fx wire,Caceis booked the fx wire for SD 09-15-2020. Integrata yet to book,1500214063,1500214063,4551456423,-590882299,2021-07-29
14757,,1144_455822501_CACEIS,1235307798,OB,OB,No-pair,proceeds sell,Caceis booked the proceeds sell for SD 04-14-2020. Integrata yet to book,1235307798,1235307798,4551456423,-590882299,2021-07-29
14758,,17_455982783_CACEIS,1446489000,OB,OB,No-pair,wire transfer,Caceis booked the wire transfer for SD 08-14-2020. Integrata yet to book,1446489000,1446489000,4551456423,-590882299,2021-07-29
14759,,220_455985296_CACEIS,1449582046,OB,OB,No-pair,fx wire,Caceis booked the fx wire for SD 08-17-2020. Integrata yet to book,1449582046,1449582046,4551456423,-590882299,2021-07-29
14760,,116_455718167_CACEIS,1096511828,OB,OB,No-pair,wire transfer,Caceis booked the wire transfer for SD 01-24-2020. Integrata yet to book,1096511828,1096511828,4551456423,-590882299,2021-07-29
14761,,97_4551201062_CACEIS,1734565947,OB,OB,No-pair,fx wire,Caceis booked the fx wire for SD 01-22-2021. Integrata yet to book,1734565947,1734565947,4551456423,-590882299,2021-07-29
14762,,69_455900053_CACEIS,1336713376,OB,OB,No-pair,fx wire,Caceis booked the fx wire for SD 06-15-2020. Integrata yet to book,1336713376,1336713376,4551456423,-590882299,2021-07-29
14763,,469_4551066313_CACEIS,1556876655,OB,OB,No-pair,fx wire,Caceis booked the fx wire for SD 10-15-2020. Integrata yet to book,1556876655,1556876655,4551456423,-590882299,2021-07-29
14764,,553_4551109218_CACEIS,1613287148,OB,OB,No-pair,fx wire,Caceis booked the fx wire for SD 11-16-2020. Integrata yet to book,1613287148,1613287148,4551456423,-590882299,2021-07-29
14765,,87_455693832_CACEIS,1063035166,OB,OB,No-pair,wire transfer,Caceis booked the wire transfer for SD 01-06-2020. Integrata yet to book,1063035166,1063035166,4551456423,-590882299,2021-07-29
14766,,1102_455822501_CACEIS,1235307744,OB,OB,No-pair,proceeds sell,Caceis booked the proceeds sell for SD 04-13-2020. Integrata yet to book,1235307744,1235307744,4551456423,-590882299,2021-07-29
14767,,187_4551210754_CACEIS,1748958376,OB,OB,No-pair,fx wire,Caceis booked the fx wire for SD 01-29-2021. Integrata yet to book,1748958376,1748958376,4551456423,-590882299,2021-07-29
14768,,457_4551191593_CACEIS,1722905435,OB,OB,No-pair,fx wire,Caceis booked the fx wire for SD 01-15-2021. Integrata yet to book,1722905435,1722905435,4551456423,-590882299,2021-07-29
14769,,10_455469998_CACEIS,680605513,OB,OB,No-pair,fees,Caceis booked the fees for SD 07-10-2019. Integrata yet to book,680605513,680605513,4551456423,-590882299,2021-07-29
14770,,485_455900053_CACEIS,1336713932,OB,OB,No-pair,fx wire,Caceis booked the fx wire for SD 06-15-2020. Integrata yet to book,1336713932,1336713932,4551456423,-590882299,2021-07-29
14771,,49_4551313388_CACEIS,1883527702,OB,OB,No-pair,fx wire,Caceis booked the fx wire for SD 04-15-2021. Integrata yet to book,1883527702,1883527702,4551456423,-590882299,2021-07-29
14772,,2_4551058652_CACEIS,1546340307,OB,OB,No-pair,fx wire,Caceis booked the fx wire for SD 10-09-2020. Integrata yet to book,1546340307,1546340307,4551456423,-590882299,2021-07-29
14773,,175_455898221_CACEIS,1334730883,OB,OB,No-pair,fees,Caceis booked the fees for SD 06-12-2020. Integrata yet to book,1334730883,1334730883,4551456423,-590882299,2021-07-29
14774,,1_4551138140_CACEIS,1652102177,OB,OB,No-pair,proceeds sell,Caceis booked the proceeds sell for SD 12-07-2020. Integrata yet to book,1652102177,1652102177,4551456423,-590882299,2021-07-29
14775,,138_455726980_CACEIS,1107942545,OB,OB,No-pair,fx wire,Caceis booked the fx wire for SD 01-31-2020. Integrata yet to book,1107942545,1107942545,4551456423,-590882299,2021-07-29
14776,,98_4551191593_CACEIS,1722905134,OB,OB,No-pair,fx wire,Caceis booked the fx wire for SD 01-15-2021. Integrata yet to book,1722905134,1722905134,4551456423,-590882299,2021-07-29
14777,,767_4551232906_CACEIS,1780157218,OB,OB,No-pair,fx wire,Caceis booked the fx wire for SD 02-16-2021. Integrata yet to book,1780157218,1780157218,4551456423,-590882299,2021-07-29
14778,,47_4551438780_CACEIS,2052260414,OB,OB,No-pair,fx wire,Caceis booked the fx wire for SD 07-16-2021. Integrata yet to book,2052260414,2052260414,4551456423,-590882299,2021-07-29
14779,,54_455693832_CACEIS,1063035188,OB,OB,No-pair,wire transfer,Caceis booked the wire transfer for SD 01-06-2020. Integrata yet to book,1063035188,1063035188,4551456423,-590882299,2021-07-29
14780,,7_455959742_CACEIS,1417073513,OB,OB,No-pair,proceeds sell,Caceis booked the proceeds sell for SD 07-29-2020. Integrata yet to book,1417073513,1417073513,4551456423,-590882299,2021-07-29
14781,,1_455975272_CACEIS,1437188636,OB,OB,No-pair,wire transfer,Caceis booked the wire transfer for SD 08-10-2020. Integrata yet to book,1437188636,1437188636,4551456423,-590882299,2021-07-29
14782,,36_455736646_CACEIS,1120326856,OB,OB,No-pair,fx wire,Caceis booked the fx wire for SD 02-07-2020. Integrata yet to book,1120326856,1120326856,4551456423,-590882299,2021-07-29
14783,,73_4551220415_CACEIS,1761955945,OB,OB,No-pair,fx wire,Caceis booked the fx wire for SD 02-05-2021. Integrata yet to book,1761955945,1761955945,4551456423,-590882299,2021-07-29
14784,,43_4551438780_CACEIS,2052260411,OB,OB,No-pair,fx wire,Caceis booked the fx wire for SD 07-16-2021. Integrata yet to book,2052260411,2052260411,4551456423,-590882299,2021-07-29
14785,,186_455862625_CACEIS,1287002912,OB,OB,No-pair,fx wire,Caceis booked the fx wire for SD 05-15-2020. Integrata yet to book,1287002912,1287002912,4551456423,-590882299,2021-07-29
14786,,506_455900053_CACEIS,1336713925,OB,OB,No-pair,fx wire,Caceis booked the fx wire for SD 06-15-2020. Integrata yet to book,1336713925,1336713925,4551456423,-590882299,2021-07-29
14787,,67_368123_CACEIS,532374065,OB,OB,No-pair,fx wire,Caceis booked the fx wire for SD 04-15-2019. Integrata yet to book,532374065,532374065,4551456423,-590882299,2021-07-29
14788,,259_4551313388_CACEIS,1883527848,OB,OB,No-pair,fx wire,Caceis booked the fx wire for SD 04-15-2021. Integrata yet to book,1883527848,1883527848,4551456423,-590882299,2021-07-29
14789,,12_4551048988_CACEIS,1533696946,OB,OB,No-pair,fx wire,Caceis booked the fx wire for SD 10-02-2020. Integrata yet to book,1533696946,1533696946,4551456423,-590882299,2021-07-29
14790,,9_455378188_CACEIS,548739490,OB,OB,No-pair,fx wire,Caceis booked the fx wire for SD 04-23-2019. Integrata yet to book,548739490,548739490,4551456423,-590882299,2021-07-29
14791,,5_455848077_CACEIS,1267869764,OB,OB,No-pair,wire transfer,Caceis booked the wire transfer for SD 05-05-2020. Integrata yet to book,1267869764,1267869764,4551456423,-590882299,2021-07-29
14792,,103_455963450_CACEIS,1421777899,OB,OB,No-pair,monthend interest,Caceis booked the monthend interest for SD 08-01-2020. Integrata yet to book,1421777899,1421777899,4551456423,-590882299,2021-07-29
14793,,147_455862625_CACEIS,1287002925,OB,OB,No-pair,fx wire,Caceis booked the fx wire for SD 05-15-2020. Integrata yet to book,1287002925,1287002925,4551456423,-590882299,2021-07-29
14794,,52_368123_CACEIS,532374058,OB,OB,No-pair,fx wire,Caceis booked the fx wire for SD 04-15-2019. Integrata yet to book,532374058,532374058,4551456423,-590882299,2021-07-29
14795,,1_455714596_CACEIS,1091890314,OB,OB,No-pair,proceeds sell,Caceis booked the proceeds sell for SD 01-22-2020. Integrata yet to book,1091890314,1091890314,4551456423,-590882299,2021-07-29
14796,,419_4551191593_CACEIS,1722905468,OB,OB,No-pair,fx wire,Caceis booked the fx wire for SD 01-15-2021. Integrata yet to book,1722905468,1722905468,4551456423,-590882299,2021-07-29
14797,,536_455900053_CACEIS,1336714017,OB,OB,No-pair,fx wire,Caceis booked the fx wire for SD 06-15-2020. Integrata yet to book,1336714017,1336714017,4551456423,-590882299,2021-07-29
14798,,37_455920273_CACEIS,1364559795,OB,OB,No-pair,monthend interest,Caceis booked the monthend interest for SD 07-01-2020. Integrata yet to book,1364559795,1364559795,4551456423,-590882299,2021-07-29
14799,,192_455898221_CACEIS,1334730760,OB,OB,No-pair,fees,Caceis booked the fees for SD 06-12-2020. Integrata yet to book,1334730760,1334730760,4551456423,-590882299,2021-07-29
14800,,86_4551184426_CACEIS,1712749733,OB,OB,No-pair,fees,Caceis booked the fees for SD 01-11-2021. Integrata yet to book,1712749733,1712749733,4551456423,-590882299,2021-07-29
14801,,5_455853613_CACEIS,1275438441,OB,OB,No-pair,fx wire,Caceis booked the fx wire for SD 05-08-2020. Integrata yet to book,1275438441,1275438441,4551456423,-590882299,2021-07-29
14802,,57_368123_CACEIS,532374062,OB,OB,No-pair,fx wire,Caceis booked the fx wire for SD 04-15-2019. Integrata yet to book,532374062,532374062,4551456423,-590882299,2021-07-29
14803,,51_455577664_CACEIS,861360915,OB,OB,No-pair,fx wire,Caceis booked the fx wire for SD 10-04-2019. Integrata yet to book,861360915,861360915,4551456423,-590882299,2021-07-29
14804,,22_455649350_CACEIS,985331666,OB,OB,No-pair,monthend interest,Caceis booked the monthend interest for SD 12-01-2019. Integrata yet to book,985331666,985331666,4551456423,-590882299,2021-07-29
14805,,82_368123_CACEIS,532374136,OB,OB,No-pair,fx wire,Caceis booked the fx wire for SD 04-15-2019. Integrata yet to book,532374136,532374136,4551456423,-590882299,2021-07-29
14806,,46_455718167_CACEIS,1096511914,OB,OB,No-pair,fx wire,Caceis booked the fx wire for SD 01-24-2020. Integrata yet to book,1096511914,1096511914,4551456423,-590882299,2021-07-29
14807,,5_4551079711_CACEIS,1574240824,OB,OB,No-pair,wire transfer,Caceis booked the wire transfer for SD 10-26-2020. Integrata yet to book,1574240824,1574240824,4551456423,-590882299,2021-07-29
14808,,792_455822501_CACEIS,1235308700,OB,OB,No-pair,fx wire,Caceis booked the fx wire for SD 04-15-2020. Integrata yet to book,1235308700,1235308700,4551456423,-590882299,2021-07-29
14809,,1211_455822501_CACEIS,1235307786,OB,OB,No-pair,proceeds sell,Caceis booked the proceeds sell for SD 04-14-2020. Integrata yet to book,1235307786,1235307786,4551456423,-590882299,2021-07-29
14810,,167_455777858_CACEIS,1177395631,OB,OB,No-pair,fees,Caceis booked the fees for SD 03-11-2020. Integrata yet to book,1177395631,1177395631,4551456423,-590882299,2021-07-29
14811,,872_455822501_CACEIS,1235307755,OB,OB,No-pair,fx wire,Caceis booked the fx wire for SD 04-15-2020. Integrata yet to book,1235307755,1235307755,4551456423,-590882299,2021-07-29
14812,,79_455693832_CACEIS,1063035129,OB,OB,No-pair,wire transfer,Caceis booked the wire transfer for SD 01-06-2020. Integrata yet to book,1063035129,1063035129,4551456423,-590882299,2021-07-29
14813,,374_455940640_CACEIS,1391596235,OB,OB,No-pair,fx wire,Caceis booked the fx wire for SD 07-15-2020. Integrata yet to book,1391596235,1391596235,4551456423,-590882299,2021-07-29
14814,,10_4551334292_CACEIS,1911737213,OB,OB,No-pair,fx wire,Caceis booked the fx wire for SD 04-30-2021. Integrata yet to book,1911737213,1911737213,4551456423,-590882299,2021-07-29
14815,,17_455487414_CACEIS,709535361,OB,OB,No-pair,proceeds sell,Caceis booked the proceeds sell for SD 07-24-2019. Integrata yet to book,709535361,709535361,4551456423,-590882299,2021-07-29
14816,,477_455985296_CACEIS,1449582187,OB,OB,No-pair,fx wire,Caceis booked the fx wire for SD 08-17-2020. Integrata yet to book,1449582187,1449582187,4551456423,-590882299,2021-07-29
14817,,155_455649350_CACEIS,985331664,OB,OB,No-pair,monthend interest,Caceis booked the monthend interest for SD 12-01-2019. Integrata yet to book,985331664,985331664,4551456423,-590882299,2021-07-29
14818,,462_4551149959_CACEIS,1667623226,OB,OB,No-pair,fx wire,Caceis booked the fx wire for SD 12-15-2020. Integrata yet to book,1667623226,1667623226,4551456423,-590882299,2021-07-29
14819,,1277_455822501_CACEIS,1235307716,OB,OB,No-pair,proceeds sell,Caceis booked the proceeds sell for SD 04-14-2020. Integrata yet to book,1235307716,1235307716,4551456423,-590882299,2021-07-29
14820,,123_455900053_CACEIS,1336713355,OB,OB,No-pair,fx wire,Caceis booked the fx wire for SD 06-15-2020. Integrata yet to book,1336713355,1336713355,4551456423,-590882299,2021-07-29
14821,,22_455509747_CACEIS,748668142,OB,OB,No-pair,wire transfer,Caceis booked the wire transfer for SD 08-12-2019. Integrata yet to book,748668142,748668142,4551456423,-590882299,2021-07-29
14822,,41_4551044906_CACEIS,1528403651,OB,OB,No-pair,monthend interest,Caceis booked the monthend interest for SD 10-01-2020. Integrata yet to book,1528403651,1528403651,4551456423,-590882299,2021-07-29
14823,,60_4551136088_CACEIS,1649475161,OB,OB,No-pair,fx wire,Caceis booked the fx wire for SD 12-04-2020. Integrata yet to book,1649475161,1649475161,4551456423,-590882299,2021-07-29
14824,,137_455777858_CACEIS,1177395921,OB,OB,No-pair,fees,Caceis booked the fees for SD 03-11-2020. Integrata yet to book,1177395921,1177395921,4551456423,-590882299,2021-07-29
14825,,107_4551394628_CACEIS,1997244580,OB,OB,No-pair,fx wire,Caceis booked the fx wire for SD 06-15-2021. Integrata yet to book,1997244580,1997244580,4551456423,-590882299,2021-07-29
14826,,182_455940640_CACEIS,1391596097,OB,OB,No-pair,fx wire,Caceis booked the fx wire for SD 07-15-2020. Integrata yet to book,1391596097,1391596097,4551456423,-590882299,2021-07-29
14827,,20_4551287241_CACEIS,1850449287,OB,OB,No-pair,wire transfer,Caceis booked the wire transfer for SD 03-26-2021. Integrata yet to book,1850449287,1850449287,4551456423,-590882299,2021-07-29
14828,,29_4551039598_CACEIS,1521245889,OB,OB,No-pair,proceeds sell,Caceis booked the proceeds sell for SD 09-25-2020. Integrata yet to book,1521245889,1521245889,4551456423,-590882299,2021-07-29
14829,,9_455936750_CACEIS,1386391256,OB,OB,No-pair,wire transfer,Caceis booked the wire transfer for SD 07-13-2020. Integrata yet to book,1386391256,1386391256,4551456423,-590882299,2021-07-29
14830,,89_4551394628_CACEIS,1997244566,OB,OB,No-pair,fx wire,Caceis booked the fx wire for SD 06-15-2021. Integrata yet to book,1997244566,1997244566,4551456423,-590882299,2021-07-29
14831,,6_455383061_CACEIS,555496410,OB,OB,No-pair,fx wire,Caceis booked the fx wire for SD 04-26-2019. Integrata yet to book,555496410,555496410,4551456423,-590882299,2021-07-29
14832,,54_455667500_CACEIS,1017540714,OB,OB,No-pair,fx wire,Caceis booked the fx wire for SD 12-13-2019. Integrata yet to book,1017540714,1017540714,4551456423,-590882299,2021-07-29
14833,,273_4551149959_CACEIS,1667623017,OB,OB,No-pair,fx wire,Caceis booked the fx wire for SD 12-15-2020. Integrata yet to book,1667623017,1667623017,4551456423,-590882299,2021-07-29
14834,,887_455822501_CACEIS,1235308750,OB,OB,No-pair,fx wire,Caceis booked the fx wire for SD 04-15-2020. Integrata yet to book,1235308750,1235308750,4551456423,-590882299,2021-07-29
14835,,31_455709628_CACEIS,1085770899,OB,OB,No-pair,fx wire,Caceis booked the fx wire for SD 01-17-2020. Integrata yet to book,1085770899,1085770899,4551456423,-590882299,2021-07-29
14836,,26_4551058652_CACEIS,1546340366,OB,OB,No-pair,wire transfer,Caceis booked the wire transfer for SD 10-09-2020. Integrata yet to book,1546340366,1546340366,4551456423,-590882299,2021-07-29
14837,,210_455985296_CACEIS,1449581816,OB,OB,No-pair,fx wire,Caceis booked the fx wire for SD 08-17-2020. Integrata yet to book,1449581816,1449581816,4551456423,-590882299,2021-07-29
14838,,22_4551166054_CACEIS,1689088069,OB,OB,No-pair,fx wire,Caceis booked the fx wire for SD 12-28-2020. Integrata yet to book,1689088069,1689088069,4551456423,-590882299,2021-07-29
14839,,423_455862625_CACEIS,1287003729,OB,OB,No-pair,fx wire,Caceis booked the fx wire for SD 05-15-2020. Integrata yet to book,1287003729,1287003729,4551456423,-590882299,2021-07-29
14840,,515_4551109218_CACEIS,1613287087,OB,OB,No-pair,fx wire,Caceis booked the fx wire for SD 11-16-2020. Integrata yet to book,1613287087,1613287087,4551456423,-590882299,2021-07-29
14841,,23_4551029716_CACEIS,1508201956,OB,OB,No-pair,fx wire,Caceis booked the fx wire for SD 09-18-2020. Integrata yet to book,1508201956,1508201956,4551456423,-590882299,2021-07-29
14842,,1140_455822501_CACEIS,1235307829,OB,OB,No-pair,proceeds sell,Caceis booked the proceeds sell for SD 04-14-2020. Integrata yet to book,1235307829,1235307829,4551456423,-590882299,2021-07-29
14843,,32_455889377_CACEIS,1323110277,OB,OB,No-pair,fx wire,Caceis booked the fx wire for SD 06-05-2020. Integrata yet to book,1323110277,1323110277,4551456423,-590882299,2021-07-29
14844,,71_455693832_CACEIS,1063035302,OB,OB,No-pair,wire transfer,Caceis booked the wire transfer for SD 01-06-2020. Integrata yet to book,1063035302,1063035302,4551456423,-590882299,2021-07-29
14845,,78_333062_CACEIS,479846738,OB,OB,No-pair,fx wire,Caceis booked the fx wire for SD 03-15-2019. Integrata yet to book,479846738,479846738,4551456423,-590882299,2021-07-29
14846,,31_455509747_CACEIS,748668153,OB,OB,No-pair,wire transfer,Caceis booked the wire transfer for SD 08-12-2019. Integrata yet to book,748668153,748668153,4551456423,-590882299,2021-07-29
14847,,1221_455822501_CACEIS,1235307776,OB,OB,No-pair,proceeds sell,Caceis booked the proceeds sell for SD 04-14-2020. Integrata yet to book,1235307776,1235307776,4551456423,-590882299,2021-07-29
14848,,5_328180_CACEIS,473992299,OB,OB,No-pair,fees,Caceis booked the fees for SD 03-12-2019. Integrata yet to book,473992299,473992299,4551456423,-590882299,2021-07-29
14849,,23_4551277470_CACEIS,1837468624,OB,OB,No-pair,fx wire,Caceis booked the fx wire for SD 03-19-2021. Integrata yet to book,1837468624,1837468624,4551456423,-590882299,2021-07-29
14850,,429_4551191593_CACEIS,1722905396,OB,OB,No-pair,fx wire,Caceis booked the fx wire for SD 01-15-2021. Integrata yet to book,1722905396,1722905396,4551456423,-590882299,2021-07-29
14851,,189_455940640_CACEIS,1391596109,OB,OB,No-pair,fx wire,Caceis booked the fx wire for SD 07-15-2020. Integrata yet to book,1391596109,1391596109,4551456423,-590882299,2021-07-29
14852,,64_455820754_CACEIS,1233177766,OB,OB,No-pair,proceeds sell,Caceis booked the proceeds sell for SD 04-13-2020. Integrata yet to book,1233177766,1233177766,4551456423,-590882299,2021-07-29
14853,,258_4551436806_CACEIS,2049886008,OB,OB,No-pair,fx wire,Caceis booked the fx wire for SD 07-15-2021. Integrata yet to book,2049886008,2049886008,4551456423,-590882299,2021-07-29
14854,,449_4551109218_CACEIS,1613287043,OB,OB,No-pair,fx wire,Caceis booked the fx wire for SD 11-16-2020. Integrata yet to book,1613287043,1613287043,4551456423,-590882299,2021-07-29
14855,,1_4551103343_CACEIS,1605528354,OB,OB,No-pair,proceeds sell,Caceis booked the proceeds sell for SD 11-02-2020. Integrata yet to book,1605528354,1605528354,4551456423,-590882299,2021-07-29
14856,,48_455663909_CACEIS,1011570591,OB,OB,No-pair,fees,Caceis booked the fees for SD 12-11-2019. Integrata yet to book,1011570591,1011570591,4551456423,-590882299,2021-07-29
14857,,16_4551281272_CACEIS,1842371439,OB,OB,No-pair,proceeds sell,Caceis booked the proceeds sell for SD 03-23-2021. Integrata yet to book,1842371439,1842371439,4551456423,-590882299,2021-07-29
14858,,60_455693832_CACEIS,1063035219,OB,OB,No-pair,wire transfer,Caceis booked the wire transfer for SD 01-06-2020. Integrata yet to book,1063035219,1063035219,4551456423,-590882299,2021-07-29
14859,,17_4551335411_CACEIS,1913506510,OB,OB,No-pair,wire transfer,Caceis booked the wire transfer for SD 05-03-2021. Integrata yet to book,1913506510,1913506510,4551456423,-590882299,2021-07-29
14860,,112_4551229444_CACEIS,1775243171,OB,OB,No-pair,fx wire,Caceis booked the fx wire for SD 02-12-2021. Integrata yet to book,1775243171,1775243171,4551456423,-590882299,2021-07-29
14861,,549_4551109218_CACEIS,1613287021,OB,OB,No-pair,fx wire,Caceis booked the fx wire for SD 11-16-2020. Integrata yet to book,1613287021,1613287021,4551456423,-590882299,2021-07-29
14862,,7_455509747_CACEIS,748668112,OB,OB,No-pair,wire transfer,Caceis booked the wire transfer for SD 08-12-2019. Integrata yet to book,748668112,748668112,4551456423,-590882299,2021-07-29
14863,,18_455871083_CACEIS,1298154295,OB,OB,No-pair,fx wire,Caceis booked the fx wire for SD 05-22-2020. Integrata yet to book,1298154295,1298154295,4551456423,-590882299,2021-07-29
14864,,1219_455822501_CACEIS,1235307746,OB,OB,No-pair,proceeds sell,Caceis booked the proceeds sell for SD 04-14-2020. Integrata yet to book,1235307746,1235307746,4551456423,-590882299,2021-07-29
14865,,10_455842390_CACEIS,1260634965,OB,OB,No-pair,monthend interest,Caceis booked the monthend interest for SD 05-01-2020. Integrata yet to book,1260634965,1260634965,4551456423,-590882299,2021-07-29
14866,,201_455669415_CACEIS,1020662004,OB,OB,No-pair,fx wire,Caceis booked the fx wire for SD 12-16-2019. Integrata yet to book,1020662004,1020662004,4551456423,-590882299,2021-07-29
14867,,68_4551109218_CACEIS,1613286600,OB,OB,No-pair,fx wire,Caceis booked the fx wire for SD 11-16-2020. Integrata yet to book,1613286600,1613286600,4551456423,-590882299,2021-07-29
14868,,109_455693832_CACEIS,1063035202,OB,OB,No-pair,wire transfer,Caceis booked the wire transfer for SD 01-06-2020. Integrata yet to book,1063035202,1063035202,4551456423,-590882299,2021-07-29
14869,,378_455748445_CACEIS,1136275383,OB,OB,No-pair,fx wire,Caceis booked the fx wire for SD 02-18-2020. Integrata yet to book,1136275383,1136275383,4551456423,-590882299,2021-07-29
14870,,299_4551313388_CACEIS,1883527945,OB,OB,No-pair,fx wire,Caceis booked the fx wire for SD 04-15-2021. Integrata yet to book,1883527945,1883527945,4551456423,-590882299,2021-07-29
14871,,67_455577664_CACEIS,861360903,OB,OB,No-pair,proceeds sell,Caceis booked the proceeds sell for SD 09-30-2019. Integrata yet to book,861360903,861360903,4551456423,-590882299,2021-07-29
14872,,66_455577664_CACEIS,861360885,OB,OB,No-pair,proceeds sell,Caceis booked the proceeds sell for SD 09-30-2019. Integrata yet to book,861360885,861360885,4551456423,-590882299,2021-07-29
14873,,6_455736646_CACEIS,1120326837,OB,OB,No-pair,fx wire,Caceis booked the fx wire for SD 02-07-2020. Integrata yet to book,1120326837,1120326837,4551456423,-590882299,2021-07-29
14874,,1_455990300_CACEIS,1455760312,OB,OB,No-pair,wire transfer,Caceis booked the wire transfer for SD 07-30-2020. Integrata yet to book,1455760312,1455760312,4551456423,-590882299,2021-07-29
14875,,79_4551127906_CACEIS,1637981935,OB,OB,No-pair,monthend interest,Caceis booked the monthend interest for SD 12-01-2020. Integrata yet to book,1637981935,1637981935,4551456423,-590882299,2021-07-29
14876,,229_4551354754_CACEIS,1942399675,OB,OB,No-pair,fx wire,Caceis booked the fx wire for SD 05-17-2021. Integrata yet to book,1942399675,1942399675,4551456423,-590882299,2021-07-29
14877,,406_455985296_CACEIS,1449582081,OB,OB,No-pair,fx wire,Caceis booked the fx wire for SD 08-17-2020. Integrata yet to book,1449582081,1449582081,4551456423,-590882299,2021-07-29
14878,,182_455669415_CACEIS,1020661905,OB,OB,No-pair,fx wire,Caceis booked the fx wire for SD 12-16-2019. Integrata yet to book,1020661905,1020661905,4551456423,-590882299,2021-07-29
14879,,447_4551066313_CACEIS,1556876770,OB,OB,No-pair,fx wire,Caceis booked the fx wire for SD 10-15-2020. Integrata yet to book,1556876770,1556876770,4551456423,-590882299,2021-07-29
14880,,39_4551105378_CACEIS,1608089176,OB,OB,No-pair,wire transfer,Caceis booked the wire transfer for SD 11-12-2020. Integrata yet to book,1608089176,1608089176,4551456423,-590882299,2021-07-29
14881,,12_455509747_CACEIS,748668121,OB,OB,No-pair,wire transfer,Caceis booked the wire transfer for SD 08-12-2019. Integrata yet to book,748668121,748668121,4551456423,-590882299,2021-07-29
14882,,250_4551248485_CACEIS,1800039568,OB,OB,No-pair,fx wire,Caceis booked the fx wire for SD 02-26-2021. Integrata yet to book,1800039568,1800039568,4551456423,-590882299,2021-07-29
14883,,77_4551381021_CACEIS,1979694252,OB,OB,No-pair,fx wire,Caceis booked the fx wire for SD 06-04-2021. Integrata yet to book,1979694252,1979694252,4551456423,-590882299,2021-07-29
14884,,186_4551269721_CACEIS,1827473945,OB,OB,No-pair,fx wire,Caceis booked the fx wire for SD 03-15-2021. Integrata yet to book,1827473945,1827473945,4551456423,-590882299,2021-07-29
14885,,85_455762980_CACEIS,1156897790,OB,OB,No-pair,fx wire,Caceis booked the fx wire for SD 02-28-2020. Integrata yet to book,1156897790,1156897790,4551456423,-590882299,2021-07-29
14886,,14_4551248485_CACEIS,1800039399,OB,OB,No-pair,fx wire,Caceis booked the fx wire for SD 02-26-2021. Integrata yet to book,1800039399,1800039399,4551456423,-590882299,2021-07-29
14887,,26_455944496_CACEIS,1396484615,OB,OB,No-pair,fx wire,Caceis booked the fx wire for SD 07-17-2020. Integrata yet to book,1396484615,1396484615,4551456423,-590882299,2021-07-29
14888,,549_455783582_CACEIS,1185159669,OB,OB,No-pair,fx wire,Caceis booked the fx wire for SD 03-16-2020. Integrata yet to book,1185159669,1185159669,4551456423,-590882299,2021-07-29
14889,,23_455826113_CACEIS,1239393708,OB,OB,No-pair,wire transfer,Caceis booked the wire transfer for SD 04-17-2020. Integrata yet to book,1239393708,1239393708,4551456423,-590882299,2021-07-29
14890,,358_4551232906_CACEIS,1780156648,OB,OB,No-pair,fx wire,Caceis booked the fx wire for SD 02-16-2021. Integrata yet to book,1780156648,1780156648,4551456423,-590882299,2021-07-29
14891,,369_455748445_CACEIS,1136275424,OB,OB,No-pair,fx wire,Caceis booked the fx wire for SD 02-18-2020. Integrata yet to book,1136275424,1136275424,4551456423,-590882299,2021-07-29
14892,,56_4551394628_CACEIS,1997244619,OB,OB,No-pair,fx wire,Caceis booked the fx wire for SD 06-15-2021. Integrata yet to book,1997244619,1997244619,4551456423,-590882299,2021-07-29
14893,,757_4551232906_CACEIS,1780157050,OB,OB,No-pair,fx wire,Caceis booked the fx wire for SD 02-16-2021. Integrata yet to book,1780157050,1780157050,4551456423,-590882299,2021-07-29
14894,,477_455900053_CACEIS,1336713946,OB,OB,No-pair,fx wire,Caceis booked the fx wire for SD 06-15-2020. Integrata yet to book,1336713946,1336713946,4551456423,-590882299,2021-07-29
14895,,85_4551313388_CACEIS,1883527755,OB,OB,No-pair,fx wire,Caceis booked the fx wire for SD 04-15-2021. Integrata yet to book,1883527755,1883527755,4551456423,-590882299,2021-07-29
14896,,539_455900053_CACEIS,1336713937,OB,OB,No-pair,fx wire,Caceis booked the fx wire for SD 06-15-2020. Integrata yet to book,1336713937,1336713937,4551456423,-590882299,2021-07-29
14897,,62_455693832_CACEIS,1063035227,OB,OB,No-pair,wire transfer,Caceis booked the wire transfer for SD 01-06-2020. Integrata yet to book,1063035227,1063035227,4551456423,-590882299,2021-07-29
14898,,155_4551060531_CACEIS,1548950694,OB,OB,No-pair,fees,Caceis booked the fees for SD 10-12-2020. Integrata yet to book,1548950694,1548950694,4551456423,-590882299,2021-07-29
14899,,842_455822501_CACEIS,1235308823,OB,OB,No-pair,fx wire,Caceis booked the fx wire for SD 04-15-2020. Integrata yet to book,1235308823,1235308823,4551456423,-590882299,2021-07-29
14900,,743_4551232906_CACEIS,1780157046,OB,OB,No-pair,fx wire,Caceis booked the fx wire for SD 02-16-2021. Integrata yet to book,1780157046,1780157046,4551456423,-590882299,2021-07-29
14901,,4_271886_CACEIS,376733204,OB,OB,No-pair,fx wire,Caceis booked the fx wire for SD 01-18-2019. Integrata yet to book,376733204,376733204,4551456423,-590882299,2021-07-29
14902,,116_455748445_CACEIS,1136275139,OB,OB,No-pair,fx wire,Caceis booked the fx wire for SD 02-18-2020. Integrata yet to book,1136275139,1136275139,4551456423,-590882299,2021-07-29
14903,,6_455799620_CACEIS,1205700349,OB,OB,No-pair,wire transfer,Caceis booked the wire transfer for SD 03-27-2020. Integrata yet to book,1205700349,1205700349,4551456423,-590882299,2021-07-29
14904,,180_4551248485_CACEIS,1800039482,OB,OB,No-pair,fx wire,Caceis booked the fx wire for SD 02-26-2021. Integrata yet to book,1800039482,1800039482,4551456423,-590882299,2021-07-29
14905,,705_4551232906_CACEIS,1780157073,OB,OB,No-pair,fx wire,Caceis booked the fx wire for SD 02-16-2021. Integrata yet to book,1780157073,1780157073,4551456423,-590882299,2021-07-29
14906,,6_286427_CACEIS,402006252,OB,OB,No-pair,fx wire,Caceis booked the fx wire for SD 02-01-2019. Integrata yet to book,402006252,402006252,4551456423,-590882299,2021-07-29
14907,,200_455783582_CACEIS,1185159396,OB,OB,No-pair,fx wire,Caceis booked the fx wire for SD 03-16-2020. Integrata yet to book,1185159396,1185159396,4551456423,-590882299,2021-07-29
14908,,474_455900053_CACEIS,1336713933,OB,OB,No-pair,fx wire,Caceis booked the fx wire for SD 06-15-2020. Integrata yet to book,1336713933,1336713933,4551456423,-590882299,2021-07-29
14909,,69_455693832_CACEIS,1063035283,OB,OB,No-pair,wire transfer,Caceis booked the wire transfer for SD 01-06-2020. Integrata yet to book,1063035283,1063035283,4551456423,-590882299,2021-07-29
14910,,26_333062_CACEIS,479846747,OB,OB,No-pair,fx wire,Caceis booked the fx wire for SD 03-15-2019. Integrata yet to book,479846747,479846747,4551456423,-590882299,2021-07-29
14911,,46_4551354754_CACEIS,1942399689,OB,OB,No-pair,fx wire,Caceis booked the fx wire for SD 05-17-2021. Integrata yet to book,1942399689,1942399689,4551456423,-590882299,2021-07-29
14912,,135_4551060531_CACEIS,1548950685,OB,OB,No-pair,fees,Caceis booked the fees for SD 10-12-2020. Integrata yet to book,1548950685,1548950685,4551456423,-590882299,2021-07-29
14913,,255_4551109218_CACEIS,1613286804,OB,OB,No-pair,fx wire,Caceis booked the fx wire for SD 11-16-2020. Integrata yet to book,1613286804,1613286804,4551456423,-590882299,2021-07-29
14914,,271_4551191593_CACEIS,1722905301,OB,OB,No-pair,fx wire,Caceis booked the fx wire for SD 01-15-2021. Integrata yet to book,1722905301,1722905301,4551456423,-590882299,2021-07-29
14915,,250_4551354754_CACEIS,1942399657,OB,OB,No-pair,fx wire,Caceis booked the fx wire for SD 05-17-2021. Integrata yet to book,1942399657,1942399657,4551456423,-590882299,2021-07-29
14916,,2_4551039598_CACEIS,1521245893,OB,OB,No-pair,fx wire,Caceis booked the fx wire for SD 09-25-2020. Integrata yet to book,1521245893,1521245893,4551456423,-590882299,2021-07-29
14917,,1_4551240968_CACEIS,1790775310,OB,OB,No-pair,wire transfer,Caceis booked the wire transfer for SD 02-22-2021. Integrata yet to book,1790775310,1790775310,4551456423,-590882299,2021-07-29
14918,,33_4551411869_CACEIS,2018959487,OB,OB,No-pair,wire transfer,Caceis booked the wire transfer for SD 06-28-2021. Integrata yet to book,2018959487,2018959487,4551456423,-590882299,2021-07-29
14919,,37_4551066313_CACEIS,1556876409,OB,OB,No-pair,fx wire,Caceis booked the fx wire for SD 10-15-2020. Integrata yet to book,1556876409,1556876409,4551456423,-590882299,2021-07-29
14920,,46_4551400940_CACEIS,2004694251,OB,OB,No-pair,fx wire,Caceis booked the fx wire for SD 06-18-2021. Integrata yet to book,2004694251,2004694251,4551456423,-590882299,2021-07-29
14921,,6_328180_CACEIS,473992303,OB,OB,No-pair,fees,Caceis booked the fees for SD 03-12-2019. Integrata yet to book,473992303,473992303,4551456423,-590882299,2021-07-29
14922,,10_286427_CACEIS,402006255,OB,OB,No-pair,fx wire,Caceis booked the fx wire for SD 02-01-2019. Integrata yet to book,402006255,402006255,4551456423,-590882299,2021-07-29
14923,,107_368123_CACEIS,532374193,OB,OB,No-pair,fx wire,Caceis booked the fx wire for SD 04-15-2019. Integrata yet to book,532374193,532374193,4551456423,-590882299,2021-07-29
14924,,1_455740199_CACEIS,1125344810,OB,OB,No-pair,wire transfer,Caceis booked the wire transfer for SD 02-11-2020. Integrata yet to book,1125344810,1125344810,4551456423,-590882299,2021-07-29
14925,,41_4551390838_CACEIS,1992497415,OB,OB,No-pair,proceeds sell,Caceis booked the proceeds sell for SD 06-11-2021. Integrata yet to book,1992497415,1992497415,4551456423,-590882299,2021-07-29
14926,,749_455822501_CACEIS,1235308587,OB,OB,No-pair,fx wire,Caceis booked the fx wire for SD 04-15-2020. Integrata yet to book,1235308587,1235308587,4551456423,-590882299,2021-07-29
14927,,500_4551109218_CACEIS,1613287037,OB,OB,No-pair,fx wire,Caceis booked the fx wire for SD 11-16-2020. Integrata yet to book,1613287037,1613287037,4551456423,-590882299,2021-07-29
14928,,242_4551394628_CACEIS,1997244814,OB,OB,No-pair,fx wire,Caceis booked the fx wire for SD 06-15-2021. Integrata yet to book,1997244814,1997244814,4551456423,-590882299,2021-07-29
14929,,324_4551191593_CACEIS,1722905239,OB,OB,No-pair,fx wire,Caceis booked the fx wire for SD 01-15-2021. Integrata yet to book,1722905239,1722905239,4551456423,-590882299,2021-07-29
14930,,6_4551037369_CACEIS,1518452135,OB,OB,No-pair,wire transfer,Caceis booked the wire transfer for SD 09-24-2020. Integrata yet to book,1518452135,1518452135,4551456423,-590882299,2021-07-29
14931,,47_455590588_CACEIS,883858361,OB,OB,No-pair,fx wire,Caceis booked the fx wire for SD 10-15-2019. Integrata yet to book,883858361,883858361,4551456423,-590882299,2021-07-29
14932,,144_4551191593_CACEIS,1722905178,OB,OB,No-pair,fx wire,Caceis booked the fx wire for SD 01-15-2021. Integrata yet to book,1722905178,1722905178,4551456423,-590882299,2021-07-29
14933,,50_4551087502_CACEIS,1584326630,OB,OB,No-pair,wire transfer,Caceis booked the wire transfer for SD 10-30-2020. Integrata yet to book,1584326630,1584326630,4551456423,-590882299,2021-07-29
14934,,41_4551145900_CACEIS,1662178981,OB,OB,No-pair,dividend,Caceis booked the dividend for SD 12-10-2020. Integrata yet to book,1662178981,1662178981,4551456423,-590882299,2021-07-29
14935,,1294_455822501_CACEIS,1235307824,OB,OB,No-pair,proceeds sell,Caceis booked the proceeds sell for SD 04-14-2020. Integrata yet to book,1235307824,1235307824,4551456423,-590882299,2021-07-29
14936,,689_4551232906_CACEIS,1780157069,OB,OB,No-pair,fx wire,Caceis booked the fx wire for SD 02-16-2021. Integrata yet to book,1780157069,1780157069,4551456423,-590882299,2021-07-29
14937,,68_455706635_CACEIS,1081907494,OB,OB,No-pair,fx wire,Caceis booked the fx wire for SD 01-15-2020. Integrata yet to book,1081907494,1081907494,4551456423,-590882299,2021-07-29
14938,,223_455783582_CACEIS,1185159468,OB,OB,No-pair,fx wire,Caceis booked the fx wire for SD 03-16-2020. Integrata yet to book,1185159468,1185159468,4551456423,-590882299,2021-07-29
14939,,9_455750273_CACEIS,1138650224,OB,OB,No-pair,dividend,Caceis booked the dividend for SD 09-30-2019. Integrata yet to book,1138650224,1138650224,4551456423,-590882299,2021-07-29
14940,,137_455748445_CACEIS,1136275135,OB,OB,No-pair,fx wire,Caceis booked the fx wire for SD 02-18-2020. Integrata yet to book,1136275135,1136275135,4551456423,-590882299,2021-07-29
14941,,117_455442954_CACEIS,637183796,OB,OB,No-pair,fx wire,Caceis booked the fx wire for SD 06-17-2019. Integrata yet to book,637183796,637183796,4551456423,-590882299,2021-07-29
14942,,25_4551145900_CACEIS,1662179010,OB,OB,No-pair,fx wire,Caceis booked the fx wire for SD 12-11-2020. Integrata yet to book,1662179010,1662179010,4551456423,-590882299,2021-07-29
14943,,181_455898221_CACEIS,1334730896,OB,OB,No-pair,fees,Caceis booked the fees for SD 06-12-2020. Integrata yet to book,1334730896,1334730896,4551456423,-590882299,2021-07-29
14944,,138_455898221_CACEIS,1334730728,OB,OB,No-pair,fees,Caceis booked the fees for SD 06-12-2020. Integrata yet to book,1334730728,1334730728,4551456423,-590882299,2021-07-29
14945,,7_4551419402_CACEIS,2029730704,OB,OB,No-pair,fx wire,Caceis booked the fx wire for SD 07-02-2021. Integrata yet to book,2029730704,2029730704,4551456423,-590882299,2021-07-29
14946,,3_455925203_CACEIS,1371183608,OB,OB,No-pair,fees,Caceis booked the fees for SD 07-02-2020. Integrata yet to book,1371183608,1371183608,4551456423,-590882299,2021-07-29
14947,,76_455693832_CACEIS,1063035123,OB,OB,No-pair,wire transfer,Caceis booked the wire transfer for SD 01-06-2020. Integrata yet to book,1063035123,1063035123,4551456423,-590882299,2021-07-29
14948,,5_455799620_CACEIS,1205700344,OB,OB,No-pair,wire transfer,Caceis booked the wire transfer for SD 03-27-2020. Integrata yet to book,1205700344,1205700344,4551456423,-590882299,2021-07-29
14949,,332_455669415_CACEIS,1020661858,OB,OB,No-pair,fx wire,Caceis booked the fx wire for SD 12-16-2019. Integrata yet to book,1020661858,1020661858,4551456423,-590882299,2021-07-29
14950,,703_455862625_CACEIS,1287005016,OB,OB,No-pair,fx wire,Caceis booked the fx wire for SD 05-15-2020. Integrata yet to book,1287005016,1287005016,4551456423,-590882299,2021-07-29
14951,,254_4551436806_CACEIS,2049885987,OB,OB,No-pair,fx wire,Caceis booked the fx wire for SD 07-15-2021. Integrata yet to book,2049885987,2049885987,4551456423,-590882299,2021-07-29
14952,,367_455862625_CACEIS,1287003892,OB,OB,No-pair,fx wire,Caceis booked the fx wire for SD 05-15-2020. Integrata yet to book,1287003892,1287003892,4551456423,-590882299,2021-07-29
14953,,52_455693832_CACEIS,1063035169,OB,OB,No-pair,wire transfer,Caceis booked the wire transfer for SD 01-06-2020. Integrata yet to book,1063035169,1063035169,4551456423,-590882299,2021-07-29
14954,,100_4551066313_CACEIS,1556876233,OB,OB,No-pair,fx wire,Caceis booked the fx wire for SD 10-15-2020. Integrata yet to book,1556876233,1556876233,4551456423,-590882299,2021-07-29
14955,,142_455898221_CACEIS,1334730796,OB,OB,No-pair,fees,Caceis booked the fees for SD 06-12-2020. Integrata yet to book,1334730796,1334730796,4551456423,-590882299,2021-07-29
14956,,16_4551107328_CACEIS,1610764967,OB,OB,No-pair,fees,Caceis booked the fees for SD 11-12-2020. Integrata yet to book,1610764967,1610764967,4551456423,-590882299,2021-07-29
14957,,97_455862625_CACEIS,1287002683,OB,OB,No-pair,fx wire,Caceis booked the fx wire for SD 05-15-2020. Integrata yet to book,1287002683,1287002683,4551456423,-590882299,2021-07-29
14958,,99_455777858_CACEIS,1177395712,OB,OB,No-pair,wire transfer,Caceis booked the wire transfer for SD 03-11-2020. Integrata yet to book,1177395712,1177395712,4551456423,-590882299,2021-07-29
14959,,29_455762980_CACEIS,1156897761,OB,OB,No-pair,monthend interest,Caceis booked the monthend interest for SD 03-01-2020. Integrata yet to book,1156897761,1156897761,4551456423,-590882299,2021-07-29
14960,,743_455862625_CACEIS,1287005193,OB,OB,No-pair,fx wire,Caceis booked the fx wire for SD 05-15-2020. Integrata yet to book,1287005193,1287005193,4551456423,-590882299,2021-07-29
14961,,70_455985296_CACEIS,1449581826,OB,OB,No-pair,fx wire,Caceis booked the fx wire for SD 08-17-2020. Integrata yet to book,1449581826,1449581826,4551456423,-590882299,2021-07-29
14962,,115_455693832_CACEIS,1063035218,OB,OB,No-pair,wire transfer,Caceis booked the wire transfer for SD 01-06-2020. Integrata yet to book,1063035218,1063035218,4551456423,-590882299,2021-07-29
14963,,23_455469998_CACEIS,680605560,OB,OB,No-pair,fees,Caceis booked the fees for SD 07-10-2019. Integrata yet to book,680605560,680605560,4551456423,-590882299,2021-07-29
14964,,17_4551107328_CACEIS,1610764968,OB,OB,No-pair,fees,Caceis booked the fees for SD 11-12-2020. Integrata yet to book,1610764968,1610764968,4551456423,-590882299,2021-07-29
14965,,193_4551066313_CACEIS,1556876435,OB,OB,No-pair,fx wire,Caceis booked the fx wire for SD 10-15-2020. Integrata yet to book,1556876435,1556876435,4551456423,-590882299,2021-07-29
14966,,422_455985296_CACEIS,1449582091,OB,OB,No-pair,fx wire,Caceis booked the fx wire for SD 08-17-2020. Integrata yet to book,1449582091,1449582091,4551456423,-590882299,2021-07-29
14967,,100_455777858_CACEIS,1177395778,OB,OB,No-pair,wire transfer,Caceis booked the wire transfer for SD 03-11-2020. Integrata yet to book,1177395778,1177395778,4551456423,-590882299,2021-07-29
14968,,73_455693832_CACEIS,1063035145,OB,OB,No-pair,wire transfer,Caceis booked the wire transfer for SD 01-06-2020. Integrata yet to book,1063035145,1063035145,4551456423,-590882299,2021-07-29
14969,,156_455898221_CACEIS,1334730831,OB,OB,No-pair,fees,Caceis booked the fees for SD 06-12-2020. Integrata yet to book,1334730831,1334730831,4551456423,-590882299,2021-07-29
14970,,69_455590588_CACEIS,883858469,OB,OB,No-pair,fx wire,Caceis booked the fx wire for SD 10-15-2019. Integrata yet to book,883858469,883858469,4551456423,-590882299,2021-07-29
14971,,85_455404958_CACEIS,585162387,OB,OB,No-pair,fx wire,Caceis booked the fx wire for SD 05-15-2019. Integrata yet to book,585162387,585162387,4551456423,-590882299,2021-07-29
14972,,948_455822501_CACEIS,1235308097,OB,OB,No-pair,fx wire,Caceis booked the fx wire for SD 04-15-2020. Integrata yet to book,1235308097,1235308097,4551456423,-590882299,2021-07-29
14973,,19_4551107328_CACEIS,1610764969,OB,OB,No-pair,fees,Caceis booked the fees for SD 11-12-2020. Integrata yet to book,1610764969,1610764969,4551456423,-590882299,2021-07-29
14974,,5_4551341492_CACEIS,1922960761,OB,OB,No-pair,wire transfer,Caceis booked the wire transfer for SD 05-06-2021. Integrata yet to book,1922960761,1922960761,4551456423,-590882299,2021-07-29
14975,,7_455803095_CACEIS,1210223508,OB,OB,No-pair,monthend interest,Caceis booked the monthend interest for SD 04-01-2020. Integrata yet to book,1210223508,1210223508,4551456423,-590882299,2021-07-29
14976,,4_455774029_CACEIS,1172098229,OB,OB,No-pair,wire transfer,Caceis booked the wire transfer for SD 03-09-2020. Integrata yet to book,1172098229,1172098229,4551456423,-590882299,2021-07-29
14977,,9_455703020_CACEIS,1077370241,OB,OB,No-pair,proceeds sell,Caceis booked the proceeds sell for SD 01-13-2020. Integrata yet to book,1077370241,1077370241,4551456423,-590882299,2021-07-29
14978,,182_455898221_CACEIS,1334730906,OB,OB,No-pair,fees,Caceis booked the fees for SD 06-12-2020. Integrata yet to book,1334730906,1334730906,4551456423,-590882299,2021-07-29
14979,,170_4551105378_CACEIS,1608089303,OB,OB,No-pair,wire transfer,Caceis booked the wire transfer for SD 11-12-2020. Integrata yet to book,1608089303,1608089303,4551456423,-590882299,2021-07-29
14980,,481_455783582_CACEIS,1185159602,OB,OB,No-pair,fx wire,Caceis booked the fx wire for SD 03-16-2020. Integrata yet to book,1185159602,1185159602,4551456423,-590882299,2021-07-29
14981,,216_4551066313_CACEIS,1556876445,OB,OB,No-pair,fx wire,Caceis booked the fx wire for SD 10-15-2020. Integrata yet to book,1556876445,1556876445,4551456423,-590882299,2021-07-29
14982,,500_4551066313_CACEIS,1556876640,OB,OB,No-pair,fx wire,Caceis booked the fx wire for SD 10-15-2020. Integrata yet to book,1556876640,1556876640,4551456423,-590882299,2021-07-29
14983,,18_455662172_CACEIS,1008560380,OB,OB,No-pair,wire transfer,Caceis booked the wire transfer for SD 12-10-2019. Integrata yet to book,1008560380,1008560380,4551456423,-590882299,2021-07-29
14984,,314_4551191593_CACEIS,1722905274,OB,OB,No-pair,fx wire,Caceis booked the fx wire for SD 01-15-2021. Integrata yet to book,1722905274,1722905274,4551456423,-590882299,2021-07-29
14985,,4_4551115163_CACEIS,1620888330,OB,OB,No-pair,wire transfer,Caceis booked the wire transfer for SD 06-11-2020. Integrata yet to book,1620888330,1620888330,4551456423,-590882299,2021-07-29
14986,,144_455898221_CACEIS,1334730801,OB,OB,No-pair,fees,Caceis booked the fees for SD 06-12-2020. Integrata yet to book,1334730801,1334730801,4551456423,-590882299,2021-07-29
14987,,90_4551232906_CACEIS,1780156468,OB,OB,No-pair,fx wire,Caceis booked the fx wire for SD 02-16-2021. Integrata yet to book,1780156468,1780156468,4551456423,-590882299,2021-07-29
14988,,214_455706635_CACEIS,1081907392,OB,OB,No-pair,fx wire,Caceis booked the fx wire for SD 01-15-2020. Integrata yet to book,1081907392,1081907392,4551456423,-590882299,2021-07-29
14989,,31_455469998_CACEIS,680605598,OB,OB,No-pair,fees,Caceis booked the fees for SD 07-10-2019. Integrata yet to book,680605598,680605598,4551456423,-590882299,2021-07-29
14990,,6_455770517_CACEIS,1167491761,OB,OB,No-pair,wire transfer,Caceis booked the wire transfer for SD 03-05-2020. Integrata yet to book,1167491761,1167491761,4551456423,-590882299,2021-07-29
14991,,808_455822501_CACEIS,1235308791,OB,OB,No-pair,fx wire,Caceis booked the fx wire for SD 04-15-2020. Integrata yet to book,1235308791,1235308791,4551456423,-590882299,2021-07-29
14992,,115_455748445_CACEIS,1136275091,OB,OB,No-pair,fx wire,Caceis booked the fx wire for SD 02-18-2020. Integrata yet to book,1136275091,1136275091,4551456423,-590882299,2021-07-29
14993,,3_4551350998_CACEIS,1937029703,OB,OB,No-pair,wire transfer,Caceis booked the wire transfer for SD 05-11-2021. Integrata yet to book,1937029703,1937029703,4551456423,-590882299,2021-07-29
14994,,173_455762980_CACEIS,1156897768,OB,OB,No-pair,monthend interest,Caceis booked the monthend interest for SD 03-01-2020. Integrata yet to book,1156897768,1156897768,4551456423,-590882299,2021-07-29
14995,,69_455726980_CACEIS,1107942667,OB,OB,No-pair,monthend interest,Caceis booked the monthend interest for SD 02-01-2020. Integrata yet to book,1107942667,1107942667,4551456423,-590882299,2021-07-29
14996,,48_455736646_CACEIS,1120326873,OB,OB,No-pair,wire transfer,Caceis booked the wire transfer for SD 02-07-2020. Integrata yet to book,1120326873,1120326873,4551456423,-590882299,2021-07-29
14997,,196_455898221_CACEIS,1334730812,OB,OB,No-pair,fees,Caceis booked the fees for SD 06-12-2020. Integrata yet to book,1334730812,1334730812,4551456423,-590882299,2021-07-29
14998,,74_455693832_CACEIS,1063035125,OB,OB,No-pair,wire transfer,Caceis booked the wire transfer for SD 01-06-2020. Integrata yet to book,1063035125,1063035125,4551456423,-590882299,2021-07-29
14999,,366_455900053_CACEIS,1336713840,OB,OB,No-pair,fx wire,Caceis booked the fx wire for SD 06-15-2020. Integrata yet to book,1336713840,1336713840,4551456423,-590882299,2021-07-29
15000,,4_455469998_CACEIS,680605502,OB,OB,No-pair,fees,Caceis booked the fees for SD 07-10-2019. Integrata yet to book,680605502,680605502,4551456423,-590882299,2021-07-29
15001,,41_455920273_CACEIS,1364559756,OB,OB,No-pair,monthend interest,Caceis booked the monthend interest for SD 07-01-2020. Integrata yet to book,1364559756,1364559756,4551456423,-590882299,2021-07-29
15002,,34_455969427_CACEIS,1429812475,OB,OB,No-pair,fees,Caceis booked the fees for SD 08-04-2020. Integrata yet to book,1429812475,1429812475,4551456423,-590882299,2021-07-29
15003,,262_4551354754_CACEIS,1942399612,OB,OB,No-pair,fx wire,Caceis booked the fx wire for SD 05-17-2021. Integrata yet to book,1942399612,1942399612,4551456423,-590882299,2021-07-29
15004,,35_455706635_CACEIS,1081907279,OB,OB,No-pair,fx wire,Caceis booked the fx wire for SD 01-15-2020. Integrata yet to book,1081907279,1081907279,4551456423,-590882299,2021-07-29
15005,,6_4551085502_CACEIS,1581818077,OB,OB,No-pair,proceeds sell,Caceis booked the proceeds sell for SD 10-29-2020. Integrata yet to book,1581818077,1581818077,4551456423,-590882299,2021-07-29
15006,,100_455590588_CACEIS,883858389,OB,OB,No-pair,fx wire,Caceis booked the fx wire for SD 10-15-2019. Integrata yet to book,883858389,883858389,4551456423,-590882299,2021-07-29
15007,,10_455808758_CACEIS,1217520428,OB,OB,No-pair,fx wire,Caceis booked the fx wire for SD 04-03-2020. Integrata yet to book,1217520428,1217520428,4551456423,-590882299,2021-07-29
15008,,2_455663909_CACEIS,1011570617,OB,OB,No-pair,fees,Caceis booked the fees for SD 12-11-2019. Integrata yet to book,1011570617,1011570617,4551456423,-590882299,2021-07-29
15009,,836_455822501_CACEIS,1235308738,OB,OB,No-pair,fx wire,Caceis booked the fx wire for SD 04-15-2020. Integrata yet to book,1235308738,1235308738,4551456423,-590882299,2021-07-29
15010,,58_455693832_CACEIS,1063035199,OB,OB,No-pair,wire transfer,Caceis booked the wire transfer for SD 01-06-2020. Integrata yet to book,1063035199,1063035199,4551456423,-590882299,2021-07-29
15011,,21_455469998_CACEIS,680605545,OB,OB,No-pair,fees,Caceis booked the fees for SD 07-10-2019. Integrata yet to book,680605545,680605545,4551456423,-590882299,2021-07-29
15012,,83_455404958_CACEIS,585162386,OB,OB,No-pair,fx wire,Caceis booked the fx wire for SD 05-15-2019. Integrata yet to book,585162386,585162386,4551456423,-590882299,2021-07-29
15013,,15_455495487_CACEIS,723390019,OB,OB,No-pair,monthend interest,Caceis booked the monthend interest for SD 08-01-2019. Integrata yet to book,723390019,723390019,4551456423,-590882299,2021-07-29
15014,,7_455808758_CACEIS,1217520398,OB,OB,No-pair,fx wire,Caceis booked the fx wire for SD 04-03-2020. Integrata yet to book,1217520398,1217520398,4551456423,-590882299,2021-07-29
15015,,32_455509747_CACEIS,748668160,OB,OB,No-pair,wire transfer,Caceis booked the wire transfer for SD 08-12-2019. Integrata yet to book,748668160,748668160,4551456423,-590882299,2021-07-29
15016,,5_455663909_CACEIS,1011570626,OB,OB,No-pair,fees,Caceis booked the fees for SD 12-11-2019. Integrata yet to book,1011570626,1011570626,4551456423,-590882299,2021-07-29
15017,,94_455590588_CACEIS,883858376,OB,OB,No-pair,fx wire,Caceis booked the fx wire for SD 10-15-2019. Integrata yet to book,883858376,883858376,4551456423,-590882299,2021-07-29
15018,,297_4551313388_CACEIS,1883527923,OB,OB,No-pair,fx wire,Caceis booked the fx wire for SD 04-15-2021. Integrata yet to book,1883527923,1883527923,4551456423,-590882299,2021-07-29
15019,,71_455777858_CACEIS,1177395915,OB,OB,No-pair,wire transfer,Caceis booked the wire transfer for SD 03-11-2020. Integrata yet to book,1177395915,1177395915,4551456423,-590882299,2021-07-29
15020,,312_455669415_CACEIS,1020661872,OB,OB,No-pair,fx wire,Caceis booked the fx wire for SD 12-16-2019. Integrata yet to book,1020661872,1020661872,4551456423,-590882299,2021-07-29
15021,,67_455693832_CACEIS,1063035274,OB,OB,No-pair,wire transfer,Caceis booked the wire transfer for SD 01-06-2020. Integrata yet to book,1063035274,1063035274,4551456423,-590882299,2021-07-29
15022,,4_455559249_CACEIS,832862018,OB,OB,No-pair,fx wire,Caceis booked the fx wire for SD 09-20-2019. Integrata yet to book,832862018,832862018,4551456423,-590882299,2021-07-29
15023,,19_455663909_CACEIS,1011570654,OB,OB,No-pair,fees,Caceis booked the fees for SD 12-11-2019. Integrata yet to book,1011570654,1011570654,4551456423,-590882299,2021-07-29
15024,,300_4551149959_CACEIS,1667623107,OB,OB,No-pair,fx wire,Caceis booked the fx wire for SD 12-15-2020. Integrata yet to book,1667623107,1667623107,4551456423,-590882299,2021-07-29
15025,,362_455900053_CACEIS,1336713662,OB,OB,No-pair,fx wire,Caceis booked the fx wire for SD 06-15-2020. Integrata yet to book,1336713662,1336713662,4551456423,-590882299,2021-07-29
15026,,452_455985296_CACEIS,1449582212,OB,OB,No-pair,fx wire,Caceis booked the fx wire for SD 08-17-2020. Integrata yet to book,1449582212,1449582212,4551456423,-590882299,2021-07-29
15027,,161_455898221_CACEIS,1334730842,OB,OB,No-pair,fees,Caceis booked the fees for SD 06-12-2020. Integrata yet to book,1334730842,1334730842,4551456423,-590882299,2021-07-29
15028,,7_455441282_CACEIS,634490267,OB,OB,No-pair,fx wire,Caceis booked the fx wire for SD 06-14-2019. Integrata yet to book,634490267,634490267,4551456423,-590882299,2021-07-29
15029,,5_455808758_CACEIS,1217520390,OB,OB,No-pair,fx wire,Caceis booked the fx wire for SD 04-03-2020. Integrata yet to book,1217520390,1217520390,4551456423,-590882299,2021-07-29
15030,,172_455898221_CACEIS,1334730860,OB,OB,No-pair,fees,Caceis booked the fees for SD 06-12-2020. Integrata yet to book,1334730860,1334730860,4551456423,-590882299,2021-07-29
15031,,108_455693832_CACEIS,1063035194,OB,OB,No-pair,wire transfer,Caceis booked the wire transfer for SD 01-06-2020. Integrata yet to book,1063035194,1063035194,4551456423,-590882299,2021-07-29
15032,,49_4551127906_CACEIS,1637981951,OB,OB,No-pair,monthend interest,Caceis booked the monthend interest for SD 12-01-2020. Integrata yet to book,1637981951,1637981951,4551456423,-590882299,2021-07-29
15033,,685_455862625_CACEIS,1287004836,OB,OB,No-pair,fx wire,Caceis booked the fx wire for SD 05-15-2020. Integrata yet to book,1287004836,1287004836,4551456423,-590882299,2021-07-29
15034,,11_4551035437_CACEIS,1516099547,OB,OB,No-pair,wire transfer,Caceis booked the wire transfer for SD 06-26-2020. Integrata yet to book,1516099547,1516099547,4551456423,-590882299,2021-07-29
15035,,230_4551354754_CACEIS,1942399693,OB,OB,No-pair,fx wire,Caceis booked the fx wire for SD 05-17-2021. Integrata yet to book,1942399693,1942399693,4551456423,-590882299,2021-07-29
15036,,5_366528_CACEIS,530188204,OB,OB,No-pair,fx wire,Caceis booked the fx wire for SD 04-12-2019. Integrata yet to book,530188204,530188204,4551456423,-590882299,2021-07-29
15037,,456_455985296_CACEIS,1449582223,OB,OB,No-pair,fx wire,Caceis booked the fx wire for SD 08-17-2020. Integrata yet to book,1449582223,1449582223,4551456423,-590882299,2021-07-29
15038,,194_455898221_CACEIS,1334730782,OB,OB,No-pair,fees,Caceis booked the fees for SD 06-12-2020. Integrata yet to book,1334730782,1334730782,4551456423,-590882299,2021-07-29
15039,,535_455900053_CACEIS,1336713969,OB,OB,No-pair,fx wire,Caceis booked the fx wire for SD 06-15-2020. Integrata yet to book,1336713969,1336713969,4551456423,-590882299,2021-07-29
15040,,424_4551191593_CACEIS,1722905457,OB,OB,No-pair,fx wire,Caceis booked the fx wire for SD 01-15-2021. Integrata yet to book,1722905457,1722905457,4551456423,-590882299,2021-07-29
15041,,187_455898221_CACEIS,1334730719,OB,OB,No-pair,fees,Caceis booked the fees for SD 06-12-2020. Integrata yet to book,1334730719,1334730719,4551456423,-590882299,2021-07-29
15042,,234_4551394628_CACEIS,1997244600,OB,OB,No-pair,fx wire,Caceis booked the fx wire for SD 06-15-2021. Integrata yet to book,1997244600,1997244600,4551456423,-590882299,2021-07-29
15043,,424_4551066313_CACEIS,1556876509,OB,OB,No-pair,fx wire,Caceis booked the fx wire for SD 10-15-2020. Integrata yet to book,1556876509,1556876509,4551456423,-590882299,2021-07-29
15044,,119_4551239617_CACEIS,1789074835,OB,OB,No-pair,fx wire,Caceis booked the fx wire for SD 02-19-2021. Integrata yet to book,1789074835,1789074835,4551456423,-590882299,2021-07-29
15045,,51_455900053_CACEIS,1336713086,OB,OB,No-pair,fx wire,Caceis booked the fx wire for SD 06-15-2020. Integrata yet to book,1336713086,1336713086,4551456423,-590882299,2021-07-29
15046,,46_4551269721_CACEIS,1827473801,OB,OB,No-pair,fx wire,Caceis booked the fx wire for SD 03-15-2021. Integrata yet to book,1827473801,1827473801,4551456423,-590882299,2021-07-29
15047,,96_455777858_CACEIS,1177395938,OB,OB,No-pair,wire transfer,Caceis booked the wire transfer for SD 03-11-2020. Integrata yet to book,1177395938,1177395938,4551456423,-590882299,2021-07-29
15048,,1_455866165_CACEIS,1291479989,OB,OB,No-pair,wire transfer,Caceis booked the wire transfer for SD 05-19-2020. Integrata yet to book,1291479989,1291479989,4551456423,-590882299,2021-07-29
15049,,664_455862625_CACEIS,1287004649,OB,OB,No-pair,fees,Caceis booked the fees for SD 05-13-2020. Integrata yet to book,1287004649,1287004649,4551456423,-590882299,2021-07-29
15050,,29_455509747_CACEIS,748668201,OB,OB,No-pair,fx wire,Caceis booked the fx wire for SD 08-12-2019. Integrata yet to book,748668201,748668201,4551456423,-590882299,2021-07-29
15051,,420_455940640_CACEIS,1391596308,OB,OB,No-pair,fx wire,Caceis booked the fx wire for SD 07-15-2020. Integrata yet to book,1391596308,1391596308,4551456423,-590882299,2021-07-29
15052,,22_4551283365_CACEIS,1845308059,OB,OB,No-pair,wire transfer,Caceis booked the wire transfer for SD 03-16-2021. Integrata yet to book,1845308059,1845308059,4551456423,-590882299,2021-07-29
15053,,195_455898221_CACEIS,1334730795,OB,OB,No-pair,fees,Caceis booked the fees for SD 06-12-2020. Integrata yet to book,1334730795,1334730795,4551456423,-590882299,2021-07-29
15054,,141_455898221_CACEIS,1334730770,OB,OB,No-pair,fees,Caceis booked the fees for SD 06-12-2020. Integrata yet to book,1334730770,1334730770,4551456423,-590882299,2021-07-29
15055,,110_455777858_CACEIS,1177395727,OB,OB,No-pair,wire transfer,Caceis booked the wire transfer for SD 03-11-2020. Integrata yet to book,1177395727,1177395727,4551456423,-590882299,2021-07-29
15056,,3_455509747_CACEIS,748668091,OB,OB,No-pair,wire transfer,Caceis booked the wire transfer for SD 08-12-2019. Integrata yet to book,748668091,748668091,4551456423,-590882299,2021-07-29
15057,,174_455898221_CACEIS,1334730871,OB,OB,No-pair,fees,Caceis booked the fees for SD 06-12-2020. Integrata yet to book,1334730871,1334730871,4551456423,-590882299,2021-07-29
15058,,274_455748445_CACEIS,1136275297,OB,OB,No-pair,fx wire,Caceis booked the fx wire for SD 02-18-2020. Integrata yet to book,1136275297,1136275297,4551456423,-590882299,2021-07-29
15059,,198_455898221_CACEIS,1334730830,OB,OB,No-pair,fees,Caceis booked the fees for SD 06-12-2020. Integrata yet to book,1334730830,1334730830,4551456423,-590882299,2021-07-29
15060,,10_455738681_CACEIS,1123054899,OB,OB,No-pair,wire transfer,Caceis booked the wire transfer for SD 02-10-2020. Integrata yet to book,1123054899,1123054899,4551456423,-590882299,2021-07-29
15061,,92_455777858_CACEIS,1177395768,OB,OB,No-pair,wire transfer,Caceis booked the wire transfer for SD 03-11-2020. Integrata yet to book,1177395768,1177395768,4551456423,-590882299,2021-07-29
15062,,1_4551159662_CACEIS,1680411067,OB,OB,No-pair,wire transfer,Caceis booked the wire transfer for SD 12-22-2020. Integrata yet to book,1680411067,1680411067,4551456423,-590882299,2021-07-29
15063,,102_455777858_CACEIS,1177395886,OB,OB,No-pair,wire transfer,Caceis booked the wire transfer for SD 03-11-2020. Integrata yet to book,1177395886,1177395886,4551456423,-590882299,2021-07-29
15064,,198_455706635_CACEIS,1081907307,OB,OB,No-pair,fx wire,Caceis booked the fx wire for SD 01-15-2020. Integrata yet to book,1081907307,1081907307,4551456423,-590882299,2021-07-29
15065,,117_4551109218_CACEIS,1613286697,OB,OB,No-pair,fx wire,Caceis booked the fx wire for SD 11-16-2020. Integrata yet to book,1613286697,1613286697,4551456423,-590882299,2021-07-29
15066,,109_4551229444_CACEIS,1775243177,OB,OB,No-pair,fx wire,Caceis booked the fx wire for SD 02-12-2021. Integrata yet to book,1775243177,1775243177,4551456423,-590882299,2021-07-29
15067,,724_455822501_CACEIS,1235308508,OB,OB,No-pair,fx wire,Caceis booked the fx wire for SD 04-15-2020. Integrata yet to book,1235308508,1235308508,4551456423,-590882299,2021-07-29
15068,,235_455748445_CACEIS,1136275198,OB,OB,No-pair,fx wire,Caceis booked the fx wire for SD 02-18-2020. Integrata yet to book,1136275198,1136275198,4551456423,-590882299,2021-07-29
15069,,106_455777858_CACEIS,1177395641,OB,OB,No-pair,wire transfer,Caceis booked the wire transfer for SD 03-11-2020. Integrata yet to book,1177395641,1177395641,4551456423,-590882299,2021-07-29
15070,,29_455835232_CACEIS,1251293782,OB,OB,No-pair,fx wire,Caceis booked the fx wire for SD 04-24-2020. Integrata yet to book,1251293782,1251293782,4551456423,-590882299,2021-07-29
15071,,82_455590588_CACEIS,883858399,OB,OB,No-pair,fx wire,Caceis booked the fx wire for SD 10-15-2019. Integrata yet to book,883858399,883858399,4551456423,-590882299,2021-07-29
15072,,362_4551066313_CACEIS,1556876474,OB,OB,No-pair,fx wire,Caceis booked the fx wire for SD 10-15-2020. Integrata yet to book,1556876474,1556876474,4551456423,-590882299,2021-07-29
15073,,30_455509747_CACEIS,748668149,OB,OB,No-pair,wire transfer,Caceis booked the wire transfer for SD 08-12-2019. Integrata yet to book,748668149,748668149,4551456423,-590882299,2021-07-29
15074,,34_4551035437_CACEIS,1516099545,OB,OB,No-pair,wire transfer,Caceis booked the wire transfer for SD 06-26-2020. Integrata yet to book,1516099545,1516099545,4551456423,-590882299,2021-07-29
15075,,197_455898221_CACEIS,1334730820,OB,OB,No-pair,fees,Caceis booked the fees for SD 06-12-2020. Integrata yet to book,1334730820,1334730820,4551456423,-590882299,2021-07-29
15076,,87_455777858_CACEIS,1177395726,OB,OB,No-pair,wire transfer,Caceis booked the wire transfer for SD 03-11-2020. Integrata yet to book,1177395726,1177395726,4551456423,-590882299,2021-07-29
15077,,235_4551269721_CACEIS,1827474080,OB,OB,No-pair,fx wire,Caceis booked the fx wire for SD 03-15-2021. Integrata yet to book,1827474080,1827474080,4551456423,-590882299,2021-07-29
15078,,68_455777858_CACEIS,1177395880,OB,OB,No-pair,wire transfer,Caceis booked the wire transfer for SD 03-11-2020. Integrata yet to book,1177395880,1177395880,4551456423,-590882299,2021-07-29
15079,,163_4551201062_CACEIS,1734566022,OB,OB,No-pair,fx wire,Caceis booked the fx wire for SD 01-22-2021. Integrata yet to book,1734566022,1734566022,4551456423,-590882299,2021-07-29
15080,,104_455777858_CACEIS,1177395603,OB,OB,No-pair,wire transfer,Caceis booked the wire transfer for SD 03-11-2020. Integrata yet to book,1177395603,1177395603,4551456423,-590882299,2021-07-29
15081,,228_4551269721_CACEIS,1827474056,OB,OB,No-pair,fx wire,Caceis booked the fx wire for SD 03-15-2021. Integrata yet to book,1827474056,1827474056,4551456423,-590882299,2021-07-29
15082,,95_455777858_CACEIS,1177395906,OB,OB,No-pair,wire transfer,Caceis booked the wire transfer for SD 03-11-2020. Integrata yet to book,1177395906,1177395906,4551456423,-590882299,2021-07-29
15083,,372_455748445_CACEIS,1136275450,OB,OB,No-pair,fx wire,Caceis booked the fx wire for SD 02-18-2020. Integrata yet to book,1136275450,1136275450,4551456423,-590882299,2021-07-29
15084,,166_4551191593_CACEIS,1722905173,OB,OB,No-pair,fx wire,Caceis booked the fx wire for SD 01-15-2021. Integrata yet to book,1722905173,1722905173,4551456423,-590882299,2021-07-29
15085,,232_4551066313_CACEIS,1556876588,OB,OB,No-pair,fx wire,Caceis booked the fx wire for SD 10-15-2020. Integrata yet to book,1556876588,1556876588,4551456423,-590882299,2021-07-29
15086,,169_455898221_CACEIS,1334730852,OB,OB,No-pair,fees,Caceis booked the fees for SD 06-12-2020. Integrata yet to book,1334730852,1334730852,4551456423,-590882299,2021-07-29
15087,,4_455509747_CACEIS,748668084,OB,OB,No-pair,wire transfer,Caceis booked the wire transfer for SD 08-12-2019. Integrata yet to book,748668084,748668084,4551456423,-590882299,2021-07-29
15088,,73_4551381021_CACEIS,1979694243,OB,OB,No-pair,fx wire,Caceis booked the fx wire for SD 06-04-2021. Integrata yet to book,1979694243,1979694243,4551456423,-590882299,2021-07-29
15089,,510_455822501_CACEIS,1235308457,OB,OB,No-pair,fx wire,Caceis booked the fx wire for SD 04-15-2020. Integrata yet to book,1235308457,1235308457,4551456423,-590882299,2021-07-29
15090,,4_455913002_CACEIS,1354245571,OB,OB,No-pair,wire transfer,Caceis booked the wire transfer for SD 06-24-2020. Integrata yet to book,1354245571,1354245571,4551456423,-590882299,2021-07-29
15091,,88_4551313388_CACEIS,1883527833,OB,OB,No-pair,fx wire,Caceis booked the fx wire for SD 04-15-2021. Integrata yet to book,1883527833,1883527833,4551456423,-590882299,2021-07-29
15092,,59_455777858_CACEIS,1177395866,OB,OB,No-pair,wire transfer,Caceis booked the wire transfer for SD 03-11-2020. Integrata yet to book,1177395866,1177395866,4551456423,-590882299,2021-07-29
15093,,270_4551354754_CACEIS,1942399682,OB,OB,No-pair,fx wire,Caceis booked the fx wire for SD 05-17-2021. Integrata yet to book,1942399682,1942399682,4551456423,-590882299,2021-07-29
15094,,32_455936750_CACEIS,1386391246,OB,OB,No-pair,fees,Caceis booked the fees for SD 07-10-2020. Integrata yet to book,1386391246,1386391246,4551456423,-590882299,2021-07-29
15095,,6_455726980_CACEIS,1107942611,OB,OB,No-pair,fx wire,Caceis booked the fx wire for SD 01-31-2020. Integrata yet to book,1107942611,1107942611,4551456423,-590882299,2021-07-29
15096,,7_4551299798_CACEIS,1866915096,OB,OB,No-pair,fx wire,Caceis booked the fx wire for SD 04-06-2021. Integrata yet to book,1866915096,1866915096,4551456423,-590882299,2021-07-29
15097,,233_4551066313_CACEIS,1556876457,OB,OB,No-pair,fx wire,Caceis booked the fx wire for SD 10-15-2020. Integrata yet to book,1556876457,1556876457,4551456423,-590882299,2021-07-29
15098,,84_455748445_CACEIS,1136275027,OB,OB,No-pair,fx wire,Caceis booked the fx wire for SD 02-18-2020. Integrata yet to book,1136275027,1136275027,4551456423,-590882299,2021-07-29
15099,,106_4551191593_CACEIS,1722905132,OB,OB,No-pair,fx wire,Caceis booked the fx wire for SD 01-15-2021. Integrata yet to book,1722905132,1722905132,4551456423,-590882299,2021-07-29
15100,,103_455900053_CACEIS,1336713292,OB,OB,No-pair,fx wire,Caceis booked the fx wire for SD 06-15-2020. Integrata yet to book,1336713292,1336713292,4551456423,-590882299,2021-07-29
15101,,66_455693832_CACEIS,1063035266,OB,OB,No-pair,wire transfer,Caceis booked the wire transfer for SD 01-06-2020. Integrata yet to book,1063035266,1063035266,4551456423,-590882299,2021-07-29
15102,,89_455777858_CACEIS,1177395754,OB,OB,No-pair,wire transfer,Caceis booked the wire transfer for SD 03-11-2020. Integrata yet to book,1177395754,1177395754,4551456423,-590882299,2021-07-29
15103,,14_455509747_CACEIS,748668130,OB,OB,No-pair,wire transfer,Caceis booked the wire transfer for SD 08-12-2019. Integrata yet to book,748668130,748668130,4551456423,-590882299,2021-07-29
15104,,173_455726980_CACEIS,1107942558,OB,OB,No-pair,monthend interest,Caceis booked the monthend interest for SD 02-01-2020. Integrata yet to book,1107942558,1107942558,4551456423,-590882299,2021-07-29
15105,,272_4551191593_CACEIS,1722905324,OB,OB,No-pair,fx wire,Caceis booked the fx wire for SD 01-15-2021. Integrata yet to book,1722905324,1722905324,4551456423,-590882299,2021-07-29
15106,,307_4551149959_CACEIS,1667623044,OB,OB,No-pair,fx wire,Caceis booked the fx wire for SD 12-15-2020. Integrata yet to book,1667623044,1667623044,4551456423,-590882299,2021-07-29
15107,,90_455693832_CACEIS,1063035180,OB,OB,No-pair,wire transfer,Caceis booked the wire transfer for SD 01-06-2020. Integrata yet to book,1063035180,1063035180,4551456423,-590882299,2021-07-29
15108,,12_455782293_CACEIS,1183563024,OB,OB,No-pair,wire transfer,Caceis booked the wire transfer for SD 03-13-2020. Integrata yet to book,1183563024,1183563024,4551456423,-590882299,2021-07-29
15109,,23_4551003590_CACEIS,1473425954,OB,OB,No-pair,monthend interest,Caceis booked the monthend interest for SD 09-01-2020. Integrata yet to book,1473425954,1473425954,4551456423,-590882299,2021-07-29
15110,,103_306589_CACEIS,433998280,OB,OB,No-pair,fx wire,Caceis booked the fx wire for SD 02-15-2019. Integrata yet to book,433998280,433998280,4551456423,-590882299,2021-07-29
15111,,61_4551381021_CACEIS,1979694291,OB,OB,No-pair,fx wire,Caceis booked the fx wire for SD 06-04-2021. Integrata yet to book,1979694291,1979694291,4551456423,-590882299,2021-07-29
15112,,22_4551240968_CACEIS,1790775313,OB,OB,No-pair,wire transfer,Caceis booked the wire transfer for SD 02-22-2021. Integrata yet to book,1790775313,1790775313,4551456423,-590882299,2021-07-29
15113,,473_4551191593_CACEIS,1722905528,OB,OB,No-pair,fx wire,Caceis booked the fx wire for SD 01-15-2021. Integrata yet to book,1722905528,1722905528,4551456423,-590882299,2021-07-29
15114,,246_4551354754_CACEIS,1942399679,OB,OB,No-pair,fx wire,Caceis booked the fx wire for SD 05-17-2021. Integrata yet to book,1942399679,1942399679,4551456423,-590882299,2021-07-29
15115,,81_455808758_CACEIS,1217520409,OB,OB,No-pair,fx wire,Caceis booked the fx wire for SD 04-03-2020. Integrata yet to book,1217520409,1217520409,4551456423,-590882299,2021-07-29
15116,,29_4551155693_CACEIS,1675163284,OB,OB,No-pair,fx wire,Caceis booked the fx wire for SD 12-18-2020. Integrata yet to book,1675163284,1675163284,4551456423,-590882299,2021-07-29
15117,,104_4551232906_CACEIS,1780156399,OB,OB,No-pair,fx wire,Caceis booked the fx wire for SD 02-16-2021. Integrata yet to book,1780156399,1780156399,4551456423,-590882299,2021-07-29
15118,,227_4551436806_CACEIS,2049886003,OB,OB,No-pair,fx wire,Caceis booked the fx wire for SD 07-15-2021. Integrata yet to book,2049886003,2049886003,4551456423,-590882299,2021-07-29
15119,,65_4551354754_CACEIS,1942399668,OB,OB,No-pair,fx wire,Caceis booked the fx wire for SD 05-17-2021. Integrata yet to book,1942399668,1942399668,4551456423,-590882299,2021-07-29
15120,,263_4551313388_CACEIS,1883527935,OB,OB,No-pair,fx wire,Caceis booked the fx wire for SD 04-15-2021. Integrata yet to book,1883527935,1883527935,4551456423,-590882299,2021-07-29
15121,,22_4551220415_CACEIS,1761956023,OB,OB,No-pair,fx wire,Caceis booked the fx wire for SD 02-05-2021. Integrata yet to book,1761956023,1761956023,4551456423,-590882299,2021-07-29
15122,,128_4551201062_CACEIS,1734565976,OB,OB,No-pair,fx wire,Caceis booked the fx wire for SD 01-22-2021. Integrata yet to book,1734565976,1734565976,4551456423,-590882299,2021-07-29
15123,,302_4551191593_CACEIS,1722905305,OB,OB,No-pair,fx wire,Caceis booked the fx wire for SD 01-15-2021. Integrata yet to book,1722905305,1722905305,4551456423,-590882299,2021-07-29
15124,,83_455822501_CACEIS,1235307973,OB,OB,No-pair,fx wire,Caceis booked the fx wire for SD 04-15-2020. Integrata yet to book,1235307973,1235307973,4551456423,-590882299,2021-07-29
15125,,57_455753887_CACEIS,1143364832,OB,OB,No-pair,fx wire,Caceis booked the fx wire for SD 02-21-2020. Integrata yet to book,1143364832,1143364832,4551456423,-590882299,2021-07-29
15126,,33_333062_CACEIS,479846774,OB,OB,No-pair,fx wire,Caceis booked the fx wire for SD 03-15-2019. Integrata yet to book,479846774,479846774,4551456423,-590882299,2021-07-29
15127,,58_455862625_CACEIS,1287002618,OB,OB,No-pair,fx wire,Caceis booked the fx wire for SD 05-15-2020. Integrata yet to book,1287002618,1287002618,4551456423,-590882299,2021-07-29
15128,,21_455762980_CACEIS,1156897694,OB,OB,No-pair,fx wire,Caceis booked the fx wire for SD 02-28-2020. Integrata yet to book,1156897694,1156897694,4551456423,-590882299,2021-07-29
15129,,113_455693832_CACEIS,1063035210,OB,OB,No-pair,wire transfer,Caceis booked the wire transfer for SD 01-06-2020. Integrata yet to book,1063035210,1063035210,4551456423,-590882299,2021-07-29
15130,,82_455693832_CACEIS,1063035146,OB,OB,No-pair,wire transfer,Caceis booked the wire transfer for SD 01-06-2020. Integrata yet to book,1063035146,1063035146,4551456423,-590882299,2021-07-29
15131,,3_455526948_CACEIS,777272582,OB,OB,No-pair,proceeds sell,Caceis booked the proceeds sell for SD 08-26-2019. Integrata yet to book,777272582,777272582,4551456423,-590882299,2021-07-29
15132,,5_271886_CACEIS,376733207,OB,OB,No-pair,fx wire,Caceis booked the fx wire for SD 01-18-2019. Integrata yet to book,376733207,376733207,4551456423,-590882299,2021-07-29
15133,,45_4551087502_CACEIS,1584326586,OB,OB,No-pair,fx wire,Caceis booked the fx wire for SD 10-30-2020. Integrata yet to book,1584326586,1584326586,4551456423,-590882299,2021-07-29
15134,,5_4551085502_CACEIS,1581818062,OB,OB,No-pair,wire transfer,Caceis booked the wire transfer for SD 10-29-2020. Integrata yet to book,1581818062,1581818062,4551456423,-590882299,2021-07-29
15135,,110_4551248485_CACEIS,1800039450,OB,OB,No-pair,fx wire,Caceis booked the fx wire for SD 02-26-2021. Integrata yet to book,1800039450,1800039450,4551456423,-590882299,2021-07-29
15136,,246_455985296_CACEIS,1449582017,OB,OB,No-pair,fx wire,Caceis booked the fx wire for SD 08-17-2020. Integrata yet to book,1449582017,1449582017,4551456423,-590882299,2021-07-29
15137,,60_455862625_CACEIS,1287002767,OB,OB,No-pair,fx wire,Caceis booked the fx wire for SD 05-15-2020. Integrata yet to book,1287002767,1287002767,4551456423,-590882299,2021-07-29
15138,,32_455985296_CACEIS,1449581796,OB,OB,No-pair,fx wire,Caceis booked the fx wire for SD 08-17-2020. Integrata yet to book,1449581796,1449581796,4551456423,-590882299,2021-07-29
15139,,28_4551267661_CACEIS,1824870517,OB,OB,No-pair,fx wire,Caceis booked the fx wire for SD 03-12-2021. Integrata yet to book,1824870517,1824870517,4551456423,-590882299,2021-07-29
15140,,35_455663909_CACEIS,1011570662,OB,OB,No-pair,wire transfer,Caceis booked the wire transfer for SD 07-18-2019. Integrata yet to book,1011570662,1011570662,4551456423,-590882299,2021-07-29
15141,,803_455862625_CACEIS,1287004787,OB,OB,No-pair,fees,Caceis booked the fees for SD 05-13-2020. Integrata yet to book,1287004787,1287004787,4551456423,-590882299,2021-07-29
15142,,58_455900053_CACEIS,1336713118,OB,OB,No-pair,fx wire,Caceis booked the fx wire for SD 06-15-2020. Integrata yet to book,1336713118,1336713118,4551456423,-590882299,2021-07-29
15143,,57_455777858_CACEIS,1177395820,OB,OB,No-pair,wire transfer,Caceis booked the wire transfer for SD 03-11-2020. Integrata yet to book,1177395820,1177395820,4551456423,-590882299,2021-07-29
15144,,15_455808758_CACEIS,1217520404,OB,OB,No-pair,fx wire,Caceis booked the fx wire for SD 04-03-2020. Integrata yet to book,1217520404,1217520404,4551456423,-590882299,2021-07-29
15145,,346_455940640_CACEIS,1391596139,OB,OB,No-pair,fx wire,Caceis booked the fx wire for SD 07-15-2020. Integrata yet to book,1391596139,1391596139,4551456423,-590882299,2021-07-29
15146,,59_4551292839_CACEIS,1857221945,OB,OB,No-pair,wire transfer,Caceis booked the wire transfer for SD 03-10-2021. Integrata yet to book,1857221945,1857221945,4551456423,-590882299,2021-07-29
15147,,27_4551020261_CACEIS,1495478262,OB,OB,No-pair,fx wire,Caceis booked the fx wire for SD 09-11-2020. Integrata yet to book,1495478262,1495478262,4551456423,-590882299,2021-07-29
15148,,86_455777858_CACEIS,1177395708,OB,OB,No-pair,wire transfer,Caceis booked the wire transfer for SD 03-11-2020. Integrata yet to book,1177395708,1177395708,4551456423,-590882299,2021-07-29
15149,,123_455822501_CACEIS,1235308026,OB,OB,No-pair,fx wire,Caceis booked the fx wire for SD 04-15-2020. Integrata yet to book,1235308026,1235308026,4551456423,-590882299,2021-07-29
15150,,778_455862625_CACEIS,1287004903,OB,OB,No-pair,fx wire,Caceis booked the fx wire for SD 05-15-2020. Integrata yet to book,1287004903,1287004903,4551456423,-590882299,2021-07-29
15151,,59_455693832_CACEIS,1063035212,OB,OB,No-pair,wire transfer,Caceis booked the wire transfer for SD 01-06-2020. Integrata yet to book,1063035212,1063035212,4551456423,-590882299,2021-07-29
15152,,8_309411_CACEIS,439623712,OB,OB,No-pair,fx wire,Caceis booked the fx wire for SD 02-22-2019. Integrata yet to book,439623712,439623712,4551456423,-590882299,2021-07-29
15153,,2_455804770_CACEIS,1212351474,OB,OB,No-pair,fees,Caceis booked the fees for SD 04-01-2020. Integrata yet to book,1212351474,1212351474,4551456423,-590882299,2021-07-29
15154,,7_271886_CACEIS,376733217,OB,OB,No-pair,wire transfer,Caceis booked the wire transfer for SD 01-18-2019. Integrata yet to book,376733217,376733217,4551456423,-590882299,2021-07-29
15155,,78_455777858_CACEIS,1177395904,OB,OB,No-pair,wire transfer,Caceis booked the wire transfer for SD 03-11-2020. Integrata yet to book,1177395904,1177395904,4551456423,-590882299,2021-07-29
15156,,98_4551201062_CACEIS,1734565975,OB,OB,No-pair,fx wire,Caceis booked the fx wire for SD 01-22-2021. Integrata yet to book,1734565975,1734565975,4551456423,-590882299,2021-07-29
15157,,797_455862625_CACEIS,1287005011,OB,OB,No-pair,fees,Caceis booked the fees for SD 05-13-2020. Integrata yet to book,1287005011,1287005011,4551456423,-590882299,2021-07-29
15158,,1_455973142_CACEIS,1434649945,OB,OB,No-pair,fx wire,Caceis booked the fx wire for SD 08-07-2020. Integrata yet to book,1434649945,1434649945,4551456423,-590882299,2021-07-29
15159,,116_455693832_CACEIS,1063035232,OB,OB,No-pair,wire transfer,Caceis booked the wire transfer for SD 01-06-2020. Integrata yet to book,1063035232,1063035232,4551456423,-590882299,2021-07-29
15160,,65_4551299798_CACEIS,1866915124,OB,OB,No-pair,fx wire,Caceis booked the fx wire for SD 04-06-2021. Integrata yet to book,1866915124,1866915124,4551456423,-590882299,2021-07-29
15161,,3_455804770_CACEIS,1212351476,OB,OB,No-pair,fees,Caceis booked the fees for SD 04-01-2020. Integrata yet to book,1212351476,1212351476,4551456423,-590882299,2021-07-29
15162,,4_455890907_CACEIS,1325113961,OB,OB,No-pair,wire transfer,Caceis booked the wire transfer for SD 06-08-2020. Integrata yet to book,1325113961,1325113961,4551456423,-590882299,2021-07-29
15163,,1_4551246640_CACEIS,1797846190,OB,OB,No-pair,wire transfer,Caceis booked the wire transfer for SD 02-25-2021. Integrata yet to book,1797846190,1797846190,4551456423,-590882299,2021-07-29
15164,,147_455898221_CACEIS,1334730813,OB,OB,No-pair,fees,Caceis booked the fees for SD 06-12-2020. Integrata yet to book,1334730813,1334730813,4551456423,-590882299,2021-07-29
15165,,136_455879764_CACEIS,1309543744,OB,OB,No-pair,monthend interest,Caceis booked the monthend interest for SD 06-01-2020. Integrata yet to book,1309543744,1309543744,4551456423,-590882299,2021-07-29
15166,,53_333062_CACEIS,479846790,OB,OB,No-pair,fx wire,Caceis booked the fx wire for SD 03-15-2019. Integrata yet to book,479846790,479846790,4551456423,-590882299,2021-07-29
15167,,336_455590588_CACEIS,883858735,OB,OB,No-pair,fx wire,Caceis booked the fx wire for SD 10-15-2019. Integrata yet to book,883858735,883858735,4551456423,-590882299,2021-07-29
15168,,22_4551390838_CACEIS,1992497477,OB,OB,No-pair,fx wire,Caceis booked the fx wire for SD 06-11-2021. Integrata yet to book,1992497477,1992497477,4551456423,-590882299,2021-07-29
15169,,43_455779682_CACEIS,1179968820,OB,OB,No-pair,corporate action,Caceis booked the corporate action for SD 03-10-2020. Integrata yet to book,1179968820,1179968820,4551456423,-590882299,2021-07-29
15170,,85_455777858_CACEIS,1177395691,OB,OB,No-pair,wire transfer,Caceis booked the wire transfer for SD 03-11-2020. Integrata yet to book,1177395691,1177395691,4551456423,-590882299,2021-07-29
15171,,2_455447623_CACEIS,643172488,OB,OB,No-pair,proceeds sell,Caceis booked the proceeds sell for SD 06-20-2019. Integrata yet to book,643172488,643172488,4551456423,-590882299,2021-07-29
15172,,30_455663909_CACEIS,1011570714,OB,OB,No-pair,fees,Caceis booked the fees for SD 12-11-2019. Integrata yet to book,1011570714,1011570714,4551456423,-590882299,2021-07-29
15173,,233_4551436806_CACEIS,2049885935,OB,OB,No-pair,fx wire,Caceis booked the fx wire for SD 07-15-2021. Integrata yet to book,2049885935,2049885935,4551456423,-590882299,2021-07-29
15174,,85_455693832_CACEIS,1063035156,OB,OB,No-pair,wire transfer,Caceis booked the wire transfer for SD 01-06-2020. Integrata yet to book,1063035156,1063035156,4551456423,-590882299,2021-07-29
15175,,23_455663909_CACEIS,1011570696,OB,OB,No-pair,fees,Caceis booked the fees for SD 12-11-2019. Integrata yet to book,1011570696,1011570696,4551456423,-590882299,2021-07-29
15176,,196_4551313388_CACEIS,1883527805,OB,OB,No-pair,wire transfer,Caceis booked the wire transfer for SD 04-15-2021. Integrata yet to book,1883527805,1883527805,4551456423,-590882299,2021-07-29
15177,,10_4551386918_CACEIS,1987139558,OB,OB,No-pair,fees,Caceis booked the fees for SD 06-08-2021. Integrata yet to book,1987139558,1987139558,4551456423,-590882299,2021-07-29
15178,,31_455663909_CACEIS,1011570718,OB,OB,No-pair,fees,Caceis booked the fees for SD 12-11-2019. Integrata yet to book,1011570718,1011570718,4551456423,-590882299,2021-07-29
15179,,77_455777858_CACEIS,1177395757,OB,OB,No-pair,wire transfer,Caceis booked the wire transfer for SD 03-11-2020. Integrata yet to book,1177395757,1177395757,4551456423,-590882299,2021-07-29
15180,,59_333062_CACEIS,479846803,OB,OB,No-pair,fx wire,Caceis booked the fx wire for SD 03-15-2019. Integrata yet to book,479846803,479846803,4551456423,-590882299,2021-07-29
15181,,27_4551428980_CACEIS,2040344578,OB,OB,No-pair,fees,Caceis booked the fees for SD 07-08-2021. Integrata yet to book,2040344578,2040344578,4551456423,-590882299,2021-07-29
15182,,98_4551394628_CACEIS,1997244584,OB,OB,No-pair,fx wire,Caceis booked the fx wire for SD 06-15-2021. Integrata yet to book,1997244584,1997244584,4551456423,-590882299,2021-07-29
15183,,3_455764911_CACEIS,1159528242,OB,OB,No-pair,fx wire,Caceis booked the fx wire for SD 03-02-2020. Integrata yet to book,1159528242,1159528242,4551456423,-590882299,2021-07-29
15184,,39_4551127906_CACEIS,1637981975,OB,OB,No-pair,monthend interest,Caceis booked the monthend interest for SD 12-01-2020. Integrata yet to book,1637981975,1637981975,4551456423,-590882299,2021-07-29
15185,,106_455590588_CACEIS,883858312,OB,OB,No-pair,fx wire,Caceis booked the fx wire for SD 10-15-2019. Integrata yet to book,883858312,883858312,4551456423,-590882299,2021-07-29
15186,,81_368123_CACEIS,532374129,OB,OB,No-pair,fx wire,Caceis booked the fx wire for SD 04-15-2019. Integrata yet to book,532374129,532374129,4551456423,-590882299,2021-07-29
15187,,106_455783582_CACEIS,1185159406,OB,OB,No-pair,fx wire,Caceis booked the fx wire for SD 03-16-2020. Integrata yet to book,1185159406,1185159406,4551456423,-590882299,2021-07-29
15188,,4_4551168254_CACEIS,1691686482,OB,OB,No-pair,fx wire,Caceis booked the fx wire for SD 12-29-2020. Integrata yet to book,1691686482,1691686482,4551456423,-590882299,2021-07-29
15189,,79_333062_CACEIS,479846806,OB,OB,No-pair,fx wire,Caceis booked the fx wire for SD 03-15-2019. Integrata yet to book,479846806,479846806,4551456423,-590882299,2021-07-29
15190,,809_455862625_CACEIS,1287004957,OB,OB,No-pair,fees,Caceis booked the fees for SD 05-13-2020. Integrata yet to book,1287004957,1287004957,4551456423,-590882299,2021-07-29
15191,,22_455663909_CACEIS,1011570686,OB,OB,No-pair,fees,Caceis booked the fees for SD 12-11-2019. Integrata yet to book,1011570686,1011570686,4551456423,-590882299,2021-07-29
15192,,4_455914788_CACEIS,1356802601,OB,OB,No-pair,wire transfer,Caceis booked the wire transfer for SD 06-24-2020. Integrata yet to book,1356802601,1356802601,4551456423,-590882299,2021-07-29
15193,,12_316753_CACEIS,453176732,OB,OB,No-pair,fx wire,Caceis booked the fx wire for SD 03-01-2019. Integrata yet to book,453176732,453176732,4551456423,-590882299,2021-07-29
15194,,8_4551415924_CACEIS,2024089320,OB,OB,No-pair,monthend interest,Caceis booked the monthend interest for SD 07-01-2021. Integrata yet to book,2024089320,2024089320,4551456423,-590882299,2021-07-29
15195,,12_455857124_CACEIS,1299802912,OB,OB,No-pair,corporate action,Caceis booked the corporate action for SD 05-11-2020. Integrata yet to book,1299802912,1299802912,4551456423,-590882299,2021-07-29
15196,,18_4551428980_CACEIS,2040344620,OB,OB,No-pair,fees,Caceis booked the fees for SD 07-08-2021. Integrata yet to book,2040344620,2040344620,4551456423,-590882299,2021-07-29
15197,,93_455777858_CACEIS,1177395814,OB,OB,No-pair,wire transfer,Caceis booked the wire transfer for SD 03-11-2020. Integrata yet to book,1177395814,1177395814,4551456423,-590882299,2021-07-29
15198,,77_333062_CACEIS,479846780,OB,OB,No-pair,fx wire,Caceis booked the fx wire for SD 03-15-2019. Integrata yet to book,479846780,479846780,4551456423,-590882299,2021-07-29
15199,,88_368123_CACEIS,532374132,OB,OB,No-pair,fx wire,Caceis booked the fx wire for SD 04-15-2019. Integrata yet to book,532374132,532374132,4551456423,-590882299,2021-07-29
15200,,39_455649350_CACEIS,985331646,OB,OB,No-pair,monthend interest,Caceis booked the monthend interest for SD 12-01-2019. Integrata yet to book,985331646,985331646,4551456423,-590882299,2021-07-29
15201,,254_4551394628_CACEIS,1997244710,OB,OB,No-pair,fx wire,Caceis booked the fx wire for SD 06-15-2021. Integrata yet to book,1997244710,1997244710,4551456423,-590882299,2021-07-29
15202,,96_455693832_CACEIS,1063035185,OB,OB,No-pair,wire transfer,Caceis booked the wire transfer for SD 01-06-2020. Integrata yet to book,1063035185,1063035185,4551456423,-590882299,2021-07-29
15203,,10_4551182476_CACEIS,1710215368,OB,OB,No-pair,wire transfer,Caceis booked the wire transfer for SD 01-08-2021. Integrata yet to book,1710215368,1710215368,4551456423,-590882299,2021-07-29
15204,,800_455862625_CACEIS,1287005059,OB,OB,No-pair,fees,Caceis booked the fees for SD 05-13-2020. Integrata yet to book,1287005059,1287005059,4551456423,-590882299,2021-07-29
15205,,249_4551269721_CACEIS,1827474087,OB,OB,No-pair,fx wire,Caceis booked the fx wire for SD 03-15-2021. Integrata yet to book,1827474087,1827474087,4551456423,-590882299,2021-07-29
15206,,45_4551044906_CACEIS,1528403628,OB,OB,No-pair,monthend interest,Caceis booked the monthend interest for SD 10-01-2020. Integrata yet to book,1528403628,1528403628,4551456423,-590882299,2021-07-29
15207,,32_455663909_CACEIS,1011570721,OB,OB,No-pair,fees,Caceis booked the fees for SD 12-11-2019. Integrata yet to book,1011570721,1011570721,4551456423,-590882299,2021-07-29
15208,,234_4551436806_CACEIS,2049886019,OB,OB,No-pair,fx wire,Caceis booked the fx wire for SD 07-15-2021. Integrata yet to book,2049886019,2049886019,4551456423,-590882299,2021-07-29
15209,,72_455693832_CACEIS,1063035310,OB,OB,No-pair,wire transfer,Caceis booked the wire transfer for SD 01-06-2020. Integrata yet to book,1063035310,1063035310,4551456423,-590882299,2021-07-29
15210,,27_455663909_CACEIS,1011570703,OB,OB,No-pair,fees,Caceis booked the fees for SD 12-11-2019. Integrata yet to book,1011570703,1011570703,4551456423,-590882299,2021-07-29
15211,,266_4551354754_CACEIS,1942399703,OB,OB,No-pair,fx wire,Caceis booked the fx wire for SD 05-17-2021. Integrata yet to book,1942399703,1942399703,4551456423,-590882299,2021-07-29
15212,,83_455777858_CACEIS,1177395645,OB,OB,No-pair,wire transfer,Caceis booked the wire transfer for SD 03-11-2020. Integrata yet to book,1177395645,1177395645,4551456423,-590882299,2021-07-29
15213,,282_455706635_CACEIS,1081907588,OB,OB,No-pair,fx wire,Caceis booked the fx wire for SD 01-15-2020. Integrata yet to book,1081907588,1081907588,4551456423,-590882299,2021-07-29
15214,,21_455663909_CACEIS,1011570677,OB,OB,No-pair,fees,Caceis booked the fees for SD 12-11-2019. Integrata yet to book,1011570677,1011570677,4551456423,-590882299,2021-07-29
15215,,16_455495487_CACEIS,723390023,OB,OB,No-pair,monthend interest,Caceis booked the monthend interest for SD 08-01-2019. Integrata yet to book,723390023,723390023,4551456423,-590882299,2021-07-29
15216,,14_455663909_CACEIS,1011570646,OB,OB,No-pair,fees,Caceis booked the fees for SD 12-11-2019. Integrata yet to book,1011570646,1011570646,4551456423,-590882299,2021-07-29
15217,,29_455663909_CACEIS,1011570709,OB,OB,No-pair,fees,Caceis booked the fees for SD 12-11-2019. Integrata yet to book,1011570709,1011570709,4551456423,-590882299,2021-07-29
15218,,10_455541826_CACEIS,801870200,OB,OB,No-pair,wire transfer,Caceis booked the wire transfer for SD 09-06-2019. Integrata yet to book,801870200,801870200,4551456423,-590882299,2021-07-29
15219,,44_455985296_CACEIS,1449581761,OB,OB,No-pair,fx wire,Caceis booked the fx wire for SD 08-17-2020. Integrata yet to book,1449581761,1449581761,4551456423,-590882299,2021-07-29
15220,,2_4551070074_CACEIS,1561670135,OB,OB,No-pair,wire transfer,Caceis booked the wire transfer for SD 10-15-2020. Integrata yet to book,1561670135,1561670135,4551456423,-590882299,2021-07-29
15221,,272_4551436806_CACEIS,2049886024,OB,OB,No-pair,fx wire,Caceis booked the fx wire for SD 07-15-2021. Integrata yet to book,2049886024,2049886024,4551456423,-590882299,2021-07-29
15222,,89_455846205_CACEIS,1265566769,OB,OB,No-pair,fx wire,Caceis booked the fx wire for SD 05-04-2020. Integrata yet to book,1265566769,1265566769,4551456423,-590882299,2021-07-29
15223,,76_4551381021_CACEIS,1979694249,OB,OB,No-pair,fx wire,Caceis booked the fx wire for SD 06-04-2021. Integrata yet to book,1979694249,1979694249,4551456423,-590882299,2021-07-29
15224,,63_455590588_CACEIS,883858397,OB,OB,No-pair,fx wire,Caceis booked the fx wire for SD 10-15-2019. Integrata yet to book,883858397,883858397,4551456423,-590882299,2021-07-29
15225,,5_455526948_CACEIS,777272591,OB,OB,No-pair,wire transfer,Caceis booked the wire transfer for SD 08-26-2019. Integrata yet to book,777272591,777272591,4551456423,-590882299,2021-07-29
15226,,281_4551436806_CACEIS,2049886009,OB,OB,No-pair,fx wire,Caceis booked the fx wire for SD 07-15-2021. Integrata yet to book,2049886009,2049886009,4551456423,-590882299,2021-07-29
15227,,111_4551191593_CACEIS,1722905127,OB,OB,No-pair,fx wire,Caceis booked the fx wire for SD 01-15-2021. Integrata yet to book,1722905127,1722905127,4551456423,-590882299,2021-07-29
15228,,807_455862625_CACEIS,1287004879,OB,OB,No-pair,fees,Caceis booked the fees for SD 05-13-2020. Integrata yet to book,1287004879,1287004879,4551456423,-590882299,2021-07-29
15229,,21_455509747_CACEIS,748668136,OB,OB,No-pair,wire transfer,Caceis booked the wire transfer for SD 08-12-2019. Integrata yet to book,748668136,748668136,4551456423,-590882299,2021-07-29
15230,,21_455718167_CACEIS,1096511749,OB,OB,No-pair,fx wire,Caceis booked the fx wire for SD 01-24-2020. Integrata yet to book,1096511749,1096511749,4551456423,-590882299,2021-07-29
15231,,551_4551149959_CACEIS,1667623289,OB,OB,No-pair,fx wire,Caceis booked the fx wire for SD 12-15-2020. Integrata yet to book,1667623289,1667623289,4551456423,-590882299,2021-07-29
15232,,188_4551248485_CACEIS,1800039547,OB,OB,No-pair,fx wire,Caceis booked the fx wire for SD 02-26-2021. Integrata yet to book,1800039547,1800039547,4551456423,-590882299,2021-07-29
15233,,486_4551149959_CACEIS,1667623278,OB,OB,No-pair,fx wire,Caceis booked the fx wire for SD 12-15-2020. Integrata yet to book,1667623278,1667623278,4551456423,-590882299,2021-07-29
15234,,5_455466840_CACEIS,676386057,OB,OB,No-pair,fees,Caceis booked the fees for SD 07-05-2019. Integrata yet to book,676386057,676386057,4551456423,-590882299,2021-07-29
15235,,61_455516633_CACEIS,760048298,OB,OB,No-pair,fx wire,Caceis booked the fx wire for SD 08-16-2019. Integrata yet to book,760048298,760048298,4551456423,-590882299,2021-07-29
15236,,25_455745203_CACEIS,1132280395,OB,OB,No-pair,fx wire,Caceis booked the fx wire for SD 02-14-2020. Integrata yet to book,1132280395,1132280395,4551456423,-590882299,2021-07-29
15237,,170_4551144082_CACEIS,1659707043,OB,OB,No-pair,wire transfer,Caceis booked the wire transfer for SD 12-10-2020. Integrata yet to book,1659707043,1659707043,4551456423,-590882299,2021-07-29
15238,,89_4551239617_CACEIS,1789074732,OB,OB,No-pair,wire transfer,Caceis booked the wire transfer for SD 02-19-2021. Integrata yet to book,1789074732,1789074732,4551456423,-590882299,2021-07-29
15239,,68_4551313388_CACEIS,1883527716,OB,OB,No-pair,fx wire,Caceis booked the fx wire for SD 04-15-2021. Integrata yet to book,1883527716,1883527716,4551456423,-590882299,2021-07-29
15240,,4_455466840_CACEIS,676386056,OB,OB,No-pair,fees,Caceis booked the fees for SD 07-05-2019. Integrata yet to book,676386056,676386056,4551456423,-590882299,2021-07-29
15241,,801_455862625_CACEIS,1287004745,OB,OB,No-pair,fees,Caceis booked the fees for SD 05-13-2020. Integrata yet to book,1287004745,1287004745,4551456423,-590882299,2021-07-29
15242,,6_455509747_CACEIS,748668103,OB,OB,No-pair,wire transfer,Caceis booked the wire transfer for SD 08-12-2019. Integrata yet to book,748668103,748668103,4551456423,-590882299,2021-07-29
15243,,184_455862625_CACEIS,1287003001,OB,OB,No-pair,fx wire,Caceis booked the fx wire for SD 05-15-2020. Integrata yet to book,1287003001,1287003001,4551456423,-590882299,2021-07-29
15244,,229_4551394628_CACEIS,1997244788,OB,OB,No-pair,fx wire,Caceis booked the fx wire for SD 06-15-2021. Integrata yet to book,1997244788,1997244788,4551456423,-590882299,2021-07-29
15245,,30_333062_CACEIS,479846757,OB,OB,No-pair,fx wire,Caceis booked the fx wire for SD 03-15-2019. Integrata yet to book,479846757,479846757,4551456423,-590882299,2021-07-29
15246,,17_455799620_CACEIS,1205700355,OB,OB,No-pair,wire transfer,Caceis booked the wire transfer for SD 03-27-2020. Integrata yet to book,1205700355,1205700355,4551456423,-590882299,2021-07-29
15247,,412_455822501_CACEIS,1235308314,OB,OB,No-pair,fx wire,Caceis booked the fx wire for SD 04-15-2020. Integrata yet to book,1235308314,1235308314,4551456423,-590882299,2021-07-29
15248,,291_4551149959_CACEIS,1667623029,OB,OB,No-pair,fx wire,Caceis booked the fx wire for SD 12-15-2020. Integrata yet to book,1667623029,1667623029,4551456423,-590882299,2021-07-29
15249,,24_333062_CACEIS,479846734,OB,OB,No-pair,fx wire,Caceis booked the fx wire for SD 03-15-2019. Integrata yet to book,479846734,479846734,4551456423,-590882299,2021-07-29
15250,,40_455916649_CACEIS,1359361371,OB,OB,No-pair,fx wire,Caceis booked the fx wire for SD 06-26-2020. Integrata yet to book,1359361371,1359361371,4551456423,-590882299,2021-07-29
15251,,12_455745203_CACEIS,1132280401,OB,OB,No-pair,fx wire,Caceis booked the fx wire for SD 02-14-2020. Integrata yet to book,1132280401,1132280401,4551456423,-590882299,2021-07-29
15252,,155_4551232906_CACEIS,1780156548,OB,OB,No-pair,fx wire,Caceis booked the fx wire for SD 02-16-2021. Integrata yet to book,1780156548,1780156548,4551456423,-590882299,2021-07-29
15253,,18_4551035437_CACEIS,1516099544,OB,OB,No-pair,wire transfer,Caceis booked the wire transfer for SD 05-06-2020. Integrata yet to book,1516099544,1516099544,4551456423,-590882299,2021-07-29
15254,,469_4551149959_CACEIS,1667623371,OB,OB,No-pair,fx wire,Caceis booked the fx wire for SD 12-15-2020. Integrata yet to book,1667623371,1667623371,4551456423,-590882299,2021-07-29
15255,,95_455748445_CACEIS,1136275151,OB,OB,No-pair,fx wire,Caceis booked the fx wire for SD 02-18-2020. Integrata yet to book,1136275151,1136275151,4551456423,-590882299,2021-07-29
15256,,18_455386356_CACEIS,560114412,OB,OB,No-pair,monthend interest,Caceis booked the monthend interest for SD 05-01-2019. Integrata yet to book,560114412,560114412,4551456423,-590882299,2021-07-29
15257,,227_4551066313_CACEIS,1556876486,OB,OB,No-pair,fx wire,Caceis booked the fx wire for SD 10-15-2020. Integrata yet to book,1556876486,1556876486,4551456423,-590882299,2021-07-29
15258,,162_455862625_CACEIS,1287002624,OB,OB,No-pair,fx wire,Caceis booked the fx wire for SD 05-15-2020. Integrata yet to book,1287002624,1287002624,4551456423,-590882299,2021-07-29
15259,,62_4551381021_CACEIS,1979694226,OB,OB,No-pair,fx wire,Caceis booked the fx wire for SD 06-04-2021. Integrata yet to book,1979694226,1979694226,4551456423,-590882299,2021-07-29
15260,,13_4551035437_CACEIS,1516099555,OB,OB,No-pair,wire transfer,Caceis booked the wire transfer for SD 06-11-2020. Integrata yet to book,1516099555,1516099555,4551456423,-590882299,2021-07-29
15261,,74_455963450_CACEIS,1421777806,OB,OB,No-pair,fx wire,Caceis booked the fx wire for SD 07-31-2020. Integrata yet to book,1421777806,1421777806,4551456423,-590882299,2021-07-29
15262,,111_4551313388_CACEIS,1883527732,OB,OB,No-pair,fx wire,Caceis booked the fx wire for SD 04-15-2021. Integrata yet to book,1883527732,1883527732,4551456423,-590882299,2021-07-29
15263,,353_455900053_CACEIS,1336713585,OB,OB,No-pair,fx wire,Caceis booked the fx wire for SD 06-15-2020. Integrata yet to book,1336713585,1336713585,4551456423,-590882299,2021-07-29
15264,,25_455753887_CACEIS,1143364789,OB,OB,No-pair,fx wire,Caceis booked the fx wire for SD 02-21-2020. Integrata yet to book,1143364789,1143364789,4551456423,-590882299,2021-07-29
15265,,41_368123_CACEIS,532374023,OB,OB,No-pair,fx wire,Caceis booked the fx wire for SD 04-15-2019. Integrata yet to book,532374023,532374023,4551456423,-590882299,2021-07-29
15266,,31_4551035437_CACEIS,1516099557,OB,OB,No-pair,wire transfer,Caceis booked the wire transfer for SD 06-11-2020. Integrata yet to book,1516099557,1516099557,4551456423,-590882299,2021-07-29
15267,,43_4551210754_CACEIS,1748958224,OB,OB,No-pair,monthend interest,Caceis booked the monthend interest for SD 02-01-2021. Integrata yet to book,1748958224,1748958224,4551456423,-590882299,2021-07-29
15268,,56_455554115_CACEIS,824384992,OB,OB,No-pair,fx wire,Caceis booked the fx wire for SD 09-17-2019. Integrata yet to book,824384992,824384992,4551456423,-590882299,2021-07-29
15269,,262_4551436806_CACEIS,2049886006,OB,OB,No-pair,fx wire,Caceis booked the fx wire for SD 07-15-2021. Integrata yet to book,2049886006,2049886006,4551456423,-590882299,2021-07-29
15270,,206_455669415_CACEIS,1020661980,OB,OB,No-pair,fx wire,Caceis booked the fx wire for SD 12-16-2019. Integrata yet to book,1020661980,1020661980,4551456423,-590882299,2021-07-29
15271,,172_455706635_CACEIS,1081907593,OB,OB,No-pair,fx wire,Caceis booked the fx wire for SD 01-15-2020. Integrata yet to book,1081907593,1081907593,4551456423,-590882299,2021-07-29
15272,,413_455985296_CACEIS,1449582159,OB,OB,No-pair,fx wire,Caceis booked the fx wire for SD 08-17-2020. Integrata yet to book,1449582159,1449582159,4551456423,-590882299,2021-07-29
15273,,387_4551066313_CACEIS,1556876610,OB,OB,No-pair,fx wire,Caceis booked the fx wire for SD 10-15-2020. Integrata yet to book,1556876610,1556876610,4551456423,-590882299,2021-07-29
15274,,451_455783582_CACEIS,1185159700,OB,OB,No-pair,fx wire,Caceis booked the fx wire for SD 03-16-2020. Integrata yet to book,1185159700,1185159700,4551456423,-590882299,2021-07-29
15275,,24_4551171343_CACEIS,1696929182,OB,OB,No-pair,monthend interest,Caceis booked the monthend interest for SD 01-01-2021. Integrata yet to book,1696929182,1696929182,4551456423,-590882299,2021-07-29
15276,,350_455900053_CACEIS,1336713556,OB,OB,No-pair,fx wire,Caceis booked the fx wire for SD 06-15-2020. Integrata yet to book,1336713556,1336713556,4551456423,-590882299,2021-07-29
15277,,50_455745203_CACEIS,1132280310,OB,OB,No-pair,fx wire,Caceis booked the fx wire for SD 02-14-2020. Integrata yet to book,1132280310,1132280310,4551456423,-590882299,2021-07-29
15278,,8_455457456_CACEIS,662167917,OB,OB,No-pair,fx wire,Caceis booked the fx wire for SD 06-28-2019. Integrata yet to book,662167917,662167917,4551456423,-590882299,2021-07-29
15279,,109_4551087502_CACEIS,1584326608,OB,OB,No-pair,monthend interest,Caceis booked the monthend interest for SD 11-01-2020. Integrata yet to book,1584326608,1584326608,4551456423,-590882299,2021-07-29
15280,,462_455862625_CACEIS,1287003917,OB,OB,No-pair,fx wire,Caceis booked the fx wire for SD 05-15-2020. Integrata yet to book,1287003917,1287003917,4551456423,-590882299,2021-07-29
15281,,334_455669415_CACEIS,1020661961,OB,OB,No-pair,fx wire,Caceis booked the fx wire for SD 12-16-2019. Integrata yet to book,1020661961,1020661961,4551456423,-590882299,2021-07-29
15282,,15_455963450_CACEIS,1421777850,OB,OB,No-pair,monthend interest,Caceis booked the monthend interest for SD 08-01-2020. Integrata yet to book,1421777850,1421777850,4551456423,-590882299,2021-07-29
15283,,47_455718167_CACEIS,1096511938,OB,OB,No-pair,wire transfer,Caceis booked the wire transfer for SD 01-24-2020. Integrata yet to book,1096511938,1096511938,4551456423,-590882299,2021-07-29
15284,,2_4551440965_CACEIS,2054922367,OB,OB,No-pair,wire transfer,Caceis booked the wire transfer for SD 07-15-2021. Integrata yet to book,2054922367,2054922367,4551456423,-590882299,2021-07-29
15285,,16_455726980_CACEIS,1107942621,OB,OB,No-pair,fx wire,Caceis booked the fx wire for SD 01-31-2020. Integrata yet to book,1107942621,1107942621,4551456423,-590882299,2021-07-29
15286,,110_455718167_CACEIS,1096511817,OB,OB,No-pair,fx wire,Caceis booked the fx wire for SD 01-24-2020. Integrata yet to book,1096511817,1096511817,4551456423,-590882299,2021-07-29
15287,,3_4551062436_CACEIS,1551719868,OB,OB,No-pair,wire transfer,Caceis booked the wire transfer for SD 10-13-2020. Integrata yet to book,1551719868,1551719868,4551456423,-590882299,2021-07-29
15288,,80_455940640_CACEIS,1391596077,OB,OB,No-pair,fx wire,Caceis booked the fx wire for SD 07-15-2020. Integrata yet to book,1391596077,1391596077,4551456423,-590882299,2021-07-29
15289,,6_455977022_CACEIS,1439406720,OB,OB,No-pair,fees,Caceis booked the fees for SD 06-10-2020. Integrata yet to book,1439406720,1439406720,4551456423,-590882299,2021-07-29
15290,,831_455822501_CACEIS,1235308793,OB,OB,No-pair,fx wire,Caceis booked the fx wire for SD 04-15-2020. Integrata yet to book,1235308793,1235308793,4551456423,-590882299,2021-07-29
15291,,126_455748445_CACEIS,1136275058,OB,OB,No-pair,fx wire,Caceis booked the fx wire for SD 02-18-2020. Integrata yet to book,1136275058,1136275058,4551456423,-590882299,2021-07-29
15292,,54_455442954_CACEIS,637183835,OB,OB,No-pair,fx wire,Caceis booked the fx wire for SD 06-17-2019. Integrata yet to book,637183835,637183835,4551456423,-590882299,2021-07-29
15293,,186_455706635_CACEIS,1081907595,OB,OB,No-pair,fx wire,Caceis booked the fx wire for SD 01-15-2020. Integrata yet to book,1081907595,1081907595,4551456423,-590882299,2021-07-29
15294,,33_455936750_CACEIS,1386391248,OB,OB,No-pair,fees,Caceis booked the fees for SD 07-10-2020. Integrata yet to book,1386391248,1386391248,4551456423,-590882299,2021-07-29
15295,,468_455862625_CACEIS,1287003904,OB,OB,No-pair,fx wire,Caceis booked the fx wire for SD 05-15-2020. Integrata yet to book,1287003904,1287003904,4551456423,-590882299,2021-07-29
15296,,475_4551191593_CACEIS,1722905455,OB,OB,No-pair,fx wire,Caceis booked the fx wire for SD 01-15-2021. Integrata yet to book,1722905455,1722905455,4551456423,-590882299,2021-07-29
15297,,41_4551035437_CACEIS,1516099535,OB,OB,No-pair,fees,Caceis booked the fees for SD 09-10-2020. Integrata yet to book,1516099535,1516099535,4551456423,-590882299,2021-07-29
15298,,433_4551191593_CACEIS,1722905453,OB,OB,No-pair,fx wire,Caceis booked the fx wire for SD 01-15-2021. Integrata yet to book,1722905453,1722905453,4551456423,-590882299,2021-07-29
15299,,2_4551062436_CACEIS,1551719865,OB,OB,No-pair,wire transfer,Caceis booked the wire transfer for SD 10-13-2020. Integrata yet to book,1551719865,1551719865,4551456423,-590882299,2021-07-29
15300,,24_455726980_CACEIS,1107942632,OB,OB,No-pair,fx wire,Caceis booked the fx wire for SD 01-31-2020. Integrata yet to book,1107942632,1107942632,4551456423,-590882299,2021-07-29
15301,,2_455838810_CACEIS,1255736784,OB,OB,No-pair,wire transfer,Caceis booked the wire transfer for SD 04-28-2020. Integrata yet to book,1255736784,1255736784,4551456423,-590882299,2021-07-29
15302,,193_455590588_CACEIS,883858631,OB,OB,No-pair,fx wire,Caceis booked the fx wire for SD 10-15-2019. Integrata yet to book,883858631,883858631,4551456423,-590882299,2021-07-29
15303,,41_455977022_CACEIS,1439406726,OB,OB,No-pair,fees,Caceis booked the fees for SD 04-16-2020. Integrata yet to book,1439406726,1439406726,4551456423,-590882299,2021-07-29
15304,,55_455783582_CACEIS,1185159305,OB,OB,No-pair,fx wire,Caceis booked the fx wire for SD 03-16-2020. Integrata yet to book,1185159305,1185159305,4551456423,-590882299,2021-07-29
15305,,26_4551035437_CACEIS,1516099532,OB,OB,No-pair,fees,Caceis booked the fees for SD 09-10-2020. Integrata yet to book,1516099532,1516099532,4551456423,-590882299,2021-07-29
15306,,3_4551195338_CACEIS,1727684708,OB,OB,No-pair,proceeds sell,Caceis booked the proceeds sell for SD 01-15-2021. Integrata yet to book,1727684708,1727684708,4551456423,-590882299,2021-07-29
15307,,30_4551267661_CACEIS,1824870519,OB,OB,No-pair,fx wire,Caceis booked the fx wire for SD 03-12-2021. Integrata yet to book,1824870519,1824870519,4551456423,-590882299,2021-07-29
15308,,22_455745203_CACEIS,1132280355,OB,OB,No-pair,fx wire,Caceis booked the fx wire for SD 02-14-2020. Integrata yet to book,1132280355,1132280355,4551456423,-590882299,2021-07-29
15309,,104_4551191593_CACEIS,1722905108,OB,OB,No-pair,fx wire,Caceis booked the fx wire for SD 01-15-2021. Integrata yet to book,1722905108,1722905108,4551456423,-590882299,2021-07-29
15310,,42_4551023983_CACEIS,1500213874,OB,OB,No-pair,fx wire,Caceis booked the fx wire for SD 09-15-2020. Integrata yet to book,1500213874,1500213874,4551456423,-590882299,2021-07-29
15311,,349_455822501_CACEIS,1235308188,OB,OB,No-pair,fx wire,Caceis booked the fx wire for SD 04-15-2020. Integrata yet to book,1235308188,1235308188,4551456423,-590882299,2021-07-29
15312,,761_455822501_CACEIS,1235308715,OB,OB,No-pair,fx wire,Caceis booked the fx wire for SD 04-15-2020. Integrata yet to book,1235308715,1235308715,4551456423,-590882299,2021-07-29
15313,,18_455874345_CACEIS,1302176827,OB,OB,No-pair,fx wire,Caceis booked the fx wire for SD 05-26-2020. Integrata yet to book,1302176827,1302176827,4551456423,-590882299,2021-07-29
15314,,4_455876125_CACEIS,1304457661,OB,OB,No-pair,wire transfer,Caceis booked the wire transfer for SD 05-20-2020. Integrata yet to book,1304457661,1304457661,4551456423,-590882299,2021-07-29
15315,,399_455940640_CACEIS,1391596360,OB,OB,No-pair,fx wire,Caceis booked the fx wire for SD 07-15-2020. Integrata yet to book,1391596360,1391596360,4551456423,-590882299,2021-07-29
15316,,61_455783582_CACEIS,1185159315,OB,OB,No-pair,fx wire,Caceis booked the fx wire for SD 03-16-2020. Integrata yet to book,1185159315,1185159315,4551456423,-590882299,2021-07-29
15317,,19_4551428980_CACEIS,2040344622,OB,OB,No-pair,fees,Caceis booked the fees for SD 07-08-2021. Integrata yet to book,2040344622,2040344622,4551456423,-590882299,2021-07-29
15318,,1_4551099445_CACEIS,1600080186,OB,OB,No-pair,wire transfer,Caceis booked the wire transfer for SD 11-09-2020. Integrata yet to book,1600080186,1600080186,4551456423,-590882299,2021-07-29
15319,,468_455985296_CACEIS,1449582225,OB,OB,No-pair,fx wire,Caceis booked the fx wire for SD 08-17-2020. Integrata yet to book,1449582225,1449582225,4551456423,-590882299,2021-07-29
15320,,11_455745203_CACEIS,1132280381,OB,OB,No-pair,fx wire,Caceis booked the fx wire for SD 02-14-2020. Integrata yet to book,1132280381,1132280381,4551456423,-590882299,2021-07-29
15321,,53_4551018409_CACEIS,1492757247,OB,OB,No-pair,fees,Caceis booked the fees for SD 09-10-2020. Integrata yet to book,1492757247,1492757247,4551456423,-590882299,2021-07-29
15322,,260_455748445_CACEIS,1136275319,OB,OB,No-pair,fx wire,Caceis booked the fx wire for SD 02-18-2020. Integrata yet to book,1136275319,1136275319,4551456423,-590882299,2021-07-29
15323,,65_455605017_CACEIS,907407271,OB,OB,No-pair,fx wire,Caceis booked the fx wire for SD 10-25-2019. Integrata yet to book,907407271,907407271,4551456423,-590882299,2021-07-29
15324,,53_455585083_CACEIS,874262468,OB,OB,No-pair,wire transfer,Caceis booked the wire transfer for SD 10-10-2019. Integrata yet to book,874262468,874262468,4551456423,-590882299,2021-07-29
15325,,52_455585083_CACEIS,874262462,OB,OB,No-pair,wire transfer,Caceis booked the wire transfer for SD 10-10-2019. Integrata yet to book,874262462,874262462,4551456423,-590882299,2021-07-29
15326,,796_455822501_CACEIS,1235308726,OB,OB,No-pair,fx wire,Caceis booked the fx wire for SD 04-15-2020. Integrata yet to book,1235308726,1235308726,4551456423,-590882299,2021-07-29
15327,,77_306589_CACEIS,433998191,OB,OB,No-pair,fx wire,Caceis booked the fx wire for SD 02-15-2019. Integrata yet to book,433998191,433998191,4551456423,-590882299,2021-07-29
15328,,9_4551386918_CACEIS,1987139557,OB,OB,No-pair,fees,Caceis booked the fees for SD 06-08-2021. Integrata yet to book,1987139557,1987139557,4551456423,-590882299,2021-07-29
15329,,62_455585083_CACEIS,874262409,OB,OB,No-pair,wire transfer,Caceis booked the wire transfer for SD 10-10-2019. Integrata yet to book,874262409,874262409,4551456423,-590882299,2021-07-29
15330,,1_455988469_CACEIS,1453491210,OB,OB,No-pair,wire transfer,Caceis booked the wire transfer for SD 08-19-2020. Integrata yet to book,1453491210,1453491210,4551456423,-590882299,2021-07-29
15331,,190_4551313388_CACEIS,1883527857,OB,OB,No-pair,wire transfer,Caceis booked the wire transfer for SD 04-15-2021. Integrata yet to book,1883527857,1883527857,4551456423,-590882299,2021-07-29
15332,,5_347548_CACEIS,501153451,OB,OB,No-pair,wire transfer,Caceis booked the wire transfer for SD 03-28-2019. Integrata yet to book,501153451,501153451,4551456423,-590882299,2021-07-29
15333,,213_4551066313_CACEIS,1556876481,OB,OB,No-pair,fx wire,Caceis booked the fx wire for SD 10-15-2020. Integrata yet to book,1556876481,1556876481,4551456423,-590882299,2021-07-29
15334,,93_4551018409_CACEIS,1492757260,OB,OB,No-pair,fees,Caceis booked the fees for SD 09-10-2020. Integrata yet to book,1492757260,1492757260,4551456423,-590882299,2021-07-29
15335,,538_4551149959_CACEIS,1667623366,OB,OB,No-pair,fx wire,Caceis booked the fx wire for SD 12-15-2020. Integrata yet to book,1667623366,1667623366,4551456423,-590882299,2021-07-29
15336,,48_455585083_CACEIS,874262454,OB,OB,No-pair,wire transfer,Caceis booked the wire transfer for SD 10-10-2019. Integrata yet to book,874262454,874262454,4551456423,-590882299,2021-07-29
15337,,71_455585083_CACEIS,874262447,OB,OB,No-pair,wire transfer,Caceis booked the wire transfer for SD 10-10-2019. Integrata yet to book,874262447,874262447,4551456423,-590882299,2021-07-29
15338,,15_4551042956_CACEIS,1525553097,OB,OB,No-pair,wire transfer,Caceis booked the wire transfer for SD 09-17-2020. Integrata yet to book,1525553097,1525553097,4551456423,-590882299,2021-07-29
15339,,11_4551386918_CACEIS,1987139559,OB,OB,No-pair,fees,Caceis booked the fees for SD 06-08-2021. Integrata yet to book,1987139559,1987139559,4551456423,-590882299,2021-07-29
15340,,84_4551018409_CACEIS,1492757212,OB,OB,No-pair,fees,Caceis booked the fees for SD 09-10-2020. Integrata yet to book,1492757212,1492757212,4551456423,-590882299,2021-07-29
15341,,448_4551149959_CACEIS,1667623265,OB,OB,No-pair,fx wire,Caceis booked the fx wire for SD 12-15-2020. Integrata yet to book,1667623265,1667623265,4551456423,-590882299,2021-07-29
15342,,60_455585083_CACEIS,874262496,OB,OB,No-pair,wire transfer,Caceis booked the wire transfer for SD 10-10-2019. Integrata yet to book,874262496,874262496,4551456423,-590882299,2021-07-29
15343,,311_4551191593_CACEIS,1722905293,OB,OB,No-pair,fx wire,Caceis booked the fx wire for SD 01-15-2021. Integrata yet to book,1722905293,1722905293,4551456423,-590882299,2021-07-29
15344,,5_455977022_CACEIS,1439406725,OB,OB,No-pair,fees,Caceis booked the fees for SD 04-16-2020. Integrata yet to book,1439406725,1439406725,4551456423,-590882299,2021-07-29
15345,,171_455706635_CACEIS,1081907591,OB,OB,No-pair,fx wire,Caceis booked the fx wire for SD 01-15-2020. Integrata yet to book,1081907591,1081907591,4551456423,-590882299,2021-07-29
15346,,17_4551428980_CACEIS,2040344617,OB,OB,No-pair,fees,Caceis booked the fees for SD 07-08-2021. Integrata yet to book,2040344617,2040344617,4551456423,-590882299,2021-07-29
15347,,56_455585083_CACEIS,874262487,OB,OB,No-pair,wire transfer,Caceis booked the wire transfer for SD 10-10-2019. Integrata yet to book,874262487,874262487,4551456423,-590882299,2021-07-29
15348,,65_455585083_CACEIS,874262427,OB,OB,No-pair,wire transfer,Caceis booked the wire transfer for SD 10-10-2019. Integrata yet to book,874262427,874262427,4551456423,-590882299,2021-07-29
15349,,378_4551232906_CACEIS,1780156709,OB,OB,No-pair,fx wire,Caceis booked the fx wire for SD 02-16-2021. Integrata yet to book,1780156709,1780156709,4551456423,-590882299,2021-07-29
15350,,153_455862625_CACEIS,1287003268,OB,OB,No-pair,fx wire,Caceis booked the fx wire for SD 05-15-2020. Integrata yet to book,1287003268,1287003268,4551456423,-590882299,2021-07-29
15351,,105_4551018409_CACEIS,1492757183,OB,OB,No-pair,fees,Caceis booked the fees for SD 09-10-2020. Integrata yet to book,1492757183,1492757183,4551456423,-590882299,2021-07-29
15352,,53_4551153712_CACEIS,1672409242,OB,OB,No-pair,proceeds sell,Caceis booked the proceeds sell for SD 12-17-2020. Integrata yet to book,1672409242,1672409242,4551456423,-590882299,2021-07-29
15353,,29_4551352893_CACEIS,1939816949,OB,OB,No-pair,wire transfer,Caceis booked the wire transfer for SD 05-14-2021. Integrata yet to book,1939816949,1939816949,4551456423,-590882299,2021-07-29
15354,,64_455585083_CACEIS,874262422,OB,OB,No-pair,wire transfer,Caceis booked the wire transfer for SD 10-10-2019. Integrata yet to book,874262422,874262422,4551456423,-590882299,2021-07-29
15355,,63_455585083_CACEIS,874262416,OB,OB,No-pair,wire transfer,Caceis booked the wire transfer for SD 10-10-2019. Integrata yet to book,874262416,874262416,4551456423,-590882299,2021-07-29
15356,,67_4551018409_CACEIS,1492757162,OB,OB,No-pair,fees,Caceis booked the fees for SD 09-10-2020. Integrata yet to book,1492757162,1492757162,4551456423,-590882299,2021-07-29
15357,,44_306589_CACEIS,433998188,OB,OB,No-pair,fx wire,Caceis booked the fx wire for SD 02-15-2019. Integrata yet to book,433998188,433998188,4551456423,-590882299,2021-07-29
15358,,151_455862625_CACEIS,1287003505,OB,OB,No-pair,fx wire,Caceis booked the fx wire for SD 05-15-2020. Integrata yet to book,1287003505,1287003505,4551456423,-590882299,2021-07-29
15359,,97_4551018409_CACEIS,1492757123,OB,OB,No-pair,fees,Caceis booked the fees for SD 09-10-2020. Integrata yet to book,1492757123,1492757123,4551456423,-590882299,2021-07-29
15360,,75_455585083_CACEIS,874262470,OB,OB,No-pair,wire transfer,Caceis booked the wire transfer for SD 10-10-2019. Integrata yet to book,874262470,874262470,4551456423,-590882299,2021-07-29
15361,,67_455585083_CACEIS,874262434,OB,OB,No-pair,wire transfer,Caceis booked the wire transfer for SD 10-10-2019. Integrata yet to book,874262434,874262434,4551456423,-590882299,2021-07-29
15362,,101_4551018409_CACEIS,1492757156,OB,OB,No-pair,fees,Caceis booked the fees for SD 09-10-2020. Integrata yet to book,1492757156,1492757156,4551456423,-590882299,2021-07-29
15363,,91_4551018409_CACEIS,1492757245,OB,OB,No-pair,fees,Caceis booked the fees for SD 09-10-2020. Integrata yet to book,1492757245,1492757245,4551456423,-590882299,2021-07-29
15364,,13_455745203_CACEIS,1132280389,OB,OB,No-pair,fx wire,Caceis booked the fx wire for SD 02-14-2020. Integrata yet to book,1132280389,1132280389,4551456423,-590882299,2021-07-29
15365,,46_455585083_CACEIS,874262448,OB,OB,No-pair,wire transfer,Caceis booked the wire transfer for SD 10-10-2019. Integrata yet to book,874262448,874262448,4551456423,-590882299,2021-07-29
15366,,129_4551109218_CACEIS,1613286707,OB,OB,No-pair,fx wire,Caceis booked the fx wire for SD 11-16-2020. Integrata yet to book,1613286707,1613286707,4551456423,-590882299,2021-07-29
15367,,55_455585083_CACEIS,874262483,OB,OB,No-pair,wire transfer,Caceis booked the wire transfer for SD 10-10-2019. Integrata yet to book,874262483,874262483,4551456423,-590882299,2021-07-29
15368,,12_455772338_CACEIS,1169827529,OB,OB,No-pair,wire transfer,Caceis booked the wire transfer for SD 03-06-2020. Integrata yet to book,1169827529,1169827529,4551456423,-590882299,2021-07-29
15369,,81_455554115_CACEIS,824384875,OB,OB,No-pair,fx wire,Caceis booked the fx wire for SD 09-17-2019. Integrata yet to book,824384875,824384875,4551456423,-590882299,2021-07-29
15370,,165_455862625_CACEIS,1287003529,OB,OB,No-pair,fx wire,Caceis booked the fx wire for SD 05-15-2020. Integrata yet to book,1287003529,1287003529,4551456423,-590882299,2021-07-29
15371,,64_455920273_CACEIS,1364559790,OB,OB,No-pair,monthend interest,Caceis booked the monthend interest for SD 07-01-2020. Integrata yet to book,1364559790,1364559790,4551456423,-590882299,2021-07-29
15372,,61_455585083_CACEIS,874262403,OB,OB,No-pair,wire transfer,Caceis booked the wire transfer for SD 10-10-2019. Integrata yet to book,874262403,874262403,4551456423,-590882299,2021-07-29
15373,,92_4551018409_CACEIS,1492757253,OB,OB,No-pair,fees,Caceis booked the fees for SD 09-10-2020. Integrata yet to book,1492757253,1492757253,4551456423,-590882299,2021-07-29
15374,,57_455585083_CACEIS,874262493,OB,OB,No-pair,wire transfer,Caceis booked the wire transfer for SD 10-10-2019. Integrata yet to book,874262493,874262493,4551456423,-590882299,2021-07-29
15375,,76_4551018409_CACEIS,1492757181,OB,OB,No-pair,fees,Caceis booked the fees for SD 09-10-2020. Integrata yet to book,1492757181,1492757181,4551456423,-590882299,2021-07-29
15376,,22_4551087502_CACEIS,1584326583,OB,OB,No-pair,monthend interest,Caceis booked the monthend interest for SD 10-30-2020. Integrata yet to book,1584326583,1584326583,4551456423,-590882299,2021-07-29
15377,,120_4551109218_CACEIS,1613286700,OB,OB,No-pair,fx wire,Caceis booked the fx wire for SD 11-16-2020. Integrata yet to book,1613286700,1613286700,4551456423,-590882299,2021-07-29
15378,,641_4551232906_CACEIS,1780157035,OB,OB,No-pair,fx wire,Caceis booked the fx wire for SD 02-16-2021. Integrata yet to book,1780157035,1780157035,4551456423,-590882299,2021-07-29
15379,,42_4551334292_CACEIS,1911737207,OB,OB,No-pair,monthend interest,Caceis booked the monthend interest for SD 05-01-2021. Integrata yet to book,1911737207,1911737207,4551456423,-590882299,2021-07-29
15380,,99_4551018409_CACEIS,1492757135,OB,OB,No-pair,fees,Caceis booked the fees for SD 09-10-2020. Integrata yet to book,1492757135,1492757135,4551456423,-590882299,2021-07-29
15381,,29_455706635_CACEIS,1081907327,OB,OB,No-pair,fx wire,Caceis booked the fx wire for SD 01-15-2020. Integrata yet to book,1081907327,1081907327,4551456423,-590882299,2021-07-29
15382,,75_4551018409_CACEIS,1492757173,OB,OB,No-pair,fees,Caceis booked the fees for SD 09-10-2020. Integrata yet to book,1492757173,1492757173,4551456423,-590882299,2021-07-29
15383,,68_455900053_CACEIS,1336713333,OB,OB,No-pair,fx wire,Caceis booked the fx wire for SD 06-15-2020. Integrata yet to book,1336713333,1336713333,4551456423,-590882299,2021-07-29
15384,,45_455585083_CACEIS,874262441,OB,OB,No-pair,wire transfer,Caceis booked the wire transfer for SD 10-10-2019. Integrata yet to book,874262441,874262441,4551456423,-590882299,2021-07-29
15385,,68_455585083_CACEIS,874262440,OB,OB,No-pair,wire transfer,Caceis booked the wire transfer for SD 10-10-2019. Integrata yet to book,874262440,874262440,4551456423,-590882299,2021-07-29
15386,,40_455585083_CACEIS,874262428,OB,OB,No-pair,wire transfer,Caceis booked the wire transfer for SD 10-10-2019. Integrata yet to book,874262428,874262428,4551456423,-590882299,2021-07-29
15387,,80_455585083_CACEIS,874262475,OB,OB,No-pair,wire transfer,Caceis booked the wire transfer for SD 10-10-2019. Integrata yet to book,874262475,874262475,4551456423,-590882299,2021-07-29
15388,,87_4551220415_CACEIS,1761955931,OB,OB,No-pair,fx wire,Caceis booked the fx wire for SD 02-05-2021. Integrata yet to book,1761955931,1761955931,4551456423,-590882299,2021-07-29
15389,,312_4551191593_CACEIS,1722905307,OB,OB,No-pair,fx wire,Caceis booked the fx wire for SD 01-15-2021. Integrata yet to book,1722905307,1722905307,4551456423,-590882299,2021-07-29
15390,,106_4551018409_CACEIS,1492757194,OB,OB,No-pair,fees,Caceis booked the fees for SD 09-10-2020. Integrata yet to book,1492757194,1492757194,4551456423,-590882299,2021-07-29
15391,,43_455585083_CACEIS,874262435,OB,OB,No-pair,wire transfer,Caceis booked the wire transfer for SD 10-10-2019. Integrata yet to book,874262435,874262435,4551456423,-590882299,2021-07-29
15392,,83_4551018409_CACEIS,1492757200,OB,OB,No-pair,fees,Caceis booked the fees for SD 09-10-2020. Integrata yet to book,1492757200,1492757200,4551456423,-590882299,2021-07-29
15393,,442_4551149959_CACEIS,1667623255,OB,OB,No-pair,fx wire,Caceis booked the fx wire for SD 12-15-2020. Integrata yet to book,1667623255,1667623255,4551456423,-590882299,2021-07-29
15394,,1_455896330_CACEIS,1332271838,OB,OB,No-pair,wire transfer,Caceis booked the wire transfer for SD 06-05-2020. Integrata yet to book,1332271838,1332271838,4551456423,-590882299,2021-07-29
15395,,106_455900053_CACEIS,1336713346,OB,OB,No-pair,fx wire,Caceis booked the fx wire for SD 06-15-2020. Integrata yet to book,1336713346,1336713346,4551456423,-590882299,2021-07-29
15396,,534_4551149959_CACEIS,1667623274,OB,OB,No-pair,fx wire,Caceis booked the fx wire for SD 12-15-2020. Integrata yet to book,1667623274,1667623274,4551456423,-590882299,2021-07-29
15397,,54_455585083_CACEIS,874262477,OB,OB,No-pair,wire transfer,Caceis booked the wire transfer for SD 10-10-2019. Integrata yet to book,874262477,874262477,4551456423,-590882299,2021-07-29
15398,,54_455822501_CACEIS,1235307904,OB,OB,No-pair,fx wire,Caceis booked the fx wire for SD 04-15-2020. Integrata yet to book,1235307904,1235307904,4551456423,-590882299,2021-07-29
15399,,26_455940640_CACEIS,1391596000,OB,OB,No-pair,fx wire,Caceis booked the fx wire for SD 07-15-2020. Integrata yet to book,1391596000,1391596000,4551456423,-590882299,2021-07-29
15400,,130_4551201062_CACEIS,1734565933,OB,OB,No-pair,fx wire,Caceis booked the fx wire for SD 01-22-2021. Integrata yet to book,1734565933,1734565933,4551456423,-590882299,2021-07-29
15401,,85_4551018409_CACEIS,1492757220,OB,OB,No-pair,fees,Caceis booked the fees for SD 09-10-2020. Integrata yet to book,1492757220,1492757220,4551456423,-590882299,2021-07-29
15402,,73_455585083_CACEIS,874262463,OB,OB,No-pair,wire transfer,Caceis booked the wire transfer for SD 10-10-2019. Integrata yet to book,874262463,874262463,4551456423,-590882299,2021-07-29
15403,,305_455900053_CACEIS,1336713626,OB,OB,No-pair,fx wire,Caceis booked the fx wire for SD 06-15-2020. Integrata yet to book,1336713626,1336713626,4551456423,-590882299,2021-07-29
15404,,99_306589_CACEIS,433998194,OB,OB,No-pair,fx wire,Caceis booked the fx wire for SD 02-15-2019. Integrata yet to book,433998194,433998194,4551456423,-590882299,2021-07-29
15405,,12_455495487_CACEIS,723390015,OB,OB,No-pair,monthend interest,Caceis booked the monthend interest for SD 08-01-2019. Integrata yet to book,723390015,723390015,4551456423,-590882299,2021-07-29
15406,,87_4551018409_CACEIS,1492757229,OB,OB,No-pair,fees,Caceis booked the fees for SD 09-10-2020. Integrata yet to book,1492757229,1492757229,4551456423,-590882299,2021-07-29
15407,,86_455726980_CACEIS,1107942590,OB,OB,No-pair,monthend interest,Caceis booked the monthend interest for SD 02-01-2020. Integrata yet to book,1107942590,1107942590,4551456423,-590882299,2021-07-29
15408,,96_4551018409_CACEIS,1492757271,OB,OB,No-pair,fees,Caceis booked the fees for SD 09-10-2020. Integrata yet to book,1492757271,1492757271,4551456423,-590882299,2021-07-29
15409,,21_4551305829_CACEIS,1874141014,OB,OB,No-pair,fx wire,Caceis booked the fx wire for SD 04-09-2021. Integrata yet to book,1874141014,1874141014,4551456423,-590882299,2021-07-29
15410,,308_455590588_CACEIS,883858535,OB,OB,No-pair,fx wire,Caceis booked the fx wire for SD 10-15-2019. Integrata yet to book,883858535,883858535,4551456423,-590882299,2021-07-29
15411,,44_4551400940_CACEIS,2004694243,OB,OB,No-pair,fx wire,Caceis booked the fx wire for SD 06-18-2021. Integrata yet to book,2004694243,2004694243,4551456423,-590882299,2021-07-29
15412,,102_4551018409_CACEIS,1492757164,OB,OB,No-pair,fees,Caceis booked the fees for SD 09-10-2020. Integrata yet to book,1492757164,1492757164,4551456423,-590882299,2021-07-29
15413,,104_455688261_CACEIS,1053516789,OB,OB,No-pair,wire transfer,Caceis booked the wire transfer for SD 12-31-2019. Integrata yet to book,1053516789,1053516789,4551456423,-590882299,2021-07-29
15414,,307_455900053_CACEIS,1336713663,OB,OB,No-pair,fx wire,Caceis booked the fx wire for SD 06-15-2020. Integrata yet to book,1336713663,1336713663,4551456423,-590882299,2021-07-29
15415,,89_4551018409_CACEIS,1492757238,OB,OB,No-pair,fees,Caceis booked the fees for SD 09-10-2020. Integrata yet to book,1492757238,1492757238,4551456423,-590882299,2021-07-29
15416,,48_4551226296_CACEIS,1770440254,OB,OB,No-pair,wire transfer,Caceis booked the wire transfer for SD 02-09-2021. Integrata yet to book,1770440254,1770440254,4551456423,-590882299,2021-07-29
15417,,3_455942533_CACEIS,1393935324,OB,OB,No-pair,wire transfer,Caceis booked the wire transfer for SD 07-16-2020. Integrata yet to book,1393935324,1393935324,4551456423,-590882299,2021-07-29
15418,,61_455842390_CACEIS,1260634980,OB,OB,No-pair,monthend interest,Caceis booked the monthend interest for SD 05-01-2020. Integrata yet to book,1260634980,1260634980,4551456423,-590882299,2021-07-29
15419,,174_455693832_CACEIS,1063035253,OB,OB,No-pair,fees,Caceis booked the fees for SD 01-06-2020. Integrata yet to book,1063035253,1063035253,4551456423,-590882299,2021-07-29
15420,,66_4551313388_CACEIS,1883527821,OB,OB,No-pair,fx wire,Caceis booked the fx wire for SD 04-15-2021. Integrata yet to book,1883527821,1883527821,4551456423,-590882299,2021-07-29
15421,,18_4551235027_CACEIS,1782782884,OB,OB,No-pair,wire transfer,Caceis booked the wire transfer for SD 02-09-2021. Integrata yet to book,1782782884,1782782884,4551456423,-590882299,2021-07-29
15422,,103_4551018409_CACEIS,1492757174,OB,OB,No-pair,fees,Caceis booked the fees for SD 09-10-2020. Integrata yet to book,1492757174,1492757174,4551456423,-590882299,2021-07-29
15423,,207_455985296_CACEIS,1449582015,OB,OB,No-pair,fx wire,Caceis booked the fx wire for SD 08-17-2020. Integrata yet to book,1449582015,1449582015,4551456423,-590882299,2021-07-29
15424,,14_455416215_CACEIS,599999237,OB,OB,No-pair,fx wire,Caceis booked the fx wire for SD 05-24-2019. Integrata yet to book,599999237,599999237,4551456423,-590882299,2021-07-29
15425,,87_4551313388_CACEIS,1883527743,OB,OB,No-pair,fx wire,Caceis booked the fx wire for SD 04-15-2021. Integrata yet to book,1883527743,1883527743,4551456423,-590882299,2021-07-29
15426,,82_4551018409_CACEIS,1492757191,OB,OB,No-pair,fees,Caceis booked the fees for SD 09-10-2020. Integrata yet to book,1492757191,1492757191,4551456423,-590882299,2021-07-29
15427,,412_455940640_CACEIS,1391596345,OB,OB,No-pair,fx wire,Caceis booked the fx wire for SD 07-15-2020. Integrata yet to book,1391596345,1391596345,4551456423,-590882299,2021-07-29
15428,,196_455706635_CACEIS,1081907303,OB,OB,No-pair,fx wire,Caceis booked the fx wire for SD 01-15-2020. Integrata yet to book,1081907303,1081907303,4551456423,-590882299,2021-07-29
15429,,63_455920273_CACEIS,1364559784,OB,OB,No-pair,monthend interest,Caceis booked the monthend interest for SD 07-01-2020. Integrata yet to book,1364559784,1364559784,4551456423,-590882299,2021-07-29
15430,,73_455940640_CACEIS,1391595913,OB,OB,No-pair,fx wire,Caceis booked the fx wire for SD 07-15-2020. Integrata yet to book,1391595913,1391595913,4551456423,-590882299,2021-07-29
15431,,270_4551149959_CACEIS,1667623184,OB,OB,No-pair,fx wire,Caceis booked the fx wire for SD 12-15-2020. Integrata yet to book,1667623184,1667623184,4551456423,-590882299,2021-07-29
15432,,7_455563030_CACEIS,838135927,OB,OB,No-pair,wire transfer,Caceis booked the wire transfer for SD 08-30-2019. Integrata yet to book,838135927,838135927,4551456423,-590882299,2021-07-29
15433,,5_455662172_CACEIS,1008560374,OB,OB,No-pair,fees,Caceis booked the fees for SD 12-09-2019. Integrata yet to book,1008560374,1008560374,4551456423,-590882299,2021-07-29
15434,,7_455726980_CACEIS,1107942640,OB,OB,No-pair,fx wire,Caceis booked the fx wire for SD 01-31-2020. Integrata yet to book,1107942640,1107942640,4551456423,-590882299,2021-07-29
15435,,9_4551337567_CACEIS,1917624432,OB,OB,No-pair,fees,Caceis booked the fees for SD 05-03-2021. Integrata yet to book,1917624432,1917624432,4551456423,-590882299,2021-07-29
15436,,472_4551066313_CACEIS,1556876802,OB,OB,No-pair,fx wire,Caceis booked the fx wire for SD 10-15-2020. Integrata yet to book,1556876802,1556876802,4551456423,-590882299,2021-07-29
15437,,94_4551018409_CACEIS,1492757266,OB,OB,No-pair,fees,Caceis booked the fees for SD 09-10-2020. Integrata yet to book,1492757266,1492757266,4551456423,-590882299,2021-07-29
15438,,98_455649350_CACEIS,985331673,OB,OB,No-pair,fx wire,Caceis booked the fx wire for SD 11-29-2019. Integrata yet to book,985331673,985331673,4551456423,-590882299,2021-07-29
15439,,61_4551018409_CACEIS,1492757130,OB,OB,No-pair,fees,Caceis booked the fees for SD 09-10-2020. Integrata yet to book,1492757130,1492757130,4551456423,-590882299,2021-07-29
15440,,274_4551149959_CACEIS,1667623194,OB,OB,No-pair,fx wire,Caceis booked the fx wire for SD 12-15-2020. Integrata yet to book,1667623194,1667623194,4551456423,-590882299,2021-07-29
15441,,1_455801281_CACEIS,1207671566,OB,OB,No-pair,wire transfer,Caceis booked the wire transfer for SD 03-11-2020. Integrata yet to book,1207671566,1207671566,4551456423,-590882299,2021-07-29
15442,,338_455822501_CACEIS,1235308078,OB,OB,No-pair,fx wire,Caceis booked the fx wire for SD 04-15-2020. Integrata yet to book,1235308078,1235308078,4551456423,-590882299,2021-07-29
15443,,81_455963450_CACEIS,1421777868,OB,OB,No-pair,wire transfer,Caceis booked the wire transfer for SD 07-31-2020. Integrata yet to book,1421777868,1421777868,4551456423,-590882299,2021-07-29
15444,,193_4551109218_CACEIS,1613286819,OB,OB,No-pair,wire transfer,Caceis booked the wire transfer for SD 10-23-2020. Integrata yet to book,1613286819,1613286819,4551456423,-590882299,2021-07-29
15445,,3_455806818_CACEIS,1215188705,OB,OB,No-pair,wire transfer,Caceis booked the wire transfer for SD 04-02-2020. Integrata yet to book,1215188705,1215188705,4551456423,-590882299,2021-07-29
15446,,1_4551171343_CACEIS,1696929165,OB,OB,No-pair,monthend interest,Caceis booked the monthend interest for SD 01-01-2021. Integrata yet to book,1696929165,1696929165,4551456423,-590882299,2021-07-29
15447,,59_4551269721_CACEIS,1827473956,OB,OB,No-pair,fx wire,Caceis booked the fx wire for SD 03-15-2021. Integrata yet to book,1827473956,1827473956,4551456423,-590882299,2021-07-29
15448,,58_4551018409_CACEIS,1492757261,OB,OB,No-pair,fees,Caceis booked the fees for SD 09-10-2020. Integrata yet to book,1492757261,1492757261,4551456423,-590882299,2021-07-29
15449,,485_4551109218_CACEIS,1613287068,OB,OB,No-pair,fx wire,Caceis booked the fx wire for SD 11-16-2020. Integrata yet to book,1613287068,1613287068,4551456423,-590882299,2021-07-29
15450,,56_4551018409_CACEIS,1492757254,OB,OB,No-pair,fees,Caceis booked the fees for SD 09-10-2020. Integrata yet to book,1492757254,1492757254,4551456423,-590882299,2021-07-29
15451,,47_4551018409_CACEIS,1492757231,OB,OB,No-pair,fees,Caceis booked the fees for SD 09-10-2020. Integrata yet to book,1492757231,1492757231,4551456423,-590882299,2021-07-29
15452,,134_4551232906_CACEIS,1780156431,OB,OB,No-pair,fx wire,Caceis booked the fx wire for SD 02-16-2021. Integrata yet to book,1780156431,1780156431,4551456423,-590882299,2021-07-29
15453,,740_455862625_CACEIS,1287004586,OB,OB,No-pair,fx wire,Caceis booked the fx wire for SD 05-15-2020. Integrata yet to book,1287004586,1287004586,4551456423,-590882299,2021-07-29
15454,,91_4551232906_CACEIS,1780156520,OB,OB,No-pair,fx wire,Caceis booked the fx wire for SD 02-16-2021. Integrata yet to book,1780156520,1780156520,4551456423,-590882299,2021-07-29
15455,,11_4551203153_CACEIS,1737813335,OB,OB,No-pair,wire transfer,Caceis booked the wire transfer for SD 01-22-2021. Integrata yet to book,1737813335,1737813335,4551456423,-590882299,2021-07-29
15456,,4_455881630_CACEIS,1312494345,OB,OB,No-pair,wire transfer,Caceis booked the wire transfer for SD 06-01-2020. Integrata yet to book,1312494345,1312494345,4551456423,-590882299,2021-07-29
15457,,723_455862625_CACEIS,1287004347,OB,OB,No-pair,fx wire,Caceis booked the fx wire for SD 05-15-2020. Integrata yet to book,1287004347,1287004347,4551456423,-590882299,2021-07-29
15458,,2_455971354_CACEIS,1432288828,OB,OB,No-pair,wire transfer,Caceis booked the wire transfer for SD 08-06-2020. Integrata yet to book,1432288828,1432288828,4551456423,-590882299,2021-07-29
15459,,497_455822501_CACEIS,1235308088,OB,OB,No-pair,fx wire,Caceis booked the fx wire for SD 04-15-2020. Integrata yet to book,1235308088,1235308088,4551456423,-590882299,2021-07-29
15460,,85_455822501_CACEIS,1235307924,OB,OB,No-pair,fx wire,Caceis booked the fx wire for SD 04-15-2020. Integrata yet to book,1235307924,1235307924,4551456423,-590882299,2021-07-29
15461,,53_4551171343_CACEIS,1696929223,OB,OB,No-pair,monthend interest,Caceis booked the monthend interest for SD 01-01-2021. Integrata yet to book,1696929223,1696929223,4551456423,-590882299,2021-07-29
15462,,123_4551232906_CACEIS,1780156434,OB,OB,No-pair,fx wire,Caceis booked the fx wire for SD 02-16-2021. Integrata yet to book,1780156434,1780156434,4551456423,-590882299,2021-07-29
15463,,49_4551018409_CACEIS,1492757239,OB,OB,No-pair,fees,Caceis booked the fees for SD 09-10-2020. Integrata yet to book,1492757239,1492757239,4551456423,-590882299,2021-07-29
15464,,704_455862625_CACEIS,1287004676,OB,OB,No-pair,fx wire,Caceis booked the fx wire for SD 05-15-2020. Integrata yet to book,1287004676,1287004676,4551456423,-590882299,2021-07-29
15465,,7_4551328228_CACEIS,1902869976,OB,OB,No-pair,wire transfer,Caceis booked the wire transfer for SD 04-27-2021. Integrata yet to book,1902869976,1902869976,4551456423,-590882299,2021-07-29
15466,,727_455822501_CACEIS,1235308641,OB,OB,No-pair,fx wire,Caceis booked the fx wire for SD 04-15-2020. Integrata yet to book,1235308641,1235308641,4551456423,-590882299,2021-07-29
15467,,121_4551239617_CACEIS,1789074723,OB,OB,No-pair,fx wire,Caceis booked the fx wire for SD 02-19-2021. Integrata yet to book,1789074723,1789074723,4551456423,-590882299,2021-07-29
15468,,55_455985296_CACEIS,1449581773,OB,OB,No-pair,fx wire,Caceis booked the fx wire for SD 08-17-2020. Integrata yet to book,1449581773,1449581773,4551456423,-590882299,2021-07-29
15469,,25_4551029716_CACEIS,1508201958,OB,OB,No-pair,fx wire,Caceis booked the fx wire for SD 09-18-2020. Integrata yet to book,1508201958,1508201958,4551456423,-590882299,2021-07-29
15470,,97_306589_CACEIS,433998245,OB,OB,No-pair,fx wire,Caceis booked the fx wire for SD 02-15-2019. Integrata yet to book,433998245,433998245,4551456423,-590882299,2021-07-29
15471,,102_455835232_CACEIS,1251293827,OB,OB,No-pair,wire transfer,Caceis booked the wire transfer for SD 04-24-2020. Integrata yet to book,1251293827,1251293827,4551456423,-590882299,2021-07-29
15472,,64_4551210754_CACEIS,1748958294,OB,OB,No-pair,monthend interest,Caceis booked the monthend interest for SD 02-01-2021. Integrata yet to book,1748958294,1748958294,4551456423,-590882299,2021-07-29
15473,,66_4551018409_CACEIS,1492757141,OB,OB,No-pair,fees,Caceis booked the fees for SD 09-10-2020. Integrata yet to book,1492757141,1492757141,4551456423,-590882299,2021-07-29
15474,,100_4551018409_CACEIS,1492757146,OB,OB,No-pair,fees,Caceis booked the fees for SD 09-10-2020. Integrata yet to book,1492757146,1492757146,4551456423,-590882299,2021-07-29
15475,,35_267975_CACEIS,368747303,OB,OB,No-pair,fx wire,Caceis booked the fx wire for SD 01-15-2019. Integrata yet to book,368747303,368747303,4551456423,-590882299,2021-07-29
15476,,824_455822501_CACEIS,1235308671,OB,OB,No-pair,fx wire,Caceis booked the fx wire for SD 04-15-2020. Integrata yet to book,1235308671,1235308671,4551456423,-590882299,2021-07-29
15477,,93_4551239617_CACEIS,1789074951,OB,OB,No-pair,fx wire,Caceis booked the fx wire for SD 02-19-2021. Integrata yet to book,1789074951,1789074951,4551456423,-590882299,2021-07-29
15478,,242_4551269721_CACEIS,1827474027,OB,OB,No-pair,fx wire,Caceis booked the fx wire for SD 03-15-2021. Integrata yet to book,1827474027,1827474027,4551456423,-590882299,2021-07-29
15479,,57_455835232_CACEIS,1251293768,OB,OB,No-pair,fx wire,Caceis booked the fx wire for SD 04-24-2020. Integrata yet to book,1251293768,1251293768,4551456423,-590882299,2021-07-29
15480,,136_455900053_CACEIS,1336713286,OB,OB,No-pair,fx wire,Caceis booked the fx wire for SD 06-15-2020. Integrata yet to book,1336713286,1336713286,4551456423,-590882299,2021-07-29
15481,,4_455662172_CACEIS,1008560372,OB,OB,No-pair,fees,Caceis booked the fees for SD 12-09-2019. Integrata yet to book,1008560372,1008560372,4551456423,-590882299,2021-07-29
15482,,261_4551210754_CACEIS,1748958293,OB,OB,No-pair,monthend interest,Caceis booked the monthend interest for SD 02-01-2021. Integrata yet to book,1748958293,1748958293,4551456423,-590882299,2021-07-29
15483,,10_4551125930_CACEIS,1635426505,OB,OB,No-pair,fx wire,Caceis booked the fx wire for SD 11-27-2020. Integrata yet to book,1635426505,1635426505,4551456423,-590882299,2021-07-29
15484,,82_306589_CACEIS,433998255,OB,OB,No-pair,fx wire,Caceis booked the fx wire for SD 02-15-2019. Integrata yet to book,433998255,433998255,4551456423,-590882299,2021-07-29
15485,,60_455404958_CACEIS,585162364,OB,OB,No-pair,fx wire,Caceis booked the fx wire for SD 05-15-2019. Integrata yet to book,585162364,585162364,4551456423,-590882299,2021-07-29
15486,,59_4551018409_CACEIS,1492757267,OB,OB,No-pair,fees,Caceis booked the fees for SD 09-10-2020. Integrata yet to book,1492757267,1492757267,4551456423,-590882299,2021-07-29
15487,,362_455590588_CACEIS,883858550,OB,OB,No-pair,fx wire,Caceis booked the fx wire for SD 10-15-2019. Integrata yet to book,883858550,883858550,4551456423,-590882299,2021-07-29
15488,,78_455879764_CACEIS,1309543802,OB,OB,No-pair,monthend interest,Caceis booked the monthend interest for SD 06-01-2020. Integrata yet to book,1309543802,1309543802,4551456423,-590882299,2021-07-29
15489,,50_4551313388_CACEIS,1883527734,OB,OB,No-pair,fx wire,Caceis booked the fx wire for SD 04-15-2021. Integrata yet to book,1883527734,1883527734,4551456423,-590882299,2021-07-29
15490,,2_455684258_CACEIS,1044723206,OB,OB,No-pair,wire transfer,Caceis booked the wire transfer for SD 12-20-2019. Integrata yet to book,1044723206,1044723206,4551456423,-590882299,2021-07-29
15491,,115_455649350_CACEIS,985331653,OB,OB,No-pair,monthend interest,Caceis booked the monthend interest for SD 12-01-2019. Integrata yet to book,985331653,985331653,4551456423,-590882299,2021-07-29
15492,,250_4551269721_CACEIS,1827474088,OB,OB,No-pair,fx wire,Caceis booked the fx wire for SD 03-15-2021. Integrata yet to book,1827474088,1827474088,4551456423,-590882299,2021-07-29
15493,,1_4551448516_CACEIS,2064090586,OB,OB,No-pair,fx wire,Caceis booked the fx wire for SD 07-23-2021. Integrata yet to book,2064090586,2064090586,4551456423,-590882299,2021-07-29
15494,,6_341093_CACEIS,490673980,OB,OB,No-pair,fx wire,Caceis booked the fx wire for SD 03-22-2019. Integrata yet to book,490673980,490673980,4551456423,-590882299,2021-07-29
15495,,183_455693832_CACEIS,1063035286,OB,OB,No-pair,fees,Caceis booked the fees for SD 01-06-2020. Integrata yet to book,1063035286,1063035286,4551456423,-590882299,2021-07-29
15496,,30_455577664_CACEIS,861360878,OB,OB,No-pair,fx wire,Caceis booked the fx wire for SD 10-04-2019. Integrata yet to book,861360878,861360878,4551456423,-590882299,2021-07-29
15497,,53_4551044906_CACEIS,1528403623,OB,OB,No-pair,monthend interest,Caceis booked the monthend interest for SD 10-01-2020. Integrata yet to book,1528403623,1528403623,4551456423,-590882299,2021-07-29
15498,,221_4551269721_CACEIS,1827473998,OB,OB,No-pair,fx wire,Caceis booked the fx wire for SD 03-15-2021. Integrata yet to book,1827473998,1827473998,4551456423,-590882299,2021-07-29
15499,,776_455862625_CACEIS,1287005055,OB,OB,No-pair,fx wire,Caceis booked the fx wire for SD 05-15-2020. Integrata yet to book,1287005055,1287005055,4551456423,-590882299,2021-07-29
15500,,6_455876125_CACEIS,1304457649,OB,OB,No-pair,wire transfer,Caceis booked the wire transfer for SD 05-27-2020. Integrata yet to book,1304457649,1304457649,4551456423,-590882299,2021-07-29
15501,,135_455693832_CACEIS,1063035309,OB,OB,No-pair,fees,Caceis booked the fees for SD 01-06-2020. Integrata yet to book,1063035309,1063035309,4551456423,-590882299,2021-07-29
15502,,50_455476582_CACEIS,691188430,OB,OB,No-pair,fx wire,Caceis booked the fx wire for SD 07-16-2019. Integrata yet to book,691188430,691188430,4551456423,-590882299,2021-07-29
15503,,84_455554115_CACEIS,824384964,OB,OB,No-pair,fx wire,Caceis booked the fx wire for SD 09-17-2019. Integrata yet to book,824384964,824384964,4551456423,-590882299,2021-07-29
15504,,61_4551299798_CACEIS,1866915153,OB,OB,No-pair,wire transfer,Caceis booked the wire transfer for SD 03-31-2021. Integrata yet to book,1866915153,1866915153,4551456423,-590882299,2021-07-29
15505,,115_455822501_CACEIS,1235307941,OB,OB,No-pair,fx wire,Caceis booked the fx wire for SD 04-15-2020. Integrata yet to book,1235307941,1235307941,4551456423,-590882299,2021-07-29
15506,,206_455706635_CACEIS,1081907377,OB,OB,No-pair,fx wire,Caceis booked the fx wire for SD 01-15-2020. Integrata yet to book,1081907377,1081907377,4551456423,-590882299,2021-07-29
15507,,182_455693832_CACEIS,1063035264,OB,OB,No-pair,fees,Caceis booked the fees for SD 01-06-2020. Integrata yet to book,1063035264,1063035264,4551456423,-590882299,2021-07-29
15508,,82_455404958_CACEIS,585162374,OB,OB,No-pair,fx wire,Caceis booked the fx wire for SD 05-15-2019. Integrata yet to book,585162374,585162374,4551456423,-590882299,2021-07-29
15509,,28_455583364_CACEIS,870636881,OB,OB,No-pair,wire transfer,Caceis booked the wire transfer for SD 10-09-2019. Integrata yet to book,870636881,870636881,4551456423,-590882299,2021-07-29
15510,,71_455554115_CACEIS,824384951,OB,OB,No-pair,fx wire,Caceis booked the fx wire for SD 09-17-2019. Integrata yet to book,824384951,824384951,4551456423,-590882299,2021-07-29
15511,,2_4551052926_CACEIS,1538800350,OB,OB,No-pair,proceeds sell,Caceis booked the proceeds sell for SD 10-06-2020. Integrata yet to book,1538800350,1538800350,4551456423,-590882299,2021-07-29
15512,,11_4551315208_CACEIS,1885912657,OB,OB,No-pair,wire transfer,Caceis booked the wire transfer for SD 04-16-2021. Integrata yet to book,1885912657,1885912657,4551456423,-590882299,2021-07-29
15513,,13_4551044906_CACEIS,1528403646,OB,OB,No-pair,monthend interest,Caceis booked the monthend interest for SD 10-01-2020. Integrata yet to book,1528403646,1528403646,4551456423,-590882299,2021-07-29
15514,,62_455940640_CACEIS,1391595968,OB,OB,No-pair,fx wire,Caceis booked the fx wire for SD 07-15-2020. Integrata yet to book,1391595968,1391595968,4551456423,-590882299,2021-07-29
15515,,63_4551299798_CACEIS,1866915140,OB,OB,No-pair,fx wire,Caceis booked the fx wire for SD 04-06-2021. Integrata yet to book,1866915140,1866915140,4551456423,-590882299,2021-07-29
15516,,97_455748445_CACEIS,1136275182,OB,OB,No-pair,fx wire,Caceis booked the fx wire for SD 02-18-2020. Integrata yet to book,1136275182,1136275182,4551456423,-590882299,2021-07-29
15517,,5_4551147939_CACEIS,1664874601,OB,OB,No-pair,wire transfer,Caceis booked the wire transfer for SD 12-11-2020. Integrata yet to book,1664874601,1664874601,4551456423,-590882299,2021-07-29
15518,,260_4551354754_CACEIS,1942399685,OB,OB,No-pair,fx wire,Caceis booked the fx wire for SD 05-17-2021. Integrata yet to book,1942399685,1942399685,4551456423,-590882299,2021-07-29
15519,,691_4551232906_CACEIS,1780157107,OB,OB,No-pair,fx wire,Caceis booked the fx wire for SD 02-16-2021. Integrata yet to book,1780157107,1780157107,4551456423,-590882299,2021-07-29
15520,,105_4551313388_CACEIS,1883527680,OB,OB,No-pair,fx wire,Caceis booked the fx wire for SD 04-15-2021. Integrata yet to book,1883527680,1883527680,4551456423,-590882299,2021-07-29
15521,,459_4551109218_CACEIS,1613287103,OB,OB,No-pair,fx wire,Caceis booked the fx wire for SD 11-16-2020. Integrata yet to book,1613287103,1613287103,4551456423,-590882299,2021-07-29
15522,,5_455934920_CACEIS,1383926646,OB,OB,No-pair,wire transfer,Caceis booked the wire transfer for SD 07-10-2020. Integrata yet to book,1383926646,1383926646,4551456423,-590882299,2021-07-29
15523,,193_4551269721_CACEIS,1827473891,OB,OB,No-pair,fx wire,Caceis booked the fx wire for SD 03-15-2021. Integrata yet to book,1827473891,1827473891,4551456423,-590882299,2021-07-29
15524,,780_455862625_CACEIS,1287005018,OB,OB,No-pair,fx wire,Caceis booked the fx wire for SD 05-15-2020. Integrata yet to book,1287005018,1287005018,4551456423,-590882299,2021-07-29
15525,,252_455783582_CACEIS,1185159469,OB,OB,No-pair,fx wire,Caceis booked the fx wire for SD 03-16-2020. Integrata yet to book,1185159469,1185159469,4551456423,-590882299,2021-07-29
15526,,461_4551191593_CACEIS,1722905512,OB,OB,No-pair,fx wire,Caceis booked the fx wire for SD 01-15-2021. Integrata yet to book,1722905512,1722905512,4551456423,-590882299,2021-07-29
15527,,100_4551191593_CACEIS,1722905161,OB,OB,No-pair,fx wire,Caceis booked the fx wire for SD 01-15-2021. Integrata yet to book,1722905161,1722905161,4551456423,-590882299,2021-07-29
15528,,43_4551334292_CACEIS,1911737176,OB,OB,No-pair,monthend interest,Caceis booked the monthend interest for SD 05-01-2021. Integrata yet to book,1911737176,1911737176,4551456423,-590882299,2021-07-29
15529,,77_455442954_CACEIS,637183843,OB,OB,No-pair,fx wire,Caceis booked the fx wire for SD 06-17-2019. Integrata yet to book,637183843,637183843,4551456423,-590882299,2021-07-29
15530,,41_306589_CACEIS,433998176,OB,OB,No-pair,fx wire,Caceis booked the fx wire for SD 02-15-2019. Integrata yet to book,433998176,433998176,4551456423,-590882299,2021-07-29
15531,,13_455934920_CACEIS,1383926701,OB,OB,No-pair,wire transfer,Caceis booked the wire transfer for SD 07-10-2020. Integrata yet to book,1383926701,1383926701,4551456423,-590882299,2021-07-29
15532,,19_455934920_CACEIS,1383926734,OB,OB,No-pair,wire transfer,Caceis booked the wire transfer for SD 07-10-2020. Integrata yet to book,1383926734,1383926734,4551456423,-590882299,2021-07-29
15533,,9_455398426_CACEIS,576029816,OB,OB,No-pair,fees,Caceis booked the fees for SD 05-08-2019. Integrata yet to book,576029816,576029816,4551456423,-590882299,2021-07-29
15534,,66_455554115_CACEIS,824384878,OB,OB,No-pair,fx wire,Caceis booked the fx wire for SD 09-17-2019. Integrata yet to book,824384878,824384878,4551456423,-590882299,2021-07-29
15535,,44_455940640_CACEIS,1391596036,OB,OB,No-pair,fx wire,Caceis booked the fx wire for SD 07-15-2020. Integrata yet to book,1391596036,1391596036,4551456423,-590882299,2021-07-29
15536,,456_455862625_CACEIS,1287003656,OB,OB,No-pair,fx wire,Caceis booked the fx wire for SD 05-15-2020. Integrata yet to book,1287003656,1287003656,4551456423,-590882299,2021-07-29
15537,,71_4551023983_CACEIS,1500213930,OB,OB,No-pair,fx wire,Caceis booked the fx wire for SD 09-15-2020. Integrata yet to book,1500213930,1500213930,4551456423,-590882299,2021-07-29
15538,,30_455934920_CACEIS,1383926813,OB,OB,No-pair,wire transfer,Caceis booked the wire transfer for SD 07-10-2020. Integrata yet to book,1383926813,1383926813,4551456423,-590882299,2021-07-29
15539,,144_4551149959_CACEIS,1667622967,OB,OB,No-pair,fx wire,Caceis booked the fx wire for SD 12-15-2020. Integrata yet to book,1667622967,1667622967,4551456423,-590882299,2021-07-29
15540,,510_455862625_CACEIS,1287003823,OB,OB,No-pair,fx wire,Caceis booked the fx wire for SD 05-15-2020. Integrata yet to book,1287003823,1287003823,4551456423,-590882299,2021-07-29
15541,,762_455822501_CACEIS,1235308657,OB,OB,No-pair,fx wire,Caceis booked the fx wire for SD 04-15-2020. Integrata yet to book,1235308657,1235308657,4551456423,-590882299,2021-07-29
15542,,20_267975_CACEIS,368747223,OB,OB,No-pair,fx wire,Caceis booked the fx wire for SD 01-15-2019. Integrata yet to book,368747223,368747223,4551456423,-590882299,2021-07-29
15543,,462_455822501_CACEIS,1235308451,OB,OB,No-pair,fx wire,Caceis booked the fx wire for SD 04-15-2020. Integrata yet to book,1235308451,1235308451,4551456423,-590882299,2021-07-29
15544,,12_455934920_CACEIS,1383926687,OB,OB,No-pair,wire transfer,Caceis booked the wire transfer for SD 07-10-2020. Integrata yet to book,1383926687,1383926687,4551456423,-590882299,2021-07-29
15545,,967_455822501_CACEIS,1235308124,OB,OB,No-pair,fx wire,Caceis booked the fx wire for SD 04-15-2020. Integrata yet to book,1235308124,1235308124,4551456423,-590882299,2021-07-29
15546,,33_4551334292_CACEIS,1911737231,OB,OB,No-pair,monthend interest,Caceis booked the monthend interest for SD 05-01-2021. Integrata yet to book,1911737231,1911737231,4551456423,-590882299,2021-07-29
15547,,418_4551232906_CACEIS,1780156714,OB,OB,No-pair,fx wire,Caceis booked the fx wire for SD 02-16-2021. Integrata yet to book,1780156714,1780156714,4551456423,-590882299,2021-07-29
15548,,12_455726980_CACEIS,1107942684,OB,OB,No-pair,wire transfer,Caceis booked the wire transfer for SD 01-31-2020. Integrata yet to book,1107942684,1107942684,4551456423,-590882299,2021-07-29
15549,,2_4551242873_CACEIS,1793109145,OB,OB,No-pair,proceeds sell,Caceis booked the proceeds sell for SD 02-23-2021. Integrata yet to book,1793109145,1793109145,4551456423,-590882299,2021-07-29
15550,,124_4551232906_CACEIS,1780156445,OB,OB,No-pair,fx wire,Caceis booked the fx wire for SD 02-16-2021. Integrata yet to book,1780156445,1780156445,4551456423,-590882299,2021-07-29
15551,,360_4551066313_CACEIS,1556876568,OB,OB,No-pair,fx wire,Caceis booked the fx wire for SD 10-15-2020. Integrata yet to book,1556876568,1556876568,4551456423,-590882299,2021-07-29
15552,,226_4551269721_CACEIS,1827473902,OB,OB,No-pair,fx wire,Caceis booked the fx wire for SD 03-15-2021. Integrata yet to book,1827473902,1827473902,4551456423,-590882299,2021-07-29
15553,,19_4551235027_CACEIS,1782782885,OB,OB,No-pair,wire transfer,Caceis booked the wire transfer for SD 02-09-2021. Integrata yet to book,1782782885,1782782885,4551456423,-590882299,2021-07-29
15554,,358_4551066313_CACEIS,1556876490,OB,OB,No-pair,fx wire,Caceis booked the fx wire for SD 10-15-2020. Integrata yet to book,1556876490,1556876490,4551456423,-590882299,2021-07-29
15555,,183_455762980_CACEIS,1156897771,OB,OB,No-pair,monthend interest,Caceis booked the monthend interest for SD 03-01-2020. Integrata yet to book,1156897771,1156897771,4551456423,-590882299,2021-07-29
15556,,18_455934920_CACEIS,1383926722,OB,OB,No-pair,wire transfer,Caceis booked the wire transfer for SD 07-10-2020. Integrata yet to book,1383926722,1383926722,4551456423,-590882299,2021-07-29
15557,,326_455706635_CACEIS,1081907757,OB,OB,No-pair,fx wire,Caceis booked the fx wire for SD 01-15-2020. Integrata yet to book,1081907757,1081907757,4551456423,-590882299,2021-07-29
15558,,29_4551228190_CACEIS,1773079526,OB,OB,No-pair,wire transfer,Caceis booked the wire transfer for SD 02-10-2021. Integrata yet to book,1773079526,1773079526,4551456423,-590882299,2021-07-29
15559,,22_455934920_CACEIS,1383926752,OB,OB,No-pair,wire transfer,Caceis booked the wire transfer for SD 07-10-2020. Integrata yet to book,1383926752,1383926752,4551456423,-590882299,2021-07-29
15560,,53_455944496_CACEIS,1396484618,OB,OB,No-pair,fx wire,Caceis booked the fx wire for SD 07-17-2020. Integrata yet to book,1396484618,1396484618,4551456423,-590882299,2021-07-29
15561,,4_455768650_CACEIS,1164892829,OB,OB,No-pair,wire transfer,Caceis booked the wire transfer for SD 03-04-2020. Integrata yet to book,1164892829,1164892829,4551456423,-590882299,2021-07-29
15562,,175_4551232906_CACEIS,1780156457,OB,OB,No-pair,fx wire,Caceis booked the fx wire for SD 02-16-2021. Integrata yet to book,1780156457,1780156457,4551456423,-590882299,2021-07-29
15563,,9_455934920_CACEIS,1383926664,OB,OB,No-pair,wire transfer,Caceis booked the wire transfer for SD 07-10-2020. Integrata yet to book,1383926664,1383926664,4551456423,-590882299,2021-07-29
15564,,63_455803095_CACEIS,1210223480,OB,OB,No-pair,monthend interest,Caceis booked the monthend interest for SD 04-01-2020. Integrata yet to book,1210223480,1210223480,4551456423,-590882299,2021-07-29
15565,,10_455726980_CACEIS,1107942664,OB,OB,No-pair,wire transfer,Caceis booked the wire transfer for SD 01-31-2020. Integrata yet to book,1107942664,1107942664,4551456423,-590882299,2021-07-29
15566,,9_455726980_CACEIS,1107942656,OB,OB,No-pair,wire transfer,Caceis booked the wire transfer for SD 01-31-2020. Integrata yet to book,1107942656,1107942656,4551456423,-590882299,2021-07-29
15567,,5_455973142_CACEIS,1434650024,OB,OB,No-pair,fx wire,Caceis booked the fx wire for SD 08-07-2020. Integrata yet to book,1434650024,1434650024,4551456423,-590882299,2021-07-29
15568,,17_4551235027_CACEIS,1782782883,OB,OB,No-pair,wire transfer,Caceis booked the wire transfer for SD 02-09-2021. Integrata yet to book,1782782883,1782782883,4551456423,-590882299,2021-07-29
15569,,11_455934920_CACEIS,1383926671,OB,OB,No-pair,wire transfer,Caceis booked the wire transfer for SD 07-10-2020. Integrata yet to book,1383926671,1383926671,4551456423,-590882299,2021-07-29
15570,,317_455706635_CACEIS,1081907756,OB,OB,No-pair,fx wire,Caceis booked the fx wire for SD 01-15-2020. Integrata yet to book,1081907756,1081907756,4551456423,-590882299,2021-07-29
15571,,5_4551254304_CACEIS,1807385709,OB,OB,No-pair,wire transfer,Caceis booked the wire transfer for SD 03-02-2021. Integrata yet to book,1807385709,1807385709,4551456423,-590882299,2021-07-29
15572,,19_4551020261_CACEIS,1495478230,OB,OB,No-pair,fx wire,Caceis booked the fx wire for SD 09-11-2020. Integrata yet to book,1495478230,1495478230,4551456423,-590882299,2021-07-29
15573,,396_4551066313_CACEIS,1556876651,OB,OB,No-pair,fx wire,Caceis booked the fx wire for SD 10-15-2020. Integrata yet to book,1556876651,1556876651,4551456423,-590882299,2021-07-29
15574,,25_455934920_CACEIS,1383926762,OB,OB,No-pair,wire transfer,Caceis booked the wire transfer for SD 07-10-2020. Integrata yet to book,1383926762,1383926762,4551456423,-590882299,2021-07-29
15575,,153_455900053_CACEIS,1336713383,OB,OB,No-pair,fx wire,Caceis booked the fx wire for SD 06-15-2020. Integrata yet to book,1336713383,1336713383,4551456423,-590882299,2021-07-29
15576,,10_455720098_CACEIS,1098919161,OB,OB,No-pair,wire transfer,Caceis booked the wire transfer for SD 01-27-2020. Integrata yet to book,1098919161,1098919161,4551456423,-590882299,2021-07-29
15577,,19_455592347_CACEIS,886651873,OB,OB,No-pair,wire transfer,Caceis booked the wire transfer for SD 10-16-2019. Integrata yet to book,886651873,886651873,4551456423,-590882299,2021-07-29
15578,,781_455862625_CACEIS,1287005150,OB,OB,No-pair,fx wire,Caceis booked the fx wire for SD 05-15-2020. Integrata yet to book,1287005150,1287005150,4551456423,-590882299,2021-07-29
15579,,9_4551400940_CACEIS,2004694242,OB,OB,No-pair,fx wire,Caceis booked the fx wire for SD 06-18-2021. Integrata yet to book,2004694242,2004694242,4551456423,-590882299,2021-07-29
15580,,13_455799620_CACEIS,1205700400,OB,OB,No-pair,wire transfer,Caceis booked the wire transfer for SD 03-27-2020. Integrata yet to book,1205700400,1205700400,4551456423,-590882299,2021-07-29
15581,,801_455822501_CACEIS,1235308842,OB,OB,No-pair,fx wire,Caceis booked the fx wire for SD 04-15-2020. Integrata yet to book,1235308842,1235308842,4551456423,-590882299,2021-07-29
15582,,55_455944496_CACEIS,1396484623,OB,OB,No-pair,fx wire,Caceis booked the fx wire for SD 07-17-2020. Integrata yet to book,1396484623,1396484623,4551456423,-590882299,2021-07-29
15583,,76_368123_CACEIS,532374105,OB,OB,No-pair,fx wire,Caceis booked the fx wire for SD 04-15-2019. Integrata yet to book,532374105,532374105,4551456423,-590882299,2021-07-29
15584,,76_4551149959_CACEIS,1667622984,OB,OB,No-pair,fx wire,Caceis booked the fx wire for SD 12-15-2020. Integrata yet to book,1667622984,1667622984,4551456423,-590882299,2021-07-29
15585,,60_4551299798_CACEIS,1866915144,OB,OB,No-pair,fx wire,Caceis booked the fx wire for SD 04-06-2021. Integrata yet to book,1866915144,1866915144,4551456423,-590882299,2021-07-29
15586,,16_4551224321_CACEIS,1767692356,OB,OB,No-pair,wire transfer,Caceis booked the wire transfer for SD 02-09-2021. Integrata yet to book,1767692356,1767692356,4551456423,-590882299,2021-07-29
15587,,10_455667500_CACEIS,1017540715,OB,OB,No-pair,wire transfer,Caceis booked the wire transfer for SD 12-13-2019. Integrata yet to book,1017540715,1017540715,4551456423,-590882299,2021-07-29
15588,,827_455822501_CACEIS,1235308714,OB,OB,No-pair,fx wire,Caceis booked the fx wire for SD 04-15-2020. Integrata yet to book,1235308714,1235308714,4551456423,-590882299,2021-07-29
15589,,26_455934920_CACEIS,1383926772,OB,OB,No-pair,wire transfer,Caceis booked the wire transfer for SD 07-10-2020. Integrata yet to book,1383926772,1383926772,4551456423,-590882299,2021-07-29
15590,,24_455879764_CACEIS,1309543708,OB,OB,No-pair,monthend interest,Caceis booked the monthend interest for SD 06-01-2020. Integrata yet to book,1309543708,1309543708,4551456423,-590882299,2021-07-29
15591,,13_455424626_CACEIS,610989061,OB,OB,No-pair,monthend interest,Caceis booked the monthend interest for SD 06-01-2019. Integrata yet to book,610989061,610989061,4551456423,-590882299,2021-07-29
15592,,6_455398426_CACEIS,576029814,OB,OB,No-pair,fees,Caceis booked the fees for SD 05-08-2019. Integrata yet to book,576029814,576029814,4551456423,-590882299,2021-07-29
15593,,11_455726980_CACEIS,1107942678,OB,OB,No-pair,wire transfer,Caceis booked the wire transfer for SD 01-31-2020. Integrata yet to book,1107942678,1107942678,4551456423,-590882299,2021-07-29
15594,,48_4551206835_CACEIS,1743521224,OB,OB,No-pair,proceeds sell,Caceis booked the proceeds sell for SD 01-27-2021. Integrata yet to book,1743521224,1743521224,4551456423,-590882299,2021-07-29
15595,,21_455934920_CACEIS,1383926742,OB,OB,No-pair,wire transfer,Caceis booked the wire transfer for SD 07-10-2020. Integrata yet to book,1383926742,1383926742,4551456423,-590882299,2021-07-29
15596,,41_455442954_CACEIS,637183896,OB,OB,No-pair,fx wire,Caceis booked the fx wire for SD 06-17-2019. Integrata yet to book,637183896,637183896,4551456423,-590882299,2021-07-29
15597,,66_4551354754_CACEIS,1942399458,OB,OB,No-pair,fx wire,Caceis booked the fx wire for SD 05-17-2021. Integrata yet to book,1942399458,1942399458,4551456423,-590882299,2021-07-29
15598,,17_4551058652_CACEIS,1546340339,OB,OB,No-pair,fees,Caceis booked the fees for SD 10-08-2020. Integrata yet to book,1546340339,1546340339,4551456423,-590882299,2021-07-29
15599,,29_455934920_CACEIS,1383926799,OB,OB,No-pair,wire transfer,Caceis booked the wire transfer for SD 07-10-2020. Integrata yet to book,1383926799,1383926799,4551456423,-590882299,2021-07-29
15600,,72_455476582_CACEIS,691188521,OB,OB,No-pair,fx wire,Caceis booked the fx wire for SD 07-16-2019. Integrata yet to book,691188521,691188521,4551456423,-590882299,2021-07-29
15601,,91_4551109218_CACEIS,1613286702,OB,OB,No-pair,fx wire,Caceis booked the fx wire for SD 11-16-2020. Integrata yet to book,1613286702,1613286702,4551456423,-590882299,2021-07-29
15602,,537_455783582_CACEIS,1185159764,OB,OB,No-pair,fx wire,Caceis booked the fx wire for SD 03-16-2020. Integrata yet to book,1185159764,1185159764,4551456423,-590882299,2021-07-29
15603,,8_4551419402_CACEIS,2029730708,OB,OB,No-pair,fx wire,Caceis booked the fx wire for SD 07-02-2021. Integrata yet to book,2029730708,2029730708,4551456423,-590882299,2021-07-29
15604,,261_4551436806_CACEIS,2049886038,OB,OB,No-pair,fx wire,Caceis booked the fx wire for SD 07-15-2021. Integrata yet to book,2049886038,2049886038,4551456423,-590882299,2021-07-29
15605,,8_455726980_CACEIS,1107942648,OB,OB,No-pair,wire transfer,Caceis booked the wire transfer for SD 01-31-2020. Integrata yet to book,1107942648,1107942648,4551456423,-590882299,2021-07-29
15606,,746_455862625_CACEIS,1287005175,OB,OB,No-pair,fx wire,Caceis booked the fx wire for SD 05-15-2020. Integrata yet to book,1287005175,1287005175,4551456423,-590882299,2021-07-29
15607,,11_455871083_CACEIS,1298154319,OB,OB,No-pair,wire transfer,Caceis booked the wire transfer for SD 05-22-2020. Integrata yet to book,1298154319,1298154319,4551456423,-590882299,2021-07-29
15608,,7_455605017_CACEIS,907407236,OB,OB,No-pair,fx wire,Caceis booked the fx wire for SD 10-25-2019. Integrata yet to book,907407236,907407236,4551456423,-590882299,2021-07-29
15609,,6_455649350_CACEIS,985331682,OB,OB,No-pair,fx wire,Caceis booked the fx wire for SD 11-29-2019. Integrata yet to book,985331682,985331682,4551456423,-590882299,2021-07-29
15610,,63_4551354754_CACEIS,1942399451,OB,OB,No-pair,fx wire,Caceis booked the fx wire for SD 05-17-2021. Integrata yet to book,1942399451,1942399451,4551456423,-590882299,2021-07-29
15611,,22_455726980_CACEIS,1107942688,OB,OB,No-pair,wire transfer,Caceis booked the wire transfer for SD 01-31-2020. Integrata yet to book,1107942688,1107942688,4551456423,-590882299,2021-07-29
15612,,425_4551191593_CACEIS,1722905497,OB,OB,No-pair,fx wire,Caceis booked the fx wire for SD 01-15-2021. Integrata yet to book,1722905497,1722905497,4551456423,-590882299,2021-07-29
15613,,657_4551232906_CACEIS,1780157032,OB,OB,No-pair,fx wire,Caceis booked the fx wire for SD 02-16-2021. Integrata yet to book,1780157032,1780157032,4551456423,-590882299,2021-07-29
15614,,8_455804770_CACEIS,1212351484,OB,OB,No-pair,wire transfer,Caceis booked the wire transfer for SD 04-01-2020. Integrata yet to book,1212351484,1212351484,4551456423,-590882299,2021-07-29
15615,,407_455748445_CACEIS,1136275351,OB,OB,No-pair,fx wire,Caceis booked the fx wire for SD 02-18-2020. Integrata yet to book,1136275351,1136275351,4551456423,-590882299,2021-07-29
15616,,34_4551171343_CACEIS,1696929216,OB,OB,No-pair,monthend interest,Caceis booked the monthend interest for SD 01-01-2021. Integrata yet to book,1696929216,1696929216,4551456423,-590882299,2021-07-29
15617,,17_455934920_CACEIS,1383926714,OB,OB,No-pair,wire transfer,Caceis booked the wire transfer for SD 07-10-2020. Integrata yet to book,1383926714,1383926714,4551456423,-590882299,2021-07-29
15618,,172_455669415_CACEIS,1020661904,OB,OB,No-pair,fx wire,Caceis booked the fx wire for SD 12-16-2019. Integrata yet to book,1020661904,1020661904,4551456423,-590882299,2021-07-29
15619,,16_455671061_CACEIS,1023554983,OB,OB,No-pair,proceeds sell,Caceis booked the proceeds sell for SD 12-17-2019. Integrata yet to book,1023554983,1023554983,4551456423,-590882299,2021-07-29
15620,,27_455982783_CACEIS,1446489020,OB,OB,No-pair,fx wire,Caceis booked the fx wire for SD 08-14-2020. Integrata yet to book,1446489020,1446489020,4551456423,-590882299,2021-07-29
15621,,550_455783582_CACEIS,1185159696,OB,OB,No-pair,fx wire,Caceis booked the fx wire for SD 03-16-2020. Integrata yet to book,1185159696,1185159696,4551456423,-590882299,2021-07-29
15622,,425_455783582_CACEIS,1185159573,OB,OB,No-pair,fx wire,Caceis booked the fx wire for SD 03-16-2020. Integrata yet to book,1185159573,1185159573,4551456423,-590882299,2021-07-29
15623,,146_4551149959_CACEIS,1667622980,OB,OB,No-pair,fx wire,Caceis booked the fx wire for SD 12-15-2020. Integrata yet to book,1667622980,1667622980,4551456423,-590882299,2021-07-29
15624,,11_455909302_CACEIS,1349421689,OB,OB,No-pair,wire transfer,Caceis booked the subscription for SD 06-22-2020. Integrata yet to book,1349421689,1349421689,4551456423,-590882299,2021-07-29
15625,,496_4551066313_CACEIS,1556876579,OB,OB,No-pair,fx wire,Caceis booked the fx wire for SD 10-15-2020. Integrata yet to book,1556876579,1556876579,4551456423,-590882299,2021-07-29
15626,,334_4551023983_CACEIS,1500214163,OB,OB,No-pair,fx wire,Caceis booked the fx wire for SD 09-15-2020. Integrata yet to book,1500214163,1500214163,4551456423,-590882299,2021-07-29
15627,,73_4551023983_CACEIS,1500213909,OB,OB,No-pair,fx wire,Caceis booked the fx wire for SD 09-15-2020. Integrata yet to book,1500213909,1500213909,4551456423,-590882299,2021-07-29
15628,,33_4551299798_CACEIS,1866915121,OB,OB,No-pair,fees,Caceis booked the fees for SD 04-01-2021. Integrata yet to book,1866915121,1866915121,4551456423,-590882299,2021-07-29
15629,,924_455822501_CACEIS,1235308111,OB,OB,No-pair,fx wire,Caceis booked the fx wire for SD 04-15-2020. Integrata yet to book,1235308111,1235308111,4551456423,-590882299,2021-07-29
15630,,58_4551334292_CACEIS,1911737196,OB,OB,No-pair,monthend interest,Caceis booked the monthend interest for SD 05-01-2021. Integrata yet to book,1911737196,1911737196,4551456423,-590882299,2021-07-29
15631,,313_4551191593_CACEIS,1722905347,OB,OB,No-pair,fx wire,Caceis booked the fx wire for SD 01-15-2021. Integrata yet to book,1722905347,1722905347,4551456423,-590882299,2021-07-29
15632,,160_455862625_CACEIS,1287003481,OB,OB,No-pair,fees,Caceis booked the fees for SD 05-13-2020. Integrata yet to book,1287003481,1287003481,4551456423,-590882299,2021-07-29
15633,,72_4551149959_CACEIS,1667622878,OB,OB,No-pair,fx wire,Caceis booked the fx wire for SD 12-15-2020. Integrata yet to book,1667622878,1667622878,4551456423,-590882299,2021-07-29
15634,,65_306589_CACEIS,433998213,OB,OB,No-pair,fx wire,Caceis booked the fx wire for SD 02-15-2019. Integrata yet to book,433998213,433998213,4551456423,-590882299,2021-07-29
15635,,47_455900053_CACEIS,1336713310,OB,OB,No-pair,fx wire,Caceis booked the fx wire for SD 06-15-2020. Integrata yet to book,1336713310,1336713310,4551456423,-590882299,2021-07-29
15636,,76_4551264332_CACEIS,1819946076,OB,OB,No-pair,wire transfer,Caceis booked the wire transfer for SD 03-09-2021. Integrata yet to book,1819946076,1819946076,4551456423,-590882299,2021-07-29
15637,,51_455783582_CACEIS,1185159244,OB,OB,No-pair,fx wire,Caceis booked the fx wire for SD 03-16-2020. Integrata yet to book,1185159244,1185159244,4551456423,-590882299,2021-07-29
15638,,48_4551258322_CACEIS,1812652681,OB,OB,No-pair,wire transfer,Caceis booked the wire transfer for SD 03-05-2021. Integrata yet to book,1812652681,1812652681,4551456423,-590882299,2021-07-29
15639,,215_4551023983_CACEIS,1500214014,OB,OB,No-pair,fx wire,Caceis booked the fx wire for SD 09-15-2020. Integrata yet to book,1500214014,1500214014,4551456423,-590882299,2021-07-29
15640,,99_4551248485_CACEIS,1800039569,OB,OB,No-pair,wire transfer,Caceis booked the wire transfer for SD 02-26-2021. Integrata yet to book,1800039569,1800039569,4551456423,-590882299,2021-07-29
15641,,929_455822501_CACEIS,1235308184,OB,OB,No-pair,fx wire,Caceis booked the fx wire for SD 04-15-2020. Integrata yet to book,1235308184,1235308184,4551456423,-590882299,2021-07-29
15642,,77_4551264332_CACEIS,1819946082,OB,OB,No-pair,wire transfer,Caceis booked the wire transfer for SD 03-09-2021. Integrata yet to book,1819946082,1819946082,4551456423,-590882299,2021-07-29
15643,,156_455862625_CACEIS,1287003045,OB,OB,No-pair,fees,Caceis booked the fees for SD 05-13-2020. Integrata yet to book,1287003045,1287003045,4551456423,-590882299,2021-07-29
15644,,426_455783582_CACEIS,1185159585,OB,OB,No-pair,fx wire,Caceis booked the fx wire for SD 03-16-2020. Integrata yet to book,1185159585,1185159585,4551456423,-590882299,2021-07-29
15645,,201_4551023983_CACEIS,1500213935,OB,OB,No-pair,fx wire,Caceis booked the fx wire for SD 09-15-2020. Integrata yet to book,1500213935,1500213935,4551456423,-590882299,2021-07-29
15646,,520_455783582_CACEIS,1185159596,OB,OB,No-pair,fx wire,Caceis booked the fx wire for SD 03-16-2020. Integrata yet to book,1185159596,1185159596,4551456423,-590882299,2021-07-29
15647,,50_455985296_CACEIS,1449581719,OB,OB,No-pair,fx wire,Caceis booked the fx wire for SD 08-17-2020. Integrata yet to book,1449581719,1449581719,4551456423,-590882299,2021-07-29
15648,,64_4551023983_CACEIS,1500213821,OB,OB,No-pair,fx wire,Caceis booked the fx wire for SD 09-15-2020. Integrata yet to book,1500213821,1500213821,4551456423,-590882299,2021-07-29
15649,,9_455844329_CACEIS,1263214821,OB,OB,No-pair,wire transfer,Caceis booked the wire transfer for SD 05-01-2020. Integrata yet to book,1263214821,1263214821,4551456423,-590882299,2021-07-29
15650,,16_4551058652_CACEIS,1546340335,OB,OB,No-pair,fees,Caceis booked the fees for SD 10-08-2020. Integrata yet to book,1546340335,1546340335,4551456423,-590882299,2021-07-29
15651,,13_455982783_CACEIS,1446488986,OB,OB,No-pair,wire transfer,Caceis booked the wire transfer for SD 06-16-2020. Integrata yet to book,1446488986,1446488986,4551456423,-590882299,2021-07-29
15652,,181_4551269721_CACEIS,1827473855,OB,OB,No-pair,fx wire,Caceis booked the fx wire for SD 03-15-2021. Integrata yet to book,1827473855,1827473855,4551456423,-590882299,2021-07-29
15653,,101_4551149959_CACEIS,1667622857,OB,OB,No-pair,fx wire,Caceis booked the fx wire for SD 12-15-2020. Integrata yet to book,1667622857,1667622857,4551456423,-590882299,2021-07-29
15654,,6_455605017_CACEIS,907407234,OB,OB,No-pair,fx wire,Caceis booked the fx wire for SD 10-25-2019. Integrata yet to book,907407234,907407234,4551456423,-590882299,2021-07-29
15655,,91_455900053_CACEIS,1336713093,OB,OB,No-pair,fx wire,Caceis booked the fx wire for SD 06-15-2020. Integrata yet to book,1336713093,1336713093,4551456423,-590882299,2021-07-29
15656,,28_455982783_CACEIS,1446488983,OB,OB,No-pair,fx wire,Caceis booked the fx wire for SD 08-14-2020. Integrata yet to book,1446488983,1446488983,4551456423,-590882299,2021-07-29
15657,,439_4551191593_CACEIS,1722905506,OB,OB,No-pair,fx wire,Caceis booked the fx wire for SD 01-15-2021. Integrata yet to book,1722905506,1722905506,4551456423,-590882299,2021-07-29
15658,,57_4551354754_CACEIS,1942399640,OB,OB,No-pair,fx wire,Caceis booked the fx wire for SD 05-17-2021. Integrata yet to book,1942399640,1942399640,4551456423,-590882299,2021-07-29
15659,,14_4551018409_CACEIS,1492757197,OB,OB,No-pair,wire transfer,Caceis booked the wire transfer for SD 09-10-2020. Integrata yet to book,1492757197,1492757197,4551456423,-590882299,2021-07-29
15660,,34_455709628_CACEIS,1085770914,OB,OB,No-pair,fx wire,Caceis booked the fx wire for SD 01-17-2020. Integrata yet to book,1085770914,1085770914,4551456423,-590882299,2021-07-29
15661,,62_4551269721_CACEIS,1827473816,OB,OB,No-pair,fx wire,Caceis booked the fx wire for SD 03-15-2021. Integrata yet to book,1827473816,1827473816,4551456423,-590882299,2021-07-29
15662,,12_4551153712_CACEIS,1672409232,OB,OB,No-pair,wire transfer,Caceis booked the wire transfer for SD 12-17-2020. Integrata yet to book,1672409232,1672409232,4551456423,-590882299,2021-07-29
15663,,59_455991947_CACEIS,1458093840,OB,OB,No-pair,fx wire,Caceis booked the fx wire for SD 08-21-2020. Integrata yet to book,1458093840,1458093840,4551456423,-590882299,2021-07-29
15664,,84_455985296_CACEIS,1449581718,OB,OB,No-pair,fx wire,Caceis booked the fx wire for SD 08-17-2020. Integrata yet to book,1449581718,1449581718,4551456423,-590882299,2021-07-29
15665,,16_455991947_CACEIS,1458094076,OB,OB,No-pair,fx wire,Caceis booked the fx wire for SD 08-21-2020. Integrata yet to book,1458094076,1458094076,4551456423,-590882299,2021-07-29
15666,,24_455457456_CACEIS,662167942,OB,OB,No-pair,monthend interest,Caceis booked the monthend interest for SD 07-01-2019. Integrata yet to book,662167942,662167942,4551456423,-590882299,2021-07-29
15667,,19_455649350_CACEIS,985331642,OB,OB,No-pair,monthend interest,Caceis booked the monthend interest for SD 12-01-2019. Integrata yet to book,985331642,985331642,4551456423,-590882299,2021-07-29
15668,,161_4551210754_CACEIS,1748958217,OB,OB,No-pair,monthend interest,Caceis booked the monthend interest for SD 02-01-2021. Integrata yet to book,1748958217,1748958217,4551456423,-590882299,2021-07-29
15669,,51_4551258322_CACEIS,1812652678,OB,OB,No-pair,wire transfer,Caceis booked the wire transfer for SD 03-05-2021. Integrata yet to book,1812652678,1812652678,4551456423,-590882299,2021-07-29
15670,,20_4551018409_CACEIS,1492757234,OB,OB,No-pair,wire transfer,Caceis booked the wire transfer for SD 09-10-2020. Integrata yet to book,1492757234,1492757234,4551456423,-590882299,2021-07-29
15671,,190_455862625_CACEIS,1287002892,OB,OB,No-pair,fx wire,Caceis booked the fx wire for SD 05-15-2020. Integrata yet to book,1287002892,1287002892,4551456423,-590882299,2021-07-29
15672,,14_455799620_CACEIS,1205700405,OB,OB,No-pair,fx wire,Caceis booked the fx wire for SD 03-27-2020. Integrata yet to book,1205700405,1205700405,4551456423,-590882299,2021-07-29
15673,,123_455940640_CACEIS,1391596012,OB,OB,No-pair,wire transfer,Caceis booked the wire transfer for SD 07-15-2020. Integrata yet to book,1391596012,1391596012,4551456423,-590882299,2021-07-29
15674,,60_455835232_CACEIS,1251293794,OB,OB,No-pair,fx wire,Caceis booked the fx wire for SD 04-24-2020. Integrata yet to book,1251293794,1251293794,4551456423,-590882299,2021-07-29
15675,,50_4551258322_CACEIS,1812652675,OB,OB,No-pair,wire transfer,Caceis booked the wire transfer for SD 03-05-2021. Integrata yet to book,1812652675,1812652675,4551456423,-590882299,2021-07-29
15676,,612_4551232906_CACEIS,1780157044,OB,OB,No-pair,fx wire,Caceis booked the fx wire for SD 02-16-2021. Integrata yet to book,1780157044,1780157044,4551456423,-590882299,2021-07-29
15677,,2_4551443076_CACEIS,2057295848,OB,OB,No-pair,fees,Caceis booked the fees for SD 07-20-2021. Integrata yet to book,2057295848,2057295848,4551456423,-590882299,2021-07-29
15678,,303_455706635_CACEIS,1081907670,OB,OB,No-pair,fx wire,Caceis booked the fx wire for SD 01-15-2020. Integrata yet to book,1081907670,1081907670,4551456423,-590882299,2021-07-29
15679,,6_4551083561_CACEIS,1579309186,OB,OB,No-pair,wire transfer,Caceis booked the wire transfer for SD 10-28-2020. Integrata yet to book,1579309186,1579309186,4551456423,-590882299,2021-07-29
15680,,45_4551343376_CACEIS,1925737854,OB,OB,No-pair,fx wire,Caceis booked the fx wire for SD 05-07-2021. Integrata yet to book,1925737854,1925737854,4551456423,-590882299,2021-07-29
15681,,457_4551066313_CACEIS,1556876796,OB,OB,No-pair,fx wire,Caceis booked the fx wire for SD 10-15-2020. Integrata yet to book,1556876796,1556876796,4551456423,-590882299,2021-07-29
15682,,112_4551248485_CACEIS,1800039575,OB,OB,No-pair,wire transfer,Caceis booked the wire transfer for SD 02-26-2021. Integrata yet to book,1800039575,1800039575,4551456423,-590882299,2021-07-29
15683,,30_455879764_CACEIS,1309543719,OB,OB,No-pair,monthend interest,Caceis booked the monthend interest for SD 06-01-2020. Integrata yet to book,1309543719,1309543719,4551456423,-590882299,2021-07-29
15684,,10_4551229444_CACEIS,1775243213,OB,OB,No-pair,wire transfer,Caceis booked the wire transfer for SD 02-12-2021. Integrata yet to book,1775243213,1775243213,4551456423,-590882299,2021-07-29
15685,,348_4551023983_CACEIS,1500214052,OB,OB,No-pair,fx wire,Caceis booked the fx wire for SD 09-15-2020. Integrata yet to book,1500214052,1500214052,4551456423,-590882299,2021-07-29
15686,,393_455783582_CACEIS,1185159604,OB,OB,No-pair,fx wire,Caceis booked the fx wire for SD 03-16-2020. Integrata yet to book,1185159604,1185159604,4551456423,-590882299,2021-07-29
15687,,30_4551048988_CACEIS,1533696957,OB,OB,No-pair,fx wire,Caceis booked the fx wire for SD 10-02-2020. Integrata yet to book,1533696957,1533696957,4551456423,-590882299,2021-07-29
15688,,15_4551171343_CACEIS,1696929209,OB,OB,No-pair,monthend interest,Caceis booked the monthend interest for SD 01-01-2021. Integrata yet to book,1696929209,1696929209,4551456423,-590882299,2021-07-29
15689,,211_455985296_CACEIS,1449581995,OB,OB,No-pair,fx wire,Caceis booked the fx wire for SD 08-17-2020. Integrata yet to book,1449581995,1449581995,4551456423,-590882299,2021-07-29
15690,,1_455548957_CACEIS,814988687,OB,OB,No-pair,wire transfer,Caceis booked the wire transfer for SD 09-12-2019. Integrata yet to book,814988687,814988687,4551456423,-590882299,2021-07-29
15691,,126_4551248485_CACEIS,1800039507,OB,OB,No-pair,fx wire,Caceis booked the fx wire for SD 02-26-2021. Integrata yet to book,1800039507,1800039507,4551456423,-590882299,2021-07-29
15692,,680_4551232906_CACEIS,1780157081,OB,OB,No-pair,fx wire,Caceis booked the fx wire for SD 02-16-2021. Integrata yet to book,1780157081,1780157081,4551456423,-590882299,2021-07-29
15693,,5_4551157661_CACEIS,1677770227,OB,OB,No-pair,proceeds sell,Caceis booked the proceeds sell for SD 12-21-2020. Integrata yet to book,1677770227,1677770227,4551456423,-590882299,2021-07-29
15694,,114_4551232906_CACEIS,1780156517,OB,OB,No-pair,fx wire,Caceis booked the fx wire for SD 02-16-2021. Integrata yet to book,1780156517,1780156517,4551456423,-590882299,2021-07-29
15695,,122_4551354754_CACEIS,1942399510,OB,OB,No-pair,fx wire,Caceis booked the fx wire for SD 05-17-2021. Integrata yet to book,1942399510,1942399510,4551456423,-590882299,2021-07-29
15696,,254_4551269721_CACEIS,1827473968,OB,OB,No-pair,fx wire,Caceis booked the fx wire for SD 03-15-2021. Integrata yet to book,1827473968,1827473968,4551456423,-590882299,2021-07-29
15697,,493_4551066313_CACEIS,1556876708,OB,OB,No-pair,fx wire,Caceis booked the fx wire for SD 10-15-2020. Integrata yet to book,1556876708,1556876708,4551456423,-590882299,2021-07-29
15698,,19_4551018409_CACEIS,1492757224,OB,OB,No-pair,wire transfer,Caceis booked the wire transfer for SD 09-10-2020. Integrata yet to book,1492757224,1492757224,4551456423,-590882299,2021-07-29
15699,,59_455900053_CACEIS,1336713127,OB,OB,No-pair,fx wire,Caceis booked the fx wire for SD 06-15-2020. Integrata yet to book,1336713127,1336713127,4551456423,-590882299,2021-07-29
15700,,321_4551191593_CACEIS,1722905356,OB,OB,No-pair,fx wire,Caceis booked the fx wire for SD 01-15-2021. Integrata yet to book,1722905356,1722905356,4551456423,-590882299,2021-07-29
15701,,22_4551018409_CACEIS,1492757251,OB,OB,No-pair,wire transfer,Caceis booked the wire transfer for SD 09-10-2020. Integrata yet to book,1492757251,1492757251,4551456423,-590882299,2021-07-29
15702,,134_4551248485_CACEIS,1800039456,OB,OB,No-pair,fx wire,Caceis booked the fx wire for SD 02-26-2021. Integrata yet to book,1800039456,1800039456,4551456423,-590882299,2021-07-29
15703,,19_455762980_CACEIS,1156897793,OB,OB,No-pair,fx wire,Caceis booked the fx wire for SD 02-28-2020. Integrata yet to book,1156897793,1156897793,4551456423,-590882299,2021-07-29
15704,,454_455783582_CACEIS,1185159583,OB,OB,No-pair,fx wire,Caceis booked the fx wire for SD 03-16-2020. Integrata yet to book,1185159583,1185159583,4551456423,-590882299,2021-07-29
15705,,5_4551018409_CACEIS,1492757133,OB,OB,No-pair,wire transfer,Caceis booked the wire transfer for SD 09-10-2020. Integrata yet to book,1492757133,1492757133,4551456423,-590882299,2021-07-29
15706,,1_4551358677_CACEIS,1947722925,OB,OB,No-pair,wire transfer,Caceis booked the wire transfer for SD 05-19-2021. Integrata yet to book,1947722925,1947722925,4551456423,-590882299,2021-07-29
15707,,332_455590588_CACEIS,883858630,OB,OB,No-pair,fx wire,Caceis booked the fx wire for SD 10-15-2019. Integrata yet to book,883858630,883858630,4551456423,-590882299,2021-07-29
15708,,37_455772338_CACEIS,1169827514,OB,OB,No-pair,wire transfer,Caceis booked the wire transfer for SD 03-06-2020. Integrata yet to book,1169827514,1169827514,4551456423,-590882299,2021-07-29
15709,,317_455590588_CACEIS,883858617,OB,OB,No-pair,fx wire,Caceis booked the fx wire for SD 10-15-2019. Integrata yet to book,883858617,883858617,4551456423,-590882299,2021-07-29
15710,,401_455862625_CACEIS,1287003733,OB,OB,No-pair,fx wire,Caceis booked the fx wire for SD 05-15-2020. Integrata yet to book,1287003733,1287003733,4551456423,-590882299,2021-07-29
15711,,73_455516633_CACEIS,760048245,OB,OB,No-pair,fx wire,Caceis booked the fx wire for SD 08-16-2019. Integrata yet to book,760048245,760048245,4551456423,-590882299,2021-07-29
15712,,33_4551018409_CACEIS,1492757270,OB,OB,No-pair,wire transfer,Caceis booked the wire transfer for SD 09-10-2020. Integrata yet to book,1492757270,1492757270,4551456423,-590882299,2021-07-29
15713,,13_455718167_CACEIS,1096512071,OB,OB,No-pair,fx wire,Caceis booked the fx wire for SD 01-24-2020. Integrata yet to book,1096512071,1096512071,4551456423,-590882299,2021-07-29
15714,,52_4551109218_CACEIS,1613286685,OB,OB,No-pair,fx wire,Caceis booked the fx wire for SD 11-16-2020. Integrata yet to book,1613286685,1613286685,4551456423,-590882299,2021-07-29
15715,,48_4551411869_CACEIS,2018959488,OB,OB,No-pair,proceeds sell,Caceis booked the proceeds sell for SD 06-28-2021. Integrata yet to book,2018959488,2018959488,4551456423,-590882299,2021-07-29
15716,,175_455669415_CACEIS,1020661902,OB,OB,No-pair,fx wire,Caceis booked the fx wire for SD 12-16-2019. Integrata yet to book,1020661902,1020661902,4551456423,-590882299,2021-07-29
15717,,17_455718167_CACEIS,1096512106,OB,OB,No-pair,fx wire,Caceis booked the fx wire for SD 01-24-2020. Integrata yet to book,1096512106,1096512106,4551456423,-590882299,2021-07-29
15718,,363_455940640_CACEIS,1391596167,OB,OB,No-pair,fx wire,Caceis booked the fx wire for SD 07-15-2020. Integrata yet to book,1391596167,1391596167,4551456423,-590882299,2021-07-29
15719,,21_4551018409_CACEIS,1492757244,OB,OB,No-pair,wire transfer,Caceis booked the wire transfer for SD 09-10-2020. Integrata yet to book,1492757244,1492757244,4551456423,-590882299,2021-07-29
15720,,18_4551018409_CACEIS,1492757214,OB,OB,No-pair,wire transfer,Caceis booked the wire transfer for SD 09-10-2020. Integrata yet to book,1492757214,1492757214,4551456423,-590882299,2021-07-29
15721,,169_455940640_CACEIS,1391596005,OB,OB,No-pair,fx wire,Caceis booked the fx wire for SD 07-15-2020. Integrata yet to book,1391596005,1391596005,4551456423,-590882299,2021-07-29
15722,,72_455404958_CACEIS,585162401,OB,OB,No-pair,fx wire,Caceis booked the fx wire for SD 05-15-2019. Integrata yet to book,585162401,585162401,4551456423,-590882299,2021-07-29
15723,,52_455889377_CACEIS,1323110222,OB,OB,No-pair,fx wire,Caceis booked the fx wire for SD 06-05-2020. Integrata yet to book,1323110222,1323110222,4551456423,-590882299,2021-07-29
15724,,32_4551018409_CACEIS,1492757265,OB,OB,No-pair,wire transfer,Caceis booked the wire transfer for SD 09-10-2020. Integrata yet to book,1492757265,1492757265,4551456423,-590882299,2021-07-29
15725,,98_4551248485_CACEIS,1800039566,OB,OB,No-pair,wire transfer,Caceis booked the wire transfer for SD 02-26-2021. Integrata yet to book,1800039566,1800039566,4551456423,-590882299,2021-07-29
15726,,111_455718167_CACEIS,1096512125,OB,OB,No-pair,fx wire,Caceis booked the fx wire for SD 01-24-2020. Integrata yet to book,1096512125,1096512125,4551456423,-590882299,2021-07-29
15727,,128_4551248485_CACEIS,1800039516,OB,OB,No-pair,fx wire,Caceis booked the fx wire for SD 02-26-2021. Integrata yet to book,1800039516,1800039516,4551456423,-590882299,2021-07-29
15728,,129_455718167_CACEIS,1096512156,OB,OB,No-pair,fx wire,Caceis booked the fx wire for SD 01-24-2020. Integrata yet to book,1096512156,1096512156,4551456423,-590882299,2021-07-29
15729,,3_4551166054_CACEIS,1689088059,OB,OB,No-pair,fx wire,Caceis booked the fx wire for SD 12-28-2020. Integrata yet to book,1689088059,1689088059,4551456423,-590882299,2021-07-29
15730,,282_4551354754_CACEIS,1942399738,OB,OB,No-pair,fx wire,Caceis booked the fx wire for SD 05-17-2021. Integrata yet to book,1942399738,1942399738,4551456423,-590882299,2021-07-29
15731,,39_455658450_CACEIS,1002374657,OB,OB,No-pair,fx wire,Caceis booked the fx wire for SD 12-06-2019. Integrata yet to book,1002374657,1002374657,4551456423,-590882299,2021-07-29
15732,,164_455940640_CACEIS,1391595995,OB,OB,No-pair,fx wire,Caceis booked the fx wire for SD 07-15-2020. Integrata yet to book,1391595995,1391595995,4551456423,-590882299,2021-07-29
15733,,93_4551394628_CACEIS,1997244714,OB,OB,No-pair,fx wire,Caceis booked the fx wire for SD 06-15-2021. Integrata yet to book,1997244714,1997244714,4551456423,-590882299,2021-07-29
15734,,123_4551248485_CACEIS,1800039514,OB,OB,No-pair,fx wire,Caceis booked the fx wire for SD 02-26-2021. Integrata yet to book,1800039514,1800039514,4551456423,-590882299,2021-07-29
15735,,15_4551018409_CACEIS,1492757206,OB,OB,No-pair,wire transfer,Caceis booked the wire transfer for SD 09-10-2020. Integrata yet to book,1492757206,1492757206,4551456423,-590882299,2021-07-29
15736,,417_455940640_CACEIS,1391596386,OB,OB,No-pair,fx wire,Caceis booked the fx wire for SD 07-15-2020. Integrata yet to book,1391596386,1391596386,4551456423,-590882299,2021-07-29
15737,,111_4551248485_CACEIS,1800039572,OB,OB,No-pair,wire transfer,Caceis booked the wire transfer for SD 02-26-2021. Integrata yet to book,1800039572,1800039572,4551456423,-590882299,2021-07-29
15738,,7_4551018409_CACEIS,1492757163,OB,OB,No-pair,wire transfer,Caceis booked the wire transfer for SD 09-10-2020. Integrata yet to book,1492757163,1492757163,4551456423,-590882299,2021-07-29
15739,,34_455772338_CACEIS,1169827522,OB,OB,No-pair,wire transfer,Caceis booked the wire transfer for SD 03-06-2020. Integrata yet to book,1169827522,1169827522,4551456423,-590882299,2021-07-29
15740,,22_455757527_CACEIS,1148579869,OB,OB,No-pair,fees,Caceis booked the fees for SD 02-25-2020. Integrata yet to book,1148579869,1148579869,4551456423,-590882299,2021-07-29
15741,,125_4551248485_CACEIS,1800039495,OB,OB,No-pair,fx wire,Caceis booked the fx wire for SD 02-26-2021. Integrata yet to book,1800039495,1800039495,4551456423,-590882299,2021-07-29
15742,,1_455667500_CACEIS,1017540669,OB,OB,No-pair,fx wire,Caceis booked the fx wire for SD 12-13-2019. Integrata yet to book,1017540669,1017540669,4551456423,-590882299,2021-07-29
15743,,36_4551018409_CACEIS,1492757125,OB,OB,No-pair,wire transfer,Caceis booked the wire transfer for SD 09-10-2020. Integrata yet to book,1492757125,1492757125,4551456423,-590882299,2021-07-29
15744,,92_4551313388_CACEIS,1883527823,OB,OB,No-pair,fx wire,Caceis booked the fx wire for SD 04-15-2021. Integrata yet to book,1883527823,1883527823,4551456423,-590882299,2021-07-29
15745,,119_4551248485_CACEIS,1800039582,OB,OB,No-pair,wire transfer,Caceis booked the wire transfer for SD 02-26-2021. Integrata yet to book,1800039582,1800039582,4551456423,-590882299,2021-07-29
15746,,3_4551018409_CACEIS,1492757120,OB,OB,No-pair,wire transfer,Caceis booked the wire transfer for SD 09-10-2020. Integrata yet to book,1492757120,1492757120,4551456423,-590882299,2021-07-29
15747,,263_455783582_CACEIS,1185159480,OB,OB,No-pair,fx wire,Caceis booked the fx wire for SD 03-16-2020. Integrata yet to book,1185159480,1185159480,4551456423,-590882299,2021-07-29
15748,,11_455457456_CACEIS,662167969,OB,OB,No-pair,fx wire,Caceis booked the fx wire for SD 06-28-2019. Integrata yet to book,662167969,662167969,4551456423,-590882299,2021-07-29
15749,,276_4551354754_CACEIS,1942399741,OB,OB,No-pair,fx wire,Caceis booked the fx wire for SD 05-17-2021. Integrata yet to book,1942399741,1942399741,4551456423,-590882299,2021-07-29
15750,,499_4551149959_CACEIS,1667623397,OB,OB,No-pair,fx wire,Caceis booked the fx wire for SD 12-15-2020. Integrata yet to book,1667623397,1667623397,4551456423,-590882299,2021-07-29
15751,,283_455900053_CACEIS,1336713623,OB,OB,No-pair,fx wire,Caceis booked the fx wire for SD 06-15-2020. Integrata yet to book,1336713623,1336713623,4551456423,-590882299,2021-07-29
15752,,208_4551269721_CACEIS,1827474004,OB,OB,No-pair,fx wire,Caceis booked the fx wire for SD 03-15-2021. Integrata yet to book,1827474004,1827474004,4551456423,-590882299,2021-07-29
15753,,197_4551269721_CACEIS,1827473953,OB,OB,No-pair,fx wire,Caceis booked the fx wire for SD 03-15-2021. Integrata yet to book,1827473953,1827473953,4551456423,-590882299,2021-07-29
15754,,6_4551018409_CACEIS,1492757145,OB,OB,No-pair,wire transfer,Caceis booked the wire transfer for SD 09-10-2020. Integrata yet to book,1492757145,1492757145,4551456423,-590882299,2021-07-29
15755,,1_316753_CACEIS,453176691,OB,OB,No-pair,wire transfer,Caceis booked the wire transfer for SD 03-01-2019. Integrata yet to book,453176691,453176691,4551456423,-590882299,2021-07-29
15756,,681_4551232906_CACEIS,1780156930,OB,OB,No-pair,fx wire,Caceis booked the fx wire for SD 02-16-2021. Integrata yet to book,1780156930,1780156930,4551456423,-590882299,2021-07-29
15757,,44_455554115_CACEIS,824385003,OB,OB,No-pair,fx wire,Caceis booked the fx wire for SD 09-17-2019. Integrata yet to book,824385003,824385003,4551456423,-590882299,2021-07-29
15758,,36_455772338_CACEIS,1169827526,OB,OB,No-pair,wire transfer,Caceis booked the wire transfer for SD 03-06-2020. Integrata yet to book,1169827526,1169827526,4551456423,-590882299,2021-07-29
15759,,30_4551178600_CACEIS,1704947172,OB,OB,No-pair,fees,Caceis booked the fees for SD 01-05-2021. Integrata yet to book,1704947172,1704947172,4551456423,-590882299,2021-07-29
15760,,41_4551039598_CACEIS,1521245904,OB,OB,No-pair,wire transfer,Caceis booked the wire transfer for SD 09-25-2020. Integrata yet to book,1521245904,1521245904,4551456423,-590882299,2021-07-29
15761,,13_4551018409_CACEIS,1492757185,OB,OB,No-pair,wire transfer,Caceis booked the wire transfer for SD 09-10-2020. Integrata yet to book,1492757185,1492757185,4551456423,-590882299,2021-07-29
15762,,21_455757527_CACEIS,1148579838,OB,OB,No-pair,fees,Caceis booked the fees for SD 02-25-2020. Integrata yet to book,1148579838,1148579838,4551456423,-590882299,2021-07-29
15763,,23_4551018409_CACEIS,1492757259,OB,OB,No-pair,wire transfer,Caceis booked the wire transfer for SD 09-10-2020. Integrata yet to book,1492757259,1492757259,4551456423,-590882299,2021-07-29
15764,,42_455783582_CACEIS,1185159300,OB,OB,No-pair,fx wire,Caceis booked the fx wire for SD 03-16-2020. Integrata yet to book,1185159300,1185159300,4551456423,-590882299,2021-07-29
15765,,47_455783582_CACEIS,1185159187,OB,OB,No-pair,fx wire,Caceis booked the fx wire for SD 03-16-2020. Integrata yet to book,1185159187,1185159187,4551456423,-590882299,2021-07-29
15766,,12_455649350_CACEIS,985331733,OB,OB,No-pair,monthend interest,Caceis booked the monthend interest for SD 12-01-2019. Integrata yet to book,985331733,985331733,4551456423,-590882299,2021-07-29
15767,,60_455842390_CACEIS,1260634983,OB,OB,No-pair,monthend interest,Caceis booked the monthend interest for SD 05-01-2020. Integrata yet to book,1260634983,1260634983,4551456423,-590882299,2021-07-29
15768,,30_4551039598_CACEIS,1521245895,OB,OB,No-pair,wire transfer,Caceis booked the wire transfer for SD 09-24-2020. Integrata yet to book,1521245895,1521245895,4551456423,-590882299,2021-07-29
15769,,635_4551232906_CACEIS,1780157110,OB,OB,No-pair,fx wire,Caceis booked the fx wire for SD 02-16-2021. Integrata yet to book,1780157110,1780157110,4551456423,-590882299,2021-07-29
15770,,8_4551018409_CACEIS,1492757172,OB,OB,No-pair,wire transfer,Caceis booked the wire transfer for SD 09-10-2020. Integrata yet to book,1492757172,1492757172,4551456423,-590882299,2021-07-29
15771,,327_455900053_CACEIS,1336713594,OB,OB,No-pair,fx wire,Caceis booked the fx wire for SD 06-15-2020. Integrata yet to book,1336713594,1336713594,4551456423,-590882299,2021-07-29
15772,,39_455782293_CACEIS,1183562970,OB,OB,No-pair,fx wire,Caceis booked the fx wire for SD 03-13-2020. Integrata yet to book,1183562970,1183562970,4551456423,-590882299,2021-07-29
15773,,743_455822501_CACEIS,1235308673,OB,OB,No-pair,fx wire,Caceis booked the fx wire for SD 04-15-2020. Integrata yet to book,1235308673,1235308673,4551456423,-590882299,2021-07-29
15774,,38_455916649_CACEIS,1359361407,OB,OB,No-pair,wire transfer,Caceis booked the wire transfer for SD 06-26-2020. Integrata yet to book,1359361407,1359361407,4551456423,-590882299,2021-07-29
15775,,16_455378188_CACEIS,548739510,OB,OB,No-pair,fx wire,Caceis booked the fx wire for SD 04-23-2019. Integrata yet to book,548739510,548739510,4551456423,-590882299,2021-07-29
15776,,69_455822501_CACEIS,1235308095,OB,OB,No-pair,fx wire,Caceis booked the fx wire for SD 04-15-2020. Integrata yet to book,1235308095,1235308095,4551456423,-590882299,2021-07-29
15777,,32_455772338_CACEIS,1169827518,OB,OB,No-pair,wire transfer,Caceis booked the wire transfer for SD 03-06-2020. Integrata yet to book,1169827518,1169827518,4551456423,-590882299,2021-07-29
15778,,123_455748445_CACEIS,1136275175,OB,OB,No-pair,fx wire,Caceis booked the fx wire for SD 02-18-2020. Integrata yet to book,1136275175,1136275175,4551456423,-590882299,2021-07-29
15779,,329_455822501_CACEIS,1235308204,OB,OB,No-pair,fx wire,Caceis booked the fx wire for SD 04-15-2020. Integrata yet to book,1235308204,1235308204,4551456423,-590882299,2021-07-29
15780,,114_4551354754_CACEIS,1942399475,OB,OB,No-pair,fx wire,Caceis booked the fx wire for SD 05-17-2021. Integrata yet to book,1942399475,1942399475,4551456423,-590882299,2021-07-29
15781,,1_455485058_CACEIS,705788273,OB,OB,No-pair,proceeds sell,Caceis booked the proceeds sell for SD 07-23-2019. Integrata yet to book,705788273,705788273,4551456423,-590882299,2021-07-29
15782,,310_4551149959_CACEIS,1667623078,OB,OB,No-pair,fx wire,Caceis booked the fx wire for SD 12-15-2020. Integrata yet to book,1667623078,1667623078,4551456423,-590882299,2021-07-29
15783,,50_4551264332_CACEIS,1819946057,OB,OB,No-pair,wire transfer,Caceis booked the wire transfer for SD 03-10-2021. Integrata yet to book,1819946057,1819946057,4551456423,-590882299,2021-07-29
15784,,484_455783582_CACEIS,1185159705,OB,OB,No-pair,fx wire,Caceis booked the fx wire for SD 03-16-2020. Integrata yet to book,1185159705,1185159705,4551456423,-590882299,2021-07-29
15785,,28_455842390_CACEIS,1260634969,OB,OB,No-pair,monthend interest,Caceis booked the monthend interest for SD 05-01-2020. Integrata yet to book,1260634969,1260634969,4551456423,-590882299,2021-07-29
15786,,63_455748445_CACEIS,1136275155,OB,OB,No-pair,fx wire,Caceis booked the fx wire for SD 02-18-2020. Integrata yet to book,1136275155,1136275155,4551456423,-590882299,2021-07-29
15787,,2_455931125_CACEIS,1378949766,OB,OB,No-pair,wire transfer,Caceis booked the wire transfer for SD 07-08-2020. Integrata yet to book,1378949766,1378949766,4551456423,-590882299,2021-07-29
15788,,392_4551066313_CACEIS,1556876618,OB,OB,No-pair,fx wire,Caceis booked the fx wire for SD 10-15-2020. Integrata yet to book,1556876618,1556876618,4551456423,-590882299,2021-07-29
15789,,116_306589_CACEIS,433998289,OB,OB,No-pair,fx wire,Caceis booked the fx wire for SD 02-15-2019. Integrata yet to book,433998289,433998289,4551456423,-590882299,2021-07-29
15790,,74_455688261_CACEIS,1053516761,OB,OB,No-pair,monthend interest,Caceis booked the monthend interest for SD 01-01-2020. Integrata yet to book,1053516761,1053516761,4551456423,-590882299,2021-07-29
15791,,126_455790609_CACEIS,1194036413,OB,OB,No-pair,wire transfer,Caceis booked the wire transfer for SD 03-19-2020. Integrata yet to book,1194036413,1194036413,4551456423,-590882299,2021-07-29
15792,,3_455961594_CACEIS,1419470973,OB,OB,No-pair,wire transfer,Caceis booked the wire transfer for SD 07-30-2020. Integrata yet to book,1419470973,1419470973,4551456423,-590882299,2021-07-29
15793,,369_455940640_CACEIS,1391596178,OB,OB,No-pair,fx wire,Caceis booked the fx wire for SD 07-15-2020. Integrata yet to book,1391596178,1391596178,4551456423,-590882299,2021-07-29
15794,,95_455590588_CACEIS,883858468,OB,OB,No-pair,fx wire,Caceis booked the fx wire for SD 10-15-2019. Integrata yet to book,883858468,883858468,4551456423,-590882299,2021-07-29
15795,,111_4551354754_CACEIS,1942399471,OB,OB,No-pair,fx wire,Caceis booked the fx wire for SD 05-17-2021. Integrata yet to book,1942399471,1942399471,4551456423,-590882299,2021-07-29
15796,,117_4551248485_CACEIS,1800039580,OB,OB,No-pair,wire transfer,Caceis booked the wire transfer for SD 02-26-2021. Integrata yet to book,1800039580,1800039580,4551456423,-590882299,2021-07-29
15797,,17_4551087502_CACEIS,1584326652,OB,OB,No-pair,wire transfer,Caceis booked the wire transfer for SD 10-30-2020. Integrata yet to book,1584326652,1584326652,4551456423,-590882299,2021-07-29
15798,,169_455693832_CACEIS,1063035305,OB,OB,No-pair,fx wire,Caceis booked the fx wire for SD 01-06-2020. Integrata yet to book,1063035305,1063035305,4551456423,-590882299,2021-07-29
15799,,782_455822501_CACEIS,1235308688,OB,OB,No-pair,fx wire,Caceis booked the fx wire for SD 04-15-2020. Integrata yet to book,1235308688,1235308688,4551456423,-590882299,2021-07-29
15800,,82_4551127906_CACEIS,1637981970,OB,OB,No-pair,monthend interest,Caceis booked the monthend interest for SD 12-01-2020. Integrata yet to book,1637981970,1637981970,4551456423,-590882299,2021-07-29
15801,,169_455669415_CACEIS,1020661884,OB,OB,No-pair,fx wire,Caceis booked the fx wire for SD 12-16-2019. Integrata yet to book,1020661884,1020661884,4551456423,-590882299,2021-07-29
15802,,1_324834_CACEIS,466999379,OB,OB,No-pair,fx wire,Caceis booked the fx wire for SD 03-08-2019. Integrata yet to book,466999379,466999379,4551456423,-590882299,2021-07-29
15803,,60_4551171343_CACEIS,1696929193,OB,OB,No-pair,monthend interest,Caceis booked the monthend interest for SD 01-01-2021. Integrata yet to book,1696929193,1696929193,4551456423,-590882299,2021-07-29
15804,,75_455748445_CACEIS,1136275163,OB,OB,No-pair,fx wire,Caceis booked the fx wire for SD 02-18-2020. Integrata yet to book,1136275163,1136275163,4551456423,-590882299,2021-07-29
15805,,44_4551003590_CACEIS,1473425996,OB,OB,No-pair,monthend interest,Caceis booked the monthend interest for SD 09-01-2020. Integrata yet to book,1473425996,1473425996,4551456423,-590882299,2021-07-29
15806,,32_455554115_CACEIS,824384973,OB,OB,No-pair,fx wire,Caceis booked the fx wire for SD 09-17-2019. Integrata yet to book,824384973,824384973,4551456423,-590882299,2021-07-29
15807,,103_455590588_CACEIS,883858459,OB,OB,No-pair,fx wire,Caceis booked the fx wire for SD 10-15-2019. Integrata yet to book,883858459,883858459,4551456423,-590882299,2021-07-29
15808,,69_455442954_CACEIS,637183933,OB,OB,No-pair,fx wire,Caceis booked the fx wire for SD 06-17-2019. Integrata yet to book,637183933,637183933,4551456423,-590882299,2021-07-29
15809,,506_4551149959_CACEIS,1667623223,OB,OB,No-pair,fx wire,Caceis booked the fx wire for SD 12-15-2020. Integrata yet to book,1667623223,1667623223,4551456423,-590882299,2021-07-29
15810,,189_4551269721_CACEIS,1827473991,OB,OB,No-pair,fx wire,Caceis booked the fx wire for SD 03-15-2021. Integrata yet to book,1827473991,1827473991,4551456423,-590882299,2021-07-29
15811,,108_4551239617_CACEIS,1789074776,OB,OB,No-pair,fx wire,Caceis booked the fx wire for SD 02-19-2021. Integrata yet to book,1789074776,1789074776,4551456423,-590882299,2021-07-29
15812,,126_4551354754_CACEIS,1942399480,OB,OB,No-pair,fx wire,Caceis booked the fx wire for SD 05-17-2021. Integrata yet to book,1942399480,1942399480,4551456423,-590882299,2021-07-29
15813,,308_4551149959_CACEIS,1667623068,OB,OB,No-pair,fx wire,Caceis booked the fx wire for SD 12-15-2020. Integrata yet to book,1667623068,1667623068,4551456423,-590882299,2021-07-29
15814,,389_4551023983_CACEIS,1500214239,OB,OB,No-pair,fx wire,Caceis booked the fx wire for SD 09-15-2020. Integrata yet to book,1500214239,1500214239,4551456423,-590882299,2021-07-29
15815,,7_455826113_CACEIS,1239393725,OB,OB,No-pair,fx wire,Caceis booked the fx wire for SD 04-17-2020. Integrata yet to book,1239393725,1239393725,4551456423,-590882299,2021-07-29
15816,,124_4551248485_CACEIS,1800039584,OB,OB,No-pair,wire transfer,Caceis booked the wire transfer for SD 02-26-2021. Integrata yet to book,1800039584,1800039584,4551456423,-590882299,2021-07-29
15817,,382_455590588_CACEIS,883858595,OB,OB,No-pair,fx wire,Caceis booked the fx wire for SD 10-15-2019. Integrata yet to book,883858595,883858595,4551456423,-590882299,2021-07-29
15818,,9_4551157661_CACEIS,1677770273,OB,OB,No-pair,proceeds sell,Caceis booked the proceeds sell for SD 12-21-2020. Integrata yet to book,1677770273,1677770273,4551456423,-590882299,2021-07-29
15819,,1_4551382936_CACEIS,1982280375,OB,OB,No-pair,wire transfer,Caceis booked the wire transfer for SD 06-07-2021. Integrata yet to book,1982280375,1982280375,4551456423,-590882299,2021-07-29
15820,,54_455726980_CACEIS,1107942606,OB,OB,No-pair,monthend interest,Caceis booked the monthend interest for SD 02-01-2020. Integrata yet to book,1107942606,1107942606,4551456423,-590882299,2021-07-29
15821,,29_455757527_CACEIS,1148579918,OB,OB,No-pair,fees,Caceis booked the fees for SD 02-25-2020. Integrata yet to book,1148579918,1148579918,4551456423,-590882299,2021-07-29
15822,,13_455658450_CACEIS,1002374664,OB,OB,No-pair,fx wire,Caceis booked the fx wire for SD 12-06-2019. Integrata yet to book,1002374664,1002374664,4551456423,-590882299,2021-07-29
15823,,359_455985296_CACEIS,1449582092,OB,OB,No-pair,fx wire,Caceis booked the fx wire for SD 08-17-2020. Integrata yet to book,1449582092,1449582092,4551456423,-590882299,2021-07-29
15824,,387_4551023983_CACEIS,1500214222,OB,OB,No-pair,fx wire,Caceis booked the fx wire for SD 09-15-2020. Integrata yet to book,1500214222,1500214222,4551456423,-590882299,2021-07-29
15825,,19_4551220415_CACEIS,1761955909,OB,OB,No-pair,wire transfer,Caceis booked the wire transfer for SD 02-05-2021. Integrata yet to book,1761955909,1761955909,4551456423,-590882299,2021-07-29
15826,,44_4551264332_CACEIS,1819946047,OB,OB,No-pair,wire transfer,Caceis booked the wire transfer for SD 03-10-2021. Integrata yet to book,1819946047,1819946047,4551456423,-590882299,2021-07-29
15827,,192_4551232906_CACEIS,1780156512,OB,OB,No-pair,fx wire,Caceis booked the fx wire for SD 02-16-2021. Integrata yet to book,1780156512,1780156512,4551456423,-590882299,2021-07-29
15828,,306_4551149959_CACEIS,1667623058,OB,OB,No-pair,fx wire,Caceis booked the fx wire for SD 12-15-2020. Integrata yet to book,1667623058,1667623058,4551456423,-590882299,2021-07-29
15829,,67_455709628_CACEIS,1085770970,OB,OB,No-pair,wire transfer,Caceis booked the wire transfer for SD 01-17-2020. Integrata yet to book,1085770970,1085770970,4551456423,-590882299,2021-07-29
15830,,5_4551151852_CACEIS,1670070720,OB,OB,No-pair,wire transfer,Caceis booked the wire transfer for SD 12-16-2020. Integrata yet to book,1670070720,1670070720,4551456423,-590882299,2021-07-29
15831,,162_455693832_CACEIS,1063035296,OB,OB,No-pair,fx wire,Caceis booked the fx wire for SD 01-06-2020. Integrata yet to book,1063035296,1063035296,4551456423,-590882299,2021-07-29
15832,,206_455783582_CACEIS,1185159382,OB,OB,No-pair,fx wire,Caceis booked the fx wire for SD 03-16-2020. Integrata yet to book,1185159382,1185159382,4551456423,-590882299,2021-07-29
15833,,60_455709628_CACEIS,1085770909,OB,OB,No-pair,fx wire,Caceis booked the fx wire for SD 01-17-2020. Integrata yet to book,1085770909,1085770909,4551456423,-590882299,2021-07-29
15834,,299_455590588_CACEIS,883858594,OB,OB,No-pair,fx wire,Caceis booked the fx wire for SD 10-15-2019. Integrata yet to book,883858594,883858594,4551456423,-590882299,2021-07-29
15835,,8_4551174457_CACEIS,1699762752,OB,OB,No-pair,fx wire,Caceis booked the fx wire for SD 01-04-2021. Integrata yet to book,1699762752,1699762752,4551456423,-590882299,2021-07-29
15836,,78_455799620_CACEIS,1205700374,OB,OB,No-pair,fx wire,Caceis booked the fx wire for SD 03-27-2020. Integrata yet to book,1205700374,1205700374,4551456423,-590882299,2021-07-29
15837,,6_455790609_CACEIS,1194036433,OB,OB,No-pair,wire transfer,Caceis booked the wire transfer for SD 03-20-2020. Integrata yet to book,1194036433,1194036433,4551456423,-590882299,2021-07-29
15838,,8_4551411869_CACEIS,2018959450,OB,OB,No-pair,fx wire,Caceis booked the fx wire for SD 06-28-2021. Integrata yet to book,2018959450,2018959450,4551456423,-590882299,2021-07-29
15839,,115_306589_CACEIS,433998287,OB,OB,No-pair,fx wire,Caceis booked the fx wire for SD 02-15-2019. Integrata yet to book,433998287,433998287,4551456423,-590882299,2021-07-29
15840,,18_4551220415_CACEIS,1761955881,OB,OB,No-pair,wire transfer,Caceis booked the wire transfer for SD 02-05-2021. Integrata yet to book,1761955881,1761955881,4551456423,-590882299,2021-07-29
15841,,61_455586694_CACEIS,876699164,OB,OB,No-pair,fx wire,Caceis booked the fx wire for SD 10-11-2019. Integrata yet to book,876699164,876699164,4551456423,-590882299,2021-07-29
15842,,7_455559249_CACEIS,832862058,OB,OB,No-pair,proceeds sell,Caceis booked the proceeds sell for SD 09-19-2019. Integrata yet to book,832862058,832862058,4551456423,-590882299,2021-07-29
15843,,20_4551220415_CACEIS,1761955950,OB,OB,No-pair,wire transfer,Caceis booked the wire transfer for SD 02-05-2021. Integrata yet to book,1761955950,1761955950,4551456423,-590882299,2021-07-29
15844,,518_455900053_CACEIS,1336713901,OB,OB,No-pair,fx wire,Caceis booked the fx wire for SD 06-15-2020. Integrata yet to book,1336713901,1336713901,4551456423,-590882299,2021-07-29
15845,,23_4551035437_CACEIS,1516099552,OB,OB,No-pair,fees,Caceis booked the fees for SD 02-25-2020. Integrata yet to book,1516099552,1516099552,4551456423,-590882299,2021-07-29
15846,,21_4551228190_CACEIS,1773079466,OB,OB,No-pair,wire transfer,Caceis booked the wire transfer for SD 02-10-2021. Integrata yet to book,1773079466,1773079466,4551456423,-590882299,2021-07-29
15847,,170_455693832_CACEIS,1063035312,OB,OB,No-pair,fx wire,Caceis booked the fx wire for SD 01-06-2020. Integrata yet to book,1063035312,1063035312,4551456423,-590882299,2021-07-29
15848,,123_455762980_CACEIS,1156897706,OB,OB,No-pair,fx wire,Caceis booked the fx wire for SD 02-28-2020. Integrata yet to book,1156897706,1156897706,4551456423,-590882299,2021-07-29
15849,,12_4551157661_CACEIS,1677770279,OB,OB,No-pair,proceeds sell,Caceis booked the proceeds sell for SD 12-21-2020. Integrata yet to book,1677770279,1677770279,4551456423,-590882299,2021-07-29
15850,,2_455530421_CACEIS,783090512,OB,OB,No-pair,proceeds sell,Caceis booked the proceeds sell for SD 08-28-2019. Integrata yet to book,783090512,783090512,4551456423,-590882299,2021-07-29
15851,,126_4551232906_CACEIS,1780156503,OB,OB,No-pair,fx wire,Caceis booked the fx wire for SD 02-16-2021. Integrata yet to book,1780156503,1780156503,4551456423,-590882299,2021-07-29
15852,,144_455934920_CACEIS,1383926731,OB,OB,No-pair,fx wire,Caceis booked the fx wire for SD 07-10-2020. Integrata yet to book,1383926731,1383926731,4551456423,-590882299,2021-07-29
15853,,114_455442954_CACEIS,637183782,OB,OB,No-pair,fx wire,Caceis booked the fx wire for SD 06-17-2019. Integrata yet to book,637183782,637183782,4551456423,-590882299,2021-07-29
15854,,422_455940640_CACEIS,1391596337,OB,OB,No-pair,fx wire,Caceis booked the fx wire for SD 07-15-2020. Integrata yet to book,1391596337,1391596337,4551456423,-590882299,2021-07-29
15855,,516_455900053_CACEIS,1336713886,OB,OB,No-pair,fx wire,Caceis booked the fx wire for SD 06-15-2020. Integrata yet to book,1336713886,1336713886,4551456423,-590882299,2021-07-29
15856,,266_455748445_CACEIS,1136275215,OB,OB,No-pair,fx wire,Caceis booked the fx wire for SD 02-18-2020. Integrata yet to book,1136275215,1136275215,4551456423,-590882299,2021-07-29
15857,,115_4551248485_CACEIS,1800039578,OB,OB,No-pair,wire transfer,Caceis booked the wire transfer for SD 02-26-2021. Integrata yet to book,1800039578,1800039578,4551456423,-590882299,2021-07-29
15858,,207_455934920_CACEIS,1383926745,OB,OB,No-pair,fx wire,Caceis booked the fx wire for SD 07-10-2020. Integrata yet to book,1383926745,1383926745,4551456423,-590882299,2021-07-29
15859,,49_4551264332_CACEIS,1819946037,OB,OB,No-pair,wire transfer,Caceis booked the wire transfer for SD 03-10-2021. Integrata yet to book,1819946037,1819946037,4551456423,-590882299,2021-07-29
15860,,12_4551402499_CACEIS,2006719924,OB,OB,No-pair,proceeds sell,Caceis booked the proceeds sell for SD 06-21-2021. Integrata yet to book,2006719924,2006719924,4551456423,-590882299,2021-07-29
15861,,320_455590588_CACEIS,883858546,OB,OB,No-pair,fx wire,Caceis booked the fx wire for SD 10-15-2019. Integrata yet to book,883858546,883858546,4551456423,-590882299,2021-07-29
15862,,99_455748445_CACEIS,1136275129,OB,OB,No-pair,fx wire,Caceis booked the fx wire for SD 02-18-2020. Integrata yet to book,1136275129,1136275129,4551456423,-590882299,2021-07-29
15863,,98_455745203_CACEIS,1132280411,OB,OB,No-pair,fx wire,Caceis booked the fx wire for SD 02-14-2020. Integrata yet to book,1132280411,1132280411,4551456423,-590882299,2021-07-29
15864,,283_455669415_CACEIS,1020661944,OB,OB,No-pair,fx wire,Caceis booked the fx wire for SD 12-16-2019. Integrata yet to book,1020661944,1020661944,4551456423,-590882299,2021-07-29
15865,,913_455822501_CACEIS,1235307901,OB,OB,No-pair,fx wire,Caceis booked the fx wire for SD 04-15-2020. Integrata yet to book,1235307901,1235307901,4551456423,-590882299,2021-07-29
15866,,7_4551022171_CACEIS,1497701245,OB,OB,No-pair,wire transfer,Caceis booked the wire transfer for SD 09-14-2020. Integrata yet to book,1497701245,1497701245,4551456423,-590882299,2021-07-29
15867,,7_455785049_CACEIS,1187309063,OB,OB,No-pair,proceeds sell,Caceis booked the proceeds sell for SD 03-17-2020. Integrata yet to book,1187309063,1187309063,4551456423,-590882299,2021-07-29
15868,,403_455985296_CACEIS,1449582105,OB,OB,No-pair,fx wire,Caceis booked the fx wire for SD 08-17-2020. Integrata yet to book,1449582105,1449582105,4551456423,-590882299,2021-07-29
15869,,120_4551248485_CACEIS,1800039583,OB,OB,No-pair,wire transfer,Caceis booked the wire transfer for SD 02-26-2021. Integrata yet to book,1800039583,1800039583,4551456423,-590882299,2021-07-29
15870,,5_4551057246_CACEIS,1544059584,OB,OB,No-pair,wire transfer,Caceis booked the wire transfer for SD 10-08-2020. Integrata yet to book,1544059584,1544059584,4551456423,-590882299,2021-07-29
15871,,76_455442954_CACEIS,637183766,OB,OB,No-pair,fx wire,Caceis booked the fx wire for SD 06-17-2019. Integrata yet to book,637183766,637183766,4551456423,-590882299,2021-07-29
15872,,3_455890907_CACEIS,1325113960,OB,OB,No-pair,wire transfer,Caceis booked the wire transfer for SD 06-08-2020. Integrata yet to book,1325113960,1325113960,4551456423,-590882299,2021-07-29
15873,,252_4551354754_CACEIS,1942399712,OB,OB,No-pair,fx wire,Caceis booked the fx wire for SD 05-17-2021. Integrata yet to book,1942399712,1942399712,4551456423,-590882299,2021-07-29
15874,,259_4551248485_CACEIS,1800039577,OB,OB,No-pair,wire transfer,Caceis booked the wire transfer for SD 02-25-2021. Integrata yet to book,1800039577,1800039577,4551456423,-590882299,2021-07-29
15875,,86_455783582_CACEIS,1185159347,OB,OB,No-pair,fx wire,Caceis booked the fx wire for SD 03-16-2020. Integrata yet to book,1185159347,1185159347,4551456423,-590882299,2021-07-29
15876,,23_4551220415_CACEIS,1761955965,OB,OB,No-pair,wire transfer,Caceis booked the wire transfer for SD 02-05-2021. Integrata yet to book,1761955965,1761955965,4551456423,-590882299,2021-07-29
15877,,374_4551066313_CACEIS,1556876606,OB,OB,No-pair,fx wire,Caceis booked the fx wire for SD 10-15-2020. Integrata yet to book,1556876606,1556876606,4551456423,-590882299,2021-07-29
15878,,77_455748445_CACEIS,1136275118,OB,OB,No-pair,fx wire,Caceis booked the fx wire for SD 02-18-2020. Integrata yet to book,1136275118,1136275118,4551456423,-590882299,2021-07-29
15879,,468_4551191593_CACEIS,1722905392,OB,OB,No-pair,fx wire,Caceis booked the fx wire for SD 01-15-2021. Integrata yet to book,1722905392,1722905392,4551456423,-590882299,2021-07-29
15880,,370_455985296_CACEIS,1449582087,OB,OB,No-pair,fx wire,Caceis booked the fx wire for SD 08-17-2020. Integrata yet to book,1449582087,1449582087,4551456423,-590882299,2021-07-29
15881,,189_455706635_CACEIS,1081907280,OB,OB,No-pair,fx wire,Caceis booked the fx wire for SD 01-15-2020. Integrata yet to book,1081907280,1081907280,4551456423,-590882299,2021-07-29
15882,,411_4551232906_CACEIS,1780156727,OB,OB,No-pair,fx wire,Caceis booked the fx wire for SD 02-16-2021. Integrata yet to book,1780156727,1780156727,4551456423,-590882299,2021-07-29
15883,,2_349816_CACEIS,505077742,OB,OB,No-pair,monthend interest,Caceis booked the monthend interest for SD 04-01-2019. Integrata yet to book,505077742,505077742,4551456423,-590882299,2021-07-29
15884,,7_4551411869_CACEIS,2018959421,OB,OB,No-pair,fx wire,Caceis booked the fx wire for SD 06-28-2021. Integrata yet to book,2018959421,2018959421,4551456423,-590882299,2021-07-29
15885,,288_455669415_CACEIS,1020661900,OB,OB,No-pair,fx wire,Caceis booked the fx wire for SD 12-16-2019. Integrata yet to book,1020661900,1020661900,4551456423,-590882299,2021-07-29
15886,,13_455533322_CACEIS,787871334,OB,OB,No-pair,fx wire,Caceis booked the fx wire for SD 08-30-2019. Integrata yet to book,787871334,787871334,4551456423,-590882299,2021-07-29
15887,,59_455701234_CACEIS,1075203678,OB,OB,No-pair,fees,Caceis booked the fees for SD 01-09-2020. Integrata yet to book,1075203678,1075203678,4551456423,-590882299,2021-07-29
15888,,939_455822501_CACEIS,1235307912,OB,OB,No-pair,fx wire,Caceis booked the fx wire for SD 04-15-2020. Integrata yet to book,1235307912,1235307912,4551456423,-590882299,2021-07-29
15889,,87_4551066313_CACEIS,1556876267,OB,OB,No-pair,fx wire,Caceis booked the fx wire for SD 10-15-2020. Integrata yet to book,1556876267,1556876267,4551456423,-590882299,2021-07-29
15890,,45_4551428980_CACEIS,2040344600,OB,OB,No-pair,fx wire,Caceis booked the fx wire for SD 07-09-2021. Integrata yet to book,2040344600,2040344600,4551456423,-590882299,2021-07-29
15891,,29_455577664_CACEIS,861360882,OB,OB,No-pair,fx wire,Caceis booked the fx wire for SD 10-04-2019. Integrata yet to book,861360882,861360882,4551456423,-590882299,2021-07-29
15892,,1_455878037_CACEIS,1307184507,OB,OB,No-pair,wire transfer,Caceis booked the wire transfer for SD 05-28-2020. Integrata yet to book,1307184507,1307184507,4551456423,-590882299,2021-07-29
15893,,43_455533322_CACEIS,787871261,OB,OB,No-pair,monthend interest,Caceis booked the monthend interest for SD 09-01-2019. Integrata yet to book,787871261,787871261,4551456423,-590882299,2021-07-29
15894,,3_455982783_CACEIS,1446488978,OB,OB,No-pair,wire transfer,Caceis booked the wire transfer for SD 08-14-2020. Integrata yet to book,1446488978,1446488978,4551456423,-590882299,2021-07-29
15895,,13_455755745_CACEIS,1145540680,OB,OB,No-pair,proceeds sell,Caceis booked the proceeds sell for SD 02-24-2020. Integrata yet to book,1145540680,1145540680,4551456423,-590882299,2021-07-29
15896,,104_4551269721_CACEIS,1827473906,OB,OB,No-pair,fx wire,Caceis booked the fx wire for SD 03-15-2021. Integrata yet to book,1827473906,1827473906,4551456423,-590882299,2021-07-29
15897,,54_306589_CACEIS,433998233,OB,OB,No-pair,fx wire,Caceis booked the fx wire for SD 02-15-2019. Integrata yet to book,433998233,433998233,4551456423,-590882299,2021-07-29
15898,,373_455985296_CACEIS,1449582100,OB,OB,No-pair,fx wire,Caceis booked the fx wire for SD 08-17-2020. Integrata yet to book,1449582100,1449582100,4551456423,-590882299,2021-07-29
15899,,289_4551191593_CACEIS,1722905376,OB,OB,No-pair,fx wire,Caceis booked the fx wire for SD 01-15-2021. Integrata yet to book,1722905376,1722905376,4551456423,-590882299,2021-07-29
15900,,37_4551171343_CACEIS,1696929170,OB,OB,No-pair,monthend interest,Caceis booked the monthend interest for SD 01-01-2021. Integrata yet to book,1696929170,1696929170,4551456423,-590882299,2021-07-29
15901,,18_4551285256_CACEIS,1847792955,OB,OB,No-pair,proceeds sell,Caceis booked the proceeds sell for SD 03-22-2021. Integrata yet to book,1847792955,1847792955,4551456423,-590882299,2021-07-29
15902,,348_4551232906_CACEIS,1780156712,OB,OB,No-pair,fx wire,Caceis booked the fx wire for SD 02-16-2021. Integrata yet to book,1780156712,1780156712,4551456423,-590882299,2021-07-29
15903,,10_4551157661_CACEIS,1677770276,OB,OB,No-pair,proceeds sell,Caceis booked the proceeds sell for SD 12-21-2020. Integrata yet to book,1677770276,1677770276,4551456423,-590882299,2021-07-29
15904,,263_4551109218_CACEIS,1613287174,OB,OB,No-pair,fx wire,Caceis booked the fx wire for SD 11-16-2020. Integrata yet to book,1613287174,1613287174,4551456423,-590882299,2021-07-29
15905,,414_4551232906_CACEIS,1780156816,OB,OB,No-pair,fx wire,Caceis booked the fx wire for SD 02-16-2021. Integrata yet to book,1780156816,1780156816,4551456423,-590882299,2021-07-29
15906,,3_4551083561_CACEIS,1579309180,OB,OB,No-pair,wire transfer,Caceis booked the wire transfer for SD 10-27-2020. Integrata yet to book,1579309180,1579309180,4551456423,-590882299,2021-07-29
15907,,3_455927788_CACEIS,1374347954,OB,OB,No-pair,fx wire,Caceis booked the fx wire for SD 07-06-2020. Integrata yet to book,1374347954,1374347954,4551456423,-590882299,2021-07-29
15908,,135_4551248485_CACEIS,1800039484,OB,OB,No-pair,fx wire,Caceis booked the fx wire for SD 02-26-2021. Integrata yet to book,1800039484,1800039484,4551456423,-590882299,2021-07-29
15909,,212_455940640_CACEIS,1391596095,OB,OB,No-pair,fx wire,Caceis booked the fx wire for SD 07-15-2020. Integrata yet to book,1391596095,1391596095,4551456423,-590882299,2021-07-29
15910,,49_4551023983_CACEIS,1500213834,OB,OB,No-pair,fx wire,Caceis booked the fx wire for SD 09-15-2020. Integrata yet to book,1500213834,1500213834,4551456423,-590882299,2021-07-29
15911,,462_4551191593_CACEIS,1722905546,OB,OB,No-pair,fx wire,Caceis booked the fx wire for SD 01-15-2021. Integrata yet to book,1722905546,1722905546,4551456423,-590882299,2021-07-29
15912,,112_455777858_CACEIS,1177395748,OB,OB,No-pair,fees,Caceis booked the fees for SD 03-11-2020. Integrata yet to book,1177395748,1177395748,4551456423,-590882299,2021-07-29
15913,,194_455669415_CACEIS,1020662078,OB,OB,No-pair,fx wire,Caceis booked the fx wire for SD 12-16-2019. Integrata yet to book,1020662078,1020662078,4551456423,-590882299,2021-07-29
15914,,205_455940640_CACEIS,1391596203,OB,OB,No-pair,fx wire,Caceis booked the fx wire for SD 07-15-2020. Integrata yet to book,1391596203,1391596203,4551456423,-590882299,2021-07-29
15915,,105_455777858_CACEIS,1177395871,OB,OB,No-pair,fees,Caceis booked the fees for SD 03-11-2020. Integrata yet to book,1177395871,1177395871,4551456423,-590882299,2021-07-29
15916,,247_4551354754_CACEIS,1942399727,OB,OB,No-pair,fx wire,Caceis booked the fx wire for SD 05-17-2021. Integrata yet to book,1942399727,1942399727,4551456423,-590882299,2021-07-29
15917,,3_455918445_CACEIS,1361768985,OB,OB,No-pair,wire transfer,Caceis booked the wire transfer for SD 06-29-2020. Integrata yet to book,1361768985,1361768985,4551456423,-590882299,2021-07-29
15918,,73_455777858_CACEIS,1177395941,OB,OB,No-pair,fees,Caceis booked the fees for SD 03-11-2020. Integrata yet to book,1177395941,1177395941,4551456423,-590882299,2021-07-29
15919,,55_455777858_CACEIS,1177395966,OB,OB,No-pair,fees,Caceis booked the fees for SD 03-11-2020. Integrata yet to book,1177395966,1177395966,4551456423,-590882299,2021-07-29
15920,,289_455900053_CACEIS,1336713786,OB,OB,No-pair,fx wire,Caceis booked the fx wire for SD 06-15-2020. Integrata yet to book,1336713786,1336713786,4551456423,-590882299,2021-07-29
15921,,4_4551343376_CACEIS,1925737812,OB,OB,No-pair,fx wire,Caceis booked the fx wire for SD 05-07-2021. Integrata yet to book,1925737812,1925737812,4551456423,-590882299,2021-07-29
15922,,8_4551157661_CACEIS,1677770270,OB,OB,No-pair,proceeds sell,Caceis booked the proceeds sell for SD 12-21-2020. Integrata yet to book,1677770270,1677770270,4551456423,-590882299,2021-07-29
15923,,27_4551087502_CACEIS,1584326615,OB,OB,No-pair,monthend interest,Caceis booked the monthend interest for SD 11-01-2020. Integrata yet to book,1584326615,1584326615,4551456423,-590882299,2021-07-29
15924,,239_455748445_CACEIS,1136275227,OB,OB,No-pair,fx wire,Caceis booked the fx wire for SD 02-18-2020. Integrata yet to book,1136275227,1136275227,4551456423,-590882299,2021-07-29
15925,,58_455777858_CACEIS,1177395606,OB,OB,No-pair,fees,Caceis booked the fees for SD 03-11-2020. Integrata yet to book,1177395606,1177395606,4551456423,-590882299,2021-07-29
15926,,47_455808758_CACEIS,1217520374,OB,OB,No-pair,wire transfer,Caceis booked the wire transfer for SD 04-03-2020. Integrata yet to book,1217520374,1217520374,4551456423,-590882299,2021-07-29
15927,,12_4551343376_CACEIS,1925737820,OB,OB,No-pair,fx wire,Caceis booked the fx wire for SD 05-07-2021. Integrata yet to book,1925737820,1925737820,4551456423,-590882299,2021-07-29
15928,,9_4551343376_CACEIS,1925737815,OB,OB,No-pair,fx wire,Caceis booked the fx wire for SD 05-07-2021. Integrata yet to book,1925737815,1925737815,4551456423,-590882299,2021-07-29
15929,,84_306589_CACEIS,433998257,OB,OB,No-pair,fx wire,Caceis booked the fx wire for SD 02-15-2019. Integrata yet to book,433998257,433998257,4551456423,-590882299,2021-07-29
15930,,262_455783582_CACEIS,1185159441,OB,OB,No-pair,fx wire,Caceis booked the fx wire for SD 03-16-2020. Integrata yet to book,1185159441,1185159441,4551456423,-590882299,2021-07-29
15931,,51_4551394628_CACEIS,1997244621,OB,OB,No-pair,fx wire,Caceis booked the fx wire for SD 06-15-2021. Integrata yet to book,1997244621,1997244621,4551456423,-590882299,2021-07-29
15932,,163_4551023983_CACEIS,1500213908,OB,OB,No-pair,fx wire,Caceis booked the fx wire for SD 09-15-2020. Integrata yet to book,1500213908,1500213908,4551456423,-590882299,2021-07-29
15933,,280_4551149959_CACEIS,1667623193,OB,OB,No-pair,fx wire,Caceis booked the fx wire for SD 12-15-2020. Integrata yet to book,1667623193,1667623193,4551456423,-590882299,2021-07-29
15934,,66_4551039598_CACEIS,1521245896,OB,OB,No-pair,fx wire,Caceis booked the fx wire for SD 09-25-2020. Integrata yet to book,1521245896,1521245896,4551456423,-590882299,2021-07-29
15935,,14_455449139_CACEIS,646003537,OB,OB,No-pair,fx wire,Caceis booked the fx wire for SD 06-21-2019. Integrata yet to book,646003537,646003537,4551456423,-590882299,2021-07-29
15936,,53_455777858_CACEIS,1177395944,OB,OB,No-pair,fees,Caceis booked the fees for SD 03-11-2020. Integrata yet to book,1177395944,1177395944,4551456423,-590882299,2021-07-29
15937,,16_455721813_CACEIS,1101209623,OB,OB,No-pair,wire transfer,Caceis booked the wire transfer for SD 01-23-2020. Integrata yet to book,1101209623,1101209623,4551456423,-590882299,2021-07-29
15938,,79_455783582_CACEIS,1185159226,OB,OB,No-pair,fx wire,Caceis booked the fx wire for SD 03-16-2020. Integrata yet to book,1185159226,1185159226,4551456423,-590882299,2021-07-29
15939,,4_455577664_CACEIS,861360912,OB,OB,No-pair,fx wire,Caceis booked the fx wire for SD 10-04-2019. Integrata yet to book,861360912,861360912,4551456423,-590882299,2021-07-29
15940,,345_455900053_CACEIS,1336713800,OB,OB,No-pair,fx wire,Caceis booked the fx wire for SD 06-15-2020. Integrata yet to book,1336713800,1336713800,4551456423,-590882299,2021-07-29
15941,,462_455985296_CACEIS,1449582121,OB,OB,No-pair,fx wire,Caceis booked the fx wire for SD 08-17-2020. Integrata yet to book,1449582121,1449582121,4551456423,-590882299,2021-07-29
15942,,49_455777858_CACEIS,1177395860,OB,OB,No-pair,fees,Caceis booked the fees for SD 03-11-2020. Integrata yet to book,1177395860,1177395860,4551456423,-590882299,2021-07-29
15943,,70_333062_CACEIS,479846778,OB,OB,No-pair,fx wire,Caceis booked the fx wire for SD 03-15-2019. Integrata yet to book,479846778,479846778,4551456423,-590882299,2021-07-29
15944,,78_455783582_CACEIS,1185159208,OB,OB,No-pair,fx wire,Caceis booked the fx wire for SD 03-16-2020. Integrata yet to book,1185159208,1185159208,4551456423,-590882299,2021-07-29
15945,,471_455985296_CACEIS,1449582132,OB,OB,No-pair,fx wire,Caceis booked the fx wire for SD 08-17-2020. Integrata yet to book,1449582132,1449582132,4551456423,-590882299,2021-07-29
15946,,461_4551066313_CACEIS,1556876744,OB,OB,No-pair,fx wire,Caceis booked the fx wire for SD 10-15-2020. Integrata yet to book,1556876744,1556876744,4551456423,-590882299,2021-07-29
15947,,5_455716646_CACEIS,1094282297,OB,OB,No-pair,wire transfer,Caceis booked the wire transfer for SD 01-23-2020. Integrata yet to book,1094282297,1094282297,4551456423,-590882299,2021-07-29
15948,,86_4551436806_CACEIS,2049885889,OB,OB,No-pair,fx wire,Caceis booked the fx wire for SD 07-15-2021. Integrata yet to book,2049885889,2049885889,4551456423,-590882299,2021-07-29
15949,,73_455822501_CACEIS,1235308007,OB,OB,No-pair,fx wire,Caceis booked the fx wire for SD 04-15-2020. Integrata yet to book,1235308007,1235308007,4551456423,-590882299,2021-07-29
15950,,82_455777858_CACEIS,1177395772,OB,OB,No-pair,fees,Caceis booked the fees for SD 03-11-2020. Integrata yet to book,1177395772,1177395772,4551456423,-590882299,2021-07-29
15951,,62_455777858_CACEIS,1177395762,OB,OB,No-pair,fees,Caceis booked the fees for SD 03-11-2020. Integrata yet to book,1177395762,1177395762,4551456423,-590882299,2021-07-29
15952,,479_4551066313_CACEIS,1556876749,OB,OB,No-pair,fx wire,Caceis booked the fx wire for SD 10-15-2020. Integrata yet to book,1556876749,1556876749,4551456423,-590882299,2021-07-29
15953,,39_4551269721_CACEIS,1827473872,OB,OB,No-pair,fx wire,Caceis booked the fx wire for SD 03-15-2021. Integrata yet to book,1827473872,1827473872,4551456423,-590882299,2021-07-29
15954,,13_316753_CACEIS,453176736,OB,OB,No-pair,fx wire,Caceis booked the fx wire for SD 03-01-2019. Integrata yet to book,453176736,453176736,4551456423,-590882299,2021-07-29
15955,,453_4551191593_CACEIS,1722905511,OB,OB,No-pair,fx wire,Caceis booked the fx wire for SD 01-15-2021. Integrata yet to book,1722905511,1722905511,4551456423,-590882299,2021-07-29
15956,,37_455516633_CACEIS,760048493,OB,OB,No-pair,fx wire,Caceis booked the fx wire for SD 08-16-2019. Integrata yet to book,760048493,760048493,4551456423,-590882299,2021-07-29
15957,,75_455762980_CACEIS,1156897724,OB,OB,No-pair,monthend interest,Caceis booked the monthend interest for SD 03-01-2020. Integrata yet to book,1156897724,1156897724,4551456423,-590882299,2021-07-29
15958,,13_4551157661_CACEIS,1677770282,OB,OB,No-pair,proceeds sell,Caceis booked the proceeds sell for SD 12-21-2020. Integrata yet to book,1677770282,1677770282,4551456423,-590882299,2021-07-29
15959,,62_455701234_CACEIS,1075203682,OB,OB,No-pair,fees,Caceis booked the fees for SD 01-09-2020. Integrata yet to book,1075203682,1075203682,4551456423,-590882299,2021-07-29
15960,,80_455777858_CACEIS,1177395734,OB,OB,No-pair,fees,Caceis booked the fees for SD 03-11-2020. Integrata yet to book,1177395734,1177395734,4551456423,-590882299,2021-07-29
15961,,111_455777858_CACEIS,1177395723,OB,OB,No-pair,fees,Caceis booked the fees for SD 03-11-2020. Integrata yet to book,1177395723,1177395723,4551456423,-590882299,2021-07-29
15962,,65_4551039598_CACEIS,1521245962,OB,OB,No-pair,fx wire,Caceis booked the fx wire for SD 09-25-2020. Integrata yet to book,1521245962,1521245962,4551456423,-590882299,2021-07-29
15963,,75_4551220415_CACEIS,1761955964,OB,OB,No-pair,fx wire,Caceis booked the fx wire for SD 02-05-2021. Integrata yet to book,1761955964,1761955964,4551456423,-590882299,2021-07-29
15964,,18_349816_CACEIS,505077750,OB,OB,No-pair,fx wire,Caceis booked the fx wire for SD 03-29-2019. Integrata yet to book,505077750,505077750,4551456423,-590882299,2021-07-29
15965,,692_455862625_CACEIS,1287004764,OB,OB,No-pair,fx wire,Caceis booked the fx wire for SD 05-15-2020. Integrata yet to book,1287004764,1287004764,4551456423,-590882299,2021-07-29
15966,,56_455777858_CACEIS,1177395953,OB,OB,No-pair,fees,Caceis booked the fees for SD 03-11-2020. Integrata yet to book,1177395953,1177395953,4551456423,-590882299,2021-07-29
15967,,88_455777858_CACEIS,1177395851,OB,OB,No-pair,fees,Caceis booked the fees for SD 03-11-2020. Integrata yet to book,1177395851,1177395851,4551456423,-590882299,2021-07-29
15968,,79_455777858_CACEIS,1177395709,OB,OB,No-pair,fees,Caceis booked the fees for SD 03-11-2020. Integrata yet to book,1177395709,1177395709,4551456423,-590882299,2021-07-29
15969,,91_4551394628_CACEIS,1997244645,OB,OB,No-pair,fx wire,Caceis booked the fx wire for SD 06-15-2021. Integrata yet to book,1997244645,1997244645,4551456423,-590882299,2021-07-29
15970,,4_455672797_CACEIS,1026409331,OB,OB,No-pair,wire transfer,Caceis booked the wire transfer for SD 12-16-2019. Integrata yet to book,1026409331,1026409331,4551456423,-590882299,2021-07-29
15971,,64_455799620_CACEIS,1205700369,OB,OB,No-pair,fx wire,Caceis booked the fx wire for SD 03-27-2020. Integrata yet to book,1205700369,1205700369,4551456423,-590882299,2021-07-29
15972,,39_4551039598_CACEIS,1521245944,OB,OB,No-pair,fx wire,Caceis booked the fx wire for SD 09-25-2020. Integrata yet to book,1521245944,1521245944,4551456423,-590882299,2021-07-29
15973,,116_455822501_CACEIS,1235307997,OB,OB,No-pair,fx wire,Caceis booked the fx wire for SD 04-15-2020. Integrata yet to book,1235307997,1235307997,4551456423,-590882299,2021-07-29
15974,,113_455442954_CACEIS,637183850,OB,OB,No-pair,fx wire,Caceis booked the fx wire for SD 06-17-2019. Integrata yet to book,637183850,637183850,4551456423,-590882299,2021-07-29
15975,,301_4551191593_CACEIS,1722905286,OB,OB,No-pair,fx wire,Caceis booked the fx wire for SD 01-15-2021. Integrata yet to book,1722905286,1722905286,4551456423,-590882299,2021-07-29
15976,,118_455442954_CACEIS,637183838,OB,OB,No-pair,fx wire,Caceis booked the fx wire for SD 06-17-2019. Integrata yet to book,637183838,637183838,4551456423,-590882299,2021-07-29
15977,,51_455554115_CACEIS,824385022,OB,OB,No-pair,fx wire,Caceis booked the fx wire for SD 09-17-2019. Integrata yet to book,824385022,824385022,4551456423,-590882299,2021-07-29
15978,,72_455777858_CACEIS,1177395932,OB,OB,No-pair,fees,Caceis booked the fees for SD 03-11-2020. Integrata yet to book,1177395932,1177395932,4551456423,-590882299,2021-07-29
15979,,50_455777858_CACEIS,1177395924,OB,OB,No-pair,fees,Caceis booked the fees for SD 03-11-2020. Integrata yet to book,1177395924,1177395924,4551456423,-590882299,2021-07-29
15980,,390_455748445_CACEIS,1136275108,OB,OB,No-pair,fx wire,Caceis booked the fx wire for SD 02-18-2020. Integrata yet to book,1136275108,1136275108,4551456423,-590882299,2021-07-29
15981,,60_455777858_CACEIS,1177395651,OB,OB,No-pair,fees,Caceis booked the fees for SD 03-11-2020. Integrata yet to book,1177395651,1177395651,4551456423,-590882299,2021-07-29
15982,,76_455777858_CACEIS,1177395697,OB,OB,No-pair,fees,Caceis booked the fees for SD 03-11-2020. Integrata yet to book,1177395697,1177395697,4551456423,-590882299,2021-07-29
15983,,249_4551109218_CACEIS,1613286895,OB,OB,No-pair,fx wire,Caceis booked the fx wire for SD 11-16-2020. Integrata yet to book,1613286895,1613286895,4551456423,-590882299,2021-07-29
15984,,67_455748445_CACEIS,1136275047,OB,OB,No-pair,fx wire,Caceis booked the fx wire for SD 02-18-2020. Integrata yet to book,1136275047,1136275047,4551456423,-590882299,2021-07-29
15985,,108_455777858_CACEIS,1177395647,OB,OB,No-pair,fees,Caceis booked the fees for SD 03-11-2020. Integrata yet to book,1177395647,1177395647,4551456423,-590882299,2021-07-29
15986,,9_4551299798_CACEIS,1866915107,OB,OB,No-pair,fx wire,Caceis booked the fx wire for SD 04-06-2021. Integrata yet to book,1866915107,1866915107,4551456423,-590882299,2021-07-29
15987,,152_455900053_CACEIS,1336713743,OB,OB,No-pair,fx wire,Caceis booked the fx wire for SD 06-15-2020. Integrata yet to book,1336713743,1336713743,4551456423,-590882299,2021-07-29
15988,,60_333062_CACEIS,479846809,OB,OB,No-pair,fx wire,Caceis booked the fx wire for SD 03-15-2019. Integrata yet to book,479846809,479846809,4551456423,-590882299,2021-07-29
15989,,138_4551313388_CACEIS,1883527771,OB,OB,No-pair,fx wire,Caceis booked the fx wire for SD 04-15-2021. Integrata yet to book,1883527771,1883527771,4551456423,-590882299,2021-07-29
15990,,74_455777858_CACEIS,1177395636,OB,OB,No-pair,fees,Caceis booked the fees for SD 03-11-2020. Integrata yet to book,1177395636,1177395636,4551456423,-590882299,2021-07-29
15991,,107_455777858_CACEIS,1177395609,OB,OB,No-pair,fees,Caceis booked the fees for SD 03-11-2020. Integrata yet to book,1177395609,1177395609,4551456423,-590882299,2021-07-29
15992,,50_4551145900_CACEIS,1662179020,OB,OB,No-pair,fx wire,Caceis booked the fx wire for SD 12-11-2020. Integrata yet to book,1662179020,1662179020,4551456423,-590882299,2021-07-29
15993,,753_455862625_CACEIS,1287005051,OB,OB,No-pair,fx wire,Caceis booked the fx wire for SD 05-15-2020. Integrata yet to book,1287005051,1287005051,4551456423,-590882299,2021-07-29
15994,,53_455846205_CACEIS,1265566784,OB,OB,No-pair,fx wire,Caceis booked the fx wire for SD 05-04-2020. Integrata yet to book,1265566784,1265566784,4551456423,-590882299,2021-07-29
15995,,31_455554115_CACEIS,824385007,OB,OB,No-pair,fx wire,Caceis booked the fx wire for SD 09-17-2019. Integrata yet to book,824385007,824385007,4551456423,-590882299,2021-07-29
15996,,78_455900053_CACEIS,1336713435,OB,OB,No-pair,fx wire,Caceis booked the fx wire for SD 06-15-2020. Integrata yet to book,1336713435,1336713435,4551456423,-590882299,2021-07-29
15997,,190_455590588_CACEIS,883858571,OB,OB,No-pair,fx wire,Caceis booked the fx wire for SD 10-15-2019. Integrata yet to book,883858571,883858571,4551456423,-590882299,2021-07-29
15998,,6_4551057246_CACEIS,1544059580,OB,OB,No-pair,wire transfer,Caceis booked the wire transfer for SD 10-08-2020. Integrata yet to book,1544059580,1544059580,4551456423,-590882299,2021-07-29
15999,,66_455777858_CACEIS,1177395841,OB,OB,No-pair,fees,Caceis booked the fees for SD 03-11-2020. Integrata yet to book,1177395841,1177395841,4551456423,-590882299,2021-07-29
16000,,34_4551039598_CACEIS,1521245941,OB,OB,No-pair,fx wire,Caceis booked the fx wire for SD 09-25-2020. Integrata yet to book,1521245941,1521245941,4551456423,-590882299,2021-07-29
16001,,207_455783582_CACEIS,1185159401,OB,OB,No-pair,fx wire,Caceis booked the fx wire for SD 03-16-2020. Integrata yet to book,1185159401,1185159401,4551456423,-590882299,2021-07-29
16002,,11_455495487_CACEIS,723390011,OB,OB,No-pair,monthend interest,Caceis booked the monthend interest for SD 08-01-2019. Integrata yet to book,723390011,723390011,4551456423,-590882299,2021-07-29
16003,,65_455777858_CACEIS,1177395825,OB,OB,No-pair,fees,Caceis booked the fees for SD 03-11-2020. Integrata yet to book,1177395825,1177395825,4551456423,-590882299,2021-07-29
16004,,273_4551191593_CACEIS,1722905363,OB,OB,No-pair,fx wire,Caceis booked the fx wire for SD 01-15-2021. Integrata yet to book,1722905363,1722905363,4551456423,-590882299,2021-07-29
16005,,417_4551191593_CACEIS,1722905375,OB,OB,No-pair,fx wire,Caceis booked the fx wire for SD 01-15-2021. Integrata yet to book,1722905375,1722905375,4551456423,-590882299,2021-07-29
16006,,61_455777858_CACEIS,1177395694,OB,OB,No-pair,fees,Caceis booked the fees for SD 03-11-2020. Integrata yet to book,1177395694,1177395694,4551456423,-590882299,2021-07-29
16007,,109_455777858_CACEIS,1177395661,OB,OB,No-pair,fees,Caceis booked the fees for SD 03-11-2020. Integrata yet to book,1177395661,1177395661,4551456423,-590882299,2021-07-29
16008,,110_455442954_CACEIS,637183776,OB,OB,No-pair,fx wire,Caceis booked the fx wire for SD 06-17-2019. Integrata yet to book,637183776,637183776,4551456423,-590882299,2021-07-29
16009,,2_455918445_CACEIS,1361768983,OB,OB,No-pair,wire transfer,Caceis booked the wire transfer for SD 01-21-2020. Integrata yet to book,1361768983,1361768983,4551456423,-590882299,2021-07-29
16010,,45_455973142_CACEIS,1434650058,OB,OB,No-pair,fx wire,Caceis booked the fx wire for SD 08-07-2020. Integrata yet to book,1434650058,1434650058,4551456423,-590882299,2021-07-29
16011,,336_455822501_CACEIS,1235307999,OB,OB,No-pair,fx wire,Caceis booked the fx wire for SD 04-15-2020. Integrata yet to book,1235307999,1235307999,4551456423,-590882299,2021-07-29
16012,,21_4551101474_CACEIS,1602589079,OB,OB,No-pair,wire transfer,Caceis booked the wire transfer for SD 11-10-2020. Integrata yet to book,1602589079,1602589079,4551456423,-590882299,2021-07-29
16013,,116_4551220415_CACEIS,1761956156,OB,OB,No-pair,fx wire,Caceis booked the fx wire for SD 02-05-2021. Integrata yet to book,1761956156,1761956156,4551456423,-590882299,2021-07-29
16014,,67_455777858_CACEIS,1177395632,OB,OB,No-pair,fees,Caceis booked the fees for SD 03-11-2020. Integrata yet to book,1177395632,1177395632,4551456423,-590882299,2021-07-29
16015,,23_4551214580_CACEIS,1754128757,OB,OB,No-pair,wire transfer,Caceis booked the wire transfer for SD 02-02-2021. Integrata yet to book,1754128757,1754128757,4551456423,-590882299,2021-07-29
16016,,245_4551269721_CACEIS,1827474020,OB,OB,No-pair,fx wire,Caceis booked the fx wire for SD 03-15-2021. Integrata yet to book,1827474020,1827474020,4551456423,-590882299,2021-07-29
16017,,6_455920273_CACEIS,1364559764,OB,OB,No-pair,monthend interest,Caceis booked the monthend interest for SD 07-01-2020. Integrata yet to book,1364559764,1364559764,4551456423,-590882299,2021-07-29
16018,,63_455777858_CACEIS,1177395783,OB,OB,No-pair,fees,Caceis booked the fees for SD 03-11-2020. Integrata yet to book,1177395783,1177395783,4551456423,-590882299,2021-07-29
16019,,54_4551171343_CACEIS,1696929169,OB,OB,No-pair,monthend interest,Caceis booked the monthend interest for SD 01-01-2021. Integrata yet to book,1696929169,1696929169,4551456423,-590882299,2021-07-29
16020,,47_4551354754_CACEIS,1942399452,OB,OB,No-pair,fx wire,Caceis booked the fx wire for SD 05-17-2021. Integrata yet to book,1942399452,1942399452,4551456423,-590882299,2021-07-29
16021,,230_455985296_CACEIS,1449581970,OB,OB,No-pair,fx wire,Caceis booked the fx wire for SD 08-17-2020. Integrata yet to book,1449581970,1449581970,4551456423,-590882299,2021-07-29
16022,,3_4551267661_CACEIS,1824870495,OB,OB,No-pair,fx wire,Caceis booked the fx wire for SD 03-12-2021. Integrata yet to book,1824870495,1824870495,4551456423,-590882299,2021-07-29
16023,,1163_455822501_CACEIS,1235307848,OB,OB,No-pair,proceeds sell,Caceis booked the proceeds sell for SD 04-14-2020. Integrata yet to book,1235307848,1235307848,4551456423,-590882299,2021-07-29
16024,,5_455855307_CACEIS,1277546937,OB,OB,No-pair,wire transfer,Caceis booked the wire transfer for SD 05-06-2020. Integrata yet to book,1277546937,1277546937,4551456423,-590882299,2021-07-29
16025,,48_4551044906_CACEIS,1528403563,OB,OB,No-pair,monthend interest,Caceis booked the monthend interest for SD 10-01-2020. Integrata yet to book,1528403563,1528403563,4551456423,-590882299,2021-07-29
16026,,81_4551381021_CACEIS,1979694306,OB,OB,No-pair,fx wire,Caceis booked the fx wire for SD 06-04-2021. Integrata yet to book,1979694306,1979694306,4551456423,-590882299,2021-07-29
16027,,385_455748445_CACEIS,1136275100,OB,OB,No-pair,fx wire,Caceis booked the fx wire for SD 02-18-2020. Integrata yet to book,1136275100,1136275100,4551456423,-590882299,2021-07-29
16028,,36_4551248485_CACEIS,1800039376,OB,OB,No-pair,monthend interest,Caceis booked the monthend interest for SD 03-01-2021. Integrata yet to book,1800039376,1800039376,4551456423,-590882299,2021-07-29
16029,,87_455748445_CACEIS,1136275077,OB,OB,No-pair,fx wire,Caceis booked the fx wire for SD 02-18-2020. Integrata yet to book,1136275077,1136275077,4551456423,-590882299,2021-07-29
16030,,70_4551436806_CACEIS,2049885876,OB,OB,No-pair,fx wire,Caceis booked the fx wire for SD 07-15-2021. Integrata yet to book,2049885876,2049885876,4551456423,-590882299,2021-07-29
16031,,88_4551354754_CACEIS,1942399513,OB,OB,No-pair,fx wire,Caceis booked the fx wire for SD 05-17-2021. Integrata yet to book,1942399513,1942399513,4551456423,-590882299,2021-07-29
16032,,16_252450_CACEIS,338978043,OB,OB,No-pair,monthend interest,Caceis booked the monthend interest for SD 01-01-2019. Integrata yet to book,338978043,338978043,4551456423,-590882299,2021-07-29
16033,,225_4551394628_CACEIS,1997244638,OB,OB,No-pair,fx wire,Caceis booked the fx wire for SD 06-15-2021. Integrata yet to book,1997244638,1997244638,4551456423,-590882299,2021-07-29
16034,,218_4551248485_CACEIS,1800039534,OB,OB,No-pair,fx wire,Caceis booked the fx wire for SD 02-26-2021. Integrata yet to book,1800039534,1800039534,4551456423,-590882299,2021-07-29
16035,,6_455855307_CACEIS,1277546939,OB,OB,No-pair,wire transfer,Caceis booked the wire transfer for SD 05-11-2020. Integrata yet to book,1277546939,1277546939,4551456423,-590882299,2021-07-29
16036,,151_455822501_CACEIS,1235308020,OB,OB,No-pair,fx wire,Caceis booked the fx wire for SD 04-15-2020. Integrata yet to book,1235308020,1235308020,4551456423,-590882299,2021-07-29
16037,,123_4551264332_CACEIS,1819946053,SDB,OB,No-pair,fees,Caceis booked the fees for SD 03-10-2021. Integrata yet to book,1819946053,1819946053,4551456423,-590882299,2021-07-29
16038,,118_455862625_CACEIS,1287002622,OB,OB,No-pair,fx wire,Caceis booked the fx wire for SD 05-15-2020. Integrata yet to book,1287002622,1287002622,4551456423,-590882299,2021-07-29
16039,,97_455777858_CACEIS,1177395859,OB,OB,No-pair,fees,Caceis booked the fees for SD 03-11-2020. Integrata yet to book,1177395859,1177395859,4551456423,-590882299,2021-07-29
16040,,298_4551313388_CACEIS,1883527928,OB,OB,No-pair,fx wire,Caceis booked the fx wire for SD 04-15-2021. Integrata yet to book,1883527928,1883527928,4551456423,-590882299,2021-07-29
16041,,3_455894493_CACEIS,1329860659,OB,OB,No-pair,wire transfer,Caceis booked the wire transfer for SD 06-10-2020. Integrata yet to book,1329860659,1329860659,4551456423,-590882299,2021-07-29
16042,,4_455936750_CACEIS,1386391252,OB,OB,No-pair,fees,Caceis booked the fees for SD 07-10-2020. Integrata yet to book,1386391252,1386391252,4551456423,-590882299,2021-07-29
16043,,57_455590588_CACEIS,883858507,OB,OB,No-pair,fx wire,Caceis booked the fx wire for SD 10-15-2019. Integrata yet to book,883858507,883858507,4551456423,-590882299,2021-07-29
16044,,64_4551264332_CACEIS,1819946107,SDB,OB,No-pair,fees,Caceis booked the fees for SD 03-10-2021. Integrata yet to book,1819946107,1819946107,4551456423,-590882299,2021-07-29
16045,,50_455442954_CACEIS,637183925,OB,OB,No-pair,fx wire,Caceis booked the fx wire for SD 06-17-2019. Integrata yet to book,637183925,637183925,4551456423,-590882299,2021-07-29
16046,,430_455783582_CACEIS,1185159603,OB,OB,No-pair,fx wire,Caceis booked the fx wire for SD 03-16-2020. Integrata yet to book,1185159603,1185159603,4551456423,-590882299,2021-07-29
16047,,432_4551109218_CACEIS,1613287191,OB,OB,No-pair,fx wire,Caceis booked the fx wire for SD 11-16-2020. Integrata yet to book,1613287191,1613287191,4551456423,-590882299,2021-07-29
16048,,54_455777858_CACEIS,1177395960,OB,OB,No-pair,fees,Caceis booked the fees for SD 03-11-2020. Integrata yet to book,1177395960,1177395960,4551456423,-590882299,2021-07-29
16049,,274_4551354754_CACEIS,1942399701,OB,OB,No-pair,fx wire,Caceis booked the fx wire for SD 05-17-2021. Integrata yet to book,1942399701,1942399701,4551456423,-590882299,2021-07-29
16050,,69_4551039598_CACEIS,1521245947,OB,OB,No-pair,fx wire,Caceis booked the fx wire for SD 09-25-2020. Integrata yet to book,1521245947,1521245947,4551456423,-590882299,2021-07-29
16051,,9_455432903_CACEIS,623045725,OB,OB,No-pair,fx wire,Caceis booked the fx wire for SD 06-07-2019. Integrata yet to book,623045725,623045725,4551456423,-590882299,2021-07-29
16052,,77_4551023983_CACEIS,1500214055,OB,OB,No-pair,fx wire,Caceis booked the fx wire for SD 09-15-2020. Integrata yet to book,1500214055,1500214055,4551456423,-590882299,2021-07-29
16053,,118_4551264332_CACEIS,1819945999,SDB,OB,No-pair,fees,Caceis booked the fees for SD 03-10-2021. Integrata yet to book,1819945999,1819945999,4551456423,-590882299,2021-07-29
16054,,137_455900053_CACEIS,1336713344,OB,OB,No-pair,fx wire,Caceis booked the fx wire for SD 06-15-2020. Integrata yet to book,1336713344,1336713344,4551456423,-590882299,2021-07-29
16055,,6_455936750_CACEIS,1386391250,OB,OB,No-pair,fees,Caceis booked the fees for SD 07-10-2020. Integrata yet to book,1386391250,1386391250,4551456423,-590882299,2021-07-29
16056,,42_455879764_CACEIS,1309543762,OB,OB,No-pair,fx wire,Caceis booked the fx wire for SD 05-29-2020. Integrata yet to book,1309543762,1309543762,4551456423,-590882299,2021-07-29
16057,,64_4551191593_CACEIS,1722905119,OB,OB,No-pair,fx wire,Caceis booked the fx wire for SD 01-15-2021. Integrata yet to book,1722905119,1722905119,4551456423,-590882299,2021-07-29
16058,,4_455759405_CACEIS,1151884756,OB,OB,No-pair,wire transfer,Caceis booked the wire transfer for SD 02-24-2020. Integrata yet to book,1151884756,1151884756,4551456423,-590882299,2021-07-29
16059,,312_4551313388_CACEIS,1883527934,OB,OB,No-pair,fx wire,Caceis booked the fx wire for SD 04-15-2021. Integrata yet to book,1883527934,1883527934,4551456423,-590882299,2021-07-29
16060,,119_4551264332_CACEIS,1819946013,SDB,OB,No-pair,fees,Caceis booked the fees for SD 03-10-2021. Integrata yet to book,1819946013,1819946013,4551456423,-590882299,2021-07-29
16061,,51_455777858_CACEIS,1177395934,OB,OB,No-pair,fees,Caceis booked the fees for SD 03-11-2020. Integrata yet to book,1177395934,1177395934,4551456423,-590882299,2021-07-29
16062,,29_455879764_CACEIS,1309543702,OB,OB,No-pair,monthend interest,Caceis booked the monthend interest for SD 06-01-2020. Integrata yet to book,1309543702,1309543702,4551456423,-590882299,2021-07-29
16063,,46_4551324555_CACEIS,1898109363,OB,OB,No-pair,fx wire,Caceis booked the fx wire for SD 04-23-2021. Integrata yet to book,1898109363,1898109363,4551456423,-590882299,2021-07-29
16064,,23_455879764_CACEIS,1309543805,OB,OB,No-pair,wire transfer,Caceis booked the wire transfer for SD 05-29-2020. Integrata yet to book,1309543805,1309543805,4551456423,-590882299,2021-07-29
16065,,225_4551023983_CACEIS,1500213915,OB,OB,No-pair,fx wire,Caceis booked the fx wire for SD 09-15-2020. Integrata yet to book,1500213915,1500213915,4551456423,-590882299,2021-07-29
16066,,68_4551264332_CACEIS,1819946126,SDB,OB,No-pair,fees,Caceis booked the fees for SD 03-10-2021. Integrata yet to book,1819946126,1819946126,4551456423,-590882299,2021-07-29
16067,,92_4551264332_CACEIS,1819946062,SDB,OB,No-pair,fees,Caceis booked the fees for SD 03-10-2021. Integrata yet to book,1819946062,1819946062,4551456423,-590882299,2021-07-29
16068,,483_4551066313_CACEIS,1556876711,OB,OB,No-pair,fx wire,Caceis booked the fx wire for SD 10-15-2020. Integrata yet to book,1556876711,1556876711,4551456423,-590882299,2021-07-29
16069,,9_4551220415_CACEIS,1761956152,OB,OB,No-pair,fx wire,Caceis booked the fx wire for SD 02-05-2021. Integrata yet to book,1761956152,1761956152,4551456423,-590882299,2021-07-29
16070,,897_4551232906_CACEIS,1780157230,OB,OB,No-pair,wire transfer,Caceis booked the wire transfer for SD 02-16-2021. Integrata yet to book,1780157230,1780157230,4551456423,-590882299,2021-07-29
16071,,9_4551020261_CACEIS,1495478266,OB,OB,No-pair,fees,Caceis booked the fees for SD 09-10-2020. Integrata yet to book,1495478266,1495478266,4551456423,-590882299,2021-07-29
16072,,72_4551039598_CACEIS,1521245952,OB,OB,No-pair,fx wire,Caceis booked the fx wire for SD 09-25-2020. Integrata yet to book,1521245952,1521245952,4551456423,-590882299,2021-07-29
16073,,62_4551264332_CACEIS,1819945997,SDB,OB,No-pair,fees,Caceis booked the fees for SD 03-10-2021. Integrata yet to book,1819945997,1819945997,4551456423,-590882299,2021-07-29
16074,,69_4551264332_CACEIS,1819945991,SDB,OB,No-pair,fees,Caceis booked the fees for SD 03-10-2021. Integrata yet to book,1819945991,1819945991,4551456423,-590882299,2021-07-29
16075,,484_4551066313_CACEIS,1556876719,OB,OB,No-pair,fx wire,Caceis booked the fx wire for SD 10-15-2020. Integrata yet to book,1556876719,1556876719,4551456423,-590882299,2021-07-29
16076,,11_4551020261_CACEIS,1495478273,OB,OB,No-pair,fees,Caceis booked the fees for SD 09-10-2020. Integrata yet to book,1495478273,1495478273,4551456423,-590882299,2021-07-29
16077,,103_4551264332_CACEIS,1819946111,SDB,OB,No-pair,fees,Caceis booked the fees for SD 03-10-2021. Integrata yet to book,1819946111,1819946111,4551456423,-590882299,2021-07-29
16078,,99_4551264332_CACEIS,1819946104,SDB,OB,No-pair,fees,Caceis booked the fees for SD 03-10-2021. Integrata yet to book,1819946104,1819946104,4551456423,-590882299,2021-07-29
16079,,74_4551264332_CACEIS,1819946004,SDB,OB,No-pair,fees,Caceis booked the fees for SD 03-10-2021. Integrata yet to book,1819946004,1819946004,4551456423,-590882299,2021-07-29
16080,,64_455762980_CACEIS,1156897820,OB,OB,No-pair,monthend interest,Caceis booked the monthend interest for SD 03-01-2020. Integrata yet to book,1156897820,1156897820,4551456423,-590882299,2021-07-29
16081,,8_455824379_CACEIS,1272852333,SDB,OB,No-pair,wire transfer,Caceis booked the wire transfer for SD 04-15-2020. Integrata yet to book,1272852333,1272852333,4551456423,-590882299,2021-07-29
16082,,63_4551264332_CACEIS,1819946100,SDB,OB,No-pair,fees,Caceis booked the fees for SD 03-10-2021. Integrata yet to book,1819946100,1819946100,4551456423,-590882299,2021-07-29
16083,,94_4551264332_CACEIS,1819946080,SDB,OB,No-pair,fees,Caceis booked the fees for SD 03-10-2021. Integrata yet to book,1819946080,1819946080,4551456423,-590882299,2021-07-29
16084,,26_4551244633_CACEIS,1795375937,UOB,OB,No-pair,wire transfer,Caceis booked the wire transfer for SD 02-21-2021. Integrata yet to book,1795375937,1795375937,4551456423,-590882299,2021-07-29
16085,,15_455592347_CACEIS,1260634933,SDB,OB,No-pair,dividend,Caceis booked the dividend for SD 10-15-2019. Integrata yet to book,1260634933,1260634933,4551456423,-590882299,2021-07-29
16086,,124_4551264332_CACEIS,1819946060,SDB,OB,No-pair,fees,Caceis booked the fees for SD 03-10-2021. Integrata yet to book,1819946060,1819946060,4551456423,-590882299,2021-07-29
16087,,71_4551264332_CACEIS,1819946024,SDB,OB,No-pair,fees,Caceis booked the fees for SD 03-10-2021. Integrata yet to book,1819946024,1819946024,4551456423,-590882299,2021-07-29
16088,,53_4551244633_CACEIS,1795375914,UOB,OB,No-pair,wire transfer,Caceis booked the wire transfer for SD 02-21-2021. Integrata yet to book,1795375914,1795375914,4551456423,-590882299,2021-07-29
16089,,113_4551264332_CACEIS,1819945992,SDB,OB,No-pair,fees,Caceis booked the fees for SD 03-10-2021. Integrata yet to book,1819945992,1819945992,4551456423,-590882299,2021-07-29
16090,,97_4551264332_CACEIS,1819946088,SDB,OB,No-pair,fees,Caceis booked the fees for SD 03-10-2021. Integrata yet to book,1819946088,1819946088,4551456423,-590882299,2021-07-29
16091,,110_4551264332_CACEIS,1819946096,SDB,OB,No-pair,fees,Caceis booked the fees for SD 03-10-2021. Integrata yet to book,1819946096,1819946096,4551456423,-590882299,2021-07-29
16092,,33_4551244633_CACEIS,1795375949,UOB,OB,No-pair,wire transfer,Caceis booked the wire transfer for SD 02-21-2021. Integrata yet to book,1795375949,1795375949,4551456423,-590882299,2021-07-29
16093,,91_4551264332_CACEIS,1819946055,SDB,OB,No-pair,fees,Caceis booked the fees for SD 03-10-2021. Integrata yet to book,1819946055,1819946055,4551456423,-590882299,2021-07-29
16094,,43_4551244633_CACEIS,1795375936,UOB,OB,No-pair,wire transfer,Caceis booked the wire transfer for SD 02-22-2021. Integrata yet to book,1795375936,1795375936,4551456423,-590882299,2021-07-29
16095,,70_4551264332_CACEIS,1819946014,SDB,OB,No-pair,fees,Caceis booked the fees for SD 03-10-2021. Integrata yet to book,1819946014,1819946014,4551456423,-590882299,2021-07-29
16096,6_4551226296_Integrata,,1794227200,UDB,OB,No-pair,wire transfer,Integrata booked the AUM plug for SD 02-09-2021.Caceis yet to book.,1794227200,1794227200,4551456423,-590882299,2021-07-29
16097,,56_4551244633_CACEIS,1795375928,UOB,OB,No-pair,wire transfer,Caceis booked the wire transfer for SD 02-24-2021. Integrata yet to book,1795375928,1795375928,4551456423,-590882299,2021-07-29
16098,,82_4551264332_CACEIS,1819946031,SDB,OB,No-pair,fees,Caceis booked the fees for SD 03-10-2021. Integrata yet to book,1819946031,1819946031,4551456423,-590882299,2021-07-29
16099,19_4551313388_Integrata,,1883825461,UDB,OB,No-pair,redemption,Integrata booked the redemption for SD 04-15-2021.Caceis yet to book.,1883825461,1883825461,4551456423,-590882299,2021-07-29
16100,,48_4551244633_CACEIS,1795375942,UOB,OB,No-pair,wire transfer,Caceis booked the wire transfer for SD 02-21-2021. Integrata yet to book,1795375942,1795375942,4551456423,-590882299,2021-07-29
16101,,106_4551264332_CACEIS,1819946034,SDB,OB,No-pair,fees,Caceis booked the fees for SD 03-10-2021. Integrata yet to book,1819946034,1819946034,4551456423,-590882299,2021-07-29
16102,1_4551226296_Integrata,,1794227126,UDB,OB,No-pair,wire transfer,Integrata booked the AUM plug for SD 02-09-2021.Caceis yet to book.,1794227126,1794227126,4551456423,-590882299,2021-07-29
16103,,28_4551244633_CACEIS,1795375943,UOB,OB,No-pair,wire transfer,Caceis booked the wire transfer for SD 02-21-2021. Integrata yet to book,1795375943,1795375943,4551456423,-590882299,2021-07-29
16104,,65_4551264332_CACEIS,1819946114,SDB,OB,No-pair,fees,Caceis booked the fees for SD 03-10-2021. Integrata yet to book,1819946114,1819946114,4551456423,-590882299,2021-07-29
16105,,5_4551142111_CACEIS,1657251522,UOB,OB,No-pair,fees,Caceis booked the fees for SD 12-08-2020. Integrata yet to book,1657251522,1657251522,4551456423,-590882299,2021-07-29
16106,2_455723511_Integrata,,1149186698,UDB,OB,No-pair,proceeds sell,Integrata booked the proceeds sell for SD 01-29-2020.Caceis yet to book.,1149186698,1149186698,4551456423,-590882299,2021-07-29
16107,,26_4551240968_CACEIS,1790775317,UOB,OB,No-pair,wire transfer,Caceis booked the wire transfer for SD 02-22-2021. Integrata yet to book,1790775317,1790775317,4551456423,-590882299,2021-07-29
16108,,84_4551264332_CACEIS,1819946046,SDB,OB,No-pair,fees,Caceis booked the fees for SD 03-10-2021. Integrata yet to book,1819946046,1819946046,4551456423,-590882299,2021-07-29
16109,,47_4551244633_CACEIS,1795375938,UOB,OB,No-pair,wire transfer,Caceis booked the wire transfer for SD 02-22-2021. Integrata yet to book,1795375938,1795375938,4551456423,-590882299,2021-07-29
16110,1_4551313388_Integrata,,1883825460,UDB,OB,No-pair,wire transfer,Integrata booked the AUM plug for SD 04-14-2021.Caceis yet to book.,1883825460,1883825460,4551456423,-590882299,2021-07-29
16111,,27_4551244633_CACEIS,1795375939,UOB,OB,No-pair,wire transfer,Caceis booked the wire transfer for SD 02-22-2021. Integrata yet to book,1795375939,1795375939,4551456423,-590882299,2021-07-29
16112,,86_4551264332_CACEIS,1819946071,SDB,OB,No-pair,fees,Caceis booked the fees for SD 03-10-2021. Integrata yet to book,1819946071,1819946071,4551456423,-590882299,2021-07-29
16113,,55_4551244633_CACEIS,1795375925,UOB,OB,No-pair,wire transfer,Caceis booked the wire transfer for SD 02-22-2021. Integrata yet to book,1795375925,1795375925,4551456423,-590882299,2021-07-29
16114,23_455570278_Integrata,,871115875,UDB,OB,No-pair,proceeds sell,Integrata booked the proceeds sell for SD 09-30-2019.Caceis yet to book.,871115875,871115875,4551456423,-590882299,2021-07-29
16115,,41_4551244633_CACEIS,1795375926,UOB,OB,No-pair,wire transfer,Caceis booked the wire transfer for SD 02-22-2021. Integrata yet to book,1795375926,1795375926,4551456423,-590882299,2021-07-29
16116,,66_4551264332_CACEIS,1819946121,SDB,OB,No-pair,fees,Caceis booked the fees for SD 03-10-2021. Integrata yet to book,1819946121,1819946121,4551456423,-590882299,2021-07-29
16117,,25_4551244633_CACEIS,1795375941,UOB,OB,No-pair,wire transfer,Caceis booked the wire transfer for SD 02-22-2021. Integrata yet to book,1795375941,1795375941,4551456423,-590882299,2021-07-29
16118,,21_4551226296_CACEIS,1794227483,UDB,OB,No-pair,wire transfer,Caceis booked the wire transfer for SD 02-10-2021. Integrata yet to book,1794227483,1794227483,4551456423,-590882299,2021-07-29
16119,,120_4551264332_CACEIS,1819946022,SDB,OB,No-pair,fees,Caceis booked the fees for SD 03-10-2021. Integrata yet to book,1819946022,1819946022,4551456423,-590882299,2021-07-29
16120,,24_4551240968_CACEIS,1790775314,UOB,OB,No-pair,wire transfer,Caceis booked the wire transfer for SD 02-22-2021. Integrata yet to book,1790775314,1790775314,4551456423,-590882299,2021-07-29
16121,,24_4551244633_CACEIS,1795375935,UOB,OB,No-pair,wire transfer,Caceis booked the wire transfer for SD 02-22-2021. Integrata yet to book,1795375935,1795375935,4551456423,-590882299,2021-07-29
16122,,24_4551226296_CACEIS,1794227460,UDB,OB,No-pair,wire transfer,Caceis booked the wire transfer for SD 02-10-2021. Integrata yet to book,1794227460,1794227460,4551456423,-590882299,2021-07-29
16123,,122_4551264332_CACEIS,1819946044,SDB,OB,No-pair,fees,Caceis booked the fees for SD 03-10-2021. Integrata yet to book,1819946044,1819946044,4551456423,-590882299,2021-07-29
16124,,5_4551244633_CACEIS,1795375910,UOB,OB,No-pair,proceeds sell,Caceis booked the proceeds sell for SD 02-22-2021. Integrata yet to book,1795375910,1795375910,4551456423,-590882299,2021-07-29
16125,,45_4551244633_CACEIS,1795375944,UOB,OB,No-pair,wire transfer,Caceis booked the wire transfer for SD 02-21-2021. Integrata yet to book,1795375944,1795375944,4551456423,-590882299,2021-07-29
16126,,9_4551226296_CACEIS,1794227465,UDB,OB,No-pair,fees,Caceis booked the fees for SD 02-10-2021. Integrata yet to book,1794227465,1794227465,4551456423,-590882299,2021-07-29
16127,,72_4551264332_CACEIS,1819946038,SDB,OB,No-pair,fees,Caceis booked the fees for SD 03-10-2021. Integrata yet to book,1819946038,1819946038,4551456423,-590882299,2021-07-29
16128,3_4551313388_Integrata,,1883829153,UDB,OB,No-pair,wire transfer,Integrata booked the AUM plug for SD 04-14-2021.Caceis yet to book.,1883829153,1883829153,4551456423,-590882299,2021-07-29
16129,,34_4551244633_CACEIS,1795375923,UOB,OB,No-pair,wire transfer,Caceis booked the wire transfer for SD 02-22-2021. Integrata yet to book,1795375923,1795375923,4551456423,-590882299,2021-07-29
16130,,22_4551226296_CACEIS,1794227469,UDB,OB,No-pair,wire transfer,Caceis booked the wire transfer for SD 02-10-2021. Integrata yet to book,1794227469,1794227469,4551456423,-590882299,2021-07-29
16131,,35_4551226296_CACEIS,1794227470,UDB,OB,No-pair,wire transfer,Caceis booked the wire transfer for SD 02-10-2021. Integrata yet to book,1794227470,1794227470,4551456423,-590882299,2021-07-29
16132,,8_455923571_CACEIS,1369374362,UOB,OB,No-pair,wire transfer,Caceis booked the wire transfer for SD 07-01-2020. Integrata yet to book,1369374362,1369374362,4551456423,-590882299,2021-07-29
16133,17_455389747_Integrata,,600099052,UDB,OB,No-pair,proceeds sell,Integrata booked the proceeds sell for SD 03-21-2019.Caceis yet to book.,600099052,600099052,4551456423,-590882299,2021-07-29
16134,,34_4551226296_CACEIS,1794227455,UDB,OB,No-pair,fees,Caceis booked the fees for SD 02-10-2021. Integrata yet to book,1794227455,1794227455,4551456423,-590882299,2021-07-29
16135,,141_4551226296_CACEIS,1794227525,UDB,OB,No-pair,fees,Caceis booked the fees for SD 02-10-2021. Integrata yet to book,1794227525,1794227525,4551456423,-590882299,2021-07-29
16136,,143_4551226296_CACEIS,1794227499,UDB,OB,No-pair,wire transfer,Caceis booked the wire transfer for SD 02-10-2021. Integrata yet to book,1794227499,1794227499,4551456423,-590882299,2021-07-29
16137,,129_4551226296_CACEIS,1794227522,UDB,OB,No-pair,wire transfer,Caceis booked the wire transfer for SD 02-10-2021. Integrata yet to book,1794227522,1794227522,4551456423,-590882299,2021-07-29
16138,,10_455923571_CACEIS,1369374366,UOB,OB,No-pair,wire transfer,Caceis booked the wire transfer for SD 07-02-2020. Integrata yet to book,1369374366,1369374366,4551456423,-590882299,2021-07-29
16139,,27_4551226296_CACEIS,1794227494,UDB,OB,No-pair,wire transfer,Caceis booked the wire transfer for SD 02-10-2021. Integrata yet to book,1794227494,1794227494,4551456423,-590882299,2021-07-29
16140,20_4551313388_Integrata,,1883829152,UDB,OB,No-pair,proceeds sell,Integrata booked the Net Sub/Red for SD 04-15-2021.Caceis yet to book.,1883829152,1883829152,4551456423,-590882299,2021-07-29
16141,,7_4551226296_CACEIS,1794227456,UDB,OB,No-pair,fees,Caceis booked the fees for SD 02-10-2021. Integrata yet to book,1794227456,1794227456,4551456423,-590882299,2021-07-29
16142,,16_4551226296_CACEIS,1794227485,UDB,OB,No-pair,fees,Caceis booked the fees for SD 02-10-2021. Integrata yet to book,1794227485,1794227485,4551456423,-590882299,2021-07-29
16143,,160_4551226296_CACEIS,1794227547,UDB,OB,No-pair,wire transfer,Caceis booked the wire transfer for SD 02-10-2021. Integrata yet to book,1794227547,1794227547,4551456423,-590882299,2021-07-29
16144,,40_4551226296_CACEIS,1794227489,UDB,OB,No-pair,wire transfer,Caceis booked the wire transfer for SD 02-10-2021. Integrata yet to book,1794227489,1794227489,4551456423,-590882299,2021-07-29
16145,,37_4551226296_CACEIS,1794227468,UDB,OB,No-pair,wire transfer,Caceis booked the wire transfer for SD 02-10-2021. Integrata yet to book,1794227468,1794227468,4551456423,-590882299,2021-07-29
16146,2_4551226296_Integrata,,1794227247,UDB,OB,No-pair,wire transfer,Integrata booked the AUM plug for SD 02-09-2021.Caceis yet to book.,1794227247,1794227247,4551456423,-590882299,2021-07-29
16147,,6_4551226296_CACEIS,1794227484,UDB,OB,No-pair,fees,Caceis booked the fees for SD 02-10-2021. Integrata yet to book,1794227484,1794227484,4551456423,-590882299,2021-07-29
16148,,139_4551226296_CACEIS,1794227513,UDB,OB,No-pair,wire transfer,Caceis booked the wire transfer for SD 02-10-2021. Integrata yet to book,1794227513,1794227513,4551456423,-590882299,2021-07-29
16149,,121_4551226296_CACEIS,1794227539,UDB,OB,No-pair,wire transfer,Caceis booked the wire transfer for SD 02-10-2021. Integrata yet to book,1794227539,1794227539,4551456423,-590882299,2021-07-29
16150,,8_4551226296_CACEIS,1794227474,UDB,OB,No-pair,fees,Caceis booked the fees for SD 02-10-2021. Integrata yet to book,1794227474,1794227474,4551456423,-590882299,2021-07-29
16151,,18_4551226296_CACEIS,1794227482,UDB,OB,No-pair,wire transfer,Caceis booked the wire transfer for SD 02-10-2021. Integrata yet to book,1794227482,1794227482,4551456423,-590882299,2021-07-29
16152,,25_4551226296_CACEIS,1794227475,UDB,OB,No-pair,fees,Caceis booked the fees for SD 02-10-2021. Integrata yet to book,1794227475,1794227475,4551456423,-590882299,2021-07-29
16153,,155_4551226296_CACEIS,1794227514,UDB,OB,No-pair,fees,Caceis booked the fees for SD 02-10-2021. Integrata yet to book,1794227514,1794227514,4551456423,-590882299,2021-07-29
16154,,126_4551226296_CACEIS,1794227532,UDB,OB,No-pair,wire transfer,Caceis booked the wire transfer for SD 02-10-2021. Integrata yet to book,1794227532,1794227532,4551456423,-590882299,2021-07-29
16155,,153_4551226296_CACEIS,1794227500,UDB,OB,No-pair,fees,Caceis booked the fees for SD 02-10-2021. Integrata yet to book,1794227500,1794227500,4551456423,-590882299,2021-07-29
16156,,2_4551226296_CACEIS,1794227493,UDB,OB,No-pair,fees,Caceis booked the fees for SD 02-10-2021. Integrata yet to book,1794227493,1794227493,4551456423,-590882299,2021-07-29
16157,,117_4551226296_CACEIS,1794227503,UDB,OB,No-pair,fees,Caceis booked the fees for SD 02-10-2021. Integrata yet to book,1794227503,1794227503,4551456423,-590882299,2021-07-29
16158,,10_4551226296_CACEIS,1794227481,UDB,OB,No-pair,fees,Caceis booked the fees for SD 02-10-2021. Integrata yet to book,1794227481,1794227481,4551456423,-590882299,2021-07-29
16159,,108_4551226296_CACEIS,1794227444,UDB,OB,No-pair,fees,Caceis booked the fees for SD 02-10-2021. Integrata yet to book,1794227444,1794227444,4551456423,-590882299,2021-07-29
16160,,120_4551226296_CACEIS,1794227528,UDB,OB,No-pair,wire transfer,Caceis booked the wire transfer for SD 02-10-2021. Integrata yet to book,1794227528,1794227528,4551456423,-590882299,2021-07-29
16161,,136_4551226296_CACEIS,1794227502,UDB,OB,No-pair,fees,Caceis booked the fees for SD 02-10-2021. Integrata yet to book,1794227502,1794227502,4551456423,-590882299,2021-07-29
16162,,1_4551226296_CACEIS,1794227490,UDB,OB,No-pair,wire transfer,Caceis booked the wire transfer for SD 02-10-2021. Integrata yet to book,1794227490,1794227490,4551456423,-590882299,2021-07-29
16163,,33_4551226296_CACEIS,1794227478,UDB,OB,No-pair,fees,Caceis booked the fees for SD 02-10-2021. Integrata yet to book,1794227478,1794227478,4551456423,-590882299,2021-07-29
16164,,23_4551226296_CACEIS,1794227492,UDB,OB,No-pair,fees,Caceis booked the fees for SD 02-10-2021. Integrata yet to book,1794227492,1794227492,4551456423,-590882299,2021-07-29
16165,,4_4551226296_CACEIS,1794227471,UDB,OB,No-pair,fees,Caceis booked the fees for SD 02-10-2021. Integrata yet to book,1794227471,1794227471,4551456423,-590882299,2021-07-29
16166,,17_4551226296_CACEIS,1794227457,UDB,OB,No-pair,wire transfer,Caceis booked the wire transfer for SD 02-10-2021. Integrata yet to book,1794227457,1794227457,4551456423,-590882299,2021-07-29
16167,,124_4551226296_CACEIS,1794227518,UDB,OB,No-pair,fees,Caceis booked the fees for SD 02-10-2021. Integrata yet to book,1794227518,1794227518,4551456423,-590882299,2021-07-29
16168,,36_4551226296_CACEIS,1794227476,UDB,OB,No-pair,wire transfer,Caceis booked the wire transfer for SD 02-10-2021. Integrata yet to book,1794227476,1794227476,4551456423,-590882299,2021-07-29
16169,,19_4551226296_CACEIS,1794227467,UDB,OB,No-pair,fees,Caceis booked the fees for SD 02-10-2021. Integrata yet to book,1794227467,1794227467,4551456423,-590882299,2021-07-29
16170,,152_4551226296_CACEIS,1794227541,UDB,OB,No-pair,fees,Caceis booked the fees for SD 02-10-2021. Integrata yet to book,1794227541,1794227541,4551456423,-590882299,2021-07-29
16171,,12_4551226296_CACEIS,1794227495,UDB,OB,No-pair,wire transfer,Caceis booked the wire transfer for SD 02-10-2021. Integrata yet to book,1794227495,1794227495,4551456423,-590882299,2021-07-29
16172,,147_4551226296_CACEIS,1794227526,UDB,OB,No-pair,fees,Caceis booked the fees for SD 02-10-2021. Integrata yet to book,1794227526,1794227526,4551456423,-590882299,2021-07-29
16173,,15_455575944_CACEIS,877049551,UDB,OB,No-pair,proceeds sell,Caceis booked the proceeds sell for SD 10-01-2019. Integrata yet to book,877049551,877049551,4551456423,-590882299,2021-07-29
16174,,148_4551226296_CACEIS,1794227548,UDB,OB,No-pair,fees,Caceis booked the fees for SD 02-10-2021. Integrata yet to book,1794227548,1794227548,4551456423,-590882299,2021-07-29
16175,,29_4551226296_CACEIS,1794227463,UDB,OB,No-pair,wire transfer,Caceis booked the wire transfer for SD 02-10-2021. Integrata yet to book,1794227463,1794227463,4551456423,-590882299,2021-07-29
16176,,26_4551226296_CACEIS,1794227477,UDB,OB,No-pair,fees,Caceis booked the fees for SD 02-10-2021. Integrata yet to book,1794227477,1794227477,4551456423,-590882299,2021-07-29
16177,,67_455820754_CACEIS,1434964775,UDB,OB,No-pair,proceeds sell,Caceis booked the proceeds sell for SD 04-13-2020. Integrata yet to book,1434964775,1434964775,4551456423,-590882299,2021-07-29
16178,,163_4551226296_CACEIS,1794227497,UDB,OB,No-pair,wire transfer,Caceis booked the wire transfer for SD 02-10-2021. Integrata yet to book,1794227497,1794227497,4551456423,-590882299,2021-07-29
16179,,118_4551226296_CACEIS,1794227540,UDB,OB,No-pair,fees,Caceis booked the fees for SD 02-10-2021. Integrata yet to book,1794227540,1794227540,4551456423,-590882299,2021-07-29
16180,,129_4551313388_CACEIS,1883824589,UDB,OB,No-pair,wire transfer,Caceis booked the wire transfer for SD 04-15-2021. Integrata yet to book,1883824589,1883824589,4551456423,-590882299,2021-07-29
16181,,14_4551226296_CACEIS,1794227464,UDB,OB,No-pair,fees,Caceis booked the fees for SD 02-10-2021. Integrata yet to book,1794227464,1794227464,4551456423,-590882299,2021-07-29
16182,,144_4551226296_CACEIS,1794227510,UDB,OB,No-pair,fees,Caceis booked the fees for SD 02-10-2021. Integrata yet to book,1794227510,1794227510,4551456423,-590882299,2021-07-29
16183,,142_4551226296_CACEIS,1794227496,UDB,OB,No-pair,fees,Caceis booked the fees for SD 02-10-2021. Integrata yet to book,1794227496,1794227496,4551456423,-590882299,2021-07-29
16184,,135_4551226296_CACEIS,1794227512,UDB,OB,No-pair,wire transfer,Caceis booked the wire transfer for SD 02-10-2021. Integrata yet to book,1794227512,1794227512,4551456423,-590882299,2021-07-29
16185,,116_4551226296_CACEIS,1794227534,UDB,OB,No-pair,wire transfer,Caceis booked the wire transfer for SD 02-10-2021. Integrata yet to book,1794227534,1794227534,4551456423,-590882299,2021-07-29
16186,,150_4551226296_CACEIS,1794227531,UDB,OB,No-pair,fees,Caceis booked the fees for SD 02-10-2021. Integrata yet to book,1794227531,1794227531,4551456423,-590882299,2021-07-29
16187,,32_4551226296_CACEIS,1794227480,UDB,OB,No-pair,wire transfer,Caceis booked the wire transfer for SD 02-10-2021. Integrata yet to book,1794227480,1794227480,4551456423,-590882299,2021-07-29
16188,,145_4551226296_CACEIS,1794227545,UDB,OB,No-pair,fees,Caceis booked the fees for SD 02-10-2021. Integrata yet to book,1794227545,1794227545,4551456423,-590882299,2021-07-29
16189,,105_4551226296_CACEIS,1794227453,UDB,OB,No-pair,wire transfer,Caceis booked the wire transfer for SD 02-10-2021. Integrata yet to book,1794227453,1794227453,4551456423,-590882299,2021-07-29
16190,,123_4551226296_CACEIS,1794227530,UDB,OB,No-pair,fees,Caceis booked the fees for SD 02-10-2021. Integrata yet to book,1794227530,1794227530,4551456423,-590882299,2021-07-29
16191,,138_4551226296_CACEIS,1794227517,UDB,OB,No-pair,wire transfer,Caceis booked the wire transfer for SD 02-10-2021. Integrata yet to book,1794227517,1794227517,4551456423,-590882299,2021-07-29
16192,,140_4551226296_CACEIS,1794227504,UDB,OB,No-pair,fees,Caceis booked the fees for SD 02-10-2021. Integrata yet to book,1794227504,1794227504,4551456423,-590882299,2021-07-29
16193,,137_4551226296_CACEIS,1794227536,UDB,OB,No-pair,fees,Caceis booked the fees for SD 02-10-2021. Integrata yet to book,1794227536,1794227536,4551456423,-590882299,2021-07-29
16194,,125_4551226296_CACEIS,1794227507,UDB,OB,No-pair,fees,Caceis booked the fees for SD 02-10-2021. Integrata yet to book,1794227507,1794227507,4551456423,-590882299,2021-07-29
16195,,30_4551226296_CACEIS,1794227491,UDB,OB,No-pair,wire transfer,Caceis booked the wire transfer for SD 02-10-2021. Integrata yet to book,1794227491,1794227491,4551456423,-590882299,2021-07-29
16196,,151_4551226296_CACEIS,1794227537,UDB,OB,No-pair,wire transfer,Caceis booked the wire transfer for SD 02-10-2021. Integrata yet to book,1794227537,1794227537,4551456423,-590882299,2021-07-29
16197,,130_4551226296_CACEIS,1794227511,UDB,OB,No-pair,fees,Caceis booked the fees for SD 02-10-2021. Integrata yet to book,1794227511,1794227511,4551456423,-590882299,2021-07-29
16198,,164_4551226296_CACEIS,1794227523,UDB,OB,No-pair,wire transfer,Caceis booked the wire transfer for SD 02-10-2021. Integrata yet to book,1794227523,1794227523,4551456423,-590882299,2021-07-29
16199,,38_4551226296_CACEIS,1794227487,UDB,OB,No-pair,wire transfer,Caceis booked the wire transfer for SD 02-10-2021. Integrata yet to book,1794227487,1794227487,4551456423,-590882299,2021-07-29
16200,,68_4551226296_CACEIS,1794227397,UDB,OB,No-pair,fees,Caceis booked the fees for SD 02-10-2021. Integrata yet to book,1794227397,1794227397,4551456423,-590882299,2021-07-29
16201,,15_4551226296_CACEIS,1794227458,UDB,OB,No-pair,wire transfer,Caceis booked the wire transfer for SD 02-10-2021. Integrata yet to book,1794227458,1794227458,4551456423,-590882299,2021-07-29
16202,,131_4551226296_CACEIS,1794227506,UDB,OB,No-pair,wire transfer,Caceis booked the wire transfer for SD 02-10-2021. Integrata yet to book,1794227506,1794227506,4551456423,-590882299,2021-07-29
16203,,39_4551226296_CACEIS,1794227473,UDB,OB,No-pair,fees,Caceis booked the fees for SD 02-10-2021. Integrata yet to book,1794227473,1794227473,4551456423,-590882299,2021-07-29
16204,,162_4551226296_CACEIS,1794227521,UDB,OB,No-pair,wire transfer,Caceis booked the wire transfer for SD 02-10-2021. Integrata yet to book,1794227521,1794227521,4551456423,-590882299,2021-07-29
16205,,41_4551226296_CACEIS,1794227472,UDB,OB,No-pair,wire transfer,Caceis booked the wire transfer for SD 02-10-2021. Integrata yet to book,1794227472,1794227472,4551456423,-590882299,2021-07-29
16206,,5_4551226296_CACEIS,1794227459,UDB,OB,No-pair,fees,Caceis booked the fees for SD 02-10-2021. Integrata yet to book,1794227459,1794227459,4551456423,-590882299,2021-07-29
16207,,28_4551226296_CACEIS,1794227461,UDB,OB,No-pair,fees,Caceis booked the fees for SD 02-10-2021. Integrata yet to book,1794227461,1794227461,4551456423,-590882299,2021-07-29
16208,,134_4551226296_CACEIS,1794227501,UDB,OB,No-pair,wire transfer,Caceis booked the wire transfer for SD 02-10-2021. Integrata yet to book,1794227501,1794227501,4551456423,-590882299,2021-07-29
16209,,265_4551313388_CACEIS,1883824464,UDB,OB,No-pair,wire transfer,Caceis booked the wire transfer for SD 04-15-2021. Integrata yet to book,1883824464,1883824464,4551456423,-590882299,2021-07-29
16210,,149_4551226296_CACEIS,1794227524,UDB,OB,No-pair,wire transfer,Caceis booked the wire transfer for SD 02-10-2021. Integrata yet to book,1794227524,1794227524,4551456423,-590882299,2021-07-29
16211,,159_4551226296_CACEIS,1794227538,UDB,OB,No-pair,fees,Caceis booked the fees for SD 02-10-2021. Integrata yet to book,1794227538,1794227538,4551456423,-590882299,2021-07-29
16212,,59_455820754_CACEIS,1240494312,UDB,OB,No-pair,proceeds sell,Caceis booked the proceeds sell for SD 04-13-2020. Integrata yet to book,1240494312,1240494312,4551456423,-590882299,2021-07-29
16213,,20_4551226296_CACEIS,1794227466,UDB,OB,No-pair,wire transfer,Caceis booked the wire transfer for SD 02-10-2021. Integrata yet to book,1794227466,1794227466,4551456423,-590882299,2021-07-29
16214,,161_4551226296_CACEIS,1794227519,UDB,OB,No-pair,wire transfer,Caceis booked the wire transfer for SD 02-10-2021. Integrata yet to book,1794227519,1794227519,4551456423,-590882299,2021-07-29
16215,,62_4551226296_CACEIS,1794227428,UDB,OB,No-pair,fees,Caceis booked the fees for SD 02-10-2021. Integrata yet to book,1794227428,1794227428,4551456423,-590882299,2021-07-29
16216,,122_4551226296_CACEIS,1794227505,UDB,OB,No-pair,wire transfer,Caceis booked the wire transfer for SD 02-10-2021. Integrata yet to book,1794227505,1794227505,4551456423,-590882299,2021-07-29
16217,,113_4551226296_CACEIS,1794227543,UDB,OB,No-pair,fees,Caceis booked the fees for SD 02-10-2021. Integrata yet to book,1794227543,1794227543,4551456423,-590882299,2021-07-29
16218,,78_455820754_CACEIS,1240473019,UDB,OB,No-pair,proceeds sell,Caceis booked the proceeds sell for SD 04-13-2020. Integrata yet to book,1240473019,1240473019,4551456423,-590882299,2021-07-29
16219,,31_4551226296_CACEIS,1794227486,UDB,OB,No-pair,fees,Caceis booked the fees for SD 02-10-2021. Integrata yet to book,1794227486,1794227486,4551456423,-590882299,2021-07-29
16220,,127_4551226296_CACEIS,1794227527,UDB,OB,No-pair,wire transfer,Caceis booked the wire transfer for SD 02-10-2021. Integrata yet to book,1794227527,1794227527,4551456423,-590882299,2021-07-29
16221,,128_4551226296_CACEIS,1794227535,UDB,OB,No-pair,wire transfer,Caceis booked the wire transfer for SD 02-10-2021. Integrata yet to book,1794227535,1794227535,4551456423,-590882299,2021-07-29
16222,,157_4551226296_CACEIS,1794227520,UDB,OB,No-pair,wire transfer,Caceis booked the wire transfer for SD 02-10-2021. Integrata yet to book,1794227520,1794227520,4551456423,-590882299,2021-07-29
16223,,133_4551226296_CACEIS,1794227533,UDB,OB,No-pair,fees,Caceis booked the fees for SD 02-10-2021. Integrata yet to book,1794227533,1794227533,4551456423,-590882299,2021-07-29
16224,,119_4551226296_CACEIS,1794227498,UDB,OB,No-pair,wire transfer,Caceis booked the wire transfer for SD 02-10-2021. Integrata yet to book,1794227498,1794227498,4551456423,-590882299,2021-07-29
16225,,132_4551226296_CACEIS,1794227544,UDB,OB,No-pair,fees,Caceis booked the fees for SD 02-10-2021. Integrata yet to book,1794227544,1794227544,4551456423,-590882299,2021-07-29
16226,,3_4551226296_CACEIS,1794227488,UDB,OB,No-pair,fees,Caceis booked the fees for SD 02-10-2021. Integrata yet to book,1794227488,1794227488,4551456423,-590882299,2021-07-29
16227,,11_4551226296_CACEIS,1794227479,UDB,OB,No-pair,wire transfer,Caceis booked the wire transfer for SD 02-10-2021. Integrata yet to book,1794227479,1794227479,4551456423,-590882299,2021-07-29
16228,,114_4551226296_CACEIS,1794227542,UDB,OB,No-pair,wire transfer,Caceis booked the wire transfer for SD 02-10-2021. Integrata yet to book,1794227542,1794227542,4551456423,-590882299,2021-07-29
16229,,154_4551226296_CACEIS,1794227515,UDB,OB,No-pair,fees,Caceis booked the fees for SD 02-10-2021. Integrata yet to book,1794227515,1794227515,4551456423,-590882299,2021-07-29
16230,,165_4551226296_CACEIS,1794227516,UDB,OB,No-pair,fees,Caceis booked the fees for SD 02-10-2021. Integrata yet to book,1794227516,1794227516,4551456423,-590882299,2021-07-29
16231,,115_4551226296_CACEIS,1794227529,UDB,OB,No-pair,fees,Caceis booked the fees for SD 02-10-2021. Integrata yet to book,1794227529,1794227529,4551456423,-590882299,2021-07-29
16232,,77_4551226296_CACEIS,1794227400,UDB,OB,No-pair,fees,Caceis booked the fees for SD 02-10-2021. Integrata yet to book,1794227400,1794227400,4551456423,-590882299,2021-07-29
16233,,13_4551226296_CACEIS,1794227462,UDB,OB,No-pair,fees,Caceis booked the fees for SD 02-10-2021. Integrata yet to book,1794227462,1794227462,4551456423,-590882299,2021-07-29
16234,,158_4551226296_CACEIS,1794227509,UDB,OB,No-pair,fees,Caceis booked the fees for SD 02-10-2021. Integrata yet to book,1794227509,1794227509,4551456423,-590882299,2021-07-29
16235,,156_4551226296_CACEIS,1794227508,UDB,OB,No-pair,wire transfer,Caceis booked the wire transfer for SD 02-10-2021. Integrata yet to book,1794227508,1794227508,4551456423,-590882299,2021-07-29
16236,,146_4551226296_CACEIS,1794227546,UDB,OB,No-pair,fees,Caceis booked the fees for SD 02-10-2021. Integrata yet to book,1794227546,1794227546,4551456423,-590882299,2021-07-29
16237,,"93_455820754_CACEIS,98_455820754_CACEIS,82_455820754_CACEIS",1233850372,UDB,OB,No-pair,proceeds sell,Caceis booked the proceeds sell for SD 04-13-2020. Integrata yet to book,1233850372,1233850372,4551456423,-590882299,2021-07-29
16238,"68_455820754_Integrata,66_455820754_Integrata,67_455820754_Integrata,69_455820754_Integrata",,1233851627,UDB,OB,No-pair,proceeds sell,Integrata booked the proceeds sell for SD 04-14-2020.Caceis yet to book.,1233851627,1233851627,455835232,-590882299,2021-07-29
16239,14_4551140123_Integrata,8_4551140123_CACEIS,1659706957,SMB,OB,No-pair,proceeds sell,Integrata booked the proceeds sell for SD 12-08-2020.Caceis yet to book.,1659706957,1659706957,4551456423,-590882299,2021-07-29
16240,3_455672797_Integrata,22_455674593_CACEIS,1029176367,SMB,OB,No-pair,proceeds sell,Integrata booked the proceeds sell for SD 12-18-2019.Caceis yet to book.,1029176367,1029176367,4551456423,-590882299,2021-07-29
16241,28_455421073_Integrata,16_455430023_CACEIS,618500110,SMB,OB,No-pair,dividend,Integrata booked the dividend for SD 05-29-2019.Caceis yet to book.,618500110,618500110,4551456423,-590882299,2021-07-29
16242,21_455653046_Integrata,17_455653046_CACEIS,992798678,SMB,OB,No-pair,dividend,Integrata booked the dividend for SD 12-03-2019.Caceis yet to book.,992798678,992798678,4551456423,-590882299,2021-07-29
16243,32_455871083_Integrata,25_455857124_CACEIS,1299802913,SMB,OB,No-pair,proceeds sell,Integrata booked the proceeds sell for SD 05-11-2020.Caceis yet to book.,1299802913,1299802913,4551456423,-590882299,2021-07-29
16244,11_455651199_Integrata,5_455645400_CACEIS,989140127,SMB,OB,No-pair,proceeds sell,Integrata booked the proceeds sell for SD 11-22-2019.Caceis yet to book.,989140127,989140127,4551456423,-590882299,2021-07-29
16245,3_4551347247_Integrata,9_4551347247_CACEIS,1931198796,SMB,OB,No-pair,proceeds sell,Integrata booked the proceeds sell for SD 05-07-2021.Caceis yet to book.,1931198796,1931198796,4551456423,-590882299,2021-07-29
16246,55_455416215_Integrata,25_455416215_CACEIS,599999189,SMB,OB,No-pair,proceeds sell,Integrata booked the proceeds sell for SD 05-24-2019.Caceis yet to book.,599999189,599999189,4551456423,-590882299,2021-07-29
16247,8_4551054828_Integrata,5_4551054828_CACEIS,1541490050,SMB,OB,No-pair,proceeds sell,Integrata booked the proceeds sell for SD 10-07-2020.Caceis yet to book.,1541490050,1541490050,4551456423,-590882299,2021-07-29
16248,36_455728881_Integrata,43_455742022_CACEIS,1130319865,SMB,OB,No-pair,proceeds sell,Integrata booked the proceeds sell for SD 02-03-2020.Caceis yet to book.,1130319865,1130319865,4551456423,-590882299,2021-07-29
16249,24_455706635_Integrata,7_455708279_CACEIS,1083909582,SMB,OB,No-pair,proceeds sell,Integrata booked the proceeds sell for SD 01-15-2020.Caceis yet to book.,1083909582,1083909582,4551456423,-590882299,2021-07-29
16250,61_455822501_Integrata,10_455824379_CACEIS,1237534470,SMB,OB,No-pair,proceeds sell,Integrata booked the proceeds sell for SD 04-15-2020.Caceis yet to book.,1237534470,1237534470,4551456423,-590882299,2021-07-29
16251,21_455590588_Integrata,16_455592347_CACEIS,1260634934,SMB,OB,No-pair,proceeds sell,Integrata booked the proceeds sell for SD 10-15-2019.Caceis yet to book.,1260634934,1260634934,4551456423,-590882299,2021-07-29
16252,31_455820754_Integrata,63_455820754_CACEIS,1233848688,UMB,OB,No-pair,proceeds sell,Integrata booked the proceeds sell for SD 04-14-2020.Caceis yet to book.,1233848688,1233848688,4551456423,-590882299,2021-07-29
16253,2_455671061_Integrata,8_455672797_CACEIS,1027456325,UMB,OB,No-pair,proceeds sell,Integrata booked the proceeds sell for SD 11-29-2019.Caceis yet to book.,1027456325,1027456325,4551456423,-590882299,2021-07-29
16254,5_313738_Integrata,4_307472_CACEIS,474443308,UMB,OB,No-pair,proceeds sell,Integrata booked the proceeds sell for SD 02-27-2019.Caceis yet to book.,474443308,474443308,4551456423,-590882299,2021-07-29
16255,1_455422267_Integrata,6_455421073_CACEIS,608558244,UMB,OB,No-pair,proceeds sell,Integrata booked the proceeds sell for SD 05-21-2019.Caceis yet to book.,608558244,608558244,4551456423,-590882299,2021-07-29
16256,6_455980848_Integrata,2_455977022_CACEIS,1444315681,UMB,OB,No-pair,proceeds sell,Integrata booked the proceeds sell for SD 07-30-2020.Caceis yet to book.,1444315681,1444315681,4551456423,-590882299,2021-07-29
16257,17_4551239617_Integrata,162_4551239617_CACEIS,1789076547,UMB,OB,No-pair,fx wire,Integrata booked the fx wire for SD 02-19-2021.Caceis yet to book.,1789076547,1789076547,4551456423,-590882299,2021-07-29
16258,11_306628_Integrata,7_306628_CACEIS,474384507,UMB,OB,No-pair,proceeds sell,Integrata booked the proceeds sell for SD 02-20-2019.Caceis yet to book.,474384507,474384507,4551456423,-590882299,2021-07-29
16259,59_4551085502_Integrata,13_4551083561_CACEIS,1582629563,UMB,OB,No-pair,wire transfer,Integrata booked the wire transfer for SD 10-27-2020.Caceis yet to book.,1582629563,1582629563,4551456423,-590882299,2021-07-29
16260,1_455942533_Integrata,2_455942533_CACEIS,1394867655,UMB,OB,No-pair,proceeds sell,Integrata booked the proceeds sell for SD 03-24-2020.Caceis yet to book.,1394867655,1394867655,4551456423,-590882299,2021-07-29
16261,1_455637843_Integrata,525_455643841_CACEIS,975359931,UMB,OB,No-pair,fx wire,Integrata booked the fx wire for SD 11-20-2019.Caceis yet to book.,975359931,975359931,4551456423,-590882299,2021-07-29
16262,37_455820754_Integrata,60_455820754_CACEIS,1233848806,UMB,OB,No-pair,proceeds sell,Integrata booked the proceeds sell for SD 04-14-2020.Caceis yet to book.,1233848806,1233848806,4551456423,-590882299,2021-07-29
16263,60_455820754_Integrata,66_455820754_CACEIS,1233851622,UMB,OB,No-pair,proceeds sell,Integrata booked the proceeds sell for SD 04-14-2020.Caceis yet to book.,1233851622,1233851622,4551456423,-590882299,2021-07-29
16264,11_455820754_Integrata,58_455820754_CACEIS,1233848678,UMB,OB,No-pair,proceeds sell,Integrata booked the proceeds sell for SD 04-14-2020.Caceis yet to book.,1233848678,1233848678,4551456423,-590882299,2021-07-29
16265,18_4551330053_Integrata,1_4551330053_CACEIS,1905739675,UMB,OB,No-pair,proceeds sell,Integrata booked the proceeds sell for SD 03-14-2019.Caceis yet to book.,1905739675,1905739675,4551456423,-590882299,2021-07-29
16266,30_455820754_Integrata,61_455820754_CACEIS,1233848687,UMB,OB,No-pair,proceeds sell,Integrata booked the proceeds sell for SD 04-14-2020.Caceis yet to book.,1233848687,1233848687,4551456423,-590882299,2021-07-29
16267,41_455820754_Integrata,55_455820754_CACEIS,1233849106,UMB,OB,No-pair,proceeds sell,Integrata booked the proceeds sell for SD 04-14-2020.Caceis yet to book.,1233849106,1233849106,4551456423,-590882299,2021-07-29
16268,18_455820754_Integrata,56_455820754_CACEIS,1233848685,UMB,OB,No-pair,proceeds sell,Integrata booked the proceeds sell for SD 04-14-2020.Caceis yet to book.,1233848685,1233848685,4551456423,-590882299,2021-07-29
16269,29_455820754_Integrata,62_455820754_CACEIS,1233848686,UMB,OB,No-pair,proceeds sell,Integrata booked the proceeds sell for SD 04-14-2020.Caceis yet to book.,1233848686,1233848686,4551456423,-590882299,2021-07-29
16270,18_4551239617_Integrata,189_4551239617_CACEIS,1789076548,UMB,OB,No-pair,fx wire,Integrata booked the fx wire for SD 02-19-2021.Caceis yet to book.,1789076548,1789076548,4551456423,-590882299,2021-07-29
16271,12_455820754_Integrata,69_455820754_CACEIS,1233848679,UMB,OB,No-pair,proceeds sell,Integrata booked the proceeds sell for SD 04-14-2020.Caceis yet to book.,1233848679,1233848679,4551456423,-590882299,2021-07-29
16272,63_455820754_Integrata,65_455820754_CACEIS,1233851623,UMB,OB,No-pair,proceeds sell,Integrata booked the proceeds sell for SD 04-14-2020.Caceis yet to book.,1233851623,1233851623,4551456423,-590882299,2021-07-29
16273,36_455610697_Integrata,41_455581623_CACEIS,917135043,UMB,OB,No-pair,proceeds sell,Integrata booked the proceeds sell for SD 10-30-2019.Caceis yet to book.,917135043,917135043,4551456423,-590882299,2021-07-29
16274,3_4551450423_Integrata,5_4551446567_CACEIS,2066571061,UMB,OB,No-pair,proceeds sell,Integrata booked the proceeds sell for SD 07-23-2021.Caceis yet to book.,2066571061,2066571061,4551456423,-590882299,2021-07-29
16275,"64_455820754_Integrata,65_455820754_Integrata","74_455820754_CACEIS,72_455820754_CACEIS",1233851626,UMB,UMB,UMB_Carry_Forward,UMB,Difference in trade proceeds booked between Integrata and Caceis,1233851626,1233851626,4551456423,-590882299,2021-07-29
16276,"4_455557513_Integrata,15_455436367_Integrata,29_312100_Integrata,67_455471613_Integrata,95_286427_Integrata,99_455391323_Integrata,94_455391323_Integrata,68_455391323_Integrata,17_455436367_Integrata,16_455436367_Integrata,21_455447623_Integrata,14_357741_Integrata,34_455400675_Integrata,15_357741_Integrata,106_455391323_Integrata,23_455533322_Integrata,53_455570278_Integrata,34_455512089_Integrata,1_455507970_Integrata,9_455574099_Integrata,3_455434670_Integrata,62_455570278_Integrata,20_455447623_Integrata,58_455570278_Integrata,24_455533322_Integrata,9_455427396_Integrata,2_455557513_Integrata,76_455471613_Integrata,35_455400675_Integrata,29_455444459_Integrata,3_455557513_Integrata,47_455471613_Integrata,54_455509747_Integrata,56_455570278_Integrata,33_455512089_Integrata,19_455447623_Integrata,6_455398426_Integrata,30_455444459_Integrata,16_455570278_Integrata,3_455509747_Integrata,5_455507970_Integrata,53_455509747_Integrata,15_455502734_Integrata,63_455471613_Integrata,1_455499153_Integrata,14_455408517_Integrata,41_455570278_Integrata,1_455557513_Integrata,2_455499153_Integrata,35_455512089_Integrata,18_455509747_Integrata,8_455572473_Integrata,1_455398426_Integrata","87_455383061_CACEIS,107_455391323_CACEIS,18_455543663_CACEIS,23_306628_CACEIS,15_455466840_CACEIS,88_455570278_CACEIS,63_455401727_CACEIS,117_455568470_CACEIS,20_359430_CACEIS,68_455521804_CACEIS,64_455401727_CACEIS,89_455401727_CACEIS,24_455411851_CACEIS,28_455506286_CACEIS,25_455471613_CACEIS,85_455401727_CACEIS,30_455521804_CACEIS,24_323468_CACEIS,61_455570278_CACEIS,11_455437952_CACEIS,126_455568470_CACEIS,49_455430023_CACEIS,11_455459672_CACEIS,26_323468_CACEIS,25_323468_CACEIS,12_455389747_CACEIS,17_455564840_CACEIS,34_271886_CACEIS,16_455447623_CACEIS,35_455574099_CACEIS,177_455533322_CACEIS,113_455568470_CACEIS,53_341093_CACEIS,20_455515517_CACEIS,82_455391323_CACEIS,29_455447623_CACEIS,70_328180_CACEIS,35_455528665_CACEIS,64_455570278_CACEIS,30_455530421_CACEIS,15_455485058_CACEIS,85_455574099_CACEIS,16_455515517_CACEIS,71_328180_CACEIS,124_455568470_CACEIS,23_323468_CACEIS,119_455568470_CACEIS,31_455398426_CACEIS,16_455466840_CACEIS,37_359430_CACEIS,90_455383061_CACEIS,42_294330_CACEIS,22_455493832_CACEIS,48_455430023_CACEIS,53_324834_CACEIS,10_455459672_CACEIS,19_455543663_CACEIS,99_455499153_CACEIS,90_455401727_CACEIS,39_361798_CACEIS,26_455538245_CACEIS,15_350866_CACEIS,36_271886_CACEIS,122_455568470_CACEIS,27_455538245_CACEIS,9_455437952_CACEIS,403_455516633_CACEIS,52_324834_CACEIS,30_455398426_CACEIS,18_455513732_CACEIS,86_455383061_CACEIS,9_455492097_CACEIS,13_455520168_CACEIS,123_455568470_CACEIS,27_455506286_CACEIS,40_361798_CACEIS,15_455513732_CACEIS,348_368123_CACEIS,40_294330_CACEIS,1_307472_CACEIS,13_455538245_CACEIS,118_455568470_CACEIS,36_323468_CACEIS,65_455495487_CACEIS,21_455515517_CACEIS,29_455455714_CACEIS,14_455437952_CACEIS,53_455574099_CACEIS,22_455528665_CACEIS,28_455447623_CACEIS,14_455466840_CACEIS,69_455495487_CACEIS,125_455568470_CACEIS,22_359430_CACEIS,35_455459672_CACEIS,116_455568470_CACEIS,18_274438_CACEIS",855919568,UMB,UMB,UMB_Carry_Forward,UMB,Difference in cash plug posted by Lombard for the SD of 10.01.,855919568,855919568,4551456423,-590882299,2021-07-29
16277,"56_455820754_Integrata,58_455820754_Integrata,57_455820754_Integrata,59_455820754_Integrata","73_455820754_CACEIS,76_455820754_CACEIS",1233851393,UMB,UMB,UMB_Carry_Forward,UMB,Difference in trade proceeds booked between Integrata and Caceis,1233851393,1233851393,4551456423,-590882299,2021-07-29
16278,"5_455848077_Integrata,4_455848077_Integrata","40_455851677_CACEIS,18_455851677_CACEIS,20_455851677_CACEIS",1273749547,UMB,UMB,UMB_Carry_Forward,UMB,Difference in dividend between Integrata and Caceis,1273749547,1273749547,4551456423,-590882299,2021-07-29
16279,"49_455820754_Integrata,24_455829798_Integrata,53_455820754_Integrata,25_455829798_Integrata,23_455829798_Integrata,54_455820754_Integrata,52_455820754_Integrata,27_455829798_Integrata,51_455820754_Integrata,22_455829798_Integrata,50_455820754_Integrata,26_455829798_Integrata","1291_455822501_CACEIS,1252_455822501_CACEIS,1196_455822501_CACEIS,1249_455822501_CACEIS,1191_455822501_CACEIS,1195_455822501_CACEIS",1389467708,UMB,UMB,UMB_Carry_Forward,UMB,Difference in proceeds booked between Integrata and Caceis,1389467708,1389467708,4551456423,-590882299,2021-07-29
16280,"40_455820754_Integrata,39_455820754_Integrata","87_455820754_CACEIS,81_455820754_CACEIS",1233849023,UMB,UMB,UMB_Carry_Forward,UMB,Difference in trade proceeds booked between Integrata and Caceis,1233849023,1233849023,4551456423,-590882299,2021-07-29
16281,"19_288687_Integrata,14_455521804_Integrata,2_269526_Integrata,18_455521804_Integrata,16_455521804_Integrata,17_455521804_Integrata,12_455521804_Integrata,45_455474901_Integrata,11_455521804_Integrata,19_455521804_Integrata,21_455552284_Integrata,56_368123_Integrata,5_455557513_Integrata,13_455521804_Integrata,9_455521804_Integrata,15_455521804_Integrata,1_455434670_Integrata,6_455557513_Integrata,21_455574099_Integrata","8_361798_CACEIS,41_328180_CACEIS,9_455530421_CACEIS,18_455559249_CACEIS,6_320010_CACEIS,8_455532005_CACEIS,7_359430_CACEIS,24_455568470_CACEIS,9_455394905_CACEIS,36_455547231_CACEIS,10_361798_CACEIS,8_455526948_CACEIS,5_455437952_CACEIS,122_333062_CACEIS,114_455476582_CACEIS,20_455570278_CACEIS,33_286427_CACEIS,10_455474901_CACEIS,7_455466840_CACEIS,35_455547231_CACEIS,26_455568470_CACEIS,8_455506286_CACEIS,36_324834_CACEIS,2_455521804_CACEIS,4_369756_CACEIS,12_455452509_CACEIS,18_294330_CACEIS,21_294330_CACEIS,38_455426409_CACEIS,8_289700_CACEIS,6_455536933_CACEIS,9_359430_CACEIS,7_373605_CACEIS,1_455520168_CACEIS,49_455533322_CACEIS,63_349816_CACEIS,16_323468_CACEIS,12_455398426_CACEIS,5_455543663_CACEIS,5_455545400_CACEIS,21_455473263_CACEIS,39_455400675_CACEIS,20_455430023_CACEIS,3_455478297_CACEIS,7_277458_CACEIS,13_455398426_CACEIS,9_455450918_CACEIS,31_455570278_CACEIS,34_455449139_CACEIS,15_455460973_CACEIS,13_323468_CACEIS,19_455487414_CACEIS,13_455474901_CACEIS,22_455495487_CACEIS,6_455466840_CACEIS,20_455559249_CACEIS,7_356155_CACEIS,47_349816_CACEIS,14_347548_CACEIS,10_455530421_CACEIS,17_323468_CACEIS,59_349816_CACEIS,57_349816_CACEIS,10_455506286_CACEIS,8_359430_CACEIS,25_455568470_CACEIS,8_455485058_CACEIS,11_455474901_CACEIS,56_349816_CACEIS,11_455418993_CACEIS,17_455497204_CACEIS,37_324834_CACEIS,130_455554115_CACEIS,5_369756_CACEIS,7_455485058_CACEIS,2_455572473_CACEIS,45_349816_CACEIS,37_455469998_CACEIS,22_455507970_CACEIS,55_349816_CACEIS,30_455570278_CACEIS,115_455476582_CACEIS,19_455570278_CACEIS,54_349816_CACEIS,9_455563030_CACEIS,66_362773_CACEIS,4_455437952_CACEIS,4_455543663_CACEIS,6_455543663_CACEIS,14_455518400_CACEIS,48_349816_CACEIS,14_323468_CACEIS,19_455559249_CACEIS",855888858,UMB,UMB,UMB_Carry_Forward,UMB,Difference in cash plug posted by Lombard for the SD of 10.01.,855888858,855888858,4551456423,-590882299,2021-07-29
16282,"66_455820754_Integrata,68_455820754_Integrata,69_455820754_Integrata,67_455820754_Integrata","1225_455822501_CACEIS,1192_455822501_CACEIS,84_455820754_CACEIS,1223_455822501_CACEIS,1106_455822501_CACEIS",1251392952,UMB,UMB,UMB_Carry_Forward,UMB,Difference in trade proceeds booked between Integrata and Caceis,1251392952,1251392952,4551456423,-590882299,2021-07-29
16283,"2_455782293_Integrata,2_455855307_Integrata,21_455871083_Integrata,9_455871083_Integrata,3_455871083_Integrata,1_455861455_Integrata,1_455782293_Integrata,23_455871083_Integrata","50_455861455_CACEIS,26_455861455_CACEIS,27_455785049_CACEIS",1298162377,UMB,UMB,UMB_Carry_Forward,UMB,Difference in trade settlements between Integrata and Caceis,1298162377,1298162377,4551456423,-590882299,2021-07-29
16284,"16_455709628_Integrata,18_455709628_Integrata,17_455709628_Integrata,15_455709628_Integrata,14_455709628_Integrata,13_455709628_Integrata,12_455709628_Integrata","21_455709628_CACEIS,16_455709628_CACEIS",1086057182,UMB,UMB,UMB_Carry_Forward,UMB,Difference in net amount is due to difference of dividend booked between Integrata and Caceis,1086057182,1086057182,4551456423,-590882299,2021-07-29
16285,"2_455898221_Integrata,8_455900053_Integrata,20_455885370_Integrata,2_4551001817_Integrata,4_455900053_Integrata,19_455885370_Integrata,3_455898221_Integrata,1_4551001817_Integrata","12_455938724_CACEIS,592_455985296_CACEIS,591_455985296_CACEIS",1470738065,UMB,UMB,UMB_Carry_Forward,UMB,Difference in dividend between Integrata and Caceis,1470738065,1470738065,4551456423,-590882299,2021-07-29
16286,"14_455820754_Integrata,15_455820754_Integrata","88_455820754_CACEIS,68_455820754_CACEIS",1233848684,UMB,UMB,UMB_Carry_Forward,UMB,Difference in trade proceeds booked between Integrata and Caceis,1233848684,1233848684,4551456423,-590882299,2021-07-29
