2021-05-20 19:07:47.163836 : Log started for datettime = 21-05-20_19-07-47
2021-05-20 19:07:47.164836 : All function definitions end
2021-05-20 19:07:47.189836 : Mongo DB objects created
2021-05-20 19:07:47.194836 : RabbitMQ Publish object created
2021-05-20 19:07:47.198835 : RabbitMQ ACK object created
2021-05-20 19:07:47.199836 : RabbitMQ Receive file executed
2021-05-20 19:07:47.199836 : s2_out created
2021-05-20 19:07:47.199836 : 1251294405|Weiss Advisors|Cash|RecData_125|132191|Recon Run Completed|125|60a665e51e9c9c1c246dc748
2021-05-20 19:07:47.200836 : s2_stout created
2021-05-20 19:07:47.200836 : ['1251294405', 'Weiss Advisors', 'Cash', 'RecData_125', '132191', 'Recon Run Completed', '125', '60a665e51e9c9c1c246dc748']
2021-05-20 19:07:47.201836 : outer_while_loop_iterator1
2021-05-20 19:07:47.201836 : RabbitMQ Receive file executed and got a message
2021-05-20 19:07:47.201836 : split happened
2021-05-20 19:07:47.202836 : ReconDF created
2021-05-20 19:07:47.205837 : ReconDF all columns created
2021-05-20 19:07:47.212836 : Starting for loop
2021-05-20 19:07:47.213836 : Started for loop
2021-05-20 19:07:47.213836 : Prediction Message Received for : 1251294405
2021-05-20 19:07:47.699544 : meo created
2021-05-20 19:07:47.700545 : meo df is not empty, initiating calculations
2021-05-20 19:07:47.706575 : umb carry forward empty, not making umb carry forward file
2021-05-20 19:07:47.707574 : ob carry forward not empty, not making umb carry forward file
2021-05-20 19:07:47.825450 : Before carrying out SMB-OB operation
2021-05-20 19:07:47.831450 : After carrying out SMB-OB operation
2021-05-20 19:07:47.931480 : Before carrying out UMB-OB operation
2021-05-20 19:07:48.033449 : After carrying out UMB-OB operation
2021-05-20 19:07:48.033449 : Before carrying out closed
2021-05-20 19:07:49.352639 : After carrying out closed
2021-05-20 19:07:49.544166 : Before catching mtm for revenue, expense and stock loan
2021-05-20 19:07:49.891136 : After catching mtm for revenue, expense and stock loan
2021-05-20 19:07:49.895135 : Before catching mtm for equity swap
2021-05-20 19:07:49.902136 : After catching mtm for equity swap
2021-05-20 19:07:50.013190 : Before catching updown
2021-05-20 19:07:50.023187 : dffacc and dffpb created
2021-05-20 19:07:50.035187 : updlist created
2021-05-20 19:07:50.162813 : After catching updown
2021-05-20 19:07:50.162813 : Before mXn
2021-05-20 19:07:50.283804 : After mXn
2021-05-20 19:07:50.283804 : Before mXn training df
2021-05-20 19:07:50.302805 : After mXn training df
2021-05-20 19:07:50.605801 : After test file cleaning
2021-05-20 19:07:50.824831 : After test file 3
2021-05-20 19:07:50.932806 : Before Xtest creation
2021-05-20 19:07:51.226032 : After Xtest first prediction
2021-05-20 19:07:51.370511 : After Xtest second prediction
2021-05-20 19:07:51.521520 : After Xtest UMT segregation
2021-05-20 19:07:51.659088 : Before Xtest no pair segregation
2021-05-20 19:07:51.805148 : Before Xtest left
2021-05-20 19:07:51.912036 : Before ccnew
2021-05-20 19:07:52.022841 : After ccnew
2021-05-20 19:07:52.288215 : After umr otm table loop
2021-05-20 19:07:52.620291 : After umr mto table loop
2021-05-20 19:07:52.794285 : After final_table_to_write creation
2021-05-20 19:07:52.810285 : Before commenting
2021-05-20 19:07:52.918314 : Before commenting
2021-05-20 19:07:52.927316 : Com file read
2021-05-20 19:07:52.947316 : new pb mapping declared
2021-05-20 19:07:52.953314 : Cancel functions delared
2021-05-20 19:07:52.960316 : Before making df_mod_1
2021-05-20 19:07:52.981922 : After making df_mod_1
2021-05-20 19:07:52.985919 : Before reading comment sav file
2021-05-20 19:07:53.027893 : After reading and loading comment sav file
2021-05-20 19:07:53.038921 : After making result non trade
2021-05-20 19:07:53.047921 : Before merging comment df final with final_df
2021-05-20 19:07:53.050921 : After merging comment df final with final_df
2021-05-20 19:07:53.118703 : Before removing Side01 id of OB record
2021-05-20 19:07:53.119703 : After removing Side01 id of OB record
2021-05-20 19:07:53.134703 : After getting first term before separator and making amends
2021-05-20 19:07:53.136703 : After SMB commenting
2021-05-20 19:07:53.144702 : After UMB commenting
2021-05-20 19:07:53.222701 : After UMB_SMB duplication issue
2021-05-20 19:07:53.224701 : Before getting NetAmountDifference
2021-05-20 19:07:53.404337 : After getting NetAmountDifference
2021-05-20 19:07:53.405337 : After dropping columns
2021-05-20 19:07:53.406309 : After renaming columns
2021-05-20 19:07:53.407337 : After renaming columns again
2021-05-20 19:07:53.408337 : After making copy of final_df2
2021-05-20 19:07:53.409307 : After replacing BreakID spaces
2021-05-20 19:07:53.410307 : After replacing Final Predicted BreakID spaces
2021-05-20 19:07:53.411307 : After making ReconSetupName and ClientShortCode columns
2021-05-20 19:07:53.411307 : After making today_y_m_d
2021-05-20 19:07:53.412307 : 123
2021-05-20 19:07:53.417307 : After making CreatedDateColumns
2021-05-20 19:07:53.417307 : Before deleting objects
2021-05-20 19:07:53.442337 : After inserting in db
2021-05-20 19:07:53.500307 : 1251294405|Weiss Advisors|Cash|RecData_125|132191|SUCCESS|125|60a665e51e9c9c1c246dc748