2021-08-09 16:35:30.619833 : Log started for datettime = 09-Aug-2021_04PM-35-30
2021-08-09 16:35:30.651084 : Prediction Message Received for : 1251456162
2021-08-09 16:35:30.901113 : meo created
2021-08-09 16:35:30.932365 : meo df is not empty, initiating calculations
2021-08-09 16:35:30.979246 : meo df shape is80
2021-08-09 16:35:31.041752 : umb carry forward empty, not making umb carry forward file
2021-08-09 16:35:31.073005 : ob carry forward not empty, not making umb carry forward file
2021-08-09 16:35:31.260501 : Before carrying out SMB-OB operation
2021-08-09 16:35:31.307409 : After carrying out SMB-OB operation
2021-08-09 16:35:31.463685 : Before carrying out UMB-OB operation
2021-08-09 16:35:31.604324 : After carrying out UMB-OB operation
2021-08-09 16:35:31.635576 : Before carrying out closed
2021-08-09 16:35:32.041855 : After carrying out closed
2021-08-09 16:35:32.385646 : Before catching mtm for revenue, expense and stock loan
2021-08-09 16:35:32.776313 : After catching mtm for revenue, expense and stock loan
2021-08-09 16:35:32.823204 : Before catching mtm for equity swap
2021-08-09 16:35:32.885700 : After catching mtm for equity swap
2021-08-09 16:35:33.073230 : Before catching updown
2021-08-09 16:35:33.151347 : dffacc and dffpb created
2021-08-09 16:35:33.213862 : updlist created
2021-08-09 16:35:33.463886 : After catching updown
2021-08-09 16:35:33.495140 : Before mXn
2021-08-09 16:35:33.760766 : After mXn
2021-08-09 16:35:33.792046 : Before mXn training df
2021-08-09 16:35:33.854555 : After mXn training df
2021-08-09 16:35:34.629688 : After test file cleaning
2021-08-09 16:35:35.145358 : After test file 3
2021-08-09 16:35:35.317252 : Before Xtest creation
2021-08-09 16:35:35.911073 : After Xtest first prediction
2021-08-09 16:35:36.129833 : After Xtest second prediction
2021-08-09 16:35:36.426750 : After Xtest UMT segregation
2021-08-09 16:35:36.614271 : Before Xtest no pair segregation
2021-08-09 16:35:36.958051 : Before Xtest left
2021-08-09 16:35:37.114324 : Before ccnew
2021-08-09 16:35:37.301847 : After ccnew
2021-08-09 16:35:37.645622 : After umr otm table loop
2021-08-09 16:35:38.380076 : After umr mto table loop
2021-08-09 16:35:38.848876 : After final_table_to_write creation
2021-08-09 16:35:38.958265 : Before commenting
2021-08-09 16:35:39.411438 : Before commenting
2021-08-09 16:35:39.489581 : Com file read
2021-08-09 16:35:39.614584 : new pb mapping declared
2021-08-09 16:35:39.677091 : Cancel functions delared
2021-08-09 16:35:39.739595 : Before making df_mod_1
2021-08-09 16:35:39.864612 : After making df_mod_1
2021-08-09 16:35:39.927117 : Before reading comment sav file
2021-08-09 16:35:40.083353 : After reading and loading comment sav file
2021-08-09 16:35:40.177147 : After making result non trade
2021-08-09 16:35:40.270917 : Before merging comment df final with final_df
2021-08-09 16:35:40.317784 : After merging comment df final with final_df
2021-08-09 16:35:40.520925 : Before removing Side01 id of OB record
2021-08-09 16:35:40.567809 : After removing Side01 id of OB record
2021-08-09 16:35:40.645945 : After getting first term before separator and making amends
2021-08-09 16:35:40.739705 : After SMB commenting
2021-08-09 16:35:40.817835 : After UMB commenting
2021-08-09 16:35:41.083489 : After UMB_SMB duplication issue
2021-08-09 16:35:41.130369 : Before getting NetAmountDifference
2021-08-09 16:35:41.536659 : After getting NetAmountDifference
2021-08-09 16:35:41.583549 : After dropping columns
2021-08-09 16:35:41.630392 : After renaming columns
2021-08-09 16:35:41.677309 : After renaming columns again
2021-08-09 16:35:41.708566 : After making copy of final_df2
2021-08-09 16:35:41.755444 : After replacing BreakID spaces
2021-08-09 16:35:41.802324 : After replacing Final Predicted BreakID spaces
2021-08-09 16:35:41.849203 : After making ReconSetupName and ClientShortCode columns
2021-08-09 16:35:41.896083 : After making today_y_m_d
2021-08-09 16:35:41.942964 : 78
2021-08-09 16:35:42.005461 : After making CreatedDateColumns
2021-08-09 16:35:42.052343 : Before deleting objects
2021-08-09 16:35:42.130487 : After inserting in db
2021-08-09 16:35:42.271115 : 1251456162|Weiss Advisors|Cash|RecData_125|133152|SUCCESS|125|61110bb31e9c9c0d781be8fa