2021-06-14 23:52:45.036854 : Log started for datettime = 14-Jun-2021_11PM-52-44
2021-06-14 23:52:45.037854 : Prediction Message Received for : 1251380271
2021-06-14 23:53:09.057119 : meo created
2021-06-14 23:53:09.058120 : meo df is not empty, initiating calculations
2021-06-14 23:53:09.063118 : umb carry forward not empty, making umb carry forward file
2021-06-14 23:53:09.073122 : ob carry forward not empty, not making umb carry forward file
2021-06-14 23:53:09.188117 : Before carrying out SMB-OB operation
2021-06-14 23:53:09.194118 : After carrying out SMB-OB operation
2021-06-14 23:53:09.295117 : Before carrying out UMB-OB operation
2021-06-14 23:53:09.397122 : After carrying out UMB-OB operation
2021-06-14 23:53:09.398119 : Before carrying out closed
2021-06-14 23:53:09.648116 : After carrying out closed
2021-06-14 23:53:09.821115 : Before catching mtm for revenue, expense and stock loan
2021-06-14 23:53:10.137305 : After catching mtm for revenue, expense and stock loan
2021-06-14 23:53:10.140336 : Before catching mtm for equity swap
2021-06-14 23:53:10.145337 : After catching mtm for equity swap
2021-06-14 23:53:10.253334 : Before catching updown
2021-06-14 23:53:10.262334 : dffacc and dffpb created
2021-06-14 23:53:10.272334 : updlist created
2021-06-14 23:53:10.277334 : if statement started when dff4 and dff5 are non empty
2021-06-14 23:53:10.285334 : appended data created
2021-06-14 23:53:10.440606 : After catching updown
2021-06-14 23:53:10.440606 : Before mXn
2021-06-14 23:53:10.576575 : After mXn
2021-06-14 23:53:10.576575 : Before mXn training df
2021-06-14 23:53:10.585575 : After mXn training df
2021-06-14 23:53:10.862279 : After test file cleaning
2021-06-14 23:53:11.072274 : After test file 3
2021-06-14 23:53:11.178274 : Before Xtest creation
2021-06-14 23:53:11.487243 : After Xtest first prediction
2021-06-14 23:53:11.619844 : After Xtest second prediction
2021-06-14 23:53:11.764977 : After Xtest UMT segregation
2021-06-14 23:53:11.876947 : Before Xtest no pair segregation
2021-06-14 23:53:12.017945 : Before Xtest left
2021-06-14 23:53:12.124944 : Before ccnew
2021-06-14 23:53:12.240176 : After ccnew
2021-06-14 23:53:12.382489 : After umr otm table loop
2021-06-14 23:53:12.551528 : After umr mto table loop
2021-06-14 23:53:12.675527 : After final_table_to_write creation
2021-06-14 23:53:12.690527 : Before commenting
2021-06-14 23:53:12.797558 : Before commenting
2021-06-14 23:53:12.806558 : Com file read
2021-06-14 23:53:12.815558 : new pb mapping declared
2021-06-14 23:53:12.820557 : Cancel functions delared
2021-06-14 23:53:12.827558 : Before making df_mod_1
2021-06-14 23:53:12.849558 : After making df_mod_1
2021-06-14 23:53:12.852554 : Before reading comment sav file
2021-06-14 23:53:12.895557 : After reading and loading comment sav file
2021-06-14 23:53:12.907557 : After making result non trade
2021-06-14 23:53:12.916554 : Before merging comment df final with final_df
2021-06-14 23:53:12.918557 : After merging comment df final with final_df
2021-06-14 23:53:12.977557 : Before removing Side01 id of OB record
2021-06-14 23:53:12.978559 : After removing Side01 id of OB record
2021-06-14 23:53:12.990527 : After getting first term before separator and making amends
2021-06-14 23:53:13.003557 : After SMB commenting
2021-06-14 23:53:13.011556 : After UMB commenting
2021-06-14 23:53:13.059556 : After UMB_SMB duplication issue
2021-06-14 23:53:13.061528 : Before getting NetAmountDifference
2021-06-14 23:53:13.128639 : After getting NetAmountDifference
2021-06-14 23:53:13.129656 : After dropping columns
2021-06-14 23:53:13.130664 : After renaming columns
2021-06-14 23:53:13.131663 : After renaming columns again
2021-06-14 23:53:13.132664 : After making copy of final_df2
2021-06-14 23:53:13.132664 : After replacing BreakID spaces
2021-06-14 23:53:13.133665 : After replacing Final Predicted BreakID spaces
2021-06-14 23:53:13.134660 : After making ReconSetupName and ClientShortCode columns
2021-06-14 23:53:13.135664 : After making today_y_m_d
2021-06-14 23:53:13.135664 : 44
2021-06-14 23:53:13.138668 : After making CreatedDateColumns
2021-06-14 23:53:13.138668 : Before deleting objects
2021-06-14 23:53:13.805665 : After inserting in db
2021-06-14 23:53:16.938187 : 1251380271|Weiss Advisors|Cash|RecData_125|132459|SUCCESS|125|60c79e571e9c9c048882574f