,ViewData.Side0_UniqueIds,ViewData.Side1_UniqueIds,ViewData.BreakID,Custodian Account,Currency,Ticker1,Net Amount Difference1,Description,Settle Date,Trade Date,ViewData.Age,predicted action,predicted category,predicted status,predicted comment,ViewData.Task Business Date,ViewData.Task ID,ViewData.Source Combination Code
0,156_8971498170_Advent Geneva,237_8971498170_Newedge,2130964463,NEFU_FIFTY_SEVEN_00799760,USD,c z1,-5.04,CORN FUTURE       Dec21,2021-08-27,2021-08-27,7,No-pair,OB,SMB,MV Swing,2021-09-02T00:00:00,8971506022,-1184097190
1,156_8971502090_Advent Geneva,74_8971502090_Newedge,2135789116,NEFU_FIFTY_SEVEN_00799760,USD,c z1,1778.45,CORN FUTURE       Dec21,2021-08-31,2021-08-31,3,No-pair,OB,SMB,MV Swing,2021-09-02T00:00:00,8971506022,-1184097190
2,151_8971492132_Advent Geneva,68_8971492132_Newedge,2123793668,NEFU_FIFTY_SEVEN_00799760,USD,c z1,-536.14,CORN FUTURE       Dec21,2021-08-24,2021-08-24,10,No-pair,OB,SMB,MV Swing,2021-09-02T00:00:00,8971506022,-1184097190
3,155_8971502090_Advent Geneva,235_8971502090_Newedge,2135789077,NEFU_FIFTY_SEVEN_00799760,USD,c z1,-40.95,CORN FUTURE       Dec21,2021-08-31,2021-08-31,3,No-pair,OB,SMB,MV Swing,2021-09-02T00:00:00,8971506022,-1184097190
4,,104_8971478351_Newedge,2105432240,NEFU_FIFTY_SEVEN_00799760,USD,xbx1,-96.6,NOV 21 NYM RBOB GAS,2021-08-13,2021-08-13,21,No-pair,OB,OB,MV Swing,2021-09-02T00:00:00,8971506022,-1184097190
5,162_8971488329_Advent Geneva,78_8971488329_Newedge,2118786654,NEFU_FIFTY_SEVEN_00799760,USD,lhv1,-239.37,LEAN HOGS FUTURE  Oct21,2021-08-20,2021-08-20,14,No-pair,OB,SMB,MV Swing,2021-09-02T00:00:00,8971506022,-1184097190
6,252_8971504138_Advent Geneva,79_8971504138_Newedge,2138199728,NEFU_FIFTY_SEVEN_00799760,USD,lhv1,1488.9,LEAN HOGS FUTURE  Oct21,2021-09-01,2021-09-01,2,No-pair,OB,SMB,MV Swing,2021-09-02T00:00:00,8971506022,-1184097190
7,155_8971488329_Advent Geneva,94_8971488329_Newedge,2118786542,NEFU_FIFTY_SEVEN_00799760,USD,xbx1,72.22,GASOLINE RBOB FUT Nov21,2021-08-20,2021-08-20,14,No-pair,OB,SMB,MV Swing,2021-09-02T00:00:00,8971506022,-1184097190
8,,241_8971478351_Newedge,2105432519,NEFU_FIFTY_SEVEN_00799760,USD,c z1,-4.41,DEC 21 CORN,2021-08-13,2021-08-13,21,No-pair,OB,OB,MV Swing,2021-09-02T00:00:00,8971506022,-1184097190
9,184_8971478351_Advent Geneva,279_8971478351_Newedge,2105432276,NEFU_FIFTY_SEVEN_00799760,USD,xbx1,-399.0,GASOLINE RBOB FUT Nov21,2021-08-13,2021-08-13,21,No-pair,OB,SMB,MV Swing,2021-09-02T00:00:00,8971506022,-1184097190
10,149_8971488329_Advent Geneva,70_8971488329_Newedge,2118786048,NEFU_FIFTY_SEVEN_00799760,USD,c z1,-360.61,CORN FUTURE       Dec21,2021-08-20,2021-08-20,14,No-pair,OB,SMB,MV Swing,2021-09-02T00:00:00,8971506022,-1184097190
11,176_8971478351_Advent Geneva,74_8971478351_Newedge,2105432553,NEFU_FIFTY_SEVEN_00799760,USD,c z1,-820.59,CORN FUTURE       Dec21,2021-08-13,2021-08-13,21,No-pair,OB,SMB,MV Swing,2021-09-02T00:00:00,8971506022,-1184097190
12,166_8971498170_Advent Geneva,77_8971498170_Newedge,2130964175,NEFU_FIFTY_SEVEN_00799760,USD,lhv1,-448.74,LEAN HOGS FUTURE  Oct21,2021-08-27,2021-08-27,7,No-pair,OB,SMB,MV Swing,2021-09-02T00:00:00,8971506022,-1184097190
13,157_8971498170_Advent Geneva,68_8971498170_Newedge,2130964493,NEFU_FIFTY_SEVEN_00799760,USD,c z1,180.04,CORN FUTURE       Dec21,2021-08-27,2021-08-27,7,No-pair,OB,SMB,MV Swing,2021-09-02T00:00:00,8971506022,-1184097190
14,181_8971490018_Advent Geneva,61_8971490018_Newedge,2121116432,NEFU_FIFTY_SEVEN_00799760,USD,c z1,-174.37,CORN FUTURE       Dec21,2021-08-23,2021-08-23,11,No-pair,OB,SMB,MV Swing,2021-09-02T00:00:00,8971506022,-1184097190
15,157_8971492132_Advent Geneva,94_8971492132_Newedge,2123794175,NEFU_FIFTY_SEVEN_00799760,USD,xbx1,426.66,GASOLINE RBOB FUT Nov21,2021-08-24,2021-08-24,10,No-pair,OB,SMB,MV Swing,2021-09-02T00:00:00,8971506022,-1184097190
16,,284_8971488329_Newedge,2118786511,NEFU_FIFTY_SEVEN_00799760,USD,xbx1,-0.82,NOV 21 NYM RBOB GAS,2021-08-20,2021-08-20,14,No-pair,OB,OB,MV Swing,2021-09-02T00:00:00,8971506022,-1184097190
17,,243_8971488329_Newedge,2118786017,NEFU_FIFTY_SEVEN_00799760,USD,c z1,-1.89,DEC 21 CORN,2021-08-20,2021-08-20,14,No-pair,OB,OB,MV Swing,2021-09-02T00:00:00,8971506022,-1184097190
18,,219_8971504138_Newedge,2138199794,NEFU_FIFTY_SEVEN_00799760,USD,c z1,-0.63,DEC 21 CORN,2021-09-01,2021-09-01,2,No-pair,OB,OB,MV Swing,2021-09-02T00:00:00,8971506022,-1184097190
19,,239_8971504138_Newedge,2138199685,NEFU_FIFTY_SEVEN_00799760,USD,lhv1,-18.9,OCT 21 CME LEAN HOGS,2021-09-01,2021-09-01,2,No-pair,OB,OB,MV Swing,2021-09-02T00:00:00,8971506022,-1184097190
20,,251_8971498170_Newedge,2130964156,NEFU_FIFTY_SEVEN_00799760,USD,lhv1,-1.26,OCT 21 CME LEAN HOGS,2021-08-27,2021-08-27,7,No-pair,OB,OB,MV Swing,2021-09-02T00:00:00,8971506022,-1184097190
21,,227_8971472236_Newedge,2096555149,NEFU_FIFTY_SEVEN_00799760,USD,xbx1,-2.46,NOV 21 NYM RBOB GAS,2021-08-10,2021-08-10,24,No-pair,OB,OB,MV Swing,2021-09-02T00:00:00,8971506022,-1184097190
22,,73_8971494314_Newedge,2126181663,NEFU_FIFTY_SEVEN_00799760,USD,lhv1,-780.0,OCT 21 CME LEAN HOGS,2021-08-25,2021-08-25,9,No-pair,OB,OB,MV Swing,2021-09-02T00:00:00,8971506022,-1184097190
23,,237_8971470255_Newedge,2094162523,NEFU_FIFTY_SEVEN_00799760,USD,xbx1,-0.82,NOV 21 NYM RBOB GAS,2021-08-09,2021-08-09,25,No-pair,OB,OB,MV Swing,2021-09-02T00:00:00,8971506022,-1184097190
24,,261_8971488329_Newedge,2118786652,NEFU_FIFTY_SEVEN_00799760,USD,lhv1,-0.63,OCT 21 CME LEAN HOGS,2021-08-20,2021-08-20,14,No-pair,OB,OB,MV Swing,2021-09-02T00:00:00,8971506022,-1184097190
25,,270_8971492132_Newedge,2123794156,NEFU_FIFTY_SEVEN_00799760,USD,xbx1,-2.46,NOV 21 NYM RBOB GAS,2021-08-24,2021-08-24,10,No-pair,OB,OB,MV Swing,2021-09-02T00:00:00,8971506022,-1184097190
26,,239_8971492132_Newedge,2123793628,NEFU_FIFTY_SEVEN_00799760,USD,c z1,-13.86,DEC 21 CORN,2021-08-24,2021-08-24,10,No-pair,OB,OB,MV Swing,2021-09-02T00:00:00,8971506022,-1184097190
36,197_8971504138_Advent Geneva,216_8971502090_Newedge,2138199267,NEFU_FIFTY_SEVEN_00799804,KRW,keu1,-1502.82,KOREA 3YR BND FUT Sep21,2021-08-31,2021-08-31,3,No-pair,OB,SMB,MV Swing,2021-09-02T00:00:00,8971506022,-1184097190
37,107_8971504138_Advent Geneva,12_8971504138_Newedge,2138199477,NEFU_FIFTY_SEVEN_00799760,CNH,xucu1,,USD/CNH           Sep21,2021-09-01,2021-09-01,2,No-pair,OB,SMB,MV Swing,2021-09-02T00:00:00,8971506022,-1184097190
38,155_8971504138_Advent Geneva,32_8971504138_Newedge,2138199558,NEFU_FIFTY_SEVEN_00799762,GBP,z u1,479.39,FTSE 100 IDX FUT  Sep21,2021-09-01,2021-09-01,2,No-pair,OB,SMB,MV Swing,2021-09-02T00:00:00,8971506022,-1184097190
39,83_8971504138_Advent Geneva,144_8971504138_Newedge,2138199626,NEFU_FIFTY_SEVENCAY_00799775,CHF,smu1,-97.26,SWISS MKT IX FUTR Sep21,2021-09-01,2021-09-01,2,No-pair,OB,SMB,MV Swing,2021-09-02T00:00:00,8971506022,-1184097190
40,312_8971504138_Advent Geneva,103_8971504138_Newedge,2138199809,NEFU_FIFTY_SEVEN_00799769,USD,adu1,-837.76,AUDUSD Crncy Fut  Sep21,2021-09-01,2021-09-01,2,No-pair,OB,SMB,MV Swing,2021-09-02T00:00:00,8971506022,-1184097190
41,240_8971504138_Advent Geneva,68_8971504138_Newedge,2138199827,NEFU_FIFTY_SEVEN_00799760,USD,c z1,25.63,CORN FUTURE       Dec21,2021-09-01,2021-09-01,2,No-pair,OB,SMB,MV Swing,2021-09-02T00:00:00,8971506022,-1184097190
42,85_8971504138_Advent Geneva,145_8971504138_Newedge,2138199675,NEFU_FIFTY_SEVENCAY_00799777,CHF,smu1,-19.68,SWISS MKT IX FUTR Sep21,2021-09-01,2021-09-01,2,No-pair,OB,SMB,MV Swing,2021-09-02T00:00:00,8971506022,-1184097190
43,36_8971486166_Advent Geneva,29_8971486166_Newedge,2115963773,NEFU_FIFTY_SEVEN_00799762,EUR,ibu1,-1165.14,IBEX 35 INDX FUTR Sep21,2021-08-19,2021-08-19,15,No-pair,OB,SMB,MV Swing,2021-09-02T00:00:00,8971506022,-1184097190
44,10_8971464347_Advent Geneva,151_8971464347_Newedge,2086169682,NEFU_FIFTY_SEVEN_00799803,AUD,xpu1,-69.0,SPI 200 FUTURES   Sep21,2021-08-04,2021-08-04,30,No-pair,OB,SMB,MV Swing,2021-09-02T00:00:00,8971506022,-1184097190
45,111_8971488329_Advent Geneva,53_8971488329_Newedge,2118786359,NEFU_FIFTY_SEVEN_00799804,KRW,kmu1,47183.7,KOSPI2 INX FUT    Sep21,2021-08-20,2021-08-20,14,No-pair,OB,SMB,MV Swing,2021-09-02T00:00:00,8971506022,-1184097190
46,8_8971502090_Advent Geneva,4_8971502090_Newedge,2135788811,NEFU_FIFTY_SEVEN_00799803,AUD,xpu1,3443.58,SPI 200 FUTURES   Sep21,2021-08-31,2021-08-31,3,No-pair,OB,SMB,MV Swing,2021-09-02T00:00:00,8971506022,-1184097190
47,133_8971480190_Advent Geneva,184_8971480190_Newedge,2108158364,NEFU_FIFTY_SEVEN_00799802,EUR,vgu1,-118.36,EURO STOXX 50     Sep21,2021-08-16,2021-08-16,18,No-pair,OB,SMB,MV Swing,2021-09-02T00:00:00,8971506022,-1184097190
48,124_8971458108_Advent Geneva,,2077723039,NEFU_FIFTY_SEVEN_00799804,KRW,kmu1,-30783.98,KOSPI2 INX FUT    Sep21,2021-07-30,2021-07-30,34,No-pair,OB,OB,MV Swing,2021-09-02T00:00:00,8971506022,-1184097190
49,198_8971502090_Advent Geneva,97_8971502090_Newedge,2135789089,NEFU_FIFTY_SEVEN_00799762,USD,cof2,35.2,BRENT CRUDE FUTR  Jan22,2021-08-31,2021-08-31,3,No-pair,OB,SMB,"Commission difference, SFO to advise",2021-09-02T00:00:00,8971506022,-1184097190
50,48_8971409824_Advent Geneva,164_8971409824_Newedge,2016189809,NEFU_FIFTY_SEVEN_00799802,EUR,vgu1,-94.16,EURO STOXX 50     Sep21,2021-06-25,2021-06-25,70,No-pair,OB,SMB,MV Swing,2021-09-02T00:00:00,8971506022,-1184097190
51,108_8971498170_Advent Geneva,53_8971498170_Newedge,2130964452,NEFU_FIFTY_SEVEN_00799803,JPY,tpu1,66053.96,TOPIX INDX FUTR   Sep21,2021-08-27,2021-08-27,7,No-pair,OB,SMB,MV Swing,2021-09-02T00:00:00,8971506022,-1184097190
52,340_8971430481_Advent Geneva,269_8971430481_Newedge,2042742392,NEFU_FIFTY_SEVEN_00799769,USD,esu1,-16.82,S&P500 EMINI FUT  Sep21,2021-07-12,2021-07-12,53,No-pair,OB,SMB,MV Swing,2021-09-02T00:00:00,8971506022,-1184097190
53,211_8971432624_Advent Geneva,81_8971432624_Newedge,2044955528,NEFU_FIFTY_SEVEN_00799762,USD,cox1,48.88,BRENT CRUDE FUTR  Nov21,2021-07-13,2021-07-13,52,No-pair,OB,SMB,"Commission difference, SFO to advise",2021-09-02T00:00:00,8971506022,-1184097190
54,341_8971504138_Advent Geneva,282_8971504138_Newedge,2138199568,NEFU_FIFTY_SEVEN_00799769,USD,esu1,-8.12,S&P500 EMINI FUT  Sep21,2021-09-01,2021-09-01,2,No-pair,OB,SMB,MV Swing,2021-09-02T00:00:00,8971506022,-1184097190
55,230_8971482299_Advent Geneva,260_8971482299_Newedge,2110838644,NEFU_FIFTY_SEVEN_00799762,USD,boz1,-1824.0,SOYBEAN OIL FUTR  Dec21,2021-08-17,2021-08-17,17,No-pair,OB,SMB,"Price difference, SFO to validate",2021-09-02T00:00:00,8971506022,-1184097190
56,91_8971478351_Advent Geneva,205_8971478351_Newedge,2105432125,NEFU_FIFTY_SEVEN_00799762,JPY,niu1,49.89,NIKKEI 225  (SGX) Sep21,2021-08-13,2021-08-13,21,No-pair,OB,SMB,MV Swing,2021-09-02T00:00:00,8971506022,-1184097190
57,254_8971502090_Advent Geneva,129_8971502090_Newedge,2135788965,NEFU_FIFTY_SEVEN_00799769,USD,tyz1,32.13,US 10YR NOTE (CBT)Dec21,2021-08-31,2021-08-31,3,No-pair,OB,SMB,GVA missing trade as of 09/01. SFO to advise,2021-09-02T00:00:00,8971506022,-1184097190
58,203_8971452119_Advent Geneva,56_8971452119_Newedge,2069323684,NEFU_FIFTY_SEVEN_00799804,KRW,kmu1,7780.12,KOSPI2 INX FUT    Sep21,2021-07-27,2021-07-27,38,No-pair,OB,SMB,MV Swing,2021-09-02T00:00:00,8971506022,-1184097190
59,166_8971500148_Advent Geneva,74_8971500148_Newedge,2133391545,NEFU_FIFTY_SEVEN_00799760,USD,smz1,-319.29,SOYBEAN MEAL FUTR Dec21,2021-08-30,2021-08-30,4,No-pair,OB,SMB,MV Swing,2021-09-02T00:00:00,8971506022,-1184097190
60,11_8971454063_Advent Geneva,,2071655788,NEFU_FIFTY_SEVEN_00799803,AUD,xpu1,-256.68,SPI 200 FUTURES   Sep21,2021-07-28,2021-07-28,36,No-pair,OB,OB,MV Swing,2021-09-02T00:00:00,8971506022,-1184097190
61,,280_8971452119_Newedge,2069323840,NEFU_FIFTY_SEVEN_00799802,USD,uxq1,-17.5,AUG 21 CFE VIX,2021-07-27,2021-07-27,38,No-pair,OB,OB,"Commission difference, SFO to advise",2021-09-02T00:00:00,8971506022,-1184097190
62,261_8971496173_Advent Geneva,135_8971496173_Newedge,2128394249,NEFU_FIFTY_SEVEN_00799801,USD,esu1,284.86,S&P500 EMINI FUT  Sep21,2021-08-26,2021-08-26,8,No-pair,OB,SMB,MV Swing,2021-09-02T00:00:00,8971506022,-1184097190
63,58_8971496173_Advent Geneva,37_8971496173_Newedge,2128393995,NEFU_FIFTY_SEVEN_00799802,EUR,vgu1,-3014.5,EURO STOXX 50     Sep21,2021-08-26,2021-08-26,8,No-pair,OB,SMB,MV Swing,2021-09-02T00:00:00,8971506022,-1184097190
64,125_8971458108_Advent Geneva,68_8971458108_Newedge,2077723005,NEFU_FIFTY_SEVEN_00799804,KRW,kmu1,-1500.2,KOSPI2 INX FUT    Sep21,2021-07-30,2021-07-30,35,No-pair,OB,SMB,MV Swing,2021-09-02T00:00:00,8971506022,-1184097190
65,206_8971502090_Advent Geneva,281_8971502090_Newedge,2135788742,NEFU_FIFTY_SEVEN_00799762,USD,mesu1,-597.76,MSCI EmgMkt       Sep21,2021-08-31,2021-08-31,3,No-pair,OB,SMB,MV Swing,2021-09-02T00:00:00,8971506022,-1184097190
66,275_8971504138_Advent Geneva,88_8971504138_Newedge,2138199791,NEFU_FIFTY_SEVEN_00799760,USD,tuz1,-247.26,US 2YR NOTE (CBT) Dec21,2021-09-01,2021-09-01,2,No-pair,OB,SMB,MV Swing,2021-09-02T00:00:00,8971506022,-1184097190
67,275_8971500148_Advent Geneva,127_8971500148_Newedge,2133391918,NEFU_FIFTY_SEVEN_00799802,ZAR,aiu1,443.85,FTSE/JSE TOP 40   Sep21,2021-08-30,2021-08-30,4,No-pair,OB,SMB,MV Swing,2021-09-02T00:00:00,8971506022,-1184097190
68,231_8971502090_Advent Geneva,306_8971502090_Newedge,2135789176,NEFU_FIFTY_SEVEN_00799769,USD,rtyu1,-5.22,E-Mini Russ 2000  Sep21,2021-08-31,2021-08-31,3,No-pair,OB,SMB,MV Swing,2021-09-02T00:00:00,8971506022,-1184097190
69,135_8971480190_Advent Geneva,34_8971480190_Newedge,2108158341,NEFU_FIFTY_SEVEN_00799802,EUR,vgu1,-20879.98,EURO STOXX 50     Sep21,2021-08-16,2021-08-16,18,No-pair,OB,SMB,MV Swing,2021-09-02T00:00:00,8971506022,-1184097190
70,161_8971504138_Advent Geneva,34_8971504138_Newedge,2138199731,NEFU_FIFTY_SEVEN_00799802,GBP,g z1,-328.59,LONG GILT FUTURE  Dec21,2021-09-01,2021-09-01,2,No-pair,OB,SMB,MV Swing,2021-09-02T00:00:00,8971506022,-1184097190
71,146_8971502090_Advent Geneva,227_8971502090_Newedge,2135789169,NEFU_FIFTY_SEVEN_00799803,THB,bcu1,-19605.82,SET50 FUTURES     Sep21,2021-08-31,2021-08-31,3,No-pair,OB,SMB,MV Swing,2021-09-02T00:00:00,8971506022,-1184097190
72,22_8971502090_Advent Geneva,11_8971502090_Newedge,2135789083,NEFU_FIFTY_SEVENCAY_00799777,CHF,smu1,5378.38,SWISS MKT IX FUTR Sep21,2021-08-31,2021-08-31,3,No-pair,OB,SMB,MV Swing,2021-09-02T00:00:00,8971506022,-1184097190
73,265_8971486166_Advent Geneva,321_8971486166_Newedge,2115963728,NEFU_FIFTY_SEVEN_00799769,USD,esu1,-45.82,S&P500 EMINI FUT  Sep21,2021-08-19,2021-08-19,15,No-pair,OB,SMB,MV Swing,2021-09-02T00:00:00,8971506022,-1184097190
74,41_8971490018_Advent Geneva,17_8971490018_Newedge,2121116001,NEFU_FIFTY_SEVEN_00799769,EUR,eou1,-4632.85,AMSTERDAM IDX FUT Sep21,2021-08-23,2021-08-23,11,No-pair,OB,SMB,MV Swing,2021-09-02T00:00:00,8971506022,-1184097190
75,9_8971426687_Advent Geneva,5_8971426687_Newedge,2037767041,NEFU_FIFTY_SEVEN_00799803,AUD,xpu1,37581.62,SPI 200 FUTURES   Sep21,2021-07-08,2021-07-08,57,No-pair,OB,SMB,MV Swing,2021-09-02T00:00:00,8971506022,-1184097190
76,105_8971502090_Advent Geneva,209_8971502090_Newedge,2135789231,NEFU_FIFTY_SEVEN_00799802,JPY,jbu1,33.28,JPN 10Y BOND(OSE) Sep21,2021-08-31,2021-08-31,3,No-pair,OB,SMB,MV Swing,2021-09-02T00:00:00,8971506022,-1184097190
77,189_8971500148_Advent Geneva,86_8971500148_Newedge,2133391438,NEFU_FIFTY_SEVEN_00799762,USD,hov1,78.32,NY Harb ULSD Fut  Oct21,2021-08-30,2021-08-30,4,No-pair,OB,SMB,"Commission difference, SFO to advise",2021-09-02T00:00:00,8971506022,-1184097190
78,,232_8971474187_Newedge,2099137359,NEFU_FIFTY_SEVEN_00799760,USD,ecu1,-0.46,SEP 21 IMM EURO FX,2021-08-11,2021-08-11,23,No-pair,OB,OB,MV Swing,2021-09-02T00:00:00,8971506022,-1184097190
79,5_8971496173_Advent Geneva,5_8971496173_Newedge,2128393727,NEFU_FIFTY_SEVEN_00799802,AUD,xpu1,7906.52,SPI 200 FUTURES   Sep21,2021-08-26,2021-08-26,8,No-pair,OB,SMB,MV Swing,2021-09-02T00:00:00,8971506022,-1184097190
80,118_8971394513_Advent Geneva,,1997217249,NEFU_FIFTY_SEVEN_00799803,JPY,tpu1,-131.53,TOPIX INDX FUTR   Sep21,2021-06-08,2021-06-08,79,No-pair,OB,OB,MV Swing,2021-09-02T00:00:00,8971506022,-1184097190
81,208_8971496173_Advent Geneva,110_8971496173_Newedge,2128393888,NEFU_FIFTY_SEVEN_00799762,USD,nqu1,-307.31,NASDAQ 100 E-MINI Sep21,2021-08-26,2021-08-26,8,No-pair,OB,SMB,MV Swing,2021-09-02T00:00:00,8971506022,-1184097190
82,165_8971502090_Advent Geneva,94_8971502090_Newedge,2135789281,NEFU_FIFTY_SEVEN_00799760,USD,xidu1,51.8,INR/USD           Sep21,2021-08-31,2021-08-31,3,No-pair,OB,SMB,"Commission difference, SFO to advise",2021-09-02T00:00:00,8971506022,-1184097190
83,477_8971424734_Advent Geneva,66_8971424734_Newedge,2035491005,NEFU_FIFTY_SEVEN_00799760,USD,boz1,-190164.99,SOYBEAN OIL FUTR  Dec21,2021-07-07,2021-07-07,58,No-pair,OB,SMB,MV Swing,2021-09-02T00:00:00,8971506022,-1184097190
84,260_8971502090_Advent Geneva,131_8971502090_Newedge,2135789253,NEFU_FIFTY_SEVEN_00799801,USD,esu1,9512.84,S&P500 EMINI FUT  Sep21,2021-08-31,2021-08-31,3,No-pair,OB,SMB,MV Swing,2021-09-02T00:00:00,8971506022,-1184097190
85,7_8971420288_Advent Geneva,98_8971420288_Newedge,2030838919,NEFU_FIFTY_SEVEN_00799803,AUD,xpu1,-16.36,SPI 200 FUTURES   Sep21,2021-07-05,2021-07-05,60,No-pair,OB,SMB,MV Swing,2021-09-02T00:00:00,8971506022,-1184097190
86,248_8971458108_Advent Geneva,315_8971458108_Newedge,2077723230,NEFU_FIFTY_SEVEN_00799802,USD,uxq1,-81.73,CBOE VIX FUTURE   Aug21,2021-07-30,2021-07-30,35,No-pair,OB,SMB,"Commission difference, SFO to advise",2021-09-02T00:00:00,8971506022,-1184097190
87,133_8971502090_Advent Geneva,221_8971502090_Newedge,2135789167,NEFU_FIFTY_SEVEN_00799802,SEK,qcu1,-16.81,OMXS30 IND FUTURE Sep21,2021-08-31,2021-08-31,3,No-pair,OB,SMB,MV Swing,2021-09-02T00:00:00,8971506022,-1184097190
88,81_8971404061_Advent Geneva,49_8971404061_Newedge,2008716478,NEFU_FIFTY_SEVEN_00799803,JPY,tpu1,-15761.23,TOPIX INDX FUTR   Sep21,2021-06-22,2021-06-22,73,No-pair,OB,SMB,MV Swing,2021-09-02T00:00:00,8971506022,-1184097190
89,25_8971498170_Advent Geneva,15_8971498170_Newedge,2130964090,NEFU_FIFTY_SEVENCAY_00799777,CHF,smu1,212.67,SWISS MKT IX FUTR Sep21,2021-08-27,2021-08-27,7,No-pair,OB,SMB,MV Swing,2021-09-02T00:00:00,8971506022,-1184097190
90,233_8971498170_Advent Geneva,305_8971498170_Newedge,2130964530,NEFU_FIFTY_SEVEN_00799769,USD,rtyu1,-9.86,E-Mini Russ 2000  Sep21,2021-08-27,2021-08-27,7,No-pair,OB,SMB,MV Swing,2021-09-02T00:00:00,8971506022,-1184097190
91,13_8971456038_Advent Geneva,,2074204100,NEFU_FIFTY_SEVEN_00799803,AUD,xpu1,-35378.79,SPI 200 FUTURES   Sep21,2021-07-29,2021-07-29,35,No-pair,OB,OB,MV Swing,2021-09-02T00:00:00,8971506022,-1184097190
92,,275_8971484218_Newedge,2113336375,NEFU_FIFTY_SEVEN_00799762,USD,nqu1,-71.44,SEP 21 IMM EMINI NSDQ,2021-08-18,2021-08-18,16,No-pair,OB,OB,MV Swing,2021-09-02T00:00:00,8971506022,-1184097190
93,239_8971504138_Advent Geneva,71_8971504138_Newedge,2138199790,NEFU_FIFTY_SEVEN_00799760,USD,hgz1,-99.18,COPPER FUTURE     Dec21,2021-09-01,2021-09-01,2,No-pair,OB,SMB,MV Swing,2021-09-02T00:00:00,8971506022,-1184097190
95,6_8971405890_Advent Geneva,137_8971405890_Newedge,2011018272,NEFU_FIFTY_SEVEN_00799803,AUD,xpu1,-17.81,SPI 200 FUTURES   Sep21,2021-06-23,2021-06-23,72,No-pair,OB,SMB,MV Swing,2021-09-02T00:00:00,8971506022,-1184097190
96,,195_8971482299_Newedge,2110838914,NEFU_FIFTY_SEVEN_00799762,JPY,niu1,-12.13,SEP 21 SGX NIKKEI IDX,2021-08-17,2021-08-17,17,No-pair,OB,OB,MV Swing,2021-09-02T00:00:00,8971506022,-1184097190
97,65_8971396326_Advent Geneva,188_8971396326_Newedge,1999182466,NEFU_FIFTY_SEVEN_00799802,EUR,vgu1,-132.41,EURO STOXX 50     Sep21,2021-06-16,2021-06-16,79,No-pair,OB,SMB,MV Swing,2021-09-02T00:00:00,8971506022,-1184097190
98,10_8971448246_Advent Geneva,134_8971448246_Newedge,2063909327,NEFU_FIFTY_SEVEN_00799803,AUD,xpu1,-5482.55,SPI 200 FUTURES   Sep21,2021-07-23,2021-07-23,42,No-pair,OB,SMB,MV Swing,2021-09-02T00:00:00,8971506022,-1184097190
99,40_8971498170_Advent Geneva,28_8971498170_Newedge,2130964436,NEFU_FIFTY_SEVEN_00799769,EUR,vgu1,-321.72,EURO STOXX 50     Sep21,2021-08-27,2021-08-27,7,No-pair,OB,SMB,MV Swing,2021-09-02T00:00:00,8971506022,-1184097190
100,11_8971460235_Advent Geneva,,2080396984,NEFU_FIFTY_SEVEN_00799803,AUD,xpu1,298.91,SPI 200 FUTURES   Sep21,2021-08-02,2021-08-02,31,No-pair,OB,OB,MV Swing,2021-09-02T00:00:00,8971506022,-1184097190
101,216_8971411649_Advent Geneva,,2018832381,NEFU_FIFTY_SEVEN_00799769,USD,esu1,-66342.2,S&P500 EMINI FUT  Sep21,2021-06-28,2021-06-28,66,No-pair,OB,OB,MV Swing,2021-09-02T00:00:00,8971506022,-1184097190
102,39_8971498170_Advent Geneva,176_8971498170_Newedge,2130964417,NEFU_FIFTY_SEVEN_00799769,EUR,vgu1,-5.23,EURO STOXX 50     Sep21,2021-08-27,2021-08-27,7,No-pair,OB,SMB,MV Swing,2021-09-02T00:00:00,8971506022,-1184097190
103,54_8971434624_Advent Geneva,30_8971434624_Newedge,2047328228,NEFU_FIFTY_SEVEN_00799802,EUR,vgu1,-7947.15,EURO STOXX 50     Sep21,2021-07-14,2021-07-14,51,No-pair,OB,SMB,MV Swing,2021-09-02T00:00:00,8971506022,-1184097190
104,252_8971496173_Advent Geneva,123_8971496173_Newedge,2128393787,NEFU_FIFTY_SEVEN_00799769,USD,esu1,433.12,S&P500 EMINI FUT  Sep21,2021-08-26,2021-08-26,8,No-pair,OB,SMB,MV Swing,2021-09-02T00:00:00,8971506022,-1184097190
105,54_8971494314_Advent Geneva,32_8971494314_Newedge,2126181440,NEFU_FIFTY_SEVEN_00799802,EUR,vgu1,-946.08,EURO STOXX 50     Sep21,2021-08-25,2021-08-25,9,No-pair,OB,SMB,MV Swing,2021-09-02T00:00:00,8971506022,-1184097190
106,234_8971440316_Advent Geneva,102_8971440316_Newedge,2054295520,NEFU_FIFTY_SEVEN_00799769,USD,esu1,388.08,S&P500 EMINI FUT  Sep21,2021-07-19,2021-07-19,46,No-pair,OB,SMB,MV Swing,2021-09-02T00:00:00,8971506022,-1184097190
107,196_8971472236_Advent Geneva,55_8971472236_Newedge,2096555458,NEFU_FIFTY_SEVEN_00799803,THB,bcu1,655.98,SET50 FUTURES     Sep21,2021-08-10,2021-08-10,24,No-pair,OB,SMB,MV Swing,2021-09-02T00:00:00,8971506022,-1184097190
108,112_8971474187_Advent Geneva,57_8971474187_Newedge,2099136968,NEFU_FIFTY_SEVEN_00799804,KRW,kmu1,-11138.01,KOSPI2 INX FUT    Sep21,2021-08-11,2021-08-11,23,No-pair,OB,SMB,MV Swing,2021-09-02T00:00:00,8971506022,-1184097190
109,196_8971496173_Advent Geneva,268_8971496173_Newedge,2128393799,NEFU_FIFTY_SEVEN_00799760,USD,w h2,462.5,WHEAT FUTURE(CBT) Mar22,2021-08-26,2021-08-26,8,No-pair,OB,SMB,MV Swing,2021-09-02T00:00:00,8971506022,-1184097190
110,118_8971490018_Advent Geneva,207_8971488329_Newedge,2121115735,NEFU_FIFTY_SEVEN_00799762,JPY,niu1,98274.44,NIKKEI 225  (SGX) Sep21,2021-08-20,2021-08-20,14,No-pair,OB,SMB,MV Swing,2021-09-02T00:00:00,8971506022,-1184097190
111,10_8971460235_Advent Geneva,3_8971460235_Newedge,2080396983,NEFU_FIFTY_SEVEN_00799803,AUD,xpu1,396.99,SPI 200 FUTURES   Sep21,2021-08-02,2021-08-02,32,No-pair,OB,SMB,MV Swing,2021-09-02T00:00:00,8971506022,-1184097190
112,55_8971400205_Advent Geneva,36_8971400205_Newedge,2003875143,NEFU_FIFTY_SEVEN_00799802,EUR,vgu1,435.62,EURO STOXX 50     Sep21,2021-06-18,2021-06-18,77,No-pair,OB,SMB,MV Swing,2021-09-02T00:00:00,8971506022,-1184097190
113,102_8971500148_Advent Geneva,46_8971500148_Newedge,2133391777,NEFU_FIFTY_SEVEN_00799804,KRW,kmu1,-6527.06,KOSPI2 INX FUT    Sep21,2021-08-30,2021-08-30,4,No-pair,OB,SMB,MV Swing,2021-09-02T00:00:00,8971506022,-1184097190
114,97_8971438425_Advent Geneva,,2051927510,NEFU_FIFTY_SEVEN_00799803,JPY,tpu1,59.28,TOPIX INDX FUTR   Sep21,2021-07-16,2021-07-16,48,No-pair,OB,OB,MV Swing,2021-09-02T00:00:00,8971506022,-1184097190
115,141_8971480190_Advent Geneva,28_8971480190_Newedge,2108157935,NEFU_FIFTY_SEVEN_00799802,EUR,fvsq1,464.15,VSTOXX Future     Aug21,2021-08-16,2021-08-16,18,No-pair,OB,SMB,"Commission difference, SFO to advise",2021-09-02T00:00:00,8971506022,-1184097190
116,387_8971504138_Advent Geneva,128_8971504138_Newedge,2138199943,NEFU_FIFTY_SEVEN_00799803,USD,xuu1,-87869.88,FTSE CHINA A50    Sep21,2021-09-01,2021-09-01,2,No-pair,OB,SMB,MV Swing,2021-09-02T00:00:00,8971506022,-1184097190
117,9_8971404061_Advent Geneva,5_8971404061_Newedge,2008716522,NEFU_FIFTY_SEVEN_00799803,AUD,xpu1,750.76,SPI 200 FUTURES   Sep21,2021-06-22,2021-06-22,73,No-pair,OB,SMB,MV Swing,2021-09-02T00:00:00,8971506022,-1184097190
118,15_8971446202_Advent Geneva,8_8971446202_Newedge,2061446552,NEFU_FIFTY_SEVEN_00799803,AUD,xpu1,395.0,SPI 200 FUTURES   Sep21,2021-07-22,2021-07-22,43,No-pair,OB,SMB,MV Swing,2021-09-02T00:00:00,8971506022,-1184097190
119,126_8971430481_Advent Geneva,201_8971430481_Newedge,2042742279,NEFU_FIFTY_SEVEN_00799804,KRW,kmu1,-16.22,KOSPI2 INX FUT    Sep21,2021-07-12,2021-07-12,53,No-pair,OB,SMB,MV Swing,2021-09-02T00:00:00,8971506022,-1184097190
121,15_8971470255_Advent Geneva,5_8971470255_Newedge,2094162595,NEFU_FIFTY_SEVEN_00799803,AUD,xpu1,30018.17,SPI 200 FUTURES   Sep21,2021-08-09,2021-08-09,25,No-pair,OB,SMB,MV Swing,2021-09-02T00:00:00,8971506022,-1184097190
122,104_8971434624_Advent Geneva,51_8971434624_Newedge,2047328230,NEFU_FIFTY_SEVEN_00799804,KRW,kmu1,6196.87,KOSPI2 INX FUT    Sep21,2021-07-14,2021-07-14,51,No-pair,OB,SMB,MV Swing,2021-09-02T00:00:00,8971506022,-1184097190
123,108_8971390559_Advent Geneva,55_8971390559_Newedge,1992286314,NEFU_FIFTY_SEVEN_00799804,KRW,kmu1,-1751.19,KOSPI2 INX FUT    Sep21,2021-06-11,2021-06-11,84,No-pair,OB,SMB,MV Swing,2021-09-02T00:00:00,8971506022,-1184097190
125,88_8971498170_Advent Geneva,46_8971498170_Newedge,2130964373,NEFU_FIFTY_SEVEN_00799803,HKD,hiu1,-75616.31,HANG SENG IDX FUT Sep21,2021-08-27,2021-08-27,7,No-pair,OB,SMB,MV Swing,2021-09-02T00:00:00,8971506022,-1184097190
126,16_8971482299_Advent Geneva,145_8971482299_Newedge,2110838089,NEFU_FIFTY_SEVEN_00799803,AUD,xpu1,-69.29,SPI 200 FUTURES   Sep21,2021-08-17,2021-08-17,17,No-pair,OB,SMB,MV Swing,2021-09-02T00:00:00,8971506022,-1184097190
127,109_8971466268_Advent Geneva,49_8971466268_Newedge,2088715051,NEFU_FIFTY_SEVEN_00799804,KRW,kmu1,-231.84,KOSPI2 INX FUT    Sep21,2021-08-05,2021-08-05,29,No-pair,OB,SMB,MV Swing,2021-09-02T00:00:00,8971506022,-1184097190
128,119_8971500148_Advent Geneva,,2133391659,NEFU_FIFTY_SEVEN_00799803,SGD,qzu1,-138.62,MSCI SING IX ETS  Sep21,2021-08-30,2021-08-30,3,No-pair,OB,OB,MV Swing,2021-09-02T00:00:00,8971506022,-1184097190
129,272_8971426687_Advent Geneva,96_8971426687_Newedge,2037766949,NEFU_FIFTY_SEVEN_00799769,USD,esu1,-14598.84,S&P500 EMINI FUT  Sep21,2021-07-08,2021-07-08,57,No-pair,OB,SMB,MV Swing,2021-09-02T00:00:00,8971506022,-1184097190
130,186_8971438425_Advent Geneva,75_8971438425_Newedge,2051927503,NEFU_FIFTY_SEVEN_00799760,USD,boz1,1345.89,SOYBEAN OIL FUTR  Dec21,2021-07-16,2021-07-16,49,No-pair,OB,SMB,MV Swing,2021-09-02T00:00:00,8971506022,-1184097190
131,6_8971417585_Advent Geneva,118_8971417585_Newedge,2026970527,NEFU_FIFTY_SEVEN_00799803,AUD,xpu1,-28.61,SPI 200 FUTURES   Sep21,2021-07-01,2021-07-01,64,No-pair,OB,SMB,MV Swing,2021-09-02T00:00:00,8971506022,-1184097190
132,114_8971484218_Advent Geneva,201_8971484218_Newedge,2113336811,NEFU_FIFTY_SEVEN_00799804,KRW,kmu1,-144.15,KOSPI2 INX FUT    Sep21,2021-08-18,2021-08-18,16,No-pair,OB,SMB,MV Swing,2021-09-02T00:00:00,8971506022,-1184097190
133,50_8971444152_Advent Geneva,28_8971444152_Newedge,2058928128,NEFU_FIFTY_SEVEN_00799802,EUR,gxu1,6590.66,DAX INDEX FUTURE  Sep21,2021-07-21,2021-07-21,44,No-pair,OB,SMB,"Commission difference, SFO to advise",2021-09-02T00:00:00,8971506022,-1184097190
134,127_8971430481_Advent Geneva,53_8971430481_Newedge,2042742260,NEFU_FIFTY_SEVEN_00799804,KRW,kmu1,12.74,KOSPI2 INX FUT    Sep21,2021-07-12,2021-07-12,53,No-pair,OB,SMB,MV Swing,2021-09-02T00:00:00,8971506022,-1184097190
135,79_8971496173_Advent Geneva,38_8971496173_Newedge,2128393742,NEFU_FIFTY_SEVEN_00799762,GBP,z u1,-2491.08,FTSE 100 IDX FUT  Sep21,2021-08-26,2021-08-26,8,No-pair,OB,SMB,MV Swing,2021-09-02T00:00:00,8971506022,-1184097190
136,113_8971384572_Advent Geneva,57_8971384572_Newedge,1984484359,NEFU_FIFTY_SEVEN_00799804,KRW,kmu1,6531.35,KOSPI2 INX FUT    Sep21,2021-06-08,2021-06-08,87,No-pair,OB,SMB,MV Swing,2021-09-02T00:00:00,8971506022,-1184097190
137,218_8971413792_Advent Geneva,253_8971413792_Newedge,2021314449,NEFU_FIFTY_SEVEN_00799769,USD,esu1,-8.12,S&P500 EMINI FUT  Sep21,2021-06-29,2021-06-29,66,No-pair,OB,SMB,MV Swing,2021-09-02T00:00:00,8971506022,-1184097190
138,133_8971432624_Advent Geneva,197_8971432624_Newedge,2044955115,NEFU_FIFTY_SEVEN_00799814,KRW,kuq1,-19.0,US DOLLAR FUT     Aug21,2021-07-13,2021-07-13,52,No-pair,OB,SMB,"Commission difference, SFO to advise",2021-09-02T00:00:00,8971506022,-1184097190
139,95_8971426687_Advent Geneva,167_8971426687_Newedge,2037767154,NEFU_FIFTY_SEVEN_00799802,EUR,vgu1,-1182.44,EURO STOXX 50     Sep21,2021-07-08,2021-07-08,57,No-pair,OB,SMB,MV Swing,2021-09-02T00:00:00,8971506022,-1184097190
140,285_8971492132_Advent Geneva,336_8971492132_Newedge,2123794221,NEFU_FIFTY_SEVEN_00799802,ZAR,aiu1,-454.02,FTSE/JSE TOP 40   Sep21,2021-08-24,2021-08-24,10,No-pair,OB,SMB,MV Swing,2021-09-02T00:00:00,8971506022,-1184097190
141,13_8971442331_Advent Geneva,,2056711691,NEFU_FIFTY_SEVEN_00799803,AUD,xpu1,25308.83,SPI 200 FUTURES   Sep21,2021-07-20,2021-07-20,44,No-pair,OB,OB,MV Swing,2021-09-02T00:00:00,8971506022,-1184097190
142,103_8971466268_Advent Geneva,,2088714853,NEFU_FIFTY_SEVEN_00799803,JPY,tpu1,131379.77,TOPIX INDX FUTR   Sep21,2021-08-05,2021-08-05,28,No-pair,OB,OB,MV Swing,2021-09-02T00:00:00,8971506022,-1184097190
143,140_8971426687_Advent Geneva,191_8971426687_Newedge,2037767303,NEFU_FIFTY_SEVEN_00799803,JPY,tpu1,-140.56,TOPIX INDX FUTR   Sep21,2021-07-08,2021-07-08,57,No-pair,OB,SMB,MV Swing,2021-09-02T00:00:00,8971506022,-1184097190
144,183_8971474187_Advent Geneva,272_8971474187_Newedge,2099137373,NEFU_FIFTY_SEVEN_00799762,USD,mesu1,-715.0,MSCI EmgMkt       Sep21,2021-08-11,2021-08-11,23,No-pair,OB,SMB,MV Swing,2021-09-02T00:00:00,8971506022,-1184097190
145,245_8971474187_Advent Geneva,130_8971474187_Newedge,2099137167,NEFU_FIFTY_SEVEN_00799802,USD,uxq1,-96.46,CBOE VIX FUTURE   Aug21,2021-08-11,2021-08-11,23,No-pair,OB,SMB,"Commission difference, SFO to advise",2021-09-02T00:00:00,8971506022,-1184097190
146,250_8971444152_Advent Geneva,269_8971444152_Newedge,2058928332,NEFU_FIFTY_SEVEN_00799769,USD,esu1,2836.98,S&P500 EMINI FUT  Sep21,2021-07-21,2021-07-21,44,No-pair,OB,SMB,MV Swing,2021-09-02T00:00:00,8971506022,-1184097190
147,,67_8971504138_Newedge,2138199521,NEFU_FIFTY_SEVEN_00799760,USD,bzax1,-890.0,NOV 21 NYM BRENT LD,2021-09-01,2021-09-01,2,No-pair,OB,OB,MV Swing,2021-09-02T00:00:00,8971506022,-1184097190
148,105_8971442331_Advent Geneva,,2056711675,NEFU_FIFTY_SEVEN_00799803,JPY,tpu1,4379.74,TOPIX INDX FUTR   Sep21,2021-07-20,2021-07-20,44,No-pair,OB,OB,MV Swing,2021-09-02T00:00:00,8971506022,-1184097190
149,183_8971492132_Advent Geneva,88_8971492132_Newedge,2123794112,NEFU_FIFTY_SEVEN_00799760,USD,s x1,-82.46,SOYBEAN FUTURE    Nov21,2021-08-24,2021-08-24,10,No-pair,OB,SMB,MV Swing,2021-09-02T00:00:00,8971506022,-1184097190
150,218_8971454063_Advent Geneva,97_8971454063_Newedge,2071656246,NEFU_FIFTY_SEVEN_00799769,USD,esu1,13438.6,S&P500 EMINI FUT  Sep21,2021-07-28,2021-07-28,37,No-pair,OB,SMB,MV Swing,2021-09-02T00:00:00,8971506022,-1184097190
152,283_8971492132_Advent Geneva,,2123794222,NEFU_FIFTY_SEVEN_00799802,ZAR,aiu1,2.65,FTSE/JSE TOP 40   Sep21,2021-08-24,2021-08-24,9,No-pair,OB,OB,MV Swing,2021-09-02T00:00:00,8971506022,-1184097190
153,11_8971430481_Advent Geneva,139_8971430481_Newedge,2042742002,NEFU_FIFTY_SEVEN_00799803,AUD,xpu1,-138.65,SPI 200 FUTURES   Sep21,2021-07-12,2021-07-12,53,No-pair,OB,SMB,MV Swing,2021-09-02T00:00:00,8971506022,-1184097190
154,106_8971486166_Advent Geneva,217_8971486166_Newedge,2115963310,NEFU_FIFTY_SEVEN_00799762,JPY,niu1,-541.06,NIKKEI 225  (SGX) Sep21,2021-08-19,2021-08-19,15,No-pair,OB,SMB,MV Swing,2021-09-02T00:00:00,8971506022,-1184097190
155,59_8971428733_Advent Geneva,38_8971428733_Newedge,2040159466,NEFU_FIFTY_SEVEN_00799802,EUR,vgu1,3596.48,EURO STOXX 50     Sep21,2021-07-09,2021-07-09,56,No-pair,OB,SMB,MV Swing,2021-09-02T00:00:00,8971506022,-1184097190
157,11_8971468335_Advent Geneva,136_8971468335_Newedge,2091579388,NEFU_FIFTY_SEVEN_00799803,AUD,xpu1,790.3,SPI 200 FUTURES   Sep21,2021-08-06,2021-08-06,28,No-pair,OB,SMB,MV Swing,2021-09-02T00:00:00,8971506022,-1184097190
158,439_8971434624_Advent Geneva,86_8971434624_Newedge,2047328470,NEFU_FIFTY_SEVEN_00799762,USD,twtn1,282.23,FTSE Taiwan Index Jul21,2021-07-14,2021-07-14,51,No-pair,OB,SMB,"Commission difference, SFO to advise",2021-09-02T00:00:00,8971506022,-1184097190
159,,189_8971494314_Newedge,2126181336,NEFU_FIFTY_SEVEN_00799762,GBP,z u1,-0.66,SEP 21 NEW FTSE 100,2021-08-25,2021-08-25,9,No-pair,OB,OB,MV Swing,2021-09-02T00:00:00,8971506022,-1184097190
160,22_8971504138_Advent Geneva,132_8971504138_Newedge,2138199366,NEFU_FIFTY_SEVEN_00799762,AUD,xpu1,-16.9,SPI 200 FUTURES   Sep21,2021-09-01,2021-09-01,2,No-pair,OB,SMB,PB Missing Trade,2021-09-02T00:00:00,8971506022,-1184097190
161,11_8971458108_Advent Geneva,161_8971458108_Newedge,2077722824,NEFU_FIFTY_SEVEN_00799803,AUD,xpu1,-123.65,SPI 200 FUTURES   Sep21,2021-07-30,2021-07-30,35,No-pair,OB,SMB,MV Swing,2021-09-02T00:00:00,8971506022,-1184097190
162,163_8971494314_Advent Geneva,242_8971494314_Newedge,2126181688,NEFU_FIFTY_SEVEN_00799760,USD,ecu1,-138.9,EURO FX CURR FUT  Sep21,2021-08-25,2021-08-25,9,No-pair,OB,SMB,MV Swing,2021-09-02T00:00:00,8971506022,-1184097190
163,,262_8971504138_Newedge,2138199578,NEFU_FIFTY_SEVEN_00799762,USD,dmu1,-17.15,SEP 21 CBT MINI DOW 5,2021-09-01,2021-09-01,2,No-pair,OB,OB,MV Swing,2021-09-02T00:00:00,8971506022,-1184097190
164,276_8971502090_Advent Geneva,328_8971502090_Newedge,2135788771,NEFU_FIFTY_SEVEN_00799803,USD,xuu1,-380.16,FTSE CHINA A50    Sep21,2021-08-31,2021-08-31,3,No-pair,OB,SMB,MV Swing,2021-09-02T00:00:00,8971506022,-1184097190
165,182_8971500148_Advent Geneva,93_8971500148_Newedge,2133391786,NEFU_FIFTY_SEVEN_00799762,USD,twtu1,-38.38,FTSE Taiwan Index Sep21,2021-08-30,2021-08-30,4,No-pair,OB,SMB,MV Swing,2021-09-02T00:00:00,8971506022,-1184097190
166,105_8971444152_Advent Geneva,53_8971444152_Newedge,2058928453,NEFU_FIFTY_SEVEN_00799804,KRW,kmu1,-5422.33,KOSPI2 INX FUT    Sep21,2021-07-21,2021-07-21,44,No-pair,OB,SMB,MV Swing,2021-09-02T00:00:00,8971506022,-1184097190
167,195_8971492132_Advent Geneva,100_8971492132_Newedge,2123794231,NEFU_FIFTY_SEVEN_00799762,USD,dmu1,-7.19,DJIA MINI e-CBOT  Sep21,2021-08-24,2021-08-24,10,No-pair,OB,SMB,MV Swing,2021-09-02T00:00:00,8971506022,-1184097190
168,,202_8971488329_Newedge,2118786159,NEFU_FIFTY_SEVEN_00799803,HKD,hcq1,-7.29,AUG 21 HKE H-SHARES,2021-08-20,2021-08-20,14,No-pair,OB,OB,"Commission difference, SFO to advise",2021-09-02T00:00:00,8971506022,-1184097190
169,218_8971504138_Advent Geneva,212_8971504138_Newedge,2138199803,NEFU_FIFTY_SEVEN_00799803,SGD,qzu1,-3159.07,MSCI SING IX ETS  Sep21,2021-09-01,2021-09-01,2,No-pair,OB,SMB,MV Swing,2021-09-02T00:00:00,8971506022,-1184097190
170,10_8971444152_Advent Geneva,144_8971444152_Newedge,2058928184,NEFU_FIFTY_SEVEN_00799803,AUD,xpu1,-80.9,SPI 200 FUTURES   Sep21,2021-07-21,2021-07-21,44,No-pair,OB,SMB,MV Swing,2021-09-02T00:00:00,8971506022,-1184097190
171,72_8971436488_Advent Geneva,33_8971436488_Newedge,2049572860,NEFU_FIFTY_SEVEN_00799802,EUR,vgu1,17976.99,EURO STOXX 50     Sep21,2021-07-15,2021-07-15,50,No-pair,OB,SMB,MV Swing,2021-09-02T00:00:00,8971506022,-1184097190
172,69_8971504138_Advent Geneva,136_8971504138_Newedge,2138199481,NEFU_FIFTY_SEVEN_00799803,AUD,xpu1,-113.32,SPI 200 FUTURES   Sep21,2021-09-01,2021-09-01,2,No-pair,OB,SMB,MV Swing,2021-09-02T00:00:00,8971506022,-1184097190
173,76_8971484218_Advent Geneva,28_8971484218_Newedge,2113336290,NEFU_FIFTY_SEVEN_00799802,EUR,vgu1,19.85,EURO STOXX 50     Sep21,2021-08-18,2021-08-18,16,No-pair,OB,SMB,MV Swing,2021-09-02T00:00:00,8971506022,-1184097190
175,145_8971474187_Advent Geneva,71_8971474187_Newedge,2099137380,NEFU_FIFTY_SEVEN_00799760,USD,ecu1,-162.06,EURO FX CURR FUT  Sep21,2021-08-11,2021-08-11,23,No-pair,OB,SMB,MV Swing,2021-09-02T00:00:00,8971506022,-1184097190
176,283_8971411649_Advent Geneva,,2018837560,NEFU_FIFTY_SEVEN_00799803,USD,ihm1,111.58,SGX Nifty 50      Jun21,2021-06-23,2021-06-23,66,No-pair,OB,OB,"Commission amended for backdated trade, SFO to validate",2021-09-02T00:00:00,8971506022,-1184097190
177,93_8971411649_Advent Geneva,47_8971411649_Newedge,2018834032,NEFU_FIFTY_SEVEN_00799804,KRW,kmu1,542.59,KOSPI2 INX FUT    Sep21,2021-06-28,2021-06-28,67,No-pair,OB,SMB,MV Swing,2021-09-02T00:00:00,8971506022,-1184097190
178,101_8971478351_Advent Geneva,212_8971478351_Newedge,2105432431,NEFU_FIFTY_SEVEN_00799803,JPY,tpu1,-52.59,TOPIX INDX FUTR   Sep21,2021-08-13,2021-08-13,21,No-pair,OB,SMB,MV Swing,2021-09-02T00:00:00,8971506022,-1184097190
179,94_8971415663_Advent Geneva,175_8971415663_Newedge,2023849627,NEFU_FIFTY_SEVEN_00799803,JPY,tpu1,-86.06,TOPIX INDX FUTR   Sep21,2021-06-30,2021-06-30,65,No-pair,OB,SMB,MV Swing,2021-09-02T00:00:00,8971506022,-1184097190
180,225_8971496173_Advent Geneva,118_8971496173_Newedge,2128393988,NEFU_FIFTY_SEVEN_00799769,USD,adu1,392.24,AUDUSD Crncy Fut  Sep21,2021-08-26,2021-08-26,8,No-pair,OB,SMB,MV Swing,2021-09-02T00:00:00,8971506022,-1184097190
181,34_8971492132_Advent Geneva,17_8971492132_Newedge,2123793735,NEFU_FIFTY_SEVEN_00799769,EUR,eou1,-389.7,AMSTERDAM IDX FUT Sep21,2021-08-24,2021-08-24,10,No-pair,OB,SMB,MV Swing,2021-09-02T00:00:00,8971506022,-1184097190
182,37_8971494314_Advent Geneva,19_8971494314_Newedge,2126181371,NEFU_FIFTY_SEVEN_00799769,EUR,eou1,6401.66,AMSTERDAM IDX FUT Sep21,2021-08-25,2021-08-25,9,No-pair,OB,SMB,MV Swing,2021-09-02T00:00:00,8971506022,-1184097190
183,49_8971462157_Advent Geneva,,2083549851,NEFU_FIFTY_SEVEN_00799802,EUR,vgu1,83.05,EURO STOXX 50     Sep21,2021-08-03,2021-08-03,30,No-pair,OB,OB,MV Swing,2021-09-02T00:00:00,8971506022,-1184097190
184,259_8971500148_Advent Geneva,308_8971500148_Newedge,2133391940,NEFU_FIFTY_SEVEN_00799803,USD,twtu1,-220.82,FTSE Taiwan Index Sep21,2021-08-30,2021-08-30,4,No-pair,OB,SMB,MV Swing,2021-09-02T00:00:00,8971506022,-1184097190
185,352_8971422667_Advent Geneva,45_8971422667_Newedge,2033341532,NEFU_FIFTY_SEVEN_00799803,JPY,tpu1,183.95,TOPIX INDX FUTR   Sep21,2021-07-06,2021-07-06,59,No-pair,OB,SMB,MV Swing,2021-09-02T00:00:00,8971506022,-1184097190
186,12_8971490018_Advent Geneva,5_8971490018_Newedge,2121115944,NEFU_FIFTY_SEVEN_00799803,AUD,xpu1,2005.23,SPI 200 FUTURES   Sep21,2021-08-23,2021-08-23,11,No-pair,OB,SMB,MV Swing,2021-09-02T00:00:00,8971506022,-1184097190
187,161_8971486166_Advent Geneva,256_8971486166_Newedge,2115963879,NEFU_FIFTY_SEVEN_00799760,USD,ecu1,-10.22,EURO FX CURR FUT  Sep21,2021-08-19,2021-08-19,15,No-pair,OB,SMB,MV Swing,2021-09-02T00:00:00,8971506022,-1184097190
188,149_8971458108_Advent Geneva,83_8971458108_Newedge,2077723277,NEFU_FIFTY_SEVEN_00799803,THB,bcu1,4532.96,SET50 FUTURES     Sep21,2021-07-30,2021-07-30,35,No-pair,OB,SMB,MV Swing,2021-09-02T00:00:00,8971506022,-1184097190
189,86_8971504138_Advent Geneva,10_8971504138_Newedge,2138199688,NEFU_FIFTY_SEVENCAY_00799777,CHF,smu1,11491.64,SWISS MKT IX FUTR Sep21,2021-09-01,2021-09-01,2,No-pair,OB,SMB,MV Swing,2021-09-02T00:00:00,8971506022,-1184097190
190,14_8971474187_Advent Geneva,146_8971474187_Newedge,2099137435,NEFU_FIFTY_SEVEN_00799803,AUD,xpu1,-146.59,SPI 200 FUTURES   Sep21,2021-08-11,2021-08-11,23,No-pair,OB,SMB,MV Swing,2021-09-02T00:00:00,8971506022,-1184097190
191,51_8971500148_Advent Geneva,169_8971500148_Newedge,2133391577,NEFU_FIFTY_SEVEN_00799802,EUR,vgu1,73542.74,EURO STOXX 50     Sep21,2021-08-30,2021-08-30,4,No-pair,OB,SMB,MV Swing,2021-09-02T00:00:00,8971506022,-1184097190
192,51_8971405890_Advent Geneva,,2011018534,NEFU_FIFTY_SEVEN_00799802,EUR,vgu1,25.5,EURO STOXX 50     Sep21,2021-06-23,2021-06-23,71,No-pair,OB,OB,MV Swing,2021-09-02T00:00:00,8971506022,-1184097190
193,92_8971411649_Advent Geneva,194_8971411649_Newedge,2018834247,NEFU_FIFTY_SEVEN_00799804,KRW,kmu1,-5.82,KOSPI2 INX FUT    Sep21,2021-06-28,2021-06-28,67,No-pair,OB,SMB,MV Swing,2021-09-02T00:00:00,8971506022,-1184097190
194,92_8971464347_Advent Geneva,,2086169930,NEFU_FIFTY_SEVEN_00799803,JPY,tpu1,31764.02,TOPIX INDX FUTR   Sep21,2021-08-04,2021-08-04,29,No-pair,OB,OB,MV Swing,2021-09-02T00:00:00,8971506022,-1184097190
195,119_8971504138_Advent Geneva,155_8971504138_Newedge,2138199435,NEFU_FIFTY_SEVEN_00799769,EUR,eou1,-15.84,AMSTERDAM IDX FUT Sep21,2021-09-01,2021-09-01,2,No-pair,OB,SMB,MV Swing,2021-09-02T00:00:00,8971506022,-1184097190
196,140_8971466268_Advent Geneva,210_8971466268_Newedge,2088714979,NEFU_FIFTY_SEVEN_00799803,THB,bcu1,-429.92,SET50 FUTURES     Sep21,2021-08-05,2021-08-05,29,No-pair,OB,SMB,MV Swing,2021-09-02T00:00:00,8971506022,-1184097190
197,35_8971494314_Advent Geneva,17_8971494314_Newedge,2126181236,NEFU_FIFTY_SEVEN_00799762,EUR,ibu1,2794.55,IBEX 35 INDX FUTR Sep21,2021-08-25,2021-08-25,9,No-pair,OB,SMB,MV Swing,2021-09-02T00:00:00,8971506022,-1184097190
198,57_8971428733_Advent Geneva,182_8971428733_Newedge,2040159478,NEFU_FIFTY_SEVEN_00799802,EUR,vgu1,-214.48,EURO STOXX 50     Sep21,2021-07-09,2021-07-09,56,No-pair,OB,SMB,MV Swing,2021-09-02T00:00:00,8971506022,-1184097190
199,228_8971442331_Advent Geneva,107_8971442331_Newedge,2056711957,NEFU_FIFTY_SEVEN_00799762,USD,twtn1,255.51,FTSE Taiwan Index Jul21,2021-07-20,2021-07-20,45,No-pair,OB,SMB,"Commission difference, SFO to advise",2021-09-02T00:00:00,8971506022,-1184097190
200,111_8971478351_Advent Geneva,54_8971478351_Newedge,2105432698,NEFU_FIFTY_SEVEN_00799804,KRW,kmu1,136205.14,KOSPI2 INX FUT    Sep21,2021-08-13,2021-08-13,21,No-pair,OB,SMB,MV Swing,2021-09-02T00:00:00,8971506022,-1184097190
201,51_8971438425_Advent Geneva,182_8971438425_Newedge,2051927446,NEFU_FIFTY_SEVEN_00799802,EUR,vgu1,-98.09,EURO STOXX 50     Sep21,2021-07-16,2021-07-16,49,No-pair,OB,SMB,MV Swing,2021-09-02T00:00:00,8971506022,-1184097190
202,185_8971504138_Advent Geneva,49_8971504138_Newedge,2138199802,NEFU_FIFTY_SEVEN_00799802,JPY,jbu1,26641.8,JPN 10Y BOND(OSE) Sep21,2021-09-01,2021-09-01,2,No-pair,OB,SMB,PB Missing Trade,2021-09-02T00:00:00,8971506022,-1184097190
203,89_8971404061_Advent Geneva,50_8971404061_Newedge,2008716627,NEFU_FIFTY_SEVEN_00799804,KRW,kmu1,956.66,KOSPI2 INX FUT    Sep21,2021-06-22,2021-06-22,73,No-pair,OB,SMB,MV Swing,2021-09-02T00:00:00,8971506022,-1184097190
204,,150_8971492132_Newedge,2123793646,NEFU_FIFTY_SEVEN_00799802,AUD,xpu1,-5.94,SEP 21 SFE SPI 200,2021-08-24,2021-08-24,10,No-pair,OB,OB,MV Swing,2021-09-02T00:00:00,8971506022,-1184097190
205,6_8971498170_Advent Geneva,150_8971498170_Newedge,2130964088,NEFU_FIFTY_SEVEN_00799802,AUD,xpu1,-9.89,SPI 200 FUTURES   Sep21,2021-08-27,2021-08-27,7,No-pair,OB,SMB,MV Swing,2021-09-02T00:00:00,8971506022,-1184097190
206,11_8971444152_Advent Geneva,6_8971444152_Newedge,2058928178,NEFU_FIFTY_SEVEN_00799803,AUD,xpu1,28717.48,SPI 200 FUTURES   Sep21,2021-07-21,2021-07-21,44,No-pair,OB,SMB,MV Swing,2021-09-02T00:00:00,8971506022,-1184097190
207,,160_8971496173_Newedge,2128393930,NEFU_FIFTY_SEVEN_00799801,CAD,ptu1,-15.05,SEP 21 ME S&P CAN 60,2021-08-26,2021-08-26,8,No-pair,OB,OB,MV Swing,2021-09-02T00:00:00,8971506022,-1184097190
208,206_8971436488_Advent Geneva,79_8971436488_Newedge,2049572953,NEFU_FIFTY_SEVEN_00799762,USD,cox1,80.84,BRENT CRUDE FUTR  Nov21,2021-07-15,2021-07-15,50,No-pair,OB,SMB,"Commission difference, SFO to advise",2021-09-02T00:00:00,8971506022,-1184097190
209,204_8971494314_Advent Geneva,86_8971494314_Newedge,2126181634,NEFU_FIFTY_SEVEN_00799762,USD,c z1,-323.62,CORN FUTURE       Dec21,2021-08-25,2021-08-25,9,No-pair,OB,SMB,MV Swing,2021-09-02T00:00:00,8971506022,-1184097190
210,173_8971480190_Advent Geneva,204_8971480190_Newedge,2108158434,NEFU_FIFTY_SEVEN_00799803,JPY,tpu1,-100.4,TOPIX INDX FUTR   Sep21,2021-08-16,2021-08-16,18,No-pair,OB,SMB,MV Swing,2021-09-02T00:00:00,8971506022,-1184097190
211,39_8971500148_Advent Geneva,157_8971500148_Newedge,2133391649,NEFU_FIFTY_SEVEN_00799769,EUR,vgu1,-10.46,EURO STOXX 50     Sep21,2021-08-30,2021-08-30,4,No-pair,OB,SMB,MV Swing,2021-09-02T00:00:00,8971506022,-1184097190
212,270_8971426687_Advent Geneva,,2037767006,NEFU_FIFTY_SEVEN_00799769,USD,esu1,34640.34,S&P500 EMINI FUT  Sep21,2021-07-08,2021-07-08,56,No-pair,OB,OB,MV Swing,2021-09-02T00:00:00,8971506022,-1184097190
213,11_8971456038_Advent Geneva,117_8971456038_Newedge,2074204097,NEFU_FIFTY_SEVEN_00799803,AUD,xpu1,-79.2,SPI 200 FUTURES   Sep21,2021-07-29,2021-07-29,36,No-pair,OB,SMB,MV Swing,2021-09-02T00:00:00,8971506022,-1184097190
214,123_8971494314_Advent Geneva,216_8971494314_Newedge,2126181493,NEFU_FIFTY_SEVEN_00799804,KRW,kmu1,-378.49,KOSPI2 INX FUT    Sep21,2021-08-25,2021-08-25,9,No-pair,OB,SMB,MV Swing,2021-09-02T00:00:00,8971506022,-1184097190
215,223_8971428733_Advent Geneva,229_8971428733_Newedge,2040159134,NEFU_FIFTY_SEVEN_00799760,USD,boz1,-9.45,SOYBEAN OIL FUTR  Dec21,2021-07-09,2021-07-09,56,No-pair,OB,SMB,MV Swing,2021-09-02T00:00:00,8971506022,-1184097190
216,207_8971426687_Advent Geneva,77_8971426687_Newedge,2037767343,NEFU_FIFTY_SEVEN_00799762,USD,cox1,146.64,BRENT CRUDE FUTR  Nov21,2021-07-08,2021-07-08,57,No-pair,OB,SMB,"Commission difference, SFO to advise",2021-09-02T00:00:00,8971506022,-1184097190
218,248_8971440316_Advent Geneva,122_8971440316_Newedge,2054295993,NEFU_FIFTY_SEVEN_00799802,USD,uxn1,8863.73,CBOE VIX FUTURE   Jul21,2021-07-19,2021-07-19,46,No-pair,OB,SMB,"Commission difference, SFO to advise",2021-09-02T00:00:00,8971506022,-1184097190
219,162_8971494314_Advent Geneva,70_8971494314_Newedge,2126181701,NEFU_FIFTY_SEVEN_00799760,USD,ecu1,-98.68,EURO FX CURR FUT  Sep21,2021-08-25,2021-08-25,9,No-pair,OB,SMB,MV Swing,2021-09-02T00:00:00,8971506022,-1184097190
220,110_8971478351_Advent Geneva,216_8971478351_Newedge,2105432711,NEFU_FIFTY_SEVEN_00799804,KRW,kmu1,-425.13,KOSPI2 INX FUT    Sep21,2021-08-13,2021-08-13,21,No-pair,OB,SMB,MV Swing,2021-09-02T00:00:00,8971506022,-1184097190
221,182_8971446202_Advent Geneva,86_8971446202_Newedge,2061446825,NEFU_FIFTY_SEVEN_00799769,USD,adu1,444.48,AUDUSD Crncy Fut  Sep21,2021-07-22,2021-07-22,43,No-pair,OB,SMB,MV Swing,2021-09-02T00:00:00,8971506022,-1184097190
222,12_8971398276_Advent Geneva,,2001574343,NEFU_FIFTY_SEVEN_00799803,AUD,xpu1,-66.49,SPI 200 FUTURES   Sep21,2021-06-17,2021-06-17,77,No-pair,OB,OB,MV Swing,2021-09-02T00:00:00,8971506022,-1184097190
223,157_8971440316_Advent Geneva,61_8971440316_Newedge,2054295857,NEFU_FIFTY_SEVEN_00799760,USD,boz1,-65.37,SOYBEAN OIL FUTR  Dec21,2021-07-19,2021-07-19,46,No-pair,OB,SMB,MV Swing,2021-09-02T00:00:00,8971506022,-1184097190
224,158_8971404061_Advent Geneva,260_8971404061_Newedge,2008716792,NEFU_FIFTY_SEVEN_00799769,USD,esu1,-6.96,S&P500 EMINI FUT  Sep21,2021-06-22,2021-06-22,73,No-pair,OB,SMB,MV Swing,2021-09-02T00:00:00,8971506022,-1184097190
225,97_8971413792_Advent Geneva,189_8971413792_Newedge,2021313939,NEFU_FIFTY_SEVEN_00799804,KRW,kmu1,-298.86,KOSPI2 INX FUT    Sep21,2021-06-29,2021-06-29,66,No-pair,OB,SMB,MV Swing,2021-09-02T00:00:00,8971506022,-1184097190
226,170_8971504138_Advent Geneva,186_8971504138_Newedge,2138199509,NEFU_FIFTY_SEVEN_00799803,HKD,hiu1,-36.09,HANG SENG IDX FUT Sep21,2021-09-01,2021-09-01,2,No-pair,OB,SMB,MV Swing,2021-09-02T00:00:00,8971506022,-1184097190
227,251_8971488329_Advent Geneva,,2118786180,NEFU_FIFTY_SEVEN_00799769,USD,esu1,1.16,S&P500 EMINI FUT  Sep21,2021-08-20,2021-08-20,13,No-pair,OB,OB,MV Swing,2021-09-02T00:00:00,8971506022,-1184097190
228,13_8971500148_Advent Geneva,135_8971500148_Newedge,2133391560,NEFU_FIFTY_SEVEN_00799803,AUD,xpu1,-277.17,SPI 200 FUTURES   Sep21,2021-08-30,2021-08-30,4,No-pair,OB,SMB,MV Swing,2021-09-02T00:00:00,8971506022,-1184097190
229,115_8971496173_Advent Geneva,214_8971496173_Newedge,2128394198,NEFU_FIFTY_SEVEN_00799803,JPY,tpu1,-21.99,TOPIX INDX FUTR   Sep21,2021-08-26,2021-08-26,8,No-pair,OB,SMB,MV Swing,2021-09-02T00:00:00,8971506022,-1184097190
230,86_8971420288_Advent Geneva,70_8971420288_Newedge,2030839016,NEFU_FIFTY_SEVEN_00799804,KRW,kmu1,3865.16,KOSPI2 INX FUT    Sep21,2021-07-05,2021-07-05,60,No-pair,OB,SMB,MV Swing,2021-09-02T00:00:00,8971506022,-1184097190
231,82_8971432624_Advent Geneva,35_8971432624_Newedge,2044955517,NEFU_FIFTY_SEVEN_00799802,EUR,vgu1,-25775.47,EURO STOXX 50     Sep21,2021-07-13,2021-07-13,52,No-pair,OB,SMB,MV Swing,2021-09-02T00:00:00,8971506022,-1184097190
232,195_8971452119_Advent Geneva,193_8971452119_Newedge,2069323820,NEFU_FIFTY_SEVEN_00799803,JPY,tpu1,-142.47,TOPIX INDX FUTR   Sep21,2021-07-27,2021-07-27,38,No-pair,OB,SMB,MV Swing,2021-09-02T00:00:00,8971506022,-1184097190
233,286_8971504138_Advent Geneva,94_8971504138_Newedge,2138199608,NEFU_FIFTY_SEVEN_00799762,USD,dmu1,-112.85,DJIA MINI e-CBOT  Sep21,2021-09-01,2021-09-01,2,No-pair,OB,SMB,MV Swing,2021-09-02T00:00:00,8971506022,-1184097190
234,114_8971476567_Advent Geneva,197_8971476567_Newedge,2102139322,NEFU_FIFTY_SEVEN_00799804,KRW,kmu1,-252.6,KOSPI2 INX FUT    Sep21,2021-08-12,2021-08-12,22,No-pair,OB,SMB,MV Swing,2021-09-02T00:00:00,8971506022,-1184097190
235,368_8971504138_Advent Geneva,124_8971504138_Newedge,2138199927,NEFU_FIFTY_SEVEN_00799802,USD,tuz1,2234.53,US 2YR NOTE (CBT) Dec21,2021-09-01,2021-09-01,2,No-pair,OB,SMB,MV Swing,2021-09-02T00:00:00,8971506022,-1184097190
236,84_8971404061_Advent Geneva,,2008716479,NEFU_FIFTY_SEVEN_00799803,JPY,tpu1,-67399.5,TOPIX INDX FUTR   Sep21,2021-06-22,2021-06-22,72,No-pair,OB,OB,MV Swing,2021-09-02T00:00:00,8971506022,-1184097190
237,394_8971504138_Advent Geneva,125_8971504138_Newedge,2138199955,NEFU_FIFTY_SEVEN_00799803,USD,esu1,-140.72,S&P500 EMINI FUT  Sep21,2021-09-01,2021-09-01,2,No-pair,OB,SMB,MV Swing,2021-09-02T00:00:00,8971506022,-1184097190
238,60_8971454063_Advent Geneva,170_8971454063_Newedge,2071655976,NEFU_FIFTY_SEVEN_00799802,EUR,vgu1,-107.89,EURO STOXX 50     Sep21,2021-07-28,2021-07-28,37,No-pair,OB,SMB,MV Swing,2021-09-02T00:00:00,8971506022,-1184097190
239,214_8971502090_Advent Geneva,110_8971502090_Newedge,2135788883,NEFU_FIFTY_SEVEN_00799762,USD,tyz1,10068.81,US 10YR NOTE (CBT)Dec21,2021-08-31,2021-08-31,3,No-pair,OB,SMB,MV Swing,2021-09-02T00:00:00,8971506022,-1184097190
240,53_8971468335_Advent Geneva,,2091579569,NEFU_FIFTY_SEVEN_00799802,EUR,vgu1,-3754.61,EURO STOXX 50     Sep21,2021-08-06,2021-08-06,27,No-pair,OB,OB,MV Swing,2021-09-02T00:00:00,8971506022,-1184097190
241,200_8971500148_Advent Geneva,78_8971500148_Newedge,2133391418,NEFU_FIFTY_SEVEN_00799762,USD,clv1,-1226.44,WTI CRUDE FUTURE  Oct21,2021-08-30,2021-08-30,4,No-pair,OB,SMB,MV Swing,2021-09-02T00:00:00,8971506022,-1184097190
242,99_8971389242_Advent Geneva,47_8971389242_Newedge,1990013254,NEFU_FIFTY_SEVEN_00799803,JPY,tpu1,77774.63,TOPIX INDX FUTR   Sep21,2021-06-10,2021-06-10,85,No-pair,OB,SMB,MV Swing,2021-09-02T00:00:00,8971506022,-1184097190
244,,236_8971500148_Newedge,2133391960,NEFU_FIFTY_SEVEN_00799760,USD,ngx1 21,-1.64,NOV 21 NATURAL GAS,2021-08-30,2021-08-30,4,No-pair,OB,OB,MV Swing,2021-09-02T00:00:00,8971506022,-1184097190
246,178_8971484218_Advent Geneva,63_8971484218_Newedge,2113336494,NEFU_FIFTY_SEVEN_00799760,USD,c z1,-11.87,CORN FUTURE       Dec21,2021-08-18,2021-08-18,16,No-pair,OB,SMB,MV Swing,2021-09-02T00:00:00,8971506022,-1184097190
247,224_8971472236_Advent Geneva,56_8971472236_Newedge,2096555432,NEFU_FIFTY_SEVEN_00799760,USD,boz1,-51.18,SOYBEAN OIL FUTR  Dec21,2021-08-10,2021-08-10,24,No-pair,OB,SMB,MV Swing,2021-09-02T00:00:00,8971506022,-1184097190
248,12_8971464347_Advent Geneva,,2086169685,NEFU_FIFTY_SEVEN_00799803,AUD,xpu1,4.99,SPI 200 FUTURES   Sep21,2021-08-04,2021-08-04,29,No-pair,OB,OB,MV Swing,2021-09-02T00:00:00,8971506022,-1184097190
249,134_8971394513_Advent Geneva,52_8971394513_Newedge,1997216991,NEFU_FIFTY_SEVEN_00799804,KRW,kmu1,-3287.8,KOSPI2 INX FUT    Sep21,2021-06-15,2021-06-15,80,No-pair,OB,SMB,MV Swing,2021-09-02T00:00:00,8971506022,-1184097190
250,88_8971404061_Advent Geneva,183_8971404061_Newedge,2008716600,NEFU_FIFTY_SEVEN_00799804,KRW,kmu1,-5.8,KOSPI2 INX FUT    Sep21,2021-06-22,2021-06-22,73,No-pair,OB,SMB,MV Swing,2021-09-02T00:00:00,8971506022,-1184097190
251,213_8971476567_Advent Geneva,99_8971476567_Newedge,2102139639,NEFU_FIFTY_SEVEN_00799762,USD,nqu1,565.2,NASDAQ 100 E-MINI Sep21,2021-08-12,2021-08-12,22,No-pair,OB,SMB,MV Swing,2021-09-02T00:00:00,8971506022,-1184097190
252,100_8971444152_Advent Geneva,51_8971444152_Newedge,2058928363,NEFU_FIFTY_SEVEN_00799803,JPY,tpu1,-75098.35,TOPIX INDX FUTR   Sep21,2021-07-21,2021-07-21,44,No-pair,OB,SMB,MV Swing,2021-09-02T00:00:00,8971506022,-1184097190
253,95_8971440316_Advent Geneva,47_8971440316_Newedge,2054295864,NEFU_FIFTY_SEVEN_00799803,JPY,tpu1,155361.38,TOPIX INDX FUTR   Sep21,2021-07-19,2021-07-19,46,No-pair,OB,SMB,MV Swing,2021-09-02T00:00:00,8971506022,-1184097190
254,13_8971474187_Advent Geneva,13_8971474187_Newedge,2099137434,NEFU_FIFTY_SEVEN_00799803,AUD,xpu1,102463.86,SPI 200 FUTURES   Sep21,2021-08-11,2021-08-11,23,No-pair,OB,SMB,MV Swing,2021-09-02T00:00:00,8971506022,-1184097190
255,54_8971400205_Advent Geneva,199_8971400205_Newedge,2003875161,NEFU_FIFTY_SEVEN_00799802,EUR,vgu1,-522.47,EURO STOXX 50     Sep21,2021-06-18,2021-06-18,77,No-pair,OB,SMB,MV Swing,2021-09-02T00:00:00,8971506022,-1184097190
256,110_8971452119_Advent Geneva,,2069323716,NEFU_FIFTY_SEVEN_00799803,AUD,xpu1,-72.48,SPI 200 FUTURES   Sep21,2021-07-27,2021-07-27,37,No-pair,OB,OB,MV Swing,2021-09-02T00:00:00,8971506022,-1184097190
257,141_8971426687_Advent Geneva,,2037767304,NEFU_FIFTY_SEVEN_00799803,JPY,tpu1,-16230.9,TOPIX INDX FUTR   Sep21,2021-07-08,2021-07-08,56,No-pair,OB,OB,MV Swing,2021-09-02T00:00:00,8971506022,-1184097190
258,114_8971428733_Advent Geneva,60_8971428733_Newedge,2040159340,NEFU_FIFTY_SEVEN_00799804,KRW,kmu1,2657.65,KOSPI2 INX FUT    Sep21,2021-07-09,2021-07-09,56,No-pair,OB,SMB,MV Swing,2021-09-02T00:00:00,8971506022,-1184097190
259,331_8971424734_Advent Geneva,48_8971424734_Newedge,2035490869,NEFU_FIFTY_SEVEN_00799803,JPY,tpu1,-75212.96,TOPIX INDX FUTR   Sep21,2021-07-07,2021-07-07,58,No-pair,OB,SMB,MV Swing,2021-09-02T00:00:00,8971506022,-1184097190
260,58_8971470255_Advent Geneva,32_8971470255_Newedge,2094162745,NEFU_FIFTY_SEVEN_00799802,EUR,vgu1,-6512.25,EURO STOXX 50     Sep21,2021-08-09,2021-08-09,25,No-pair,OB,SMB,MV Swing,2021-09-02T00:00:00,8971506022,-1184097190
261,144_8971448246_Advent Geneva,82_8971448246_Newedge,2063909625,NEFU_FIFTY_SEVEN_00799762,USD,cox1,86.48,BRENT CRUDE FUTR  Nov21,2021-07-23,2021-07-23,42,No-pair,OB,SMB,"Commission difference, SFO to advise",2021-09-02T00:00:00,8971506022,-1184097190
262,224_8971476567_Advent Geneva,102_8971476567_Newedge,2102139481,NEFU_FIFTY_SEVEN_00799769,USD,adu1,137.8,AUDUSD Crncy Fut  Sep21,2021-08-12,2021-08-12,22,No-pair,OB,SMB,MV Swing,2021-09-02T00:00:00,8971506022,-1184097190
263,76_8971490018_Advent Geneva,,2121116216,NEFU_FIFTY_SEVEN_00799802,EUR,vgu1,-67363.87,EURO STOXX 50     Sep21,2021-08-23,2021-08-23,10,No-pair,OB,OB,MV Swing,2021-09-02T00:00:00,8971506022,-1184097190
264,113_8971436488_Advent Geneva,193_8971436488_Newedge,2049572481,NEFU_FIFTY_SEVEN_00799803,JPY,tpu1,-58.33,TOPIX INDX FUTR   Sep21,2021-07-15,2021-07-15,50,No-pair,OB,SMB,MV Swing,2021-09-02T00:00:00,8971506022,-1184097190
265,59_8971478351_Advent Geneva,,2105432893,NEFU_FIFTY_SEVEN_00799802,EUR,vgu1,11.89,EURO STOXX 50     Sep21,2021-08-12,2021-08-12,20,No-pair,OB,OB,MV Swing,2021-09-02T00:00:00,8971506022,-1184097190
266,212_8971442331_Advent Geneva,67_8971442331_Newedge,2056711404,NEFU_FIFTY_SEVEN_00799760,USD,boz1,1213.26,SOYBEAN OIL FUTR  Dec21,2021-07-20,2021-07-20,45,No-pair,OB,SMB,MV Swing,2021-09-02T00:00:00,8971506022,-1184097190
267,200_8971504138_Advent Geneva,54_8971504138_Newedge,2138199594,NEFU_FIFTY_SEVEN_00799804,KRW,kmu1,-729.69,KOSPI2 INX FUT    Sep21,2021-09-01,2021-09-01,2,No-pair,OB,SMB,MV Swing,2021-09-02T00:00:00,8971506022,-1184097190
268,153_8971488329_Advent Geneva,248_8971488329_Newedge,2118786462,NEFU_FIFTY_SEVEN_00799760,USD,ecu1,-5.52,EURO FX CURR FUT  Sep21,2021-08-20,2021-08-20,14,No-pair,OB,SMB,MV Swing,2021-09-02T00:00:00,8971506022,-1184097190
269,167_8971466268_Advent Geneva,62_8971466268_Newedge,2088714642,NEFU_FIFTY_SEVEN_00799760,USD,boz1,-3465.57,SOYBEAN OIL FUTR  Dec21,2021-08-05,2021-08-05,29,No-pair,OB,SMB,MV Swing,2021-09-02T00:00:00,8971506022,-1184097190
270,,223_8971484218_Newedge,2113336291,NEFU_FIFTY_SEVEN_00799760,USD,boz1,-1.26,DEC 21 SYBEAN OIL,2021-08-18,2021-08-18,16,No-pair,OB,OB,MV Swing,2021-09-02T00:00:00,8971506022,-1184097190
272,55_8971492132_Advent Geneva,29_8971492132_Newedge,2123793681,NEFU_FIFTY_SEVEN_00799802,EUR,vgu1,8575.14,EURO STOXX 50     Sep21,2021-08-24,2021-08-24,10,No-pair,OB,SMB,MV Swing,2021-09-02T00:00:00,8971506022,-1184097190
273,,140_8971484218_Newedge,2113336913,NEFU_FIFTY_SEVEN_00799762,AUD,xpu1,-0.99,SEP 21 SFE SPI 200,2021-08-18,2021-08-18,16,No-pair,OB,OB,MV Swing,2021-09-02T00:00:00,8971506022,-1184097190
274,166_8971494314_Advent Geneva,84_8971494314_Newedge,2126181227,NEFU_FIFTY_SEVEN_00799760,USD,xbv1,-3777.54,GASOLINE RBOB FUT Oct21,2021-08-25,2021-08-25,9,No-pair,OB,SMB,MV Swing,2021-09-02T00:00:00,8971506022,-1184097190
275,208_8971500148_Advent Geneva,98_8971500148_Newedge,2133391890,NEFU_FIFTY_SEVEN_00799769,USD,cdu1,-183.32,C$ CURRENCY FUT   Sep21,2021-08-30,2021-08-30,4,No-pair,OB,SMB,MV Swing,2021-09-02T00:00:00,8971506022,-1184097190
276,236_8971458108_Advent Geneva,294_8971458108_Newedge,2077723355,NEFU_FIFTY_SEVEN_00799769,USD,esu1,-20.3,S&P500 EMINI FUT  Sep21,2021-07-30,2021-07-30,35,No-pair,OB,SMB,MV Swing,2021-09-02T00:00:00,8971506022,-1184097190
277,103_8971478351_Advent Geneva,,2105432437,NEFU_FIFTY_SEVEN_00799803,JPY,tpu1,50.68,TOPIX INDX FUTR   Sep21,2021-08-13,2021-08-13,20,No-pair,OB,OB,MV Swing,2021-09-02T00:00:00,8971506022,-1184097190
278,60_8971466268_Advent Geneva,31_8971466268_Newedge,2088714796,NEFU_FIFTY_SEVEN_00799802,EUR,vgu1,3549.1,EURO STOXX 50     Sep21,2021-08-05,2021-08-05,29,No-pair,OB,SMB,MV Swing,2021-09-02T00:00:00,8971506022,-1184097190
279,268_8971407862_Advent Geneva,104_8971407862_Newedge,2013326596,NEFU_FIFTY_SEVEN_00799769,USD,esu1,-27.64,S&P500 EMINI FUT  Sep21,2021-06-24,2021-06-24,71,No-pair,OB,SMB,MV Swing,2021-09-02T00:00:00,8971506022,-1184097190
280,61_8971476567_Advent Geneva,37_8971476567_Newedge,2102139234,NEFU_FIFTY_SEVEN_00799802,EUR,vgu1,3841.22,EURO STOXX 50     Sep21,2021-08-12,2021-08-12,22,No-pair,OB,SMB,MV Swing,2021-09-02T00:00:00,8971506022,-1184097190
281,33_8971498170_Advent Geneva,19_8971498170_Newedge,2130964372,NEFU_FIFTY_SEVEN_00799762,EUR,ibu1,-1096.18,IBEX 35 INDX FUTR Sep21,2021-08-27,2021-08-27,7,No-pair,OB,SMB,MV Swing,2021-09-02T00:00:00,8971506022,-1184097190
282,109_8971484218_Advent Geneva,,2113336711,NEFU_FIFTY_SEVEN_00799803,JPY,tpu1,18.17,TOPIX INDX FUTR   Sep21,2021-08-18,2021-08-18,15,No-pair,OB,OB,MV Swing,2021-09-02T00:00:00,8971506022,-1184097190
283,230_8971466268_Advent Geneva,265_8971466268_Newedge,2088715107,NEFU_FIFTY_SEVEN_00799769,USD,esu1,-23.78,S&P500 EMINI FUT  Sep21,2021-08-05,2021-08-05,29,No-pair,OB,SMB,MV Swing,2021-09-02T00:00:00,8971506022,-1184097190
284,207_8971502090_Advent Geneva,282_8971502090_Newedge,2135789036,NEFU_FIFTY_SEVEN_00799762,USD,nqu1,-245462.86,NASDAQ 100 E-MINI Sep21,2021-08-31,2021-08-31,3,No-pair,OB,SMB,MV Swing,2021-09-02T00:00:00,8971506022,-1184097190
285,99_8971415663_Advent Geneva,46_8971415663_Newedge,2023850824,NEFU_FIFTY_SEVEN_00799804,KRW,kmu1,-1531.05,KOSPI2 INX FUT    Sep21,2021-06-30,2021-06-30,65,No-pair,OB,SMB,MV Swing,2021-09-02T00:00:00,8971506022,-1184097190
286,101_8971384572_Advent Geneva,52_8971384572_Newedge,1984484738,NEFU_FIFTY_SEVEN_00799803,JPY,tpu1,-19830.49,TOPIX INDX FUTR   Sep21,2021-06-08,2021-06-08,87,No-pair,OB,SMB,MV Swing,2021-09-02T00:00:00,8971506022,-1184097190
287,207_8971478351_Advent Geneva,94_8971478351_Newedge,2105432618,NEFU_FIFTY_SEVEN_00799760,USD,s x1,101.26,SOYBEAN FUTURE    Nov21,2021-08-13,2021-08-13,21,No-pair,OB,SMB,MV Swing,2021-09-02T00:00:00,8971506022,-1184097190
288,60_8971496173_Advent Geneva,193_8971496173_Newedge,2128394014,NEFU_FIFTY_SEVEN_00799802,EUR,vgu1,-147.78,EURO STOXX 50     Sep21,2021-08-26,2021-08-26,8,No-pair,OB,SMB,MV Swing,2021-09-02T00:00:00,8971506022,-1184097190
289,237_8971458108_Advent Geneva,123_8971458108_Newedge,2077723345,NEFU_FIFTY_SEVEN_00799769,USD,esu1,224.1,S&P500 EMINI FUT  Sep21,2021-07-30,2021-07-30,35,No-pair,OB,SMB,MV Swing,2021-09-02T00:00:00,8971506022,-1184097190
290,190_8971460235_Advent Geneva,224_8971460235_Newedge,2080397370,NEFU_FIFTY_SEVEN_00799769,USD,esu1,-22.62,S&P500 EMINI FUT  Sep21,2021-08-02,2021-08-02,32,No-pair,OB,SMB,MV Swing,2021-09-02T00:00:00,8971506022,-1184097190
291,111_8971466268_Advent Geneva,195_8971466268_Newedge,2088715075,NEFU_FIFTY_SEVEN_00799804,KRW,kmu1,-224.47,KOSPI2 INX FUT    Sep21,2021-08-05,2021-08-05,29,No-pair,OB,SMB,MV Swing,2021-09-02T00:00:00,8971506022,-1184097190
292,263_8971442331_Advent Geneva,116_8971442331_Newedge,2056712063,NEFU_FIFTY_SEVEN_00799769,USD,cou1,19.32,BRENT CRUDE FUTR  Sep21,2021-07-20,2021-07-20,45,No-pair,OB,SMB,"Commission difference, SFO to advise",2021-09-02T00:00:00,8971506022,-1184097190
293,,177_8971480190_Newedge,2108157921,NEFU_FIFTY_SEVEN_00799802,EUR,fvsq1,-107.48,AUG 21 EUX VSTOXX,2021-08-16,2021-08-16,18,No-pair,OB,OB,"Commission difference, SFO to advise",2021-09-02T00:00:00,8971506022,-1184097190
294,,236_8971476567_Newedge,2102139699,NEFU_FIFTY_SEVEN_00799760,USD,ngx1 21,-7.38,NOV 21 NATURAL GAS,2021-08-12,2021-08-12,22,No-pair,OB,OB,MV Swing,2021-09-02T00:00:00,8971506022,-1184097190
295,262_8971442331_Advent Geneva,286_8971442331_Newedge,2056712044,NEFU_FIFTY_SEVEN_00799769,USD,cou1,-27.12,BRENT CRUDE FUTR  Sep21,2021-07-20,2021-07-20,45,No-pair,OB,SMB,"Commission difference, SFO to advise",2021-09-02T00:00:00,8971506022,-1184097190
296,186_8971446202_Advent Geneva,90_8971446202_Newedge,2061446620,NEFU_FIFTY_SEVEN_00799769,USD,cou1,-1591.6,BRENT CRUDE FUTR  Sep21,2021-07-22,2021-07-22,43,No-pair,OB,SMB,"Commission difference, SFO to advise",2021-09-02T00:00:00,8971506022,-1184097190
297,191_8971460235_Advent Geneva,86_8971460235_Newedge,2080397360,NEFU_FIFTY_SEVEN_00799769,USD,esu1,-1807.02,S&P500 EMINI FUT  Sep21,2021-08-02,2021-08-02,32,No-pair,OB,SMB,MV Swing,2021-09-02T00:00:00,8971506022,-1184097190
298,200_8971462157_Advent Geneva,82_8971462157_Newedge,2083550020,NEFU_FIFTY_SEVEN_00799769,USD,adu1,-172.76,AUDUSD Crncy Fut  Sep21,2021-08-03,2021-08-03,31,No-pair,OB,SMB,MV Swing,2021-09-02T00:00:00,8971506022,-1184097190
299,92_8971415663_Advent Geneva,,2023849642,NEFU_FIFTY_SEVEN_00799803,JPY,tpu1,15.3,TOPIX INDX FUTR   Sep21,2021-06-30,2021-06-30,64,No-pair,OB,OB,MV Swing,2021-09-02T00:00:00,8971506022,-1184097190
300,51_8971462157_Advent Geneva,,2083549852,NEFU_FIFTY_SEVEN_00799802,EUR,vgu1,19.62,EURO STOXX 50     Sep21,2021-08-03,2021-08-03,30,No-pair,OB,OB,MV Swing,2021-09-02T00:00:00,8971506022,-1184097190
302,8_8971432624_Advent Geneva,12_8971432624_Newedge,2044955279,NEFU_FIFTY_SEVEN_00799803,AUD,xpu1,-16834.72,SPI 200 FUTURES   Sep21,2021-07-13,2021-07-13,52,No-pair,OB,SMB,MV Swing,2021-09-02T00:00:00,8971506022,-1184097190
305,9_8971409824_Advent Geneva,132_8971409824_Newedge,2016189664,NEFU_FIFTY_SEVEN_00799803,AUD,xpu1,-22.73,SPI 200 FUTURES   Sep21,2021-06-25,2021-06-25,70,No-pair,OB,SMB,MV Swing,2021-09-02T00:00:00,8971506022,-1184097190
306,137_8971474187_Advent Geneva,,2099136941,NEFU_FIFTY_SEVEN_00799803,THB,bcu1,-1019.48,SET50 FUTURES     Sep21,2021-08-11,2021-08-11,22,No-pair,OB,OB,MV Swing,2021-09-02T00:00:00,8971506022,-1184097190
307,122_8971430481_Advent Geneva,49_8971430481_Newedge,2042742214,NEFU_FIFTY_SEVEN_00799803,JPY,tpu1,-1567.46,TOPIX INDX FUTR   Sep21,2021-07-12,2021-07-12,53,No-pair,OB,SMB,MV Swing,2021-09-02T00:00:00,8971506022,-1184097190
308,113_8971407862_Advent Geneva,194_8971407862_Newedge,2013326638,NEFU_FIFTY_SEVEN_00799804,KRW,kmu1,-219.98,KOSPI2 INX FUT    Sep21,2021-06-24,2021-06-24,71,No-pair,OB,SMB,MV Swing,2021-09-02T00:00:00,8971506022,-1184097190
309,15_8971494314_Advent Geneva,,2126181232,NEFU_FIFTY_SEVEN_00799803,AUD,xpu1,-143.96,SPI 200 FUTURES   Sep21,2021-08-25,2021-08-25,8,No-pair,OB,OB,MV Swing,2021-09-02T00:00:00,8971506022,-1184097190
310,232_8971474187_Advent Geneva,289_8971474187_Newedge,2099136996,NEFU_FIFTY_SEVEN_00799769,USD,esu1,-12.18,S&P500 EMINI FUT  Sep21,2021-08-11,2021-08-11,23,No-pair,OB,SMB,MV Swing,2021-09-02T00:00:00,8971506022,-1184097190
311,128_8971496173_Advent Geneva,218_8971496173_Newedge,2128394146,NEFU_FIFTY_SEVEN_00799804,KRW,kmu1,-107.48,KOSPI2 INX FUT    Sep21,2021-08-26,2021-08-26,8,No-pair,OB,SMB,MV Swing,2021-09-02T00:00:00,8971506022,-1184097190
312,233_8971474187_Advent Geneva,114_8971474187_Newedge,2099136964,NEFU_FIFTY_SEVEN_00799769,USD,esu1,1386.02,S&P500 EMINI FUT  Sep21,2021-08-11,2021-08-11,23,No-pair,OB,SMB,MV Swing,2021-09-02T00:00:00,8971506022,-1184097190
313,89_8971460235_Advent Geneva,162_8971460235_Newedge,2080397140,NEFU_FIFTY_SEVEN_00799804,KRW,kmu1,-122.4,KOSPI2 INX FUT    Sep21,2021-08-02,2021-08-02,32,No-pair,OB,SMB,MV Swing,2021-09-02T00:00:00,8971506022,-1184097190
314,120_8971482299_Advent Geneva,,2110838433,NEFU_FIFTY_SEVEN_00799803,JPY,tpu1,16.26,TOPIX INDX FUTR   Sep21,2021-08-17,2021-08-17,16,No-pair,OB,OB,MV Swing,2021-09-02T00:00:00,8971506022,-1184097190
316,79_8971462157_Advent Geneva,35_8971462157_Newedge,2083549595,NEFU_FIFTY_SEVEN_00799803,HKD,hcq1,-3745.96,HSCEI Futures     Aug21,2021-08-03,2021-08-03,31,No-pair,OB,SMB,"Commission difference, SFO to advise",2021-09-02T00:00:00,8971506022,-1184097190
318,113_8971396326_Advent Geneva,74_8971396326_Newedge,1999182325,NEFU_FIFTY_SEVEN_00799803,JPY,tpu1,-40582.65,TOPIX INDX FUTR   Sep21,2021-06-16,2021-06-16,79,No-pair,OB,SMB,MV Swing,2021-09-02T00:00:00,8971506022,-1184097190
319,100_8971389242_Advent Geneva,,1990013278,NEFU_FIFTY_SEVEN_00799803,JPY,tpu1,27.73,TOPIX INDX FUTR   Sep21,2021-06-10,2021-06-10,84,No-pair,OB,OB,MV Swing,2021-09-02T00:00:00,8971506022,-1184097190
320,114_8971402149_Advent Geneva,177_8971402149_Newedge,2006213949,NEFU_FIFTY_SEVEN_00799804,KRW,kmu1,-142.27,KOSPI2 INX FUT    Sep21,2021-06-21,2021-06-21,74,No-pair,OB,SMB,MV Swing,2021-09-02T00:00:00,8971506022,-1184097190
321,142_8971466268_Advent Geneva,60_8971466268_Newedge,2088714965,NEFU_FIFTY_SEVEN_00799803,THB,bcu1,-2431.85,SET50 FUTURES     Sep21,2021-08-05,2021-08-05,29,No-pair,OB,SMB,MV Swing,2021-09-02T00:00:00,8971506022,-1184097190
322,90_8971392386_Advent Geneva,38_8971392386_Newedge,1994509430,NEFU_FIFTY_SEVEN_00799803,JPY,tpu1,-5332.33,TOPIX INDX FUTR   Sep21,2021-06-14,2021-06-14,81,No-pair,OB,SMB,MV Swing,2021-09-02T00:00:00,8971506022,-1184097190
323,232_8971462157_Advent Geneva,,2083550057,NEFU_FIFTY_SEVEN_00799769,USD,esu1,1.16,S&P500 EMINI FUT  Sep21,2021-08-03,2021-08-03,30,No-pair,OB,OB,MV Swing,2021-09-02T00:00:00,8971506022,-1184097190
324,249_8971488329_Advent Geneva,316_8971488329_Newedge,2118786177,NEFU_FIFTY_SEVEN_00799769,USD,esu1,-36.54,S&P500 EMINI FUT  Sep21,2021-08-20,2021-08-20,14,No-pair,OB,SMB,MV Swing,2021-09-02T00:00:00,8971506022,-1184097190
325,11_8971500148_Advent Geneva,,2133391562,NEFU_FIFTY_SEVEN_00799803,AUD,xpu1,18.96,SPI 200 FUTURES   Sep21,2021-08-30,2021-08-30,3,No-pair,OB,OB,MV Swing,2021-09-02T00:00:00,8971506022,-1184097190
326,110_8971402149_Advent Geneva,44_8971402149_Newedge,2006213592,NEFU_FIFTY_SEVEN_00799803,JPY,tpu1,287003.1,TOPIX INDX FUTR   Sep21,2021-06-21,2021-06-21,74,No-pair,OB,SMB,MV Swing,2021-09-02T00:00:00,8971506022,-1184097190
327,217_8971454063_Advent Geneva,262_8971454063_Newedge,2071656239,NEFU_FIFTY_SEVEN_00799769,USD,esu1,-26.1,S&P500 EMINI FUT  Sep21,2021-07-28,2021-07-28,37,No-pair,OB,SMB,MV Swing,2021-09-02T00:00:00,8971506022,-1184097190
328,250_8971500148_Advent Geneva,118_8971500148_Newedge,2133391644,NEFU_FIFTY_SEVEN_00799802,USD,tuz1,-108.83,US 2YR NOTE (CBT) Dec21,2021-08-30,2021-08-30,4,No-pair,OB,SMB,MV Swing,2021-09-02T00:00:00,8971506022,-1184097190
330,288_8971494314_Advent Geneva,143_8971494314_Newedge,2126181713,NEFU_FIFTY_SEVEN_00799802,ZAR,aiu1,1310.03,FTSE/JSE TOP 40   Sep21,2021-08-25,2021-08-25,9,No-pair,OB,SMB,MV Swing,2021-09-02T00:00:00,8971506022,-1184097190
331,232_8971478351_Advent Geneva,115_8971478351_Newedge,2105432442,NEFU_FIFTY_SEVEN_00799762,USD,nqu1,-1068.19,NASDAQ 100 E-MINI Sep21,2021-08-13,2021-08-13,21,No-pair,OB,SMB,MV Swing,2021-09-02T00:00:00,8971506022,-1184097190
332,164_8971419514_Advent Geneva,61_8971419514_Newedge,2029840230,NEFU_FIFTY_SEVEN_00799760,USD,boz1,-698595.18,SOYBEAN OIL FUTR  Dec21,2021-07-02,2021-07-02,63,No-pair,OB,SMB,MV Swing,2021-09-02T00:00:00,8971506022,-1184097190
333,90_8971413792_Advent Geneva,47_8971413792_Newedge,2021313839,NEFU_FIFTY_SEVEN_00799803,JPY,tpu1,1603.21,TOPIX INDX FUTR   Sep21,2021-06-29,2021-06-29,66,No-pair,OB,SMB,MV Swing,2021-09-02T00:00:00,8971506022,-1184097190
334,5_8971488329_Advent Geneva,151_8971488329_Newedge,2118786012,NEFU_FIFTY_SEVEN_00799762,AUD,xpu1,4965.36,SPI 200 FUTURES   Sep21,2021-08-20,2021-08-20,14,No-pair,OB,SMB,MV Swing,2021-09-02T00:00:00,8971506022,-1184097190
335,203_8971450109_Advent Geneva,263_8971450109_Newedge,2066111092,NEFU_FIFTY_SEVEN_00799769,USD,esu1,-28.42,S&P500 EMINI FUT  Sep21,2021-07-26,2021-07-26,39,No-pair,OB,SMB,MV Swing,2021-09-02T00:00:00,8971506022,-1184097190
336,250_8971502090_Advent Geneva,,2135789349,NEFU_FIFTY_SEVEN_00799769,USD,esu1,-138.4,S&P500 EMINI FUT  Sep21,2021-08-31,2021-08-31,2,No-pair,OB,OB,MV Swing,2021-09-02T00:00:00,8971506022,-1184097190
337,,245_8971458108_Newedge,2077723109,NEFU_FIFTY_SEVEN_00799760,USD,boz1,-1.26,DEC 21 SYBEAN OIL,2021-07-30,2021-07-30,35,No-pair,OB,OB,MV Swing,2021-09-02T00:00:00,8971506022,-1184097190
338,236_8971456038_Advent Geneva,231_8971456038_Newedge,2074204749,NEFU_FIFTY_SEVEN_00799769,USD,esu1,-17.98,S&P500 EMINI FUT  Sep21,2021-07-29,2021-07-29,36,No-pair,OB,SMB,MV Swing,2021-09-02T00:00:00,8971506022,-1184097190
339,101_8971462157_Advent Geneva,45_8971462157_Newedge,2083549847,NEFU_FIFTY_SEVEN_00799804,KRW,kmu1,4244.9,KOSPI2 INX FUT    Sep21,2021-08-03,2021-08-03,31,No-pair,OB,SMB,MV Swing,2021-09-02T00:00:00,8971506022,-1184097190
340,54_8971450109_Advent Geneva,35_8971450109_Newedge,2066110800,NEFU_FIFTY_SEVEN_00799802,EUR,vgu1,3340.57,EURO STOXX 50     Sep21,2021-07-26,2021-07-26,39,No-pair,OB,SMB,MV Swing,2021-09-02T00:00:00,8971506022,-1184097190
341,11_8971398276_Advent Geneva,154_8971398276_Newedge,2001574345,NEFU_FIFTY_SEVEN_00799803,AUD,xpu1,-13.74,SPI 200 FUTURES   Sep21,2021-06-17,2021-06-17,78,No-pair,OB,SMB,MV Swing,2021-09-02T00:00:00,8971506022,-1184097190
342,102_8971440316_Advent Geneva,194_8971440316_Newedge,2054295707,NEFU_FIFTY_SEVEN_00799804,KRW,kmu1,-68.23,KOSPI2 INX FUT    Sep21,2021-07-19,2021-07-19,46,No-pair,OB,SMB,MV Swing,2021-09-02T00:00:00,8971506022,-1184097190
343,94_8971400205_Advent Geneva,220_8971400205_Newedge,2003875555,NEFU_FIFTY_SEVEN_00799803,JPY,tpu1,-40.16,TOPIX INDX FUTR   Sep21,2021-06-18,2021-06-18,77,No-pair,OB,SMB,MV Swing,2021-09-02T00:00:00,8971506022,-1184097190
344,311_8971498170_Advent Geneva,144_8971498170_Newedge,2130964645,NEFU_FIFTY_SEVEN_00799802,ZAR,aiu1,-34978.7,FTSE/JSE TOP 40   Sep21,2021-08-27,2021-08-27,7,No-pair,OB,SMB,MV Swing,2021-09-02T00:00:00,8971506022,-1184097190
345,59_8971466268_Advent Geneva,172_8971466268_Newedge,2088714804,NEFU_FIFTY_SEVEN_00799802,EUR,vgu1,-134.48,EURO STOXX 50     Sep21,2021-08-05,2021-08-05,29,No-pair,OB,SMB,MV Swing,2021-09-02T00:00:00,8971506022,-1184097190
346,78_8971462157_Advent Geneva,162_8971462157_Newedge,2083549575,NEFU_FIFTY_SEVEN_00799803,HKD,hcq1,-30.37,HSCEI Futures     Aug21,2021-08-03,2021-08-03,31,No-pair,OB,SMB,"Commission difference, SFO to advise",2021-09-02T00:00:00,8971506022,-1184097190
347,93_8971415663_Advent Geneva,,2023849638,NEFU_FIFTY_SEVEN_00799803,JPY,tpu1,6352.36,TOPIX INDX FUTR   Sep21,2021-06-30,2021-06-30,64,No-pair,OB,OB,MV Swing,2021-09-02T00:00:00,8971506022,-1184097190
348,103_8971488329_Advent Geneva,215_8971488329_Newedge,2118786479,NEFU_FIFTY_SEVEN_00799803,JPY,tpu1,-68.85,TOPIX INDX FUTR   Sep21,2021-08-20,2021-08-20,14,No-pair,OB,SMB,MV Swing,2021-09-02T00:00:00,8971506022,-1184097190
349,91_8971500148_Advent Geneva,43_8971500148_Newedge,2133391533,NEFU_FIFTY_SEVEN_00799803,JPY,tpu1,2216.17,TOPIX INDX FUTR   Sep21,2021-08-30,2021-08-30,4,No-pair,OB,SMB,MV Swing,2021-09-02T00:00:00,8971506022,-1184097190
350,250_8971488329_Advent Geneva,121_8971488329_Newedge,2118786142,NEFU_FIFTY_SEVEN_00799769,USD,esu1,-7066.36,S&P500 EMINI FUT  Sep21,2021-08-20,2021-08-20,14,No-pair,OB,SMB,MV Swing,2021-09-02T00:00:00,8971506022,-1184097190
351,57_8971470255_Advent Geneva,164_8971470255_Newedge,2094162756,NEFU_FIFTY_SEVEN_00799802,EUR,vgu1,-86409.82,EURO STOXX 50     Sep21,2021-08-09,2021-08-09,25,No-pair,OB,SMB,MV Swing,2021-09-02T00:00:00,8971506022,-1184097190
352,232_8971419514_Advent Geneva,258_8971419514_Newedge,2029840352,NEFU_FIFTY_SEVEN_00799769,USD,esu1,-5.22,S&P500 EMINI FUT  Sep21,2021-07-02,2021-07-02,63,No-pair,OB,SMB,MV Swing,2021-09-02T00:00:00,8971506022,-1184097190
353,19_8971502090_Advent Geneva,157_8971502090_Newedge,2135789044,NEFU_FIFTY_SEVENCAY_00799775,CHF,smu1,-73.52,SWISS MKT IX FUTR Sep21,2021-08-31,2021-08-31,3,No-pair,OB,SMB,MV Swing,2021-09-02T00:00:00,8971506022,-1184097190
354,145_8971500148_Advent Geneva,66_8971500148_Newedge,2133391642,NEFU_FIFTY_SEVEN_00799760,USD,lhv1,-498.11,LEAN HOGS FUTURE  Oct21,2021-08-30,2021-08-30,4,No-pair,OB,SMB,MV Swing,2021-09-02T00:00:00,8971506022,-1184097190
355,170_8971448246_Advent Geneva,100_8971448246_Newedge,2063909609,NEFU_FIFTY_SEVEN_00799769,USD,adu1,16.12,AUDUSD Crncy Fut  Sep21,2021-07-23,2021-07-23,42,No-pair,OB,SMB,MV Swing,2021-09-02T00:00:00,8971506022,-1184097190
356,151_8971496173_Advent Geneva,69_8971496173_Newedge,2128393867,NEFU_FIFTY_SEVEN_00799803,THB,bcu1,-13422.12,SET50 FUTURES     Sep21,2021-08-26,2021-08-26,8,No-pair,OB,SMB,MV Swing,2021-09-02T00:00:00,8971506022,-1184097190
358,293_8971472236_Advent Geneva,261_8971472236_Newedge,2096555415,NEFU_FIFTY_SEVEN_00799769,USD,esu1,-16.82,S&P500 EMINI FUT  Sep21,2021-08-10,2021-08-10,24,No-pair,OB,SMB,MV Swing,2021-09-02T00:00:00,8971506022,-1184097190
359,153_8971417585_Advent Geneva,185_8971417585_Newedge,2026970564,NEFU_FIFTY_SEVEN_00799760,USD,boz1,-78601.89,SOYBEAN OIL FUTR  Dec21,2021-07-01,2021-07-01,64,No-pair,OB,SMB,MV Swing,2021-09-02T00:00:00,8971506022,-1184097190
360,138_8971500148_Advent Geneva,61_8971500148_Newedge,2133391843,NEFU_FIFTY_SEVEN_00799760,USD,ecu1,3826.4,EURO FX CURR FUT  Sep21,2021-08-30,2021-08-30,4,No-pair,OB,SMB,MV Swing,2021-09-02T00:00:00,8971506022,-1184097190
361,10_8971496173_Advent Geneva,,2128393808,NEFU_FIFTY_SEVEN_00799803,AUD,xpu1,-5017.86,SPI 200 FUTURES   Sep21,2021-08-26,2021-08-26,7,No-pair,OB,OB,MV Swing,2021-09-02T00:00:00,8971506022,-1184097190
362,10_8971468335_Advent Geneva,5_8971468335_Newedge,2091579365,NEFU_FIFTY_SEVEN_00799803,AUD,xpu1,209368.94,SPI 200 FUTURES   Sep21,2021-08-06,2021-08-06,28,No-pair,OB,SMB,MV Swing,2021-09-02T00:00:00,8971506022,-1184097190
363,107_8971389242_Advent Geneva,190_8971389242_Newedge,1990013068,NEFU_FIFTY_SEVEN_00799804,KRW,kmu1,-98.32,KOSPI2 INX FUT    Sep21,2021-06-10,2021-06-10,85,No-pair,OB,SMB,MV Swing,2021-09-02T00:00:00,8971506022,-1184097190
364,87_8971411649_Advent Geneva,45_8971411649_Newedge,2018833158,NEFU_FIFTY_SEVEN_00799803,JPY,tpu1,-12786.31,TOPIX INDX FUTR   Sep21,2021-06-28,2021-06-28,67,No-pair,OB,SMB,MV Swing,2021-09-02T00:00:00,8971506022,-1184097190
366,96_8971468335_Advent Geneva,49_8971468335_Newedge,2091579679,NEFU_FIFTY_SEVEN_00799803,JPY,tpu1,-908.74,TOPIX INDX FUTR   Sep21,2021-08-06,2021-08-06,28,No-pair,OB,SMB,MV Swing,2021-09-02T00:00:00,8971506022,-1184097190
367,218_8971409824_Advent Geneva,256_8971409824_Newedge,2016190114,NEFU_FIFTY_SEVEN_00799769,USD,esu1,2990.72,S&P500 EMINI FUT  Sep21,2021-06-25,2021-06-25,70,No-pair,OB,SMB,MV Swing,2021-09-02T00:00:00,8971506022,-1184097190
368,93_8971468335_Advent Geneva,192_8971468335_Newedge,2091579699,NEFU_FIFTY_SEVEN_00799803,JPY,tpu1,-56.42,TOPIX INDX FUTR   Sep21,2021-08-06,2021-08-06,28,No-pair,OB,SMB,MV Swing,2021-09-02T00:00:00,8971506022,-1184097190
369,115_8971402149_Advent Geneva,45_8971402149_Newedge,2006213885,NEFU_FIFTY_SEVEN_00799804,KRW,kmu1,-15439.61,KOSPI2 INX FUT    Sep21,2021-06-21,2021-06-21,74,No-pair,OB,SMB,MV Swing,2021-09-02T00:00:00,8971506022,-1184097190
370,,315_8971502090_Newedge,2135789234,NEFU_FIFTY_SEVEN_00799802,USD,tuz1,-77.88,DEC 21 US 2YR T-NOTE,2021-08-31,2021-08-31,3,No-pair,OB,OB,MV Swing,2021-09-02T00:00:00,8971506022,-1184097190
371,181_8971484218_Advent Geneva,65_8971484218_Newedge,2113336424,NEFU_FIFTY_SEVEN_00799760,USD,ecu1,-2365.06,EURO FX CURR FUT  Sep21,2021-08-18,2021-08-18,16,No-pair,OB,SMB,MV Swing,2021-09-02T00:00:00,8971506022,-1184097190
372,52_8971500148_Advent Geneva,31_8971500148_Newedge,2133391600,NEFU_FIFTY_SEVEN_00799802,EUR,vgu1,1246.23,EURO STOXX 50     Sep21,2021-08-30,2021-08-30,4,No-pair,OB,SMB,MV Swing,2021-09-02T00:00:00,8971506022,-1184097190
373,171_8971504138_Advent Geneva,,2138199512,NEFU_FIFTY_SEVEN_00799803,HKD,hiu1,21.65,HANG SENG IDX FUT Sep21,2021-09-01,2021-09-01,1,No-pair,OB,OB,MV Swing,2021-09-02T00:00:00,8971506022,-1184097190
374,60_8971478351_Advent Geneva,35_8971478351_Newedge,2105432195,NEFU_FIFTY_SEVEN_00799802,EUR,vgu1,-2334.21,EURO STOXX 50     Sep21,2021-08-13,2021-08-13,21,No-pair,OB,SMB,MV Swing,2021-09-02T00:00:00,8971506022,-1184097190
375,299_8971498170_Advent Geneva,137_8971498170_Newedge,2130964659,NEFU_FIFTY_SEVEN_00799803,USD,twtu1,-52441.92,FTSE Taiwan Index Sep21,2021-08-27,2021-08-27,7,No-pair,OB,SMB,MV Swing,2021-09-02T00:00:00,8971506022,-1184097190
376,10_8971400205_Advent Geneva,163_8971400205_Newedge,2003875208,NEFU_FIFTY_SEVEN_00799803,AUD,xpu1,-40.46,SPI 200 FUTURES   Sep21,2021-06-18,2021-06-18,77,No-pair,OB,SMB,MV Swing,2021-09-02T00:00:00,8971506022,-1184097190
377,269_8971498170_Advent Geneva,125_8971498170_Newedge,2130964111,NEFU_FIFTY_SEVEN_00799801,USD,esu1,-5836.08,S&P500 EMINI FUT  Sep21,2021-08-27,2021-08-27,7,No-pair,OB,SMB,MV Swing,2021-09-02T00:00:00,8971506022,-1184097190
378,8_8971405890_Advent Geneva,2_8971405890_Newedge,2011018255,NEFU_FIFTY_SEVEN_00799803,AUD,xpu1,-12999.85,SPI 200 FUTURES   Sep21,2021-06-23,2021-06-23,72,No-pair,OB,SMB,MV Swing,2021-09-02T00:00:00,8971506022,-1184097190
379,24_8971500148_Advent Geneva,14_8971500148_Newedge,2133391467,NEFU_FIFTY_SEVENCAY_00799777,CHF,smu1,570.53,SWISS MKT IX FUTR Sep21,2021-08-30,2021-08-30,4,No-pair,OB,SMB,MV Swing,2021-09-02T00:00:00,8971506022,-1184097190
380,75_8971490018_Advent Geneva,177_8971490018_Newedge,2121116208,NEFU_FIFTY_SEVEN_00799802,EUR,vgu1,-140.59,EURO STOXX 50     Sep21,2021-08-23,2021-08-23,11,No-pair,OB,SMB,MV Swing,2021-09-02T00:00:00,8971506022,-1184097190
381,173_8971472236_Advent Geneva,48_8971472236_Newedge,2096555465,NEFU_FIFTY_SEVEN_00799804,KRW,kmu1,-1388.09,KOSPI2 INX FUT    Sep21,2021-08-10,2021-08-10,24,No-pair,OB,SMB,MV Swing,2021-09-02T00:00:00,8971506022,-1184097190
382,6_8971434624_Advent Geneva,3_8971434624_Newedge,2047328108,NEFU_FIFTY_SEVEN_00799803,AUD,xpu1,47812.17,SPI 200 FUTURES   Sep21,2021-07-14,2021-07-14,51,No-pair,OB,SMB,MV Swing,2021-09-02T00:00:00,8971506022,-1184097190
383,98_8971470255_Advent Geneva,178_8971470255_Newedge,2094162695,NEFU_FIFTY_SEVEN_00799804,KRW,kmu1,-33.67,KOSPI2 INX FUT    Sep21,2021-08-09,2021-08-09,25,No-pair,OB,SMB,MV Swing,2021-09-02T00:00:00,8971506022,-1184097190
385,9_8971402149_Advent Geneva,2_8971402149_Newedge,2006213673,NEFU_FIFTY_SEVEN_00799803,AUD,xpu1,2052.1,SPI 200 FUTURES   Sep21,2021-06-21,2021-06-21,74,No-pair,OB,SMB,MV Swing,2021-09-02T00:00:00,8971506022,-1184097190
386,53_8971464347_Advent Geneva,188_8971464347_Newedge,2086169540,NEFU_FIFTY_SEVEN_00799802,EUR,vgu1,-107.41,EURO STOXX 50     Sep21,2021-08-04,2021-08-04,30,No-pair,OB,SMB,MV Swing,2021-09-02T00:00:00,8971506022,-1184097190
387,349_8971480190_Advent Geneva,286_8971480190_Newedge,2108158601,NEFU_FIFTY_SEVEN_00799769,USD,esu1,-20.88,S&P500 EMINI FUT  Sep21,2021-08-16,2021-08-16,18,No-pair,OB,SMB,MV Swing,2021-09-02T00:00:00,8971506022,-1184097190
389,93_8971464347_Advent Geneva,207_8971464347_Newedge,2086169929,NEFU_FIFTY_SEVEN_00799803,JPY,tpu1,27868.51,TOPIX INDX FUTR   Sep21,2021-08-04,2021-08-04,30,No-pair,OB,SMB,MV Swing,2021-09-02T00:00:00,8971506022,-1184097190
390,335_8971442331_Advent Geneva,,2056711749,NEFU_FIFTY_SEVEN_00799769,USD,esu1,3.48,S&P500 EMINI FUT  Sep21,2021-07-20,2021-07-20,44,No-pair,OB,OB,MV Swing,2021-09-02T00:00:00,8971506022,-1184097190
391,65_8971422667_Advent Geneva,3_8971422667_Newedge,2033341329,NEFU_FIFTY_SEVEN_00799803,AUD,xpu1,-263723.74,SPI 200 FUTURES   Sep21,2021-07-06,2021-07-06,59,No-pair,OB,SMB,MV Swing,2021-09-02T00:00:00,8971506022,-1184097190
392,251_8971496173_Advent Geneva,304_8971496173_Newedge,2128393820,NEFU_FIFTY_SEVEN_00799769,USD,esu1,-9.28,S&P500 EMINI FUT  Sep21,2021-08-26,2021-08-26,8,No-pair,OB,SMB,MV Swing,2021-09-02T00:00:00,8971506022,-1184097190
393,238_8971480190_Advent Geneva,66_8971480190_Newedge,2108158130,NEFU_FIFTY_SEVEN_00799760,USD,ecu1,-285.3,EURO FX CURR FUT  Sep21,2021-08-16,2021-08-16,18,No-pair,OB,SMB,MV Swing,2021-09-02T00:00:00,8971506022,-1184097190
394,90_8971405890_Advent Geneva,193_8971405890_Newedge,2011018341,NEFU_FIFTY_SEVEN_00799803,JPY,tpu1,-232.35,TOPIX INDX FUTR   Sep21,2021-06-23,2021-06-23,72,No-pair,OB,SMB,MV Swing,2021-09-02T00:00:00,8971506022,-1184097190
395,52_8971498170_Advent Geneva,188_8971498170_Newedge,2130964399,NEFU_FIFTY_SEVEN_00799802,EUR,vgu1,-50.35,EURO STOXX 50     Sep21,2021-08-27,2021-08-27,7,No-pair,OB,SMB,MV Swing,2021-09-02T00:00:00,8971506022,-1184097190
396,98_8971413792_Advent Geneva,51_8971413792_Newedge,2021313901,NEFU_FIFTY_SEVEN_00799804,KRW,kmu1,-10202.3,KOSPI2 INX FUT    Sep21,2021-06-29,2021-06-29,66,No-pair,OB,SMB,MV Swing,2021-09-02T00:00:00,8971506022,-1184097190
397,290_8971496173_Advent Geneva,147_8971496173_Newedge,2128394288,NEFU_FIFTY_SEVEN_00799802,ZAR,aiu1,64876.95,FTSE/JSE TOP 40   Sep21,2021-08-26,2021-08-26,8,No-pair,OB,SMB,MV Swing,2021-09-02T00:00:00,8971506022,-1184097190
398,146_8971494314_Advent Geneva,60_8971494314_Newedge,2126181399,NEFU_FIFTY_SEVEN_00799803,THB,bcu1,33126.68,SET50 FUTURES     Sep21,2021-08-25,2021-08-25,9,No-pair,OB,SMB,MV Swing,2021-09-02T00:00:00,8971506022,-1184097190
399,122_8971432624_Advent Geneva,47_8971432624_Newedge,2044955201,NEFU_FIFTY_SEVEN_00799803,JPY,tpu1,104206.45,TOPIX INDX FUTR   Sep21,2021-07-13,2021-07-13,52,No-pair,OB,SMB,MV Swing,2021-09-02T00:00:00,8971506022,-1184097190
400,147_8971494314_Advent Geneva,,2126181428,NEFU_FIFTY_SEVEN_00799803,THB,bcu1,-7298.74,SET50 FUTURES     Sep21,2021-08-25,2021-08-25,8,No-pair,OB,OB,MV Swing,2021-09-02T00:00:00,8971506022,-1184097190
401,256_8971498170_Advent Geneva,109_8971498170_Newedge,2130964186,NEFU_FIFTY_SEVEN_00799769,USD,esu1,-8158.18,S&P500 EMINI FUT  Sep21,2021-08-27,2021-08-27,7,No-pair,OB,SMB,MV Swing,2021-09-02T00:00:00,8971506022,-1184097190
402,12_8971470255_Advent Geneva,124_8971470255_Newedge,2094162597,NEFU_FIFTY_SEVEN_00799803,AUD,xpu1,-62.28,SPI 200 FUTURES   Sep21,2021-08-09,2021-08-09,25,No-pair,OB,SMB,MV Swing,2021-09-02T00:00:00,8971506022,-1184097190
403,111_8971382650_Advent Geneva,,1981948324,NEFU_FIFTY_SEVEN_00799803,JPY,tpu1,55.42,TOPIX INDX FUTR   Sep21,2021-06-01,2021-06-01,87,No-pair,OB,OB,MV Swing,2021-09-02T00:00:00,8971506022,-1184097190
404,122_8971398276_Advent Geneva,220_8971398276_Newedge,2001574871,NEFU_FIFTY_SEVEN_00799803,JPY,tpu1,-27.73,TOPIX INDX FUTR   Sep21,2021-06-17,2021-06-17,78,No-pair,OB,SMB,MV Swing,2021-09-02T00:00:00,8971506022,-1184097190
405,148_8971452119_Advent Geneva,37_8971452119_Newedge,2069323762,NEFU_FIFTY_SEVEN_00799802,EUR,vgu1,-796.93,EURO STOXX 50     Sep21,2021-07-27,2021-07-27,38,No-pair,OB,SMB,MV Swing,2021-09-02T00:00:00,8971506022,-1184097190
406,118_8971470255_Advent Geneva,194_8971470255_Newedge,2094162950,NEFU_FIFTY_SEVEN_00799803,THB,bcu1,-118.72,SET50 FUTURES     Sep21,2021-08-09,2021-08-09,25,No-pair,OB,SMB,MV Swing,2021-09-02T00:00:00,8971506022,-1184097190
407,207_8971468335_Advent Geneva,277_8971468335_Newedge,2091579715,NEFU_FIFTY_SEVEN_00799769,USD,adu1,295.0,AUDUSD Crncy Fut  Sep21,2021-08-06,2021-08-06,28,No-pair,OB,SMB,MV Swing,2021-09-02T00:00:00,8971506022,-1184097190
408,,181_8971468335_Newedge,2091579675,NEFU_FIFTY_SEVEN_00799803,HKD,hcq1,-26.72,AUG 21 HKE H-SHARES,2021-08-06,2021-08-06,28,No-pair,OB,OB,"Commission difference, SFO to advise",2021-09-02T00:00:00,8971506022,-1184097190
409,267_8971490018_Advent Geneva,116_8971490018_Newedge,2121116327,NEFU_FIFTY_SEVEN_00799769,USD,uxu1,-192.92,CBOE VIX FUTURE   Sep21,2021-08-23,2021-08-23,11,No-pair,OB,SMB,MV Swing,2021-09-02T00:00:00,8971506022,-1184097190
410,96_8971400205_Advent Geneva,54_8971400205_Newedge,2003875535,NEFU_FIFTY_SEVEN_00799803,JPY,tpu1,8065.98,TOPIX INDX FUTR   Sep21,2021-06-18,2021-06-18,77,No-pair,OB,SMB,MV Swing,2021-09-02T00:00:00,8971506022,-1184097190
411,276_8971436488_Advent Geneva,121_8971436488_Newedge,2049572637,NEFU_FIFTY_SEVEN_00799802,USD,uxn1,-6474.33,CBOE VIX FUTURE   Jul21,2021-07-15,2021-07-15,50,No-pair,OB,SMB,"Commission difference, SFO to advise",2021-09-02T00:00:00,8971506022,-1184097190
412,10_8971478351_Advent Geneva,160_8971478351_Newedge,2105432329,NEFU_FIFTY_SEVEN_00799803,AUD,xpu1,-173.34,SPI 200 FUTURES   Sep21,2021-08-13,2021-08-13,21,No-pair,OB,SMB,MV Swing,2021-09-02T00:00:00,8971506022,-1184097190
413,289_8971502090_Advent Geneva,331_8971502090_Newedge,2135789278,NEFU_FIFTY_SEVEN_00799802,ZAR,aiu1,-11.91,FTSE/JSE TOP 40   Sep21,2021-08-31,2021-08-31,3,No-pair,OB,SMB,MV Swing,2021-09-02T00:00:00,8971506022,-1184097190
414,130_8971398276_Advent Geneva,224_8971398276_Newedge,2001574931,NEFU_FIFTY_SEVEN_00799804,KRW,kmu1,-5.8,KOSPI2 INX FUT    Sep21,2021-06-17,2021-06-17,78,No-pair,OB,SMB,MV Swing,2021-09-02T00:00:00,8971506022,-1184097190
415,92_8971462157_Advent Geneva,172_8971462157_Newedge,2083549655,NEFU_FIFTY_SEVEN_00799803,JPY,tpu1,-38.25,TOPIX INDX FUTR   Sep21,2021-08-03,2021-08-03,31,No-pair,OB,SMB,MV Swing,2021-09-02T00:00:00,8971506022,-1184097190
416,275_8971438425_Advent Geneva,134_8971438425_Newedge,2051927555,NEFU_FIFTY_SEVEN_00799802,USD,uxn1,-468.14,CBOE VIX FUTURE   Jul21,2021-07-16,2021-07-16,49,No-pair,OB,SMB,"Commission difference, SFO to advise",2021-09-02T00:00:00,8971506022,-1184097190
417,7_8971404061_Advent Geneva,,2008716540,NEFU_FIFTY_SEVEN_00799803,AUD,xpu1,3450.54,SPI 200 FUTURES   Sep21,2021-06-22,2021-06-22,72,No-pair,OB,OB,MV Swing,2021-09-02T00:00:00,8971506022,-1184097190
418,6_8971413792_Advent Geneva,,2021313917,NEFU_FIFTY_SEVEN_00799803,AUD,xpu1,2.0,SPI 200 FUTURES   Sep21,2021-06-29,2021-06-29,65,No-pair,OB,OB,MV Swing,2021-09-02T00:00:00,8971506022,-1184097190
420,104_8971488329_Advent Geneva,49_8971488329_Newedge,2118786448,NEFU_FIFTY_SEVEN_00799803,JPY,tpu1,128407.94,TOPIX INDX FUTR   Sep21,2021-08-20,2021-08-20,14,No-pair,OB,SMB,MV Swing,2021-09-02T00:00:00,8971506022,-1184097190
421,242_8971500148_Advent Geneva,115_8971500148_Newedge,2133391863,NEFU_FIFTY_SEVEN_00799801,USD,esu1,-10443.94,S&P500 EMINI FUT  Sep21,2021-08-30,2021-08-30,4,No-pair,OB,SMB,MV Swing,2021-09-02T00:00:00,8971506022,-1184097190
422,104_8971444152_Advent Geneva,205_8971444152_Newedge,2058928481,NEFU_FIFTY_SEVEN_00799804,KRW,kmu1,-136.16,KOSPI2 INX FUT    Sep21,2021-07-21,2021-07-21,44,No-pair,OB,SMB,MV Swing,2021-09-02T00:00:00,8971506022,-1184097190
423,61_8971454063_Advent Geneva,30_8971454063_Newedge,2071655963,NEFU_FIFTY_SEVEN_00799802,EUR,vgu1,127123.35,EURO STOXX 50     Sep21,2021-07-28,2021-07-28,37,No-pair,OB,SMB,MV Swing,2021-09-02T00:00:00,8971506022,-1184097190
424,113_8971446202_Advent Geneva,178_8971446202_Newedge,2061446440,NEFU_FIFTY_SEVEN_00799804,KRW,kmu1,-77.59,KOSPI2 INX FUT    Sep21,2021-07-22,2021-07-22,43,No-pair,OB,SMB,MV Swing,2021-09-02T00:00:00,8971506022,-1184097190
425,114_8971446202_Advent Geneva,49_8971446202_Newedge,2061446406,NEFU_FIFTY_SEVEN_00799804,KRW,kmu1,-16569.38,KOSPI2 INX FUT    Sep21,2021-07-22,2021-07-22,43,No-pair,OB,SMB,MV Swing,2021-09-02T00:00:00,8971506022,-1184097190
426,,36_8971460235_Newedge,2080397110,NEFU_FIFTY_SEVEN_00799762,JPY,niu1,-3278.35,SEP 21 SGX NIKKEI IDX,2021-08-02,2021-08-02,32,No-pair,OB,OB,MV Swing,2021-09-02T00:00:00,8971506022,-1184097190
427,52_8971405890_Advent Geneva,31_8971405890_Newedge,2011018520,NEFU_FIFTY_SEVEN_00799802,EUR,vgu1,783.68,EURO STOXX 50     Sep21,2021-06-23,2021-06-23,72,No-pair,OB,SMB,MV Swing,2021-09-02T00:00:00,8971506022,-1184097190
428,151_8971413792_Advent Geneva,60_8971413792_Newedge,2021314450,NEFU_FIFTY_SEVEN_00799760,USD,boz1,329497.89,SOYBEAN OIL FUTR  Dec21,2021-06-29,2021-06-29,66,No-pair,OB,SMB,MV Swing,2021-09-02T00:00:00,8971506022,-1184097190
429,14_8971486166_Advent Geneva,,2115963522,NEFU_FIFTY_SEVEN_00799803,AUD,xpu1,15.97,SPI 200 FUTURES   Sep21,2021-08-19,2021-08-19,14,No-pair,OB,OB,MV Swing,2021-09-02T00:00:00,8971506022,-1184097190
430,98_8971456038_Advent Geneva,43_8971456038_Newedge,2074204538,NEFU_FIFTY_SEVEN_00799804,KRW,kmu1,585.8,KOSPI2 INX FUT    Sep21,2021-07-29,2021-07-29,36,No-pair,OB,SMB,MV Swing,2021-09-02T00:00:00,8971506022,-1184097190
431,251_8971428733_Advent Geneva,104_8971428733_Newedge,2040159535,NEFU_FIFTY_SEVEN_00799762,USD,twtn1,322.31,FTSE Taiwan Index Jul21,2021-07-09,2021-07-09,56,No-pair,OB,SMB,"Commission difference, SFO to advise",2021-09-02T00:00:00,8971506022,-1184097190
433,185_8971446202_Advent Geneva,236_8971446202_Newedge,2061446598,NEFU_FIFTY_SEVEN_00799769,USD,cou1,-12.2,BRENT CRUDE FUTR  Sep21,2021-07-22,2021-07-22,43,No-pair,OB,SMB,"Commission difference, SFO to advise",2021-09-02T00:00:00,8971506022,-1184097190
434,217_8971502090_Advent Geneva,96_8971502090_Newedge,2135789188,NEFU_FIFTY_SEVEN_00799762,USD,clx1,60.92,WTI CRUDE FUTURE  Nov21,2021-08-31,2021-08-31,3,No-pair,OB,SMB,MV Swing,2021-09-02T00:00:00,8971506022,-1184097190
435,279_8971432624_Advent Geneva,264_8971432624_Newedge,2044955444,NEFU_FIFTY_SEVEN_00799769,USD,esu1,-22.04,S&P500 EMINI FUT  Sep21,2021-07-13,2021-07-13,52,No-pair,OB,SMB,MV Swing,2021-09-02T00:00:00,8971506022,-1184097190
436,49_8971417585_Advent Geneva,149_8971417585_Newedge,2026970555,NEFU_FIFTY_SEVEN_00799802,EUR,vgu1,-233.44,EURO STOXX 50     Sep21,2021-07-01,2021-07-01,64,No-pair,OB,SMB,MV Swing,2021-09-02T00:00:00,8971506022,-1184097190
437,159_8971404061_Advent Geneva,103_8971404061_Newedge,2008716813,NEFU_FIFTY_SEVEN_00799769,USD,esu1,-9105.54,S&P500 EMINI FUT  Sep21,2021-06-22,2021-06-22,73,No-pair,OB,SMB,MV Swing,2021-09-02T00:00:00,8971506022,-1184097190
438,137_8971492132_Advent Geneva,,2123794106,NEFU_FIFTY_SEVEN_00799803,THB,bcu1,20.35,SET50 FUTURES     Sep21,2021-08-24,2021-08-24,9,No-pair,OB,OB,MV Swing,2021-09-02T00:00:00,8971506022,-1184097190
439,230_8971462157_Advent Geneva,235_8971462157_Newedge,2083550055,NEFU_FIFTY_SEVEN_00799769,USD,esu1,-8.7,S&P500 EMINI FUT  Sep21,2021-08-03,2021-08-03,31,No-pair,OB,SMB,MV Swing,2021-09-02T00:00:00,8971506022,-1184097190
440,210_8971484218_Advent Geneva,60_8971484218_Newedge,2113336325,NEFU_FIFTY_SEVEN_00799760,USD,boz1,349.26,SOYBEAN OIL FUTR  Dec21,2021-08-18,2021-08-18,16,No-pair,OB,SMB,MV Swing,2021-09-02T00:00:00,8971506022,-1184097190
441,11_8971462157_Advent Geneva,,2083549638,NEFU_FIFTY_SEVEN_00799803,AUD,xpu1,-48383.29,SPI 200 FUTURES   Sep21,2021-08-03,2021-08-03,30,No-pair,OB,OB,MV Swing,2021-09-02T00:00:00,8971506022,-1184097190
442,219_8971413792_Advent Geneva,102_8971413792_Newedge,2021314457,NEFU_FIFTY_SEVEN_00799769,USD,esu1,-2641.88,S&P500 EMINI FUT  Sep21,2021-06-29,2021-06-29,66,No-pair,OB,SMB,MV Swing,2021-09-02T00:00:00,8971506022,-1184097190
443,4_8971498170_Advent Geneva,148_8971498170_Newedge,2130964046,NEFU_FIFTY_SEVEN_00799762,AUD,xpu1,-6465.2,SPI 200 FUTURES   Sep21,2021-08-27,2021-08-27,7,No-pair,OB,SMB,MV Swing,2021-09-02T00:00:00,8971506022,-1184097190
444,60_8971476567_Advent Geneva,174_8971476567_Newedge,2102139252,NEFU_FIFTY_SEVEN_00799802,EUR,vgu1,-122.28,EURO STOXX 50     Sep21,2021-08-12,2021-08-12,22,No-pair,OB,SMB,MV Swing,2021-09-02T00:00:00,8971506022,-1184097190
445,142_8971426687_Advent Geneva,45_8971426687_Newedge,2037767285,NEFU_FIFTY_SEVEN_00799803,JPY,tpu1,-80389.34,TOPIX INDX FUTR   Sep21,2021-07-08,2021-07-08,57,No-pair,OB,SMB,MV Swing,2021-09-02T00:00:00,8971506022,-1184097190
446,125_8971394513_Advent Geneva,,1997217238,NEFU_FIFTY_SEVEN_00799803,JPY,tpu1,-9061.01,TOPIX INDX FUTR   Sep21,2021-06-14,2021-06-14,79,No-pair,OB,OB,MV Swing,2021-09-02T00:00:00,8971506022,-1184097190
447,204_8971450109_Advent Geneva,103_8971450109_Newedge,2066111102,NEFU_FIFTY_SEVEN_00799769,USD,esu1,-6346.58,S&P500 EMINI FUT  Sep21,2021-07-26,2021-07-26,39,No-pair,OB,SMB,MV Swing,2021-09-02T00:00:00,8971506022,-1184097190
448,9_8971420288_Advent Geneva,35_8971420288_Newedge,2030838914,NEFU_FIFTY_SEVEN_00799803,AUD,xpu1,170.57,SPI 200 FUTURES   Sep21,2021-07-05,2021-07-05,60,No-pair,OB,SMB,MV Swing,2021-09-02T00:00:00,8971506022,-1184097190
449,86_8971448246_Advent Geneva,48_8971448246_Newedge,2063909551,NEFU_FIFTY_SEVEN_00799804,KRW,kmu1,627.48,KOSPI2 INX FUT    Sep21,2021-07-23,2021-07-23,42,No-pair,OB,SMB,MV Swing,2021-09-02T00:00:00,8971506022,-1184097190
450,55_8971468335_Advent Geneva,33_8971468335_Newedge,2091579544,NEFU_FIFTY_SEVEN_00799802,EUR,vgu1,-549.64,EURO STOXX 50     Sep21,2021-08-06,2021-08-06,28,No-pair,OB,SMB,MV Swing,2021-09-02T00:00:00,8971506022,-1184097190
451,53_8971444152_Advent Geneva,176_8971444152_Newedge,2058928189,NEFU_FIFTY_SEVEN_00799802,EUR,vgu1,-466.89,EURO STOXX 50     Sep21,2021-07-21,2021-07-21,44,No-pair,OB,SMB,MV Swing,2021-09-02T00:00:00,8971506022,-1184097190
452,73_8971500148_Advent Geneva,,2133391424,NEFU_FIFTY_SEVEN_00799803,HKD,hiu1,-5071.52,HANG SENG IDX FUT Sep21,2021-08-30,2021-08-30,3,No-pair,OB,OB,MV Swing,2021-09-02T00:00:00,8971506022,-1184097190
453,,225_8971438425_Newedge,2051927469,NEFU_FIFTY_SEVEN_00799760,USD,boz1,-1.89,DEC 21 SYBEAN OIL,2021-07-16,2021-07-16,49,No-pair,OB,OB,MV Swing,2021-09-02T00:00:00,8971506022,-1184097190
454,9_8971448246_Advent Geneva,6_8971448246_Newedge,2063909320,NEFU_FIFTY_SEVEN_00799803,AUD,xpu1,2709.51,SPI 200 FUTURES   Sep21,2021-07-23,2021-07-23,42,No-pair,OB,SMB,MV Swing,2021-09-02T00:00:00,8971506022,-1184097190
455,115_8971484218_Advent Geneva,41_8971484218_Newedge,2113336795,NEFU_FIFTY_SEVEN_00799804,KRW,kmu1,-7864.59,KOSPI2 INX FUT    Sep21,2021-08-18,2021-08-18,16,No-pair,OB,SMB,MV Swing,2021-09-02T00:00:00,8971506022,-1184097190
456,103_8971438425_Advent Geneva,60_8971438425_Newedge,2051927432,NEFU_FIFTY_SEVEN_00799804,KRW,kmu1,8565.05,KOSPI2 INX FUT    Sep21,2021-07-16,2021-07-16,49,No-pair,OB,SMB,MV Swing,2021-09-02T00:00:00,8971506022,-1184097190
457,221_8971492132_Advent Geneva,130_8971492132_Newedge,2123793648,NEFU_FIFTY_SEVEN_00799769,USD,sfu1,-11.94,CHF CURRENCY FUT  Sep21,2021-08-24,2021-08-24,10,No-pair,OB,SMB,MV Swing,2021-09-02T00:00:00,8971506022,-1184097190
458,72_8971482299_Advent Geneva,183_8971482299_Newedge,2110838139,NEFU_FIFTY_SEVEN_00799802,EUR,vgu1,-86.97,EURO STOXX 50     Sep21,2021-08-17,2021-08-17,17,No-pair,OB,SMB,MV Swing,2021-09-02T00:00:00,8971506022,-1184097190
459,184_8971488329_Advent Geneva,86_8971488329_Newedge,2118786235,NEFU_FIFTY_SEVEN_00799760,USD,s x1,100.73,SOYBEAN FUTURE    Nov21,2021-08-20,2021-08-20,14,No-pair,OB,SMB,MV Swing,2021-09-02T00:00:00,8971506022,-1184097190
460,10_8971426687_Advent Geneva,134_8971426687_Newedge,2037767047,NEFU_FIFTY_SEVEN_00799803,AUD,xpu1,-196.12,SPI 200 FUTURES   Sep21,2021-07-08,2021-07-08,57,No-pair,OB,SMB,MV Swing,2021-09-02T00:00:00,8971506022,-1184097190
461,,243_8971504138_Newedge,2138199968,NEFU_FIFTY_SEVEN_00799760,USD,ngx1 21,-1.64,NOV 21 NATURAL GAS,2021-09-01,2021-09-01,2,No-pair,OB,OB,MV Swing,2021-09-02T00:00:00,8971506022,-1184097190
462,148_8971458108_Advent Geneva,243_8971458108_Newedge,2077723304,NEFU_FIFTY_SEVEN_00799803,THB,bcu1,-1569.58,SET50 FUTURES     Sep21,2021-07-30,2021-07-30,35,No-pair,OB,SMB,MV Swing,2021-09-02T00:00:00,8971506022,-1184097190
464,115_8971492132_Advent Geneva,219_8971492132_Newedge,2123793854,NEFU_FIFTY_SEVEN_00799804,KRW,kmu1,-79.02,KOSPI2 INX FUT    Sep21,2021-08-24,2021-08-24,10,No-pair,OB,SMB,MV Swing,2021-09-02T00:00:00,8971506022,-1184097190
465,119_8971436488_Advent Geneva,197_8971436488_Newedge,2049572922,NEFU_FIFTY_SEVEN_00799804,KRW,kmu1,-32.52,KOSPI2 INX FUT    Sep21,2021-07-15,2021-07-15,50,No-pair,OB,SMB,MV Swing,2021-09-02T00:00:00,8971506022,-1184097190
466,221_8971472236_Advent Geneva,217_8971472236_Newedge,2096555110,NEFU_FIFTY_SEVEN_00799760,USD,s x1,-162.5,SOYBEAN FUTURE    Nov21,2021-08-10,2021-08-10,24,No-pair,OB,SMB,MV Swing,2021-09-02T00:00:00,8971506022,-1184097190
467,244_8971472236_Advent Geneva,82_8971472236_Newedge,2096555217,NEFU_FIFTY_SEVEN_00799762,USD,mesu1,-2932.3,MSCI EmgMkt       Sep21,2021-08-10,2021-08-10,24,No-pair,OB,SMB,MV Swing,2021-09-02T00:00:00,8971506022,-1184097190
468,55_8971456038_Advent Geneva,26_8971456038_Newedge,2074204125,NEFU_FIFTY_SEVEN_00799802,EUR,vgu1,60924.56,EURO STOXX 50     Sep21,2021-07-29,2021-07-29,36,No-pair,OB,SMB,MV Swing,2021-09-02T00:00:00,8971506022,-1184097190
469,10_8971454063_Advent Geneva,132_8971454063_Newedge,2071655783,NEFU_FIFTY_SEVEN_00799803,AUD,xpu1,-17.56,SPI 200 FUTURES   Sep21,2021-07-28,2021-07-28,37,No-pair,OB,SMB,MV Swing,2021-09-02T00:00:00,8971506022,-1184097190
471,101_8971496173_Advent Geneva,46_8971496173_Newedge,2128393793,NEFU_FIFTY_SEVEN_00799803,HKD,hcq1,2336.87,HSCEI Futures     Aug21,2021-08-26,2021-08-26,8,No-pair,OB,SMB,"Commission difference, SFO to advise",2021-09-02T00:00:00,8971506022,-1184097190
472,128_8971494314_Advent Geneva,53_8971494314_Newedge,2126181633,NEFU_FIFTY_SEVEN_00799814,KRW,kuu1,172.16,US DOLLAR FUT     Sep21,2021-08-25,2021-08-25,9,No-pair,OB,SMB,"Commission difference, SFO to advise",2021-09-02T00:00:00,8971506022,-1184097190
473,,286_8971494314_Newedge,2126181617,NEFU_FIFTY_SEVEN_00799762,USD,nqu1,-64.08,SEP 21 IMM EMINI NSDQ,2021-08-25,2021-08-25,9,No-pair,OB,OB,MV Swing,2021-09-02T00:00:00,8971506022,-1184097190
474,15_8971480190_Advent Geneva,142_8971480190_Newedge,2108157879,NEFU_FIFTY_SEVEN_00799762,AUD,xpu1,-3509.08,SPI 200 FUTURES   Sep21,2021-08-16,2021-08-16,18,No-pair,OB,SMB,MV Swing,2021-09-02T00:00:00,8971506022,-1184097190
475,73_8971482299_Advent Geneva,31_8971482299_Newedge,2110838113,NEFU_FIFTY_SEVEN_00799802,EUR,vgu1,21120.26,EURO STOXX 50     Sep21,2021-08-17,2021-08-17,17,No-pair,OB,SMB,MV Swing,2021-09-02T00:00:00,8971506022,-1184097190
476,345_8971504138_Advent Geneva,286_8971504138_Newedge,2138199755,NEFU_FIFTY_SEVEN_00799769,USD,ihu1,-44.17,SGX Nifty 50      Sep21,2021-09-01,2021-09-01,2,No-pair,OB,SMB,PB Missing Trade,2021-09-02T00:00:00,8971506022,-1184097190
477,87_8971498170_Advent Geneva,203_8971498170_Newedge,2130964356,NEFU_FIFTY_SEVEN_00799803,HKD,hiu1,-180.45,HANG SENG IDX FUT Sep21,2021-08-27,2021-08-27,7,No-pair,OB,SMB,MV Swing,2021-09-02T00:00:00,8971506022,-1184097190
478,16_8971484218_Advent Geneva,142_8971484218_Newedge,2113336300,NEFU_FIFTY_SEVEN_00799803,AUD,xpu1,-182.22,SPI 200 FUTURES   Sep21,2021-08-18,2021-08-18,16,No-pair,OB,SMB,MV Swing,2021-09-02T00:00:00,8971506022,-1184097190
479,477_8971428733_Advent Geneva,117_8971428733_Newedge,2040159553,NEFU_FIFTY_SEVEN_00799769,USD,esu1,676.16,S&P500 EMINI FUT  Sep21,2021-07-09,2021-07-09,56,No-pair,OB,SMB,MV Swing,2021-09-02T00:00:00,8971506022,-1184097190
480,205_8971456038_Advent Geneva,78_8971456038_Newedge,2074204213,NEFU_FIFTY_SEVEN_00799769,USD,adu1,93.36,AUDUSD Crncy Fut  Sep21,2021-07-29,2021-07-29,36,No-pair,OB,SMB,MV Swing,2021-09-02T00:00:00,8971506022,-1184097190
482,59_8971488329_Advent Geneva,193_8971488329_Newedge,2118786203,NEFU_FIFTY_SEVEN_00799802,EUR,vgu1,-112.47,EURO STOXX 50     Sep21,2021-08-20,2021-08-20,14,No-pair,OB,SMB,MV Swing,2021-09-02T00:00:00,8971506022,-1184097190
483,134_8971470255_Advent Geneva,75_8971470255_Newedge,2094162573,NEFU_FIFTY_SEVEN_00799760,USD,xbx1,-666.98,GASOLINE RBOB FUT Nov21,2021-08-09,2021-08-09,25,No-pair,OB,SMB,MV Swing,2021-09-02T00:00:00,8971506022,-1184097190
484,55_8971402149_Advent Geneva,,2006214258,NEFU_FIFTY_SEVEN_00799802,EUR,vgu1,45.62,EURO STOXX 50     Sep21,2021-06-16,2021-06-16,73,No-pair,OB,OB,MV Swing,2021-09-02T00:00:00,8971506022,-1184097190
485,95_8971476567_Advent Geneva,47_8971476567_Newedge,2102139486,NEFU_FIFTY_SEVEN_00799762,JPY,niu1,-35135.43,NIKKEI 225  (SGX) Sep21,2021-08-12,2021-08-12,22,No-pair,OB,SMB,MV Swing,2021-09-02T00:00:00,8971506022,-1184097190
486,113_8971428733_Advent Geneva,211_8971428733_Newedge,2040159359,NEFU_FIFTY_SEVEN_00799804,KRW,kmu1,-16.15,KOSPI2 INX FUT    Sep21,2021-07-09,2021-07-09,56,No-pair,OB,SMB,MV Swing,2021-09-02T00:00:00,8971506022,-1184097190
487,35_8971498170_Advent Geneva,22_8971498170_Newedge,2130964487,NEFU_FIFTY_SEVEN_00799769,EUR,eou1,-2174.4,AMSTERDAM IDX FUT Sep21,2021-08-27,2021-08-27,7,No-pair,OB,SMB,MV Swing,2021-09-02T00:00:00,8971506022,-1184097190
488,239_8971456038_Advent Geneva,,2074204752,NEFU_FIFTY_SEVEN_00799769,USD,esu1,8014.24,S&P500 EMINI FUT  Sep21,2021-07-29,2021-07-29,35,No-pair,OB,OB,MV Swing,2021-09-02T00:00:00,8971506022,-1184097190
489,103_8971442331_Advent Geneva,51_8971442331_Newedge,2056711645,NEFU_FIFTY_SEVEN_00799803,JPY,tpu1,-23860.32,TOPIX INDX FUTR   Sep21,2021-07-20,2021-07-20,45,No-pair,OB,SMB,MV Swing,2021-09-02T00:00:00,8971506022,-1184097190
490,92_8971500148_Advent Geneva,192_8971500148_Newedge,2133391557,NEFU_FIFTY_SEVEN_00799803,JPY,tpu1,2732.19,TOPIX INDX FUTR   Sep21,2021-08-30,2021-08-30,4,No-pair,OB,SMB,MV Swing,2021-09-02T00:00:00,8971506022,-1184097190
491,330_8971424734_Advent Geneva,198_8971424734_Newedge,2035490848,NEFU_FIFTY_SEVEN_00799803,JPY,tpu1,-52.59,TOPIX INDX FUTR   Sep21,2021-07-07,2021-07-07,58,No-pair,OB,SMB,MV Swing,2021-09-02T00:00:00,8971506022,-1184097190
492,54_8971492132_Advent Geneva,189_8971492132_Newedge,2123793672,NEFU_FIFTY_SEVEN_00799802,EUR,vgu1,117783.2,EURO STOXX 50     Sep21,2021-08-24,2021-08-24,10,No-pair,OB,SMB,MV Swing,2021-09-02T00:00:00,8971506022,-1184097190
493,127_8971494314_Advent Geneva,52_8971494314_Newedge,2126181448,NEFU_FIFTY_SEVEN_00799814,KRW,kaau1,54.62,KOREA 10YR BND FU Sep21,2021-08-25,2021-08-25,9,No-pair,OB,SMB,"Commission difference, SFO to advise",2021-09-02T00:00:00,8971506022,-1184097190
494,,79_8971476567_Newedge,2102139697,NEFU_FIFTY_SEVEN_00799760,USD,ngx1 21,14160.0,NOV 21 NATURAL GAS,2021-08-12,2021-08-12,22,No-pair,OB,OB,MV Swing,2021-09-02T00:00:00,8971506022,-1184097190
496,51_8971444152_Advent Geneva,,2058928195,NEFU_FIFTY_SEVEN_00799802,EUR,vgu1,5.89,EURO STOXX 50     Sep21,2021-07-21,2021-07-21,43,No-pair,OB,OB,MV Swing,2021-09-02T00:00:00,8971506022,-1184097190
497,246_8971440316_Advent Geneva,123_8971440316_Newedge,2054296035,NEFU_FIFTY_SEVEN_00799802,USD,uxq1,-20.79,CBOE VIX FUTURE   Aug21,2021-07-19,2021-07-19,46,No-pair,OB,SMB,"Commission difference, SFO to advise",2021-09-02T00:00:00,8971506022,-1184097190
498,77_8971504138_Advent Geneva,140_8971504138_Newedge,2138199570,NEFU_FIFTY_SEVEN_00799801,CAD,ptu1,-8.78,S&P/TSX 60 IX FUT Sep21,2021-09-01,2021-09-01,2,No-pair,OB,SMB,MV Swing,2021-09-02T00:00:00,8971506022,-1184097190
499,11_8971440316_Advent Geneva,8_8971440316_Newedge,2054295605,NEFU_FIFTY_SEVEN_00799803,AUD,xpu1,10412.12,SPI 200 FUTURES   Sep21,2021-07-19,2021-07-19,46,No-pair,OB,SMB,MV Swing,2021-09-02T00:00:00,8971506022,-1184097190
500,138_8971411649_Advent Geneva,209_8971411649_Newedge,2018834767,NEFU_FIFTY_SEVEN_00799760,USD,boz1,-11.97,SOYBEAN OIL FUTR  Dec21,2021-06-28,2021-06-28,67,No-pair,OB,SMB,MV Swing,2021-09-02T00:00:00,8971506022,-1184097190
501,54_8971444152_Advent Geneva,,2058928196,NEFU_FIFTY_SEVEN_00799802,EUR,vgu1,-239824.52,EURO STOXX 50     Sep21,2021-07-21,2021-07-21,43,No-pair,OB,OB,MV Swing,2021-09-02T00:00:00,8971506022,-1184097190
502,192_8971502090_Advent Geneva,262_8971502090_Newedge,2135788912,NEFU_FIFTY_SEVEN_00799760,USD,tuz1,-23.8,US 2YR NOTE (CBT) Dec21,2021-08-31,2021-08-31,3,No-pair,OB,SMB,MV Swing,2021-09-02T00:00:00,8971506022,-1184097190
503,42_8971460235_Advent Geneva,26_8971460235_Newedge,2080397146,NEFU_FIFTY_SEVEN_00799802,EUR,vgu1,4511.59,EURO STOXX 50     Sep21,2021-08-02,2021-08-02,32,No-pair,OB,SMB,MV Swing,2021-09-02T00:00:00,8971506022,-1184097190
504,107_8971450109_Advent Geneva,55_8971450109_Newedge,2066110882,NEFU_FIFTY_SEVEN_00799804,KRW,kmu1,-4191.7,KOSPI2 INX FUT    Sep21,2021-07-26,2021-07-26,39,No-pair,OB,SMB,MV Swing,2021-09-02T00:00:00,8971506022,-1184097190
505,52_8971440316_Advent Geneva,31_8971440316_Newedge,2054295621,NEFU_FIFTY_SEVEN_00799802,EUR,gxu1,-4099.04,DAX INDEX FUTURE  Sep21,2021-07-19,2021-07-19,46,No-pair,OB,SMB,"Commission difference, SFO to advise",2021-09-02T00:00:00,8971506022,-1184097190
506,15_8971486166_Advent Geneva,19_8971486166_Newedge,2115963514,NEFU_FIFTY_SEVEN_00799803,AUD,xpu1,-1479.56,SPI 200 FUTURES   Sep21,2021-08-19,2021-08-19,15,No-pair,OB,SMB,MV Swing,2021-09-02T00:00:00,8971506022,-1184097190
507,,270_8971502090_Newedge,2135789158,NEFU_FIFTY_SEVEN_00799762,USD,clx1,-0.92,NOV 21 LT CRUDE,2021-08-31,2021-08-31,3,No-pair,OB,OB,MV Swing,2021-09-02T00:00:00,8971506022,-1184097190
508,84_8971504138_Advent Geneva,9_8971504138_Newedge,2138199639,NEFU_FIFTY_SEVENCAY_00799775,CHF,smu1,-1489.17,SWISS MKT IX FUTR Sep21,2021-09-01,2021-09-01,2,No-pair,OB,SMB,MV Swing,2021-09-02T00:00:00,8971506022,-1184097190
509,9_8971432624_Advent Geneva,131_8971432624_Newedge,2044955280,NEFU_FIFTY_SEVEN_00799803,AUD,xpu1,-85.16,SPI 200 FUTURES   Sep21,2021-07-13,2021-07-13,52,No-pair,OB,SMB,MV Swing,2021-09-02T00:00:00,8971506022,-1184097190
510,225_8971488329_Advent Geneva,328_8971488329_Newedge,2118786605,NEFU_FIFTY_SEVEN_00799769,USD,uxu1,-17.0,CBOE VIX FUTURE   Sep21,2021-08-20,2021-08-20,14,No-pair,OB,SMB,MV Swing,2021-09-02T00:00:00,8971506022,-1184097190
511,139_8971498170_Advent Geneva,,2130964318,NEFU_FIFTY_SEVEN_00799803,SGD,qzu1,-5297.55,MSCI SING IX ETS  Sep21,2021-08-27,2021-08-27,6,No-pair,OB,OB,MV Swing,2021-09-02T00:00:00,8971506022,-1184097190
512,238_8971402149_Advent Geneva,256_8971402149_Newedge,2006214141,NEFU_FIFTY_SEVEN_00799769,USD,esu1,-9.28,S&P500 EMINI FUT  Sep21,2021-06-21,2021-06-21,74,No-pair,OB,SMB,MV Swing,2021-09-02T00:00:00,8971506022,-1184097190
513,145_8971494314_Advent Geneva,230_8971494314_Newedge,2126181427,NEFU_FIFTY_SEVEN_00799803,THB,bcu1,-423.98,SET50 FUTURES     Sep21,2021-08-25,2021-08-25,9,No-pair,OB,SMB,MV Swing,2021-09-02T00:00:00,8971506022,-1184097190
514,201_8971474187_Advent Geneva,106_8971474187_Newedge,2099137409,NEFU_FIFTY_SEVEN_00799769,USD,adu1,-346.08,AUDUSD Crncy Fut  Sep21,2021-08-11,2021-08-11,23,No-pair,OB,SMB,MV Swing,2021-09-02T00:00:00,8971506022,-1184097190
515,74_8971460235_Advent Geneva,151_8971460235_Newedge,2080397133,NEFU_FIFTY_SEVEN_00799762,JPY,niu1,645.98,NIKKEI 225  (SGX) Sep21,2021-08-02,2021-08-02,32,No-pair,OB,SMB,MV Swing,2021-09-02T00:00:00,8971506022,-1184097190
517,8_8971402149_Advent Geneva,120_8971402149_Newedge,2006213755,NEFU_FIFTY_SEVEN_00799803,AUD,xpu1,-45.42,SPI 200 FUTURES   Sep21,2021-06-21,2021-06-21,74,No-pair,OB,SMB,MV Swing,2021-09-02T00:00:00,8971506022,-1184097190
518,169_8971490018_Advent Geneva,57_8971490018_Newedge,2121116276,NEFU_FIFTY_SEVEN_00799803,THB,bcu1,-8253.18,SET50 FUTURES     Sep21,2021-08-23,2021-08-23,11,No-pair,OB,SMB,MV Swing,2021-09-02T00:00:00,8971506022,-1184097190
519,104_8971454063_Advent Geneva,,2071656137,NEFU_FIFTY_SEVEN_00799803,JPY,tpu1,-2259.42,TOPIX INDX FUTR   Sep21,2021-07-28,2021-07-28,36,No-pair,OB,OB,MV Swing,2021-09-02T00:00:00,8971506022,-1184097190
520,231_8971440316_Advent Geneva,265_8971440316_Newedge,2054295555,NEFU_FIFTY_SEVEN_00799769,USD,esu1,-20.88,S&P500 EMINI FUT  Sep21,2021-07-19,2021-07-19,46,No-pair,OB,SMB,MV Swing,2021-09-02T00:00:00,8971506022,-1184097190
521,11_8971400205_Advent Geneva,4_8971400205_Newedge,2003875196,NEFU_FIFTY_SEVEN_00799803,AUD,xpu1,-12404.69,SPI 200 FUTURES   Sep21,2021-06-18,2021-06-18,77,No-pair,OB,SMB,MV Swing,2021-09-02T00:00:00,8971506022,-1184097190
522,282_8971486166_Advent Geneva,144_8971486166_Newedge,2115963938,NEFU_FIFTY_SEVEN_00799802,USD,uxv1,-43.36,CBOE VIX FUTURE   Oct21,2021-08-19,2021-08-19,15,No-pair,OB,SMB,MV Swing,2021-09-02T00:00:00,8971506022,-1184097190
523,336_8971490018_Advent Geneva,323_8971490018_Newedge,2121116439,NEFU_FIFTY_SEVEN_00799802,ZAR,aiu1,-48.98,FTSE/JSE TOP 40   Sep21,2021-08-23,2021-08-23,11,No-pair,OB,SMB,MV Swing,2021-09-02T00:00:00,8971506022,-1184097190
524,84_8971468335_Advent Geneva,185_8971468335_Newedge,2091579285,NEFU_FIFTY_SEVEN_00799762,JPY,niu1,13.69,NIKKEI 225  (SGX) Sep21,2021-08-06,2021-08-06,28,No-pair,OB,SMB,MV Swing,2021-09-02T00:00:00,8971506022,-1184097190
525,168_8971478351_Advent Geneva,68_8971478351_Newedge,2105432693,NEFU_FIFTY_SEVEN_00799803,THB,bcu1,-7749.15,SET50 FUTURES     Sep21,2021-08-13,2021-08-13,21,No-pair,OB,SMB,MV Swing,2021-09-02T00:00:00,8971506022,-1184097190
527,294_8971504138_Advent Geneva,100_8971504138_Newedge,2138199707,NEFU_FIFTY_SEVEN_00799762,USD,nqu1,-2165.37,NASDAQ 100 E-MINI Sep21,2021-09-01,2021-09-01,2,No-pair,OB,SMB,MV Swing,2021-09-02T00:00:00,8971506022,-1184097190
528,110_8971488329_Advent Geneva,219_8971488329_Newedge,2118786387,NEFU_FIFTY_SEVEN_00799804,KRW,kmu1,-354.16,KOSPI2 INX FUT    Sep21,2021-08-20,2021-08-20,14,No-pair,OB,SMB,MV Swing,2021-09-02T00:00:00,8971506022,-1184097190
529,340_8971504138_Advent Geneva,111_8971504138_Newedge,2138199929,NEFU_FIFTY_SEVEN_00799769,USD,fau1,-45.36,S&P MID 400 EMINI Sep21,2021-09-01,2021-09-01,2,No-pair,OB,SMB,MV Swing,2021-09-02T00:00:00,8971506022,-1184097190
530,296_8971432624_Advent Geneva,115_8971432624_Newedge,2044955254,NEFU_FIFTY_SEVEN_00799802,USD,uxn1,303.54,CBOE VIX FUTURE   Jul21,2021-07-13,2021-07-13,52,No-pair,OB,SMB,"Commission difference, SFO to advise",2021-09-02T00:00:00,8971506022,-1184097190
531,59_8971454063_Advent Geneva,,2071655982,NEFU_FIFTY_SEVEN_00799802,EUR,vgu1,-28844.37,EURO STOXX 50     Sep21,2021-07-28,2021-07-28,36,No-pair,OB,OB,MV Swing,2021-09-02T00:00:00,8971506022,-1184097190
532,168_8971490018_Advent Geneva,217_8971490018_Newedge,2121116298,NEFU_FIFTY_SEVEN_00799803,THB,bcu1,-298.48,SET50 FUTURES     Sep21,2021-08-23,2021-08-23,11,No-pair,OB,SMB,MV Swing,2021-09-02T00:00:00,8971506022,-1184097190
533,350_8971422667_Advent Geneva,190_8971422667_Newedge,2033341556,NEFU_FIFTY_SEVEN_00799803,JPY,tpu1,-57.37,TOPIX INDX FUTR   Sep21,2021-07-06,2021-07-06,59,No-pair,OB,SMB,MV Swing,2021-09-02T00:00:00,8971506022,-1184097190
534,124_8971486166_Advent Geneva,228_8971486166_Newedge,2115963563,NEFU_FIFTY_SEVEN_00799804,KRW,kmu1,-245.16,KOSPI2 INX FUT    Sep21,2021-08-19,2021-08-19,15,No-pair,OB,SMB,MV Swing,2021-09-02T00:00:00,8971506022,-1184097190
535,79_8971420288_Advent Geneva,146_8971420288_Newedge,2030839024,NEFU_FIFTY_SEVEN_00799803,JPY,tpu1,-2265.43,TOPIX INDX FUTR   Sep21,2021-07-05,2021-07-05,60,No-pair,OB,SMB,MV Swing,2021-09-02T00:00:00,8971506022,-1184097190
536,110_8971484218_Advent Geneva,,2113336710,NEFU_FIFTY_SEVEN_00799803,JPY,tpu1,1367.89,TOPIX INDX FUTR   Sep21,2021-08-18,2021-08-18,15,No-pair,OB,OB,MV Swing,2021-09-02T00:00:00,8971506022,-1184097190
537,148_8971502090_Advent Geneva,228_8971502090_Newedge,2135788834,NEFU_FIFTY_SEVEN_00799760,USD,adu1,-20.92,AUDUSD Crncy Fut  Sep21,2021-08-31,2021-08-31,3,No-pair,OB,SMB,MV Swing,2021-09-02T00:00:00,8971506022,-1184097190
538,174_8971450109_Advent Geneva,95_8971450109_Newedge,2066110883,NEFU_FIFTY_SEVEN_00799769,USD,adu1,-124.44,AUDUSD Crncy Fut  Sep21,2021-07-26,2021-07-26,39,No-pair,OB,SMB,MV Swing,2021-09-02T00:00:00,8971506022,-1184097190
539,89_8971413792_Advent Geneva,185_8971413792_Newedge,2021313860,NEFU_FIFTY_SEVEN_00799803,JPY,tpu1,-20.08,TOPIX INDX FUTR   Sep21,2021-06-29,2021-06-29,66,No-pair,OB,SMB,MV Swing,2021-09-02T00:00:00,8971506022,-1184097190
540,108_8971428733_Advent Geneva,58_8971428733_Newedge,2040159383,NEFU_FIFTY_SEVEN_00799803,JPY,tpu1,-374311.5,TOPIX INDX FUTR   Sep21,2021-07-09,2021-07-09,56,No-pair,OB,SMB,MV Swing,2021-09-02T00:00:00,8971506022,-1184097190
541,50_8971438425_Advent Geneva,38_8971438425_Newedge,2051927383,NEFU_FIFTY_SEVEN_00799802,EUR,gxu1,-2431.82,DAX INDEX FUTURE  Sep21,2021-07-16,2021-07-16,49,No-pair,OB,SMB,"Commission difference, SFO to advise",2021-09-02T00:00:00,8971506022,-1184097190
542,71_8971500148_Advent Geneva,36_8971500148_Newedge,2133391397,NEFU_FIFTY_SEVEN_00799803,HKD,hiu1,22977.53,HANG SENG IDX FUT Sep21,2021-08-30,2021-08-30,4,No-pair,OB,SMB,MV Swing,2021-09-02T00:00:00,8971506022,-1184097190
543,138_8971474187_Advent Geneva,225_8971474187_Newedge,2099136938,NEFU_FIFTY_SEVEN_00799803,THB,bcu1,-157.72,SET50 FUTURES     Sep21,2021-08-11,2021-08-11,23,No-pair,OB,SMB,MV Swing,2021-09-02T00:00:00,8971506022,-1184097190
544,187_8971502090_Advent Geneva,90_8971502090_Newedge,2135789304,NEFU_FIFTY_SEVEN_00799760,USD,s x1,292.54,SOYBEAN FUTURE    Nov21,2021-08-31,2021-08-31,3,No-pair,OB,SMB,MV Swing,2021-09-02T00:00:00,8971506022,-1184097190
545,106_8971386551_Advent Geneva,,1986922919,NEFU_FIFTY_SEVEN_00799803,JPY,tpu1,8173.8,TOPIX INDX FUTR   Sep21,2021-06-08,2021-06-08,85,No-pair,OB,OB,MV Swing,2021-09-02T00:00:00,8971506022,-1184097190
546,54_8971464347_Advent Geneva,,2086169550,NEFU_FIFTY_SEVEN_00799802,EUR,vgu1,-1995.01,EURO STOXX 50     Sep21,2021-08-04,2021-08-04,29,No-pair,OB,OB,MV Swing,2021-09-02T00:00:00,8971506022,-1184097190
547,9_8971415663_Advent Geneva,121_8971415663_Newedge,2023849646,NEFU_FIFTY_SEVEN_00799803,AUD,xpu1,-163.38,SPI 200 FUTURES   Sep21,2021-06-30,2021-06-30,65,No-pair,OB,SMB,MV Swing,2021-09-02T00:00:00,8971506022,-1184097190
548,189_8971502090_Advent Geneva,230_8971502090_Newedge,2135789192,NEFU_FIFTY_SEVEN_00799760,USD,boz1,-11.34,SOYBEAN OIL FUTR  Dec21,2021-08-31,2021-08-31,3,No-pair,OB,SMB,MV Swing,2021-09-02T00:00:00,8971506022,-1184097190
549,100_8971464347_Advent Geneva,210_8971464347_Newedge,2086169921,NEFU_FIFTY_SEVEN_00799804,KRW,kmu1,-165.11,KOSPI2 INX FUT    Sep21,2021-08-04,2021-08-04,30,No-pair,OB,SMB,MV Swing,2021-09-02T00:00:00,8971506022,-1184097190
550,106_8971492132_Advent Geneva,215_8971492132_Newedge,2123793876,NEFU_FIFTY_SEVEN_00799803,JPY,tpu1,2552.93,TOPIX INDX FUTR   Sep21,2021-08-24,2021-08-24,10,No-pair,OB,SMB,MV Swing,2021-09-02T00:00:00,8971506022,-1184097190
551,90_8971460235_Advent Geneva,45_8971460235_Newedge,2080397117,NEFU_FIFTY_SEVEN_00799804,KRW,kmu1,-8893.88,KOSPI2 INX FUT    Sep21,2021-08-02,2021-08-02,32,No-pair,OB,SMB,MV Swing,2021-09-02T00:00:00,8971506022,-1184097190
552,9_8971482299_Advent Geneva,141_8971482299_Newedge,2110837794,NEFU_FIFTY_SEVEN_00799762,AUD,xpu1,-65.38,SPI 200 FUTURES   Sep21,2021-08-17,2021-08-17,17,No-pair,OB,SMB,MV Swing,2021-09-02T00:00:00,8971506022,-1184097190
553,228_8971430481_Advent Geneva,67_8971430481_Newedge,2042742303,NEFU_FIFTY_SEVEN_00799760,USD,boz1,-2758341230.25,SOYBEAN OIL FUTR  Dec21,2021-07-12,2021-07-12,53,No-pair,OB,SMB,MV Swing,2021-09-02T00:00:00,8971506022,-1184097190
554,174_8971496173_Advent Geneva,85_8971496173_Newedge,2128394281,NEFU_FIFTY_SEVEN_00799760,USD,lhv1,-1058.11,LEAN HOGS FUTURE  Oct21,2021-08-26,2021-08-26,8,No-pair,OB,SMB,MV Swing,2021-09-02T00:00:00,8971506022,-1184097190
555,295_8971472236_Advent Geneva,91_8971472236_Newedge,2096555374,NEFU_FIFTY_SEVEN_00799769,USD,esu1,75.58,S&P500 EMINI FUT  Sep21,2021-08-10,2021-08-10,24,No-pair,OB,SMB,MV Swing,2021-09-02T00:00:00,8971506022,-1184097190
556,106_8971444152_Advent Geneva,,2058928482,NEFU_FIFTY_SEVEN_00799804,KRW,kmu1,4.61,KOSPI2 INX FUT    Sep21,2021-07-21,2021-07-21,43,No-pair,OB,OB,MV Swing,2021-09-02T00:00:00,8971506022,-1184097190
557,213_8971500148_Advent Geneva,112_8971500148_Newedge,2133391852,NEFU_FIFTY_SEVEN_00799769,USD,rtyu1,-1286.52,E-Mini Russ 2000  Sep21,2021-08-30,2021-08-30,4,No-pair,OB,SMB,MV Swing,2021-09-02T00:00:00,8971506022,-1184097190
558,57_8971502090_Advent Geneva,,2135788853,NEFU_FIFTY_SEVEN_00799802,EUR,vgu1,22.23,EURO STOXX 50     Sep21,2021-08-31,2021-08-31,2,No-pair,OB,OB,MV Swing,2021-09-02T00:00:00,8971506022,-1184097190
559,71_8971430481_Advent Geneva,29_8971430481_Newedge,2042742227,NEFU_FIFTY_SEVEN_00799802,EUR,vgu1,-41221.26,EURO STOXX 50     Sep21,2021-07-12,2021-07-12,53,No-pair,OB,SMB,MV Swing,2021-09-02T00:00:00,8971506022,-1184097190
560,91_8971474187_Advent Geneva,48_8971474187_Newedge,2099136959,NEFU_FIFTY_SEVEN_00799762,JPY,niu1,-8058.38,NIKKEI 225  (SGX) Sep21,2021-08-11,2021-08-11,23,No-pair,OB,SMB,MV Swing,2021-09-02T00:00:00,8971506022,-1184097190
561,265_8971436488_Advent Geneva,102_8971436488_Newedge,2049572775,NEFU_FIFTY_SEVEN_00799769,USD,esu1,3177.58,S&P500 EMINI FUT  Sep21,2021-07-15,2021-07-15,50,No-pair,OB,SMB,MV Swing,2021-09-02T00:00:00,8971506022,-1184097190
562,94_8971502090_Advent Geneva,45_8971502090_Newedge,2135789285,NEFU_FIFTY_SEVEN_00799803,HKD,hcu1,3142.36,HSCEI Futures     Sep21,2021-08-31,2021-08-31,3,No-pair,OB,SMB,MV Swing,2021-09-02T00:00:00,8971506022,-1184097190
563,187_8971494314_Advent Geneva,80_8971494314_Newedge,2126181570,NEFU_FIFTY_SEVEN_00799760,USD,smz1,11.89,SOYBEAN MEAL FUTR Dec21,2021-08-25,2021-08-25,9,No-pair,OB,SMB,MV Swing,2021-09-02T00:00:00,8971506022,-1184097190
564,258_8971438425_Advent Geneva,279_8971438425_Newedge,2051927530,NEFU_FIFTY_SEVEN_00799769,USD,esu1,-14.5,S&P500 EMINI FUT  Sep21,2021-07-16,2021-07-16,49,No-pair,OB,SMB,MV Swing,2021-09-02T00:00:00,8971506022,-1184097190
565,221_8971446202_Advent Geneva,,2061446706,NEFU_FIFTY_SEVEN_00799769,USD,esu1,-1231.7,S&P500 EMINI FUT  Sep21,2021-07-22,2021-07-22,42,No-pair,OB,OB,MV Swing,2021-09-02T00:00:00,8971506022,-1184097190
566,163_8971482299_Advent Geneva,66_8971482299_Newedge,2110838438,NEFU_FIFTY_SEVEN_00799760,USD,c z1,-311.24,CORN FUTURE       Dec21,2021-08-17,2021-08-17,17,No-pair,OB,SMB,MV Swing,2021-09-02T00:00:00,8971506022,-1184097190
567,103_8971468335_Advent Geneva,196_8971468335_Newedge,2091579455,NEFU_FIFTY_SEVEN_00799804,KRW,kmu1,-137.0,KOSPI2 INX FUT    Sep21,2021-08-06,2021-08-06,28,No-pair,OB,SMB,MV Swing,2021-09-02T00:00:00,8971506022,-1184097190
568,,246_8971444152_Newedge,2058928037,NEFU_FIFTY_SEVEN_00799762,USD,cox1,-210.08,NOV 21 ICE BRENT CRD,2021-07-21,2021-07-21,44,No-pair,OB,OB,"Commission difference, SFO to advise",2021-09-02T00:00:00,8971506022,-1184097190
569,55_8971419514_Advent Geneva,163_8971419514_Newedge,2029840390,NEFU_FIFTY_SEVEN_00799802,EUR,vgu1,-840.92,EURO STOXX 50     Sep21,2021-07-02,2021-07-02,63,No-pair,OB,SMB,MV Swing,2021-09-02T00:00:00,8971506022,-1184097190
570,324_8971504138_Advent Geneva,119_8971504138_Newedge,2138199926,NEFU_FIFTY_SEVEN_00799769,USD,rtyu1,-716.52,E-Mini Russ 2000  Sep21,2021-09-01,2021-09-01,2,No-pair,OB,SMB,MV Swing,2021-09-02T00:00:00,8971506022,-1184097190
571,99_8971470255_Advent Geneva,42_8971470255_Newedge,2094162730,NEFU_FIFTY_SEVEN_00799804,KRW,kmu1,898.04,KOSPI2 INX FUT    Sep21,2021-08-09,2021-08-09,25,No-pair,OB,SMB,MV Swing,2021-09-02T00:00:00,8971506022,-1184097190
572,204_8971448246_Advent Geneva,107_8971448246_Newedge,2063909363,NEFU_FIFTY_SEVEN_00799769,USD,esu1,-37432.34,S&P500 EMINI FUT  Sep21,2021-07-23,2021-07-23,42,No-pair,OB,SMB,MV Swing,2021-09-02T00:00:00,8971506022,-1184097190
573,192_8971482299_Advent Geneva,79_8971482299_Newedge,2110838408,NEFU_FIFTY_SEVEN_00799760,USD,s x1,-598.74,SOYBEAN FUTURE    Nov21,2021-08-17,2021-08-17,17,No-pair,OB,SMB,MV Swing,2021-09-02T00:00:00,8971506022,-1184097190
574,102_8971468335_Advent Geneva,53_8971468335_Newedge,2091579432,NEFU_FIFTY_SEVEN_00799804,KRW,kmu1,-1713.91,KOSPI2 INX FUT    Sep21,2021-08-06,2021-08-06,28,No-pair,OB,SMB,MV Swing,2021-09-02T00:00:00,8971506022,-1184097190
575,54_8971448246_Advent Geneva,35_8971448246_Newedge,2063909254,NEFU_FIFTY_SEVEN_00799802,EUR,vgu1,159959.1,EURO STOXX 50     Sep21,2021-07-23,2021-07-23,42,No-pair,OB,SMB,MV Swing,2021-09-02T00:00:00,8971506022,-1184097190
576,105_8971419514_Advent Geneva,186_8971419514_Newedge,2029840567,NEFU_FIFTY_SEVEN_00799804,KRW,kmu1,-151.09,KOSPI2 INX FUT    Sep21,2021-07-02,2021-07-02,63,No-pair,OB,SMB,MV Swing,2021-09-02T00:00:00,8971506022,-1184097190
578,244_8971504138_Advent Geneva,91_8971504138_Newedge,2138199918,NEFU_FIFTY_SEVEN_00799760,USD,xbv1,-2141.28,GASOLINE RBOB FUT Oct21,2021-09-01,2021-09-01,2,No-pair,OB,SMB,MV Swing,2021-09-02T00:00:00,8971506022,-1184097190
579,37_8971488329_Advent Geneva,19_8971488329_Newedge,2118786221,NEFU_FIFTY_SEVEN_00799762,EUR,ibu1,13888.36,IBEX 35 INDX FUTR Sep21,2021-08-20,2021-08-20,14,No-pair,OB,SMB,MV Swing,2021-09-02T00:00:00,8971506022,-1184097190
581,,201_8971502090_Newedge,2135789097,NEFU_FIFTY_SEVEN_00799760,JPY,jnf2,-8.03,JAN 22 OSE RUBBER,2021-08-31,2021-08-31,3,No-pair,OB,OB,MV Swing,2021-09-02T00:00:00,8971506022,-1184097190
582,345_8971442331_Advent Geneva,310_8971442331_Newedge,2056712174,NEFU_FIFTY_SEVEN_00799802,USD,uxq1,-250.95,CBOE VIX FUTURE   Aug21,2021-07-20,2021-07-20,45,No-pair,OB,SMB,"Commission difference, SFO to advise",2021-09-02T00:00:00,8971506022,-1184097190
583,12_8971442331_Advent Geneva,5_8971442331_Newedge,2056711679,NEFU_FIFTY_SEVEN_00799803,AUD,xpu1,25.61,SPI 200 FUTURES   Sep21,2021-07-20,2021-07-20,45,No-pair,OB,SMB,MV Swing,2021-09-02T00:00:00,8971506022,-1184097190
584,101_8971409824_Advent Geneva,47_8971409824_Newedge,2016189846,NEFU_FIFTY_SEVEN_00799804,KRW,kmu1,-27412.15,KOSPI2 INX FUT    Sep21,2021-06-25,2021-06-25,70,No-pair,OB,SMB,MV Swing,2021-09-02T00:00:00,8971506022,-1184097190
585,118_8971504138_Advent Geneva,16_8971504138_Newedge,2138199379,NEFU_FIFTY_SEVEN_00799762,EUR,ibu1,-2001.55,IBEX 35 INDX FUTR Sep21,2021-09-01,2021-09-01,2,No-pair,OB,SMB,MV Swing,2021-09-02T00:00:00,8971506022,-1184097190
586,71_8971494314_Advent Geneva,33_8971494314_Newedge,2126181351,NEFU_FIFTY_SEVEN_00799762,GBP,z u1,-96.29,FTSE 100 IDX FUT  Sep21,2021-08-25,2021-08-25,9,No-pair,OB,SMB,MV Swing,2021-09-02T00:00:00,8971506022,-1184097190
587,103_8971400205_Advent Geneva,58_8971400205_Newedge,2003875638,NEFU_FIFTY_SEVEN_00799804,KRW,kmu1,8702.68,KOSPI2 INX FUT    Sep21,2021-06-18,2021-06-18,77,No-pair,OB,SMB,MV Swing,2021-09-02T00:00:00,8971506022,-1184097190
588,268_8971498170_Advent Geneva,313_8971498170_Newedge,2130964074,NEFU_FIFTY_SEVEN_00799801,USD,esu1,-13.92,S&P500 EMINI FUT  Sep21,2021-08-27,2021-08-27,7,No-pair,OB,SMB,MV Swing,2021-09-02T00:00:00,8971506022,-1184097190
589,104_8971438425_Advent Geneva,208_8971438425_Newedge,2051927456,NEFU_FIFTY_SEVEN_00799804,KRW,kmu1,2304.99,KOSPI2 INX FUT    Sep21,2021-07-16,2021-07-16,49,No-pair,OB,SMB,MV Swing,2021-09-02T00:00:00,8971506022,-1184097190
590,99_8971413792_Advent Geneva,,2021313947,NEFU_FIFTY_SEVEN_00799804,KRW,kmu1,5130.98,KOSPI2 INX FUT    Sep21,2021-06-29,2021-06-29,65,No-pair,OB,OB,MV Swing,2021-09-02T00:00:00,8971506022,-1184097190
591,55_8971440316_Advent Geneva,171_8971440316_Newedge,2054295783,NEFU_FIFTY_SEVEN_00799802,EUR,vgu1,-102.01,EURO STOXX 50     Sep21,2021-07-19,2021-07-19,46,No-pair,OB,SMB,MV Swing,2021-09-02T00:00:00,8971506022,-1184097190
592,201_8971464347_Advent Geneva,274_8971464347_Newedge,2086169851,NEFU_FIFTY_SEVEN_00799769,USD,esu1,-21.46,S&P500 EMINI FUT  Sep21,2021-08-04,2021-08-04,30,No-pair,OB,SMB,MV Swing,2021-09-02T00:00:00,8971506022,-1184097190
593,165_8971500148_Advent Geneva,244_8971500148_Newedge,2133391506,NEFU_FIFTY_SEVEN_00799760,USD,smz1,-10.71,SOYBEAN MEAL FUTR Dec21,2021-08-30,2021-08-30,4,No-pair,OB,SMB,MV Swing,2021-09-02T00:00:00,8971506022,-1184097190
594,252_8971488329_Advent Geneva,,2118786181,NEFU_FIFTY_SEVEN_00799769,USD,esu1,326.74,S&P500 EMINI FUT  Sep21,2021-08-20,2021-08-20,13,No-pair,OB,OB,MV Swing,2021-09-02T00:00:00,8971506022,-1184097190
595,110_8971494314_Advent Geneva,212_8971494314_Newedge,2126181350,NEFU_FIFTY_SEVEN_00799803,JPY,tpu1,-55.46,TOPIX INDX FUTR   Sep21,2021-08-25,2021-08-25,9,No-pair,OB,SMB,MV Swing,2021-09-02T00:00:00,8971506022,-1184097190
596,81_8971392386_Advent Geneva,,1994509714,NEFU_FIFTY_SEVEN_00799803,JPY,tpu1,230.17,TOPIX INDX FUTR   Sep21,2021-06-08,2021-06-08,80,No-pair,OB,OB,MV Swing,2021-09-02T00:00:00,8971506022,-1184097190
597,120_8971430481_Advent Geneva,197_8971430481_Newedge,2042742233,NEFU_FIFTY_SEVEN_00799803,JPY,tpu1,-78.41,TOPIX INDX FUTR   Sep21,2021-07-12,2021-07-12,53,No-pair,OB,SMB,MV Swing,2021-09-02T00:00:00,8971506022,-1184097190
598,116_8971486166_Advent Geneva,66_8971486166_Newedge,2115963844,NEFU_FIFTY_SEVEN_00799803,JPY,tpu1,256338.33,TOPIX INDX FUTR   Sep21,2021-08-19,2021-08-19,15,No-pair,OB,SMB,MV Swing,2021-09-02T00:00:00,8971506022,-1184097190
599,264_8971436488_Advent Geneva,269_8971436488_Newedge,2049572748,NEFU_FIFTY_SEVEN_00799769,USD,esu1,-15.08,S&P500 EMINI FUT  Sep21,2021-07-15,2021-07-15,50,No-pair,OB,SMB,MV Swing,2021-09-02T00:00:00,8971506022,-1184097190
600,9_8971478351_Advent Geneva,7_8971478351_Newedge,2105432319,NEFU_FIFTY_SEVEN_00799803,AUD,xpu1,176957.62,SPI 200 FUTURES   Sep21,2021-08-13,2021-08-13,21,No-pair,OB,SMB,MV Swing,2021-09-02T00:00:00,8971506022,-1184097190
601,99_8971464347_Advent Geneva,75_8971464347_Newedge,2086169890,NEFU_FIFTY_SEVEN_00799804,KRW,kmu1,31225.3,KOSPI2 INX FUT    Sep21,2021-08-04,2021-08-04,30,No-pair,OB,SMB,MV Swing,2021-09-02T00:00:00,8971506022,-1184097190
602,131_8971490018_Advent Geneva,47_8971490018_Newedge,2121116028,NEFU_FIFTY_SEVEN_00799803,JPY,tpu1,-461518.91,TOPIX INDX FUTR   Sep21,2021-08-23,2021-08-23,11,No-pair,OB,SMB,MV Swing,2021-09-02T00:00:00,8971506022,-1184097190
603,54_8971419514_Advent Geneva,32_8971419514_Newedge,2029840367,NEFU_FIFTY_SEVEN_00799802,EUR,vgu1,-3278.03,EURO STOXX 50     Sep21,2021-07-02,2021-07-02,63,No-pair,OB,SMB,MV Swing,2021-09-02T00:00:00,8971506022,-1184097190
604,102_8971478351_Advent Geneva,51_8971478351_Newedge,2105432414,NEFU_FIFTY_SEVEN_00799803,JPY,tpu1,3781.13,TOPIX INDX FUTR   Sep21,2021-08-13,2021-08-13,21,No-pair,OB,SMB,MV Swing,2021-09-02T00:00:00,8971506022,-1184097190
605,293_8971498170_Advent Geneva,141_8971498170_Newedge,2130964393,NEFU_FIFTY_SEVEN_00799803,USD,xuu1,-10083.08,FTSE CHINA A50    Sep21,2021-08-27,2021-08-27,7,No-pair,OB,SMB,MV Swing,2021-09-02T00:00:00,8971506022,-1184097190
606,58_8971402149_Advent Geneva,155_8971402149_Newedge,2006214002,NEFU_FIFTY_SEVEN_00799802,EUR,vgu1,-105.93,EURO STOXX 50     Sep21,2021-06-21,2021-06-21,74,No-pair,OB,SMB,MV Swing,2021-09-02T00:00:00,8971506022,-1184097190
607,240_8971484218_Advent Geneva,100_8971484218_Newedge,2113336736,NEFU_FIFTY_SEVEN_00799762,USD,hou1,90.88,NY Harb ULSD Fut  Sep21,2021-08-18,2021-08-18,16,No-pair,OB,SMB,"Commission difference, SFO to advise",2021-09-02T00:00:00,8971506022,-1184097190
608,14_8971458108_Advent Geneva,,2077722828,NEFU_FIFTY_SEVEN_00799803,AUD,xpu1,5682.19,SPI 200 FUTURES   Sep21,2021-07-30,2021-07-30,34,No-pair,OB,OB,MV Swing,2021-09-02T00:00:00,8971506022,-1184097190
609,201_8971488329_Advent Geneva,299_8971488329_Newedge,2118786496,NEFU_FIFTY_SEVEN_00799762,USD,nqu1,-87905.61,NASDAQ 100 E-MINI Sep21,2021-08-20,2021-08-20,14,No-pair,OB,SMB,MV Swing,2021-09-02T00:00:00,8971506022,-1184097190
611,517_8971424734_Advent Geneva,273_8971424734_Newedge,2035491258,NEFU_FIFTY_SEVEN_00799769,USD,cou1,-37.64,BRENT CRUDE FUTR  Sep21,2021-07-07,2021-07-07,58,No-pair,OB,SMB,"Commission difference, SFO to advise",2021-09-02T00:00:00,8971506022,-1184097190
612,91_8971392386_Advent Geneva,160_8971392386_Newedge,1994509455,NEFU_FIFTY_SEVEN_00799803,JPY,tpu1,-9966.65,TOPIX INDX FUTR   Sep21,2021-06-14,2021-06-14,81,No-pair,OB,SMB,MV Swing,2021-09-02T00:00:00,8971506022,-1184097190
613,135_8971394513_Advent Geneva,205_8971394513_Newedge,1997217008,NEFU_FIFTY_SEVEN_00799804,KRW,kmu1,-191.47,KOSPI2 INX FUT    Sep21,2021-06-15,2021-06-15,80,No-pair,OB,SMB,MV Swing,2021-09-02T00:00:00,8971506022,-1184097190
615,88_8971411649_Advent Geneva,190_8971411649_Newedge,2018833387,NEFU_FIFTY_SEVEN_00799803,JPY,tpu1,-99.44,TOPIX INDX FUTR   Sep21,2021-06-28,2021-06-28,67,No-pair,OB,SMB,MV Swing,2021-09-02T00:00:00,8971506022,-1184097190
616,8_8971396326_Advent Geneva,146_8971396326_Newedge,1999182197,NEFU_FIFTY_SEVEN_00799803,AUD,xpu1,-8.55,SPI 200 FUTURES   Sep21,2021-06-16,2021-06-16,79,No-pair,OB,SMB,MV Swing,2021-09-02T00:00:00,8971506022,-1184097190
617,217_8971392386_Advent Geneva,89_8971392386_Newedge,1994509613,NEFU_FIFTY_SEVEN_00799769,USD,esu1,-2074.74,S&P500 EMINI FUT  Sep21,2021-06-14,2021-06-14,81,No-pair,OB,SMB,MV Swing,2021-09-02T00:00:00,8971506022,-1184097190
618,162_8971486166_Advent Geneva,82_8971486166_Newedge,2115963923,NEFU_FIFTY_SEVEN_00799760,USD,ecu1,47.18,EURO FX CURR FUT  Sep21,2021-08-19,2021-08-19,15,No-pair,OB,SMB,MV Swing,2021-09-02T00:00:00,8971506022,-1184097190
619,56_8971419514_Advent Geneva,,2029840394,NEFU_FIFTY_SEVEN_00799802,EUR,vgu1,18498.93,EURO STOXX 50     Sep21,2021-07-02,2021-07-02,62,No-pair,OB,OB,MV Swing,2021-09-02T00:00:00,8971506022,-1184097190
620,119_8971470255_Advent Geneva,54_8971470255_Newedge,2094162919,NEFU_FIFTY_SEVEN_00799803,THB,bcu1,2167.14,SET50 FUTURES     Sep21,2021-08-09,2021-08-09,25,No-pair,OB,SMB,MV Swing,2021-09-02T00:00:00,8971506022,-1184097190
621,256_8971502090_Advent Geneva,,2135789374,NEFU_FIFTY_SEVEN_00799769,USD,tyu1,-30.81,US 10YR NOTE (CBT)Sep21,2021-08-31,2021-08-31,2,No-pair,OB,OB,PB Missing Trade,2021-09-02T00:00:00,8971506022,-1184097190
622,249_8971400205_Advent Geneva,312_8971400205_Newedge,2003875213,NEFU_FIFTY_SEVEN_00799769,USD,esu1,-17.98,S&P500 EMINI FUT  Sep21,2021-06-18,2021-06-18,77,No-pair,OB,SMB,MV Swing,2021-09-02T00:00:00,8971506022,-1184097190
623,270_8971480190_Advent Geneva,241_8971480190_Newedge,2108157817,NEFU_FIFTY_SEVEN_00799760,USD,plv1,-9.0,PLATINUM FUTURE   Oct21,2021-08-16,2021-08-16,18,No-pair,OB,SMB,"Commission difference, SFO to advise",2021-09-02T00:00:00,8971506022,-1184097190
624,237_8971456038_Advent Geneva,84_8971456038_Newedge,2074204718,NEFU_FIFTY_SEVEN_00799769,USD,esu1,-584.34,S&P500 EMINI FUT  Sep21,2021-07-29,2021-07-29,36,No-pair,OB,SMB,MV Swing,2021-09-02T00:00:00,8971506022,-1184097190
625,390_8971504138_Advent Geneva,127_8971504138_Newedge,2138199949,NEFU_FIFTY_SEVEN_00799803,USD,twtu1,-6613.92,FTSE Taiwan Index Sep21,2021-09-01,2021-09-01,2,No-pair,OB,SMB,MV Swing,2021-09-02T00:00:00,8971506022,-1184097190
626,282_8971484218_Advent Geneva,115_8971484218_Newedge,2113336781,NEFU_FIFTY_SEVEN_00799769,USD,esu1,2263.02,S&P500 EMINI FUT  Sep21,2021-08-18,2021-08-18,16,No-pair,OB,SMB,MV Swing,2021-09-02T00:00:00,8971506022,-1184097190
627,206_8971448246_Advent Geneva,,2063909413,NEFU_FIFTY_SEVEN_00799769,USD,esu1,-161.92,S&P500 EMINI FUT  Sep21,2021-07-23,2021-07-23,41,No-pair,OB,OB,MV Swing,2021-09-02T00:00:00,8971506022,-1184097190
628,192_8971492132_Advent Geneva,99_8971492132_Newedge,2123794086,NEFU_FIFTY_SEVEN_00799762,USD,coz1,165.44,BRENT CRUDE FUTR  Dec21,2021-08-24,2021-08-24,10,No-pair,OB,SMB,"Commission difference, SFO to advise",2021-09-02T00:00:00,8971506022,-1184097190
629,12_8971484218_Advent Geneva,141_8971484218_Newedge,2113336196,NEFU_FIFTY_SEVEN_00799802,AUD,xpu1,-23.71,SPI 200 FUTURES   Sep21,2021-08-18,2021-08-18,16,No-pair,OB,SMB,MV Swing,2021-09-02T00:00:00,8971506022,-1184097190
631,105_8971407862_Advent Geneva,190_8971407862_Newedge,2013326259,NEFU_FIFTY_SEVEN_00799803,JPY,tpu1,-92.75,TOPIX INDX FUTR   Sep21,2021-06-24,2021-06-24,71,No-pair,OB,SMB,MV Swing,2021-09-02T00:00:00,8971506022,-1184097190
632,335_8971490018_Advent Geneva,129_8971490018_Newedge,2121116437,NEFU_FIFTY_SEVEN_00799802,ZAR,aiu1,-52446.33,FTSE/JSE TOP 40   Sep21,2021-08-23,2021-08-23,11,No-pair,OB,SMB,MV Swing,2021-09-02T00:00:00,8971506022,-1184097190
633,75_8971446202_Advent Geneva,162_8971446202_Newedge,2061446414,NEFU_FIFTY_SEVEN_00799802,EUR,vgu1,-255.02,EURO STOXX 50     Sep21,2021-07-22,2021-07-22,43,No-pair,OB,SMB,MV Swing,2021-09-02T00:00:00,8971506022,-1184097190
634,336_8971442331_Advent Geneva,,2056711748,NEFU_FIFTY_SEVEN_00799769,USD,esu1,-234.6,S&P500 EMINI FUT  Sep21,2021-07-20,2021-07-20,44,No-pair,OB,OB,MV Swing,2021-09-02T00:00:00,8971506022,-1184097190
635,54_8971438425_Advent Geneva,,2051927447,NEFU_FIFTY_SEVEN_00799802,EUR,vgu1,-20296.1,EURO STOXX 50     Sep21,2021-07-16,2021-07-16,48,No-pair,OB,OB,MV Swing,2021-09-02T00:00:00,8971506022,-1184097190
636,62_8971478351_Advent Geneva,194_8971478351_Newedge,2105432214,NEFU_FIFTY_SEVEN_00799802,EUR,vgu1,-180.48,EURO STOXX 50     Sep21,2021-08-13,2021-08-13,21,No-pair,OB,SMB,MV Swing,2021-09-02T00:00:00,8971506022,-1184097190
637,97_8971390559_Advent Geneva,50_8971390559_Newedge,1992286338,NEFU_FIFTY_SEVEN_00799803,JPY,tpu1,-24044.36,TOPIX INDX FUTR   Sep21,2021-06-11,2021-06-11,84,No-pair,OB,SMB,MV Swing,2021-09-02T00:00:00,8971506022,-1184097190
638,148_8971472236_Advent Geneva,39_8971472236_Newedge,2096555142,NEFU_FIFTY_SEVEN_00799803,HKD,hcq1,-822.24,HSCEI Futures     Aug21,2021-08-10,2021-08-10,24,No-pair,OB,SMB,"Commission difference, SFO to advise",2021-09-02T00:00:00,8971506022,-1184097190
639,194_8971438425_Advent Geneva,91_8971438425_Newedge,2051927180,NEFU_FIFTY_SEVEN_00799762,USD,cox1,60.16,BRENT CRUDE FUTR  Nov21,2021-07-16,2021-07-16,49,No-pair,OB,SMB,"Commission difference, SFO to advise",2021-09-02T00:00:00,8971506022,-1184097190
640,242_8971462157_Advent Geneva,104_8971462157_Newedge,2083550043,NEFU_FIFTY_SEVEN_00799802,USD,uxq1,-596.46,CBOE VIX FUTURE   Aug21,2021-08-03,2021-08-03,31,No-pair,OB,SMB,"Commission difference, SFO to advise",2021-09-02T00:00:00,8971506022,-1184097190
641,52_8971438425_Advent Geneva,42_8971438425_Newedge,2051927425,NEFU_FIFTY_SEVEN_00799802,EUR,vgu1,-32935.38,EURO STOXX 50     Sep21,2021-07-16,2021-07-16,49,No-pair,OB,SMB,MV Swing,2021-09-02T00:00:00,8971506022,-1184097190
642,204_8971452119_Advent Geneva,,2069323700,NEFU_FIFTY_SEVEN_00799804,KRW,kmu1,-366.63,KOSPI2 INX FUT    Sep21,2021-07-27,2021-07-27,37,No-pair,OB,OB,MV Swing,2021-09-02T00:00:00,8971506022,-1184097190
643,426_8971434624_Advent Geneva,74_8971434624_Newedge,2047328345,NEFU_FIFTY_SEVEN_00799762,USD,cox1,94.0,BRENT CRUDE FUTR  Nov21,2021-07-14,2021-07-14,51,No-pair,OB,SMB,"Commission difference, SFO to advise",2021-09-02T00:00:00,8971506022,-1184097190
644,11_8971488329_Advent Geneva,6_8971488329_Newedge,2118786083,NEFU_FIFTY_SEVEN_00799803,AUD,xpu1,2423.83,SPI 200 FUTURES   Sep21,2021-08-20,2021-08-20,14,No-pair,OB,SMB,MV Swing,2021-09-02T00:00:00,8971506022,-1184097190
645,101_8971389242_Advent Geneva,,1990013277,NEFU_FIFTY_SEVEN_00799803,JPY,tpu1,1282.56,TOPIX INDX FUTR   Sep21,2021-06-10,2021-06-10,84,No-pair,OB,OB,MV Swing,2021-09-02T00:00:00,8971506022,-1184097190
646,170_8971502090_Advent Geneva,84_8971502090_Newedge,2135789315,NEFU_FIFTY_SEVEN_00799760,USD,lhv1,-188.11,LEAN HOGS FUTURE  Oct21,2021-08-31,2021-08-31,3,No-pair,OB,SMB,MV Swing,2021-09-02T00:00:00,8971506022,-1184097190
647,74_8971490018_Advent Geneva,33_8971490018_Newedge,2121116194,NEFU_FIFTY_SEVEN_00799802,EUR,vgu1,-1910.59,EURO STOXX 50     Sep21,2021-08-23,2021-08-23,11,No-pair,OB,SMB,MV Swing,2021-09-02T00:00:00,8971506022,-1184097190
648,160_8971480190_Advent Geneva,41_8971480190_Newedge,2108158082,NEFU_FIFTY_SEVEN_00799803,HKD,hcq1,-5494.73,HSCEI Futures     Aug21,2021-08-16,2021-08-16,18,No-pair,OB,SMB,"Commission difference, SFO to advise",2021-09-02T00:00:00,8971506022,-1184097190
649,7_8971498170_Advent Geneva,5_8971498170_Newedge,2130964091,NEFU_FIFTY_SEVEN_00799802,AUD,xpu1,-6767.41,SPI 200 FUTURES   Sep21,2021-08-27,2021-08-27,7,No-pair,OB,SMB,MV Swing,2021-09-02T00:00:00,8971506022,-1184097190
650,71_8971424734_Advent Geneva,8_8971424734_Newedge,2035490866,NEFU_FIFTY_SEVEN_00799803,AUD,xpu1,545.94,SPI 200 FUTURES   Sep21,2021-07-07,2021-07-07,58,No-pair,OB,SMB,MV Swing,2021-09-02T00:00:00,8971506022,-1184097190
651,8_8971409824_Advent Geneva,5_8971409824_Newedge,2016189661,NEFU_FIFTY_SEVEN_00799803,AUD,xpu1,1485.89,SPI 200 FUTURES   Sep21,2021-06-25,2021-06-25,70,No-pair,OB,SMB,MV Swing,2021-09-02T00:00:00,8971506022,-1184097190
652,123_8971458108_Advent Geneva,227_8971458108_Newedge,2077723034,NEFU_FIFTY_SEVEN_00799804,KRW,kmu1,-131.43,KOSPI2 INX FUT    Sep21,2021-07-30,2021-07-30,35,No-pair,OB,SMB,MV Swing,2021-09-02T00:00:00,8971506022,-1184097190
653,116_8971492132_Advent Geneva,52_8971492132_Newedge,2123793831,NEFU_FIFTY_SEVEN_00799804,KRW,kmu1,-1979.92,KOSPI2 INX FUT    Sep21,2021-08-24,2021-08-24,10,No-pair,OB,SMB,MV Swing,2021-09-02T00:00:00,8971506022,-1184097190
654,350_8971480190_Advent Geneva,109_8971480190_Newedge,2108158595,NEFU_FIFTY_SEVEN_00799769,USD,esu1,-3280.28,S&P500 EMINI FUT  Sep21,2021-08-16,2021-08-16,18,No-pair,OB,SMB,MV Swing,2021-09-02T00:00:00,8971506022,-1184097190
655,210_8971502090_Advent Geneva,101_8971502090_Newedge,2135788844,NEFU_FIFTY_SEVEN_00799762,USD,hov1,1744.08,NY Harb ULSD Fut  Oct21,2021-08-31,2021-08-31,3,No-pair,OB,SMB,"Commission difference, SFO to advise",2021-09-02T00:00:00,8971506022,-1184097190
656,190_8971502090_Advent Geneva,71_8971502090_Newedge,2135789236,NEFU_FIFTY_SEVEN_00799760,USD,boz1,-1500.66,SOYBEAN OIL FUTR  Dec21,2021-08-31,2021-08-31,3,No-pair,OB,SMB,MV Swing,2021-09-02T00:00:00,8971506022,-1184097190
657,108_8971386551_Advent Geneva,,1986922586,NEFU_FIFTY_SEVEN_00799803,JPY,tpu1,-33364.58,TOPIX INDX FUTR   Sep21,2021-06-09,2021-06-09,85,No-pair,OB,OB,MV Swing,2021-09-02T00:00:00,8971506022,-1184097190
658,227_8971430481_Advent Geneva,217_8971430481_Newedge,2042742283,NEFU_FIFTY_SEVEN_00799760,USD,boz1,-15.75,SOYBEAN OIL FUTR  Dec21,2021-07-12,2021-07-12,53,No-pair,OB,SMB,MV Swing,2021-09-02T00:00:00,8971506022,-1184097190
659,10_8971419514_Advent Geneva,131_8971419514_Newedge,2029840192,NEFU_FIFTY_SEVEN_00799803,AUD,xpu1,-145.58,SPI 200 FUTURES   Sep21,2021-07-02,2021-07-02,63,No-pair,OB,SMB,MV Swing,2021-09-02T00:00:00,8971506022,-1184097190
661,210_8971494314_Advent Geneva,99_8971494314_Newedge,2126181639,NEFU_FIFTY_SEVEN_00799762,USD,nqu1,-251.76,NASDAQ 100 E-MINI Sep21,2021-08-25,2021-08-25,9,No-pair,OB,SMB,MV Swing,2021-09-02T00:00:00,8971506022,-1184097190
662,249_8971502090_Advent Geneva,120_8971502090_Newedge,2135789347,NEFU_FIFTY_SEVEN_00799769,USD,esu1,-438.4,S&P500 EMINI FUT  Sep21,2021-08-31,2021-08-31,3,No-pair,OB,SMB,MV Swing,2021-09-02T00:00:00,8971506022,-1184097190
663,131_8971470255_Advent Geneva,205_8971470255_Newedge,2094162899,NEFU_FIFTY_SEVEN_00799760,USD,ecu1,-28.62,EURO FX CURR FUT  Sep21,2021-08-09,2021-08-09,25,No-pair,OB,SMB,MV Swing,2021-09-02T00:00:00,8971506022,-1184097190
664,150_8971450109_Advent Geneva,83_8971450109_Newedge,2066111087,NEFU_FIFTY_SEVEN_00799762,USD,cox1,62.04,BRENT CRUDE FUTR  Nov21,2021-07-26,2021-07-26,39,No-pair,OB,SMB,"Commission difference, SFO to advise",2021-09-02T00:00:00,8971506022,-1184097190
665,,188_8971504138_Newedge,2138199467,NEFU_FIFTY_SEVEN_00799760,JPY,jnf2,-11.6,JAN 22 OSE RUBBER,2021-09-01,2021-09-01,2,No-pair,OB,OB,MV Swing,2021-09-02T00:00:00,8971506022,-1184097190
666,8_8971420288_Advent Geneva,,2030838925,NEFU_FIFTY_SEVEN_00799803,AUD,xpu1,13.97,SPI 200 FUTURES   Sep21,2021-07-05,2021-07-05,59,No-pair,OB,OB,MV Swing,2021-09-02T00:00:00,8971506022,-1184097190
668,270_8971407862_Advent Geneva,264_8971407862_Newedge,2013326610,NEFU_FIFTY_SEVEN_00799769,USD,esu1,-12.18,S&P500 EMINI FUT  Sep21,2021-06-24,2021-06-24,71,No-pair,OB,SMB,MV Swing,2021-09-02T00:00:00,8971506022,-1184097190
669,151_8971472236_Advent Geneva,40_8971472236_Newedge,2096555476,NEFU_FIFTY_SEVEN_00799762,JPY,niu1,50863.08,NIKKEI 225  (SGX) Sep21,2021-08-10,2021-08-10,24,No-pair,OB,SMB,MV Swing,2021-09-02T00:00:00,8971506022,-1184097190
670,50_8971413792_Advent Geneva,34_8971413792_Newedge,2021314022,NEFU_FIFTY_SEVEN_00799802,EUR,vgu1,18404.23,EURO STOXX 50     Sep21,2021-06-29,2021-06-29,66,No-pair,OB,SMB,MV Swing,2021-09-02T00:00:00,8971506022,-1184097190
671,201_8971492132_Advent Geneva,109_8971492132_Newedge,2123794057,NEFU_FIFTY_SEVEN_00799762,USD,nqu1,-26.13,NASDAQ 100 E-MINI Sep21,2021-08-24,2021-08-24,10,No-pair,OB,SMB,MV Swing,2021-09-02T00:00:00,8971506022,-1184097190
672,186_8971504138_Advent Geneva,195_8971504138_Newedge,2138199302,NEFU_FIFTY_SEVEN_00799802,JPY,tpu1,26.77,TOPIX INDX FUTR   Sep21,2021-09-01,2021-09-01,2,No-pair,OB,SMB,PB Missing Trade,2021-09-02T00:00:00,8971506022,-1184097190
673,69_8971430481_Advent Geneva,174_8971430481_Newedge,2042742242,NEFU_FIFTY_SEVEN_00799802,EUR,vgu1,-142.55,EURO STOXX 50     Sep21,2021-07-12,2021-07-12,53,No-pair,OB,SMB,MV Swing,2021-09-02T00:00:00,8971506022,-1184097190
674,346_8971442331_Advent Geneva,137_8971442331_Newedge,2056712177,NEFU_FIFTY_SEVEN_00799802,USD,uxq1,6.65,CBOE VIX FUTURE   Aug21,2021-07-20,2021-07-20,45,No-pair,OB,SMB,"Commission difference, SFO to advise",2021-09-02T00:00:00,8971506022,-1184097190
675,77_8971472236_Advent Geneva,,2096555226,NEFU_FIFTY_SEVEN_00799803,AUD,xpu1,-70632.92,SPI 200 FUTURES   Sep21,2021-08-10,2021-08-10,23,No-pair,OB,OB,MV Swing,2021-09-02T00:00:00,8971506022,-1184097190
676,163_8971419514_Advent Geneva,205_8971419514_Newedge,2029840193,NEFU_FIFTY_SEVEN_00799760,USD,boz1,-8.82,SOYBEAN OIL FUTR  Dec21,2021-07-02,2021-07-02,63,No-pair,OB,SMB,MV Swing,2021-09-02T00:00:00,8971506022,-1184097190
677,251_8971502090_Advent Geneva,296_8971502090_Newedge,2135789348,NEFU_FIFTY_SEVEN_00799769,USD,esu1,-23.2,S&P500 EMINI FUT  Sep21,2021-08-31,2021-08-31,3,No-pair,OB,SMB,MV Swing,2021-09-02T00:00:00,8971506022,-1184097190
678,248_8971444152_Advent Geneva,111_8971444152_Newedge,2058928302,NEFU_FIFTY_SEVEN_00799769,USD,esu1,10947.36,S&P500 EMINI FUT  Sep21,2021-07-21,2021-07-21,44,No-pair,OB,SMB,MV Swing,2021-09-02T00:00:00,8971506022,-1184097190
679,7_8971436488_Advent Geneva,,2049572465,NEFU_FIFTY_SEVEN_00799803,AUD,xpu1,-4000.79,SPI 200 FUTURES   Sep21,2021-07-15,2021-07-15,49,No-pair,OB,OB,MV Swing,2021-09-02T00:00:00,8971506022,-1184097190
680,231_8971396326_Advent Geneva,286_8971396326_Newedge,1999182698,NEFU_FIFTY_SEVEN_00799769,USD,esu1,-12.18,S&P500 EMINI FUT  Sep21,2021-06-16,2021-06-16,79,No-pair,OB,SMB,MV Swing,2021-09-02T00:00:00,8971506022,-1184097190
681,519_8971390559_Advent Geneva,107_8971390559_Newedge,1992285888,NEFU_FIFTY_SEVEN_00799769,USD,esu1,-3597.1,S&P500 EMINI FUT  Sep21,2021-06-11,2021-06-11,84,No-pair,OB,SMB,MV Swing,2021-09-02T00:00:00,8971506022,-1184097190
682,3_8971492132_Advent Geneva,2_8971492132_Newedge,2123793614,NEFU_FIFTY_SEVEN_00799762,AUD,xpu1,23582.09,SPI 200 FUTURES   Sep21,2021-08-24,2021-08-24,10,No-pair,OB,SMB,MV Swing,2021-09-02T00:00:00,8971506022,-1184097190
683,205_8971494314_Advent Geneva,91_8971494314_Newedge,2126181705,NEFU_FIFTY_SEVEN_00799762,USD,dmu1,-57.07,DJIA MINI e-CBOT  Sep21,2021-08-25,2021-08-25,9,No-pair,OB,SMB,MV Swing,2021-09-02T00:00:00,8971506022,-1184097190
684,,182_8971504138_Newedge,2138199602,NEFU_FIFTY_SEVEN_00799762,HKD,hcu1,-29.47,SEP 21 HKE H-SHARES,2021-09-01,2021-09-01,2,No-pair,OB,OB,MV Swing,2021-09-02T00:00:00,8971506022,-1184097190
685,224_8971490018_Advent Geneva,84_8971490018_Newedge,2121116200,NEFU_FIFTY_SEVEN_00799762,USD,coz1,144.76,BRENT CRUDE FUTR  Dec21,2021-08-23,2021-08-23,11,No-pair,OB,SMB,"Commission difference, SFO to advise",2021-09-02T00:00:00,8971506022,-1184097190
686,56_8971456038_Advent Geneva,150_8971456038_Newedge,2074204162,NEFU_FIFTY_SEVEN_00799802,EUR,vgu1,-193.56,EURO STOXX 50     Sep21,2021-07-29,2021-07-29,36,No-pair,OB,SMB,MV Swing,2021-09-02T00:00:00,8971506022,-1184097190
688,51_8971413792_Advent Geneva,169_8971413792_Newedge,2021314045,NEFU_FIFTY_SEVEN_00799802,EUR,vgu1,-96.12,EURO STOXX 50     Sep21,2021-06-29,2021-06-29,66,No-pair,OB,SMB,MV Swing,2021-09-02T00:00:00,8971506022,-1184097190
689,71_8971398276_Advent Geneva,47_8971398276_Newedge,2001574770,NEFU_FIFTY_SEVEN_00799802,EUR,vgu1,33.29,EURO STOXX 50     Sep21,2021-06-17,2021-06-17,78,No-pair,OB,SMB,MV Swing,2021-09-02T00:00:00,8971506022,-1184097190
690,12_8971456038_Advent Geneva,3_8971456038_Newedge,2074204086,NEFU_FIFTY_SEVEN_00799803,AUD,xpu1,53575.11,SPI 200 FUTURES   Sep21,2021-07-29,2021-07-29,36,No-pair,OB,SMB,MV Swing,2021-09-02T00:00:00,8971506022,-1184097190
691,21_8971500148_Advent Geneva,142_8971500148_Newedge,2133391403,NEFU_FIFTY_SEVENCAY_00799775,CHF,smu1,-22.98,SWISS MKT IX FUTR Sep21,2021-08-30,2021-08-30,4,No-pair,OB,SMB,MV Swing,2021-09-02T00:00:00,8971506022,-1184097190
692,181_8971504138_Advent Geneva,,2138200020,NEFU_FIFTY_SEVEN_00799762,JPY,niu1,-239423.16,NIKKEI 225  (SGX) Sep21,2021-09-01,2021-09-01,1,No-pair,OB,OB,PB Missing Trade,2021-09-02T00:00:00,8971506022,-1184097190
693,105_8971390559_Advent Geneva,204_8971390559_Newedge,1992286328,NEFU_FIFTY_SEVEN_00799804,KRW,kmu1,-73.01,KOSPI2 INX FUT    Sep21,2021-06-11,2021-06-11,84,No-pair,OB,SMB,MV Swing,2021-09-02T00:00:00,8971506022,-1184097190
694,207_8971415663_Advent Geneva,89_8971415663_Newedge,2023850953,NEFU_FIFTY_SEVEN_00799769,USD,esu1,-214.56,S&P500 EMINI FUT  Sep21,2021-06-30,2021-06-30,65,No-pair,OB,SMB,MV Swing,2021-09-02T00:00:00,8971506022,-1184097190
695,75_8971502090_Advent Geneva,36_8971502090_Newedge,2135788833,NEFU_FIFTY_SEVEN_00799762,GBP,z u1,-632.47,FTSE 100 IDX FUT  Sep21,2021-08-31,2021-08-31,3,No-pair,OB,SMB,MV Swing,2021-09-02T00:00:00,8971506022,-1184097190
696,276_8971500148_Advent Geneva,,2133391932,NEFU_FIFTY_SEVEN_00799802,ZAR,aiu1,-2228.25,FTSE/JSE TOP 40   Sep21,2021-08-30,2021-08-30,3,No-pair,OB,OB,MV Swing,2021-09-02T00:00:00,8971506022,-1184097190
697,123_8971500148_Advent Geneva,209_8971500148_Newedge,2133391809,NEFU_FIFTY_SEVEN_00799803,THB,bcu1,-1285.51,SET50 FUTURES     Sep21,2021-08-30,2021-08-30,4,No-pair,OB,SMB,MV Swing,2021-09-02T00:00:00,8971506022,-1184097190
698,123_8971464347_Advent Geneva,86_8971464347_Newedge,2086169940,NEFU_FIFTY_SEVEN_00799803,THB,bcu1,569.24,SET50 FUTURES     Sep21,2021-08-04,2021-08-04,30,No-pair,OB,SMB,MV Swing,2021-09-02T00:00:00,8971506022,-1184097190
699,34_8971502090_Advent Geneva,18_8971502090_Newedge,2135788872,NEFU_FIFTY_SEVEN_00799769,EUR,eou1,-486.14,AMSTERDAM IDX FUT Sep21,2021-08-31,2021-08-31,3,No-pair,OB,SMB,MV Swing,2021-09-02T00:00:00,8971506022,-1184097190
700,98_8971438425_Advent Geneva,204_8971438425_Newedge,2051927508,NEFU_FIFTY_SEVEN_00799803,JPY,tpu1,-65.02,TOPIX INDX FUTR   Sep21,2021-07-16,2021-07-16,49,No-pair,OB,SMB,MV Swing,2021-09-02T00:00:00,8971506022,-1184097190
701,474_8971428733_Advent Geneva,288_8971428733_Newedge,2040159574,NEFU_FIFTY_SEVEN_00799769,USD,esu1,-11.02,S&P500 EMINI FUT  Sep21,2021-07-09,2021-07-09,56,No-pair,OB,SMB,MV Swing,2021-09-02T00:00:00,8971506022,-1184097190
702,12_8971458108_Advent Geneva,8_8971458108_Newedge,2077722814,NEFU_FIFTY_SEVEN_00799803,AUD,xpu1,6831.97,SPI 200 FUTURES   Sep21,2021-07-30,2021-07-30,35,No-pair,OB,SMB,MV Swing,2021-09-02T00:00:00,8971506022,-1184097190
703,,274_8971442331_Newedge,2056711934,NEFU_FIFTY_SEVEN_00799762,USD,twtn1,-247.86,JUL 21 FTSE TAIWAN FU,2021-07-20,2021-07-20,45,No-pair,OB,OB,"Commission difference, SFO to advise",2021-09-02T00:00:00,8971506022,-1184097190
704,,157_8971490018_Newedge,2121115978,NEFU_FIFTY_SEVEN_00799769,EUR,eou1,-27.71,SEP 21 AEX INDEX EURO,2021-08-23,2021-08-23,11,No-pair,OB,OB,MV Swing,2021-09-02T00:00:00,8971506022,-1184097190
705,52_8971444152_Advent Geneva,34_8971444152_Newedge,2058928174,NEFU_FIFTY_SEVEN_00799802,EUR,vgu1,-29664.55,EURO STOXX 50     Sep21,2021-07-21,2021-07-21,44,No-pair,OB,SMB,MV Swing,2021-09-02T00:00:00,8971506022,-1184097190
706,108_8971407862_Advent Geneva,46_8971407862_Newedge,2013326250,NEFU_FIFTY_SEVEN_00799803,JPY,tpu1,3741.33,TOPIX INDX FUTR   Sep21,2021-06-24,2021-06-24,71,No-pair,OB,SMB,MV Swing,2021-09-02T00:00:00,8971506022,-1184097190
707,96_8971434624_Advent Geneva,185_8971434624_Newedge,2047328391,NEFU_FIFTY_SEVEN_00799803,JPY,tpu1,-67.89,TOPIX INDX FUTR   Sep21,2021-07-14,2021-07-14,51,No-pair,OB,SMB,MV Swing,2021-09-02T00:00:00,8971506022,-1184097190
708,52_8971464347_Advent Geneva,60_8971464347_Newedge,2086169512,NEFU_FIFTY_SEVEN_00799802,EUR,vgu1,-2216.15,EURO STOXX 50     Sep21,2021-08-04,2021-08-04,30,No-pair,OB,SMB,MV Swing,2021-09-02T00:00:00,8971506022,-1184097190
709,912_8971434624_Advent Geneva,97_8971434624_Newedge,2047328422,NEFU_FIFTY_SEVEN_00799769,USD,esu1,-6120.68,S&P500 EMINI FUT  Sep21,2021-07-14,2021-07-14,51,No-pair,OB,SMB,MV Swing,2021-09-02T00:00:00,8971506022,-1184097190
710,226_8971494314_Advent Geneva,105_8971494314_Newedge,2126181720,NEFU_FIFTY_SEVEN_00799769,USD,adu1,-114.44,AUDUSD Crncy Fut  Sep21,2021-08-25,2021-08-25,9,No-pair,OB,SMB,MV Swing,2021-09-02T00:00:00,8971506022,-1184097190
711,94_8971426687_Advent Geneva,31_8971426687_Newedge,2037767139,NEFU_FIFTY_SEVEN_00799802,EUR,vgu1,-8839.67,EURO STOXX 50     Sep21,2021-07-08,2021-07-08,57,No-pair,OB,SMB,MV Swing,2021-09-02T00:00:00,8971506022,-1184097190
712,209_8971494314_Advent Geneva,98_8971494314_Newedge,2126181533,NEFU_FIFTY_SEVEN_00799762,USD,mesu1,-115.74,MSCI EmgMkt       Sep21,2021-08-25,2021-08-25,9,No-pair,OB,SMB,MV Swing,2021-09-02T00:00:00,8971506022,-1184097190
713,6_8971436488_Advent Geneva,,2049572466,NEFU_FIFTY_SEVEN_00799803,AUD,xpu1,48.9,SPI 200 FUTURES   Sep21,2021-07-15,2021-07-15,49,No-pair,OB,OB,MV Swing,2021-09-02T00:00:00,8971506022,-1184097190
714,172_8971504138_Advent Geneva,43_8971504138_Newedge,2138199494,NEFU_FIFTY_SEVEN_00799803,HKD,hiu1,9908.8,HANG SENG IDX FUT Sep21,2021-09-01,2021-09-01,2,No-pair,OB,SMB,MV Swing,2021-09-02T00:00:00,8971506022,-1184097190
715,9_8971396326_Advent Geneva,24_8971396326_Newedge,1999182187,NEFU_FIFTY_SEVEN_00799803,AUD,xpu1,188.19,SPI 200 FUTURES   Sep21,2021-06-16,2021-06-16,79,No-pair,OB,SMB,MV Swing,2021-09-02T00:00:00,8971506022,-1184097190
716,,309_8971502090_Newedge,2135789368,NEFU_FIFTY_SEVEN_00799769,USD,w z1,-0.73,DEC 21 WHEAT,2021-08-31,2021-08-31,3,No-pair,OB,OB,MV Swing,2021-09-02T00:00:00,8971506022,-1184097190
717,273_8971482299_Advent Geneva,291_8971482299_Newedge,2110838462,NEFU_FIFTY_SEVEN_00799769,USD,esu1,4275.64,S&P500 EMINI FUT  Sep21,2021-08-17,2021-08-17,17,No-pair,OB,SMB,MV Swing,2021-09-02T00:00:00,8971506022,-1184097190
718,72_8971486166_Advent Geneva,205_8971486166_Newedge,2115963837,NEFU_FIFTY_SEVEN_00799802,EUR,vgu1,-377.96,EURO STOXX 50     Sep21,2021-08-19,2021-08-19,15,No-pair,OB,SMB,MV Swing,2021-09-02T00:00:00,8971506022,-1184097190
719,7_8971415663_Advent Geneva,7_8971415663_Newedge,2023849628,NEFU_FIFTY_SEVEN_00799803,AUD,xpu1,-26908.68,SPI 200 FUTURES   Sep21,2021-06-30,2021-06-30,65,No-pair,OB,SMB,MV Swing,2021-09-02T00:00:00,8971506022,-1184097190
720,105_8971492132_Advent Geneva,49_8971492132_Newedge,2123793858,NEFU_FIFTY_SEVEN_00799803,JPY,tpu1,24623.03,TOPIX INDX FUTR   Sep21,2021-08-24,2021-08-24,10,No-pair,OB,SMB,MV Swing,2021-09-02T00:00:00,8971506022,-1184097190
721,98_8971392386_Advent Geneva,,1994509323,NEFU_FIFTY_SEVEN_00799804,KRW,kmu1,-516.33,KOSPI2 INX FUT    Sep21,2021-06-14,2021-06-14,80,No-pair,OB,OB,MV Swing,2021-09-02T00:00:00,8971506022,-1184097190
722,219_8971430481_Advent Geneva,202_8971413792_Newedge,2042741862,NEFU_FIFTY_SEVEN_00799760,USD,boz1,33026398.11,SOYBEAN OIL FUTR  Dec21,2021-06-29,2021-06-29,66,No-pair,OB,SMB,MV Swing,2021-09-02T00:00:00,8971506022,-1184097190
723,221_8971470255_Advent Geneva,265_8971470255_Newedge,2094162975,NEFU_FIFTY_SEVEN_00799769,USD,esu1,-20.88,S&P500 EMINI FUT  Sep21,2021-08-09,2021-08-09,25,No-pair,OB,SMB,MV Swing,2021-09-02T00:00:00,8971506022,-1184097190
725,12_8971476567_Advent Geneva,,2102139279,NEFU_FIFTY_SEVEN_00799803,AUD,xpu1,491.09,SPI 200 FUTURES   Sep21,2021-08-12,2021-08-12,21,No-pair,OB,OB,MV Swing,2021-09-02T00:00:00,8971506022,-1184097190
726,1_8971490018_Advent Geneva,130_8971490018_Newedge,2121115820,NEFU_FIFTY_SEVEN_00799760,AUD,irz2,13508.99,90-DAY BANK BILL  Dec22,2021-08-23,2021-08-23,11,No-pair,OB,SMB,"Price difference, SFO to validate",2021-09-02T00:00:00,8971506022,-1184097190
727,61_8971458108_Advent Geneva,43_8971458108_Newedge,2077723120,NEFU_FIFTY_SEVEN_00799802,EUR,vgu1,13093.57,EURO STOXX 50     Sep21,2021-07-30,2021-07-30,35,No-pair,OB,SMB,MV Swing,2021-09-02T00:00:00,8971506022,-1184097190
728,165_8971474187_Advent Geneva,69_8971474187_Newedge,2099137213,NEFU_FIFTY_SEVEN_00799760,USD,boz1,37.26,SOYBEAN OIL FUTR  Dec21,2021-08-11,2021-08-11,23,No-pair,OB,SMB,MV Swing,2021-09-02T00:00:00,8971506022,-1184097190
729,284_8971492132_Advent Geneva,145_8971492132_Newedge,2123794205,NEFU_FIFTY_SEVEN_00799802,ZAR,aiu1,11884.54,FTSE/JSE TOP 40   Sep21,2021-08-24,2021-08-24,10,No-pair,OB,SMB,MV Swing,2021-09-02T00:00:00,8971506022,-1184097190
730,208_8971415663_Advent Geneva,,2023850966,NEFU_FIFTY_SEVEN_00799769,USD,esu1,1.74,S&P500 EMINI FUT  Sep21,2021-06-30,2021-06-30,64,No-pair,OB,OB,MV Swing,2021-09-02T00:00:00,8971506022,-1184097190
731,117_8971474187_Advent Geneva,211_8971474187_Newedge,2099133393,NEFU_FIFTY_SEVEN_00799814,KRW,kuu1,-6.53,US DOLLAR FUT     Sep21,2021-08-11,2021-08-11,23,No-pair,OB,SMB,"Commission difference, SFO to advise",2021-09-02T00:00:00,8971506022,-1184097190
732,85_8971448246_Advent Geneva,186_8971448246_Newedge,2063909574,NEFU_FIFTY_SEVEN_00799804,KRW,kmu1,-39.39,KOSPI2 INX FUT    Sep21,2021-07-23,2021-07-23,42,No-pair,OB,SMB,MV Swing,2021-09-02T00:00:00,8971506022,-1184097190
733,10_8971394513_Advent Geneva,140_8971394513_Newedge,1997216731,NEFU_FIFTY_SEVEN_00799803,AUD,xpu1,-78.03,SPI 200 FUTURES   Sep21,2021-06-15,2021-06-15,80,No-pair,OB,SMB,MV Swing,2021-09-02T00:00:00,8971506022,-1184097190
734,63_8971478351_Advent Geneva,,2105432225,NEFU_FIFTY_SEVEN_00799802,EUR,vgu1,56891.87,EURO STOXX 50     Sep21,2021-08-13,2021-08-13,20,No-pair,OB,OB,MV Swing,2021-09-02T00:00:00,8971506022,-1184097190
735,99_8971438425_Advent Geneva,59_8971438425_Newedge,2051927489,NEFU_FIFTY_SEVEN_00799803,JPY,tpu1,-1360.24,TOPIX INDX FUTR   Sep21,2021-07-16,2021-07-16,49,No-pair,OB,SMB,MV Swing,2021-09-02T00:00:00,8971506022,-1184097190
736,71_8971436488_Advent Geneva,175_8971436488_Newedge,2049572879,NEFU_FIFTY_SEVEN_00799802,EUR,vgu1,-85.01,EURO STOXX 50     Sep21,2021-07-15,2021-07-15,50,No-pair,OB,SMB,MV Swing,2021-09-02T00:00:00,8971506022,-1184097190
738,196_8971452119_Advent Geneva,53_8971452119_Newedge,2069323799,NEFU_FIFTY_SEVEN_00799803,JPY,tpu1,-1214.68,TOPIX INDX FUTR   Sep21,2021-07-27,2021-07-27,38,No-pair,OB,SMB,MV Swing,2021-09-02T00:00:00,8971506022,-1184097190
739,10_8971415663_Advent Geneva,,2023849647,NEFU_FIFTY_SEVEN_00799803,AUD,xpu1,-13559.74,SPI 200 FUTURES   Sep21,2021-06-30,2021-06-30,64,No-pair,OB,OB,MV Swing,2021-09-02T00:00:00,8971506022,-1184097190
740,91_8971464347_Advent Geneva,72_8971464347_Newedge,2086169899,NEFU_FIFTY_SEVEN_00799803,JPY,tpu1,80289.44,TOPIX INDX FUTR   Sep21,2021-08-04,2021-08-04,30,No-pair,OB,SMB,MV Swing,2021-09-02T00:00:00,8971506022,-1184097190
741,209_8971486166_Advent Geneva,108_8971486166_Newedge,2115963437,NEFU_FIFTY_SEVEN_00799762,USD,nqu1,-32.17,NASDAQ 100 E-MINI Sep21,2021-08-19,2021-08-19,15,No-pair,OB,SMB,MV Swing,2021-09-02T00:00:00,8971506022,-1184097190
742,150_8971496173_Advent Geneva,230_8971496173_Newedge,2128393907,NEFU_FIFTY_SEVEN_00799803,THB,bcu1,-2620.21,SET50 FUTURES     Sep21,2021-08-26,2021-08-26,8,No-pair,OB,SMB,MV Swing,2021-09-02T00:00:00,8971506022,-1184097190
743,94_8971417585_Advent Geneva,42_8971417585_Newedge,2026970557,NEFU_FIFTY_SEVEN_00799804,KRW,kmu1,-276.5,KOSPI2 INX FUT    Sep21,2021-07-01,2021-07-01,64,No-pair,OB,SMB,MV Swing,2021-09-02T00:00:00,8971506022,-1184097190
744,220_8971486166_Advent Geneva,98_8971486166_Newedge,2115964010,NEFU_FIFTY_SEVEN_00799762,USD,clx1,-617.24,WTI CRUDE FUTURE  Nov21,2021-08-19,2021-08-19,15,No-pair,OB,SMB,MV Swing,2021-09-02T00:00:00,8971506022,-1184097190
745,187_8971492132_Advent Geneva,65_8971492132_Newedge,2123794240,NEFU_FIFTY_SEVEN_00799760,USD,boz1,2598.3,SOYBEAN OIL FUTR  Dec21,2021-08-24,2021-08-24,10,No-pair,OB,SMB,MV Swing,2021-09-02T00:00:00,8971506022,-1184097190
746,,147_8971502090_Newedge,2135788738,NEFU_FIFTY_SEVEN_00799802,AUD,xpu1,-9.91,SEP 21 SFE SPI 200,2021-08-31,2021-08-31,3,No-pair,OB,OB,MV Swing,2021-09-02T00:00:00,8971506022,-1184097190
747,214_8971450109_Advent Geneva,118_8971450109_Newedge,2066110651,NEFU_FIFTY_SEVEN_00799802,USD,uxq1,53.54,CBOE VIX FUTURE   Aug21,2021-07-26,2021-07-26,39,No-pair,OB,SMB,"Commission difference, SFO to advise",2021-09-02T00:00:00,8971506022,-1184097190
749,226_8971502090_Advent Geneva,115_8971502090_Newedge,2135789026,NEFU_FIFTY_SEVEN_00799769,USD,cdu1,-46.64,C$ CURRENCY FUT   Sep21,2021-08-31,2021-08-31,3,No-pair,OB,SMB,MV Swing,2021-09-02T00:00:00,8971506022,-1184097190
750,175_8971444152_Advent Geneva,88_8971444152_Newedge,2058928084,NEFU_FIFTY_SEVEN_00799762,USD,cox1,189.88,BRENT CRUDE FUTR  Nov21,2021-07-21,2021-07-21,44,No-pair,OB,SMB,"Commission difference, SFO to advise",2021-09-02T00:00:00,8971506022,-1184097190
751,55_8971494314_Advent Geneva,187_8971494314_Newedge,2126181470,NEFU_FIFTY_SEVEN_00799802,EUR,vgu1,-50.35,EURO STOXX 50     Sep21,2021-08-25,2021-08-25,9,No-pair,OB,SMB,MV Swing,2021-09-02T00:00:00,8971506022,-1184097190
752,107_8971428733_Advent Geneva,207_8971428733_Newedge,2040159370,NEFU_FIFTY_SEVEN_00799803,JPY,tpu1,-58.33,TOPIX INDX FUTR   Sep21,2021-07-09,2021-07-09,56,No-pair,OB,SMB,MV Swing,2021-09-02T00:00:00,8971506022,-1184097190
754,176_8971464347_Advent Geneva,120_8971464347_Newedge,2086169607,NEFU_FIFTY_SEVEN_00799769,USD,adu1,-128.88,AUDUSD Crncy Fut  Sep21,2021-08-04,2021-08-04,30,No-pair,OB,SMB,MV Swing,2021-09-02T00:00:00,8971506022,-1184097190
755,98_8971450109_Advent Geneva,52_8971450109_Newedge,2066110889,NEFU_FIFTY_SEVEN_00799803,JPY,tpu1,297240.31,TOPIX INDX FUTR   Sep21,2021-07-26,2021-07-26,39,No-pair,OB,SMB,MV Swing,2021-09-02T00:00:00,8971506022,-1184097190
756,333_8971442331_Advent Geneva,289_8971442331_Newedge,2056711744,NEFU_FIFTY_SEVEN_00799769,USD,esu1,-24.94,S&P500 EMINI FUT  Sep21,2021-07-20,2021-07-20,45,No-pair,OB,SMB,MV Swing,2021-09-02T00:00:00,8971506022,-1184097190
757,224_8971504138_Advent Geneva,,2138199807,NEFU_FIFTY_SEVEN_00799803,THB,bcu1,11.87,SET50 FUTURES     Sep21,2021-09-01,2021-09-01,1,No-pair,OB,OB,MV Swing,2021-09-02T00:00:00,8971506022,-1184097190
758,10_8971494314_Advent Geneva,149_8971494314_Newedge,2126181186,NEFU_FIFTY_SEVEN_00799802,AUD,xpu1,9053.61,SPI 200 FUTURES   Sep21,2021-08-25,2021-08-25,9,No-pair,OB,SMB,MV Swing,2021-09-02T00:00:00,8971506022,-1184097190
759,230_8971500148_Advent Geneva,281_8971500148_Newedge,2133391530,NEFU_FIFTY_SEVEN_00799769,USD,esu1,-12.76,S&P500 EMINI FUT  Sep21,2021-08-30,2021-08-30,4,No-pair,OB,SMB,MV Swing,2021-09-02T00:00:00,8971506022,-1184097190
760,113_8971476567_Advent Geneva,55_8971476567_Newedge,2102139286,NEFU_FIFTY_SEVEN_00799804,KRW,kmu1,-31840.5,KOSPI2 INX FUT    Sep21,2021-08-12,2021-08-12,22,No-pair,OB,SMB,MV Swing,2021-09-02T00:00:00,8971506022,-1184097190
761,220_8971446202_Advent Geneva,239_8971446202_Newedge,2061446702,NEFU_FIFTY_SEVEN_00799769,USD,esu1,-6.38,S&P500 EMINI FUT  Sep21,2021-07-22,2021-07-22,43,No-pair,OB,SMB,MV Swing,2021-09-02T00:00:00,8971506022,-1184097190
762,9_8971460235_Advent Geneva,112_8971460235_Newedge,2080396976,NEFU_FIFTY_SEVEN_00799803,AUD,xpu1,-5.79,SPI 200 FUTURES   Sep21,2021-08-02,2021-08-02,32,No-pair,OB,SMB,MV Swing,2021-09-02T00:00:00,8971506022,-1184097190
763,137_8971424734_Advent Geneva,178_8971424734_Newedge,2035491145,NEFU_FIFTY_SEVEN_00799802,EUR,vgu1,-71.28,EURO STOXX 50     Sep21,2021-07-07,2021-07-07,58,No-pair,OB,SMB,MV Swing,2021-09-02T00:00:00,8971506022,-1184097190
764,141_8971466268_Advent Geneva,,2088714980,NEFU_FIFTY_SEVEN_00799803,THB,bcu1,27.86,SET50 FUTURES     Sep21,2021-08-05,2021-08-05,28,No-pair,OB,OB,MV Swing,2021-09-02T00:00:00,8971506022,-1184097190
765,283_8971480190_Advent Geneva,60_8971480190_Newedge,2108158368,NEFU_FIFTY_SEVEN_00799760,USD,boz1,-65.37,SOYBEAN OIL FUTR  Dec21,2021-08-16,2021-08-16,18,No-pair,OB,SMB,MV Swing,2021-09-02T00:00:00,8971506022,-1184097190
766,74_8971482299_Advent Geneva,,2110838141,NEFU_FIFTY_SEVEN_00799802,EUR,vgu1,18.31,EURO STOXX 50     Sep21,2021-08-17,2021-08-17,16,No-pair,OB,OB,MV Swing,2021-09-02T00:00:00,8971506022,-1184097190
767,12_8971430481_Advent Geneva,5_8971430481_Newedge,2042741996,NEFU_FIFTY_SEVEN_00799803,AUD,xpu1,50832.1,SPI 200 FUTURES   Sep21,2021-07-12,2021-07-12,53,No-pair,OB,SMB,MV Swing,2021-09-02T00:00:00,8971506022,-1184097190
768,162_8971496173_Advent Geneva,240_8971496173_Newedge,2128393582,NEFU_FIFTY_SEVEN_00799760,USD,dfx1,-5.13,COFF ROBUSTA 10tn Nov21,2021-08-26,2021-08-26,8,No-pair,OB,SMB,"Commission difference, SFO to advise",2021-09-02T00:00:00,8971506022,-1184097190
769,383_8971434624_Advent Geneva,59_8971434624_Newedge,2047328384,NEFU_FIFTY_SEVEN_00799760,USD,boz1,685.26,SOYBEAN OIL FUTR  Dec21,2021-07-14,2021-07-14,51,No-pair,OB,SMB,MV Swing,2021-09-02T00:00:00,8971506022,-1184097190
770,914_8971434624_Advent Geneva,260_8971434624_Newedge,2047328451,NEFU_FIFTY_SEVEN_00799769,USD,esu1,-25.52,S&P500 EMINI FUT  Sep21,2021-07-14,2021-07-14,51,No-pair,OB,SMB,MV Swing,2021-09-02T00:00:00,8971506022,-1184097190
771,190_8971454063_Advent Geneva,91_8971454063_Newedge,2071656202,NEFU_FIFTY_SEVEN_00799769,USD,adu1,116.68,AUDUSD Crncy Fut  Sep21,2021-07-28,2021-07-28,37,No-pair,OB,SMB,MV Swing,2021-09-02T00:00:00,8971506022,-1184097190
772,136_8971498170_Advent Geneva,63_8971498170_Newedge,2130964288,NEFU_FIFTY_SEVEN_00799803,SGD,qzu1,566.13,MSCI SING IX ETS  Sep21,2021-08-27,2021-08-27,7,No-pair,OB,SMB,MV Swing,2021-09-02T00:00:00,8971506022,-1184097190
773,231_8971478351_Advent Geneva,114_8971478351_Newedge,2105432239,NEFU_FIFTY_SEVEN_00799762,USD,mesu1,-727.04,MSCI EmgMkt       Sep21,2021-08-13,2021-08-13,21,No-pair,OB,SMB,MV Swing,2021-09-02T00:00:00,8971506022,-1184097190
774,118_8971482299_Advent Geneva,201_8971482299_Newedge,2110838431,NEFU_FIFTY_SEVEN_00799803,JPY,tpu1,-24.86,TOPIX INDX FUTR   Sep21,2021-08-17,2021-08-17,17,No-pair,OB,SMB,MV Swing,2021-09-02T00:00:00,8971506022,-1184097190
775,70_8971500148_Advent Geneva,178_8971500148_Newedge,2133391420,NEFU_FIFTY_SEVEN_00799803,HKD,hiu1,-27.43,HANG SENG IDX FUT Sep21,2021-08-30,2021-08-30,4,No-pair,OB,SMB,MV Swing,2021-09-02T00:00:00,8971506022,-1184097190
776,98_8971434624_Advent Geneva,47_8971434624_Newedge,2047328413,NEFU_FIFTY_SEVEN_00799803,JPY,tpu1,-564.2,TOPIX INDX FUTR   Sep21,2021-07-14,2021-07-14,51,No-pair,OB,SMB,MV Swing,2021-09-02T00:00:00,8971506022,-1184097190
777,287_8971494314_Advent Geneva,336_8971494314_Newedge,2126181708,NEFU_FIFTY_SEVEN_00799802,ZAR,aiu1,-349.45,FTSE/JSE TOP 40   Sep21,2021-08-25,2021-08-25,9,No-pair,OB,SMB,MV Swing,2021-09-02T00:00:00,8971506022,-1184097190
778,198_8971438425_Advent Geneva,101_8971438425_Newedge,2051927543,NEFU_FIFTY_SEVEN_00799762,USD,twtn1,308.95,FTSE Taiwan Index Jul21,2021-07-16,2021-07-16,49,No-pair,OB,SMB,"Commission difference, SFO to advise",2021-09-02T00:00:00,8971506022,-1184097190
779,20_8971502090_Advent Geneva,10_8971502090_Newedge,2135789052,NEFU_FIFTY_SEVENCAY_00799775,CHF,smu1,-2104.49,SWISS MKT IX FUTR Sep21,2021-08-31,2021-08-31,3,No-pair,OB,SMB,MV Swing,2021-09-02T00:00:00,8971506022,-1184097190
780,101_8971450109_Advent Geneva,,2066110912,NEFU_FIFTY_SEVEN_00799803,JPY,tpu1,35043.69,TOPIX INDX FUTR   Sep21,2021-07-26,2021-07-26,38,No-pair,OB,OB,MV Swing,2021-09-02T00:00:00,8971506022,-1184097190
781,168_8971486166_Advent Geneva,87_8971486166_Newedge,2115963788,NEFU_FIFTY_SEVEN_00799760,USD,lhv1,-59.37,LEAN HOGS FUTURE  Oct21,2021-08-19,2021-08-19,15,No-pair,OB,SMB,MV Swing,2021-09-02T00:00:00,8971506022,-1184097190
782,152_8971496173_Advent Geneva,,2128393910,NEFU_FIFTY_SEVEN_00799803,THB,bcu1,60.21,SET50 FUTURES     Sep21,2021-08-26,2021-08-26,7,No-pair,OB,OB,MV Swing,2021-09-02T00:00:00,8971506022,-1184097190
783,205_8971458108_Advent Geneva,116_8971458108_Newedge,2077723397,NEFU_FIFTY_SEVEN_00799769,USD,adu1,72.24,AUDUSD Crncy Fut  Sep21,2021-07-30,2021-07-30,35,No-pair,OB,SMB,MV Swing,2021-09-02T00:00:00,8971506022,-1184097190
784,358_8971480190_Advent Geneva,127_8971480190_Newedge,2108158107,NEFU_FIFTY_SEVEN_00799802,USD,uxq1,-767.25,CBOE VIX FUTURE   Aug21,2021-08-16,2021-08-16,18,No-pair,OB,SMB,"Commission difference, SFO to advise",2021-09-02T00:00:00,8971506022,-1184097190
785,82_8971404061_Advent Geneva,179_8971404061_Newedge,2008716452,NEFU_FIFTY_SEVEN_00799803,JPY,tpu1,42.53,TOPIX INDX FUTR   Sep21,2021-06-22,2021-06-22,73,No-pair,OB,SMB,MV Swing,2021-09-02T00:00:00,8971506022,-1184097190
786,150_8971452119_Advent Geneva,170_8971452119_Newedge,2069323781,NEFU_FIFTY_SEVEN_00799802,EUR,vgu1,-153.67,EURO STOXX 50     Sep21,2021-07-27,2021-07-27,38,No-pair,OB,SMB,MV Swing,2021-09-02T00:00:00,8971506022,-1184097190
787,108_8971484218_Advent Geneva,40_8971484218_Newedge,2113336688,NEFU_FIFTY_SEVEN_00799803,JPY,tpu1,1996.15,TOPIX INDX FUTR   Sep21,2021-08-18,2021-08-18,16,No-pair,OB,SMB,MV Swing,2021-09-02T00:00:00,8971506022,-1184097190
788,216_8971409824_Advent Geneva,101_8971409824_Newedge,2016190110,NEFU_FIFTY_SEVEN_00799769,USD,esu1,3753.48,S&P500 EMINI FUT  Sep21,2021-06-25,2021-06-25,70,No-pair,OB,SMB,MV Swing,2021-09-02T00:00:00,8971506022,-1184097190
789,115_8971386551_Advent Geneva,46_8971386551_Newedge,1986922715,NEFU_FIFTY_SEVEN_00799804,KRW,kmu1,-9715.07,KOSPI2 INX FUT    Sep21,2021-06-09,2021-06-09,86,No-pair,OB,SMB,MV Swing,2021-09-02T00:00:00,8971506022,-1184097190
790,68_8971430481_Advent Geneva,24_8971430481_Newedge,2042742266,NEFU_FIFTY_SEVEN_00799802,EUR,gxu1,1299.96,DAX INDEX FUTURE  Sep21,2021-07-12,2021-07-12,53,No-pair,OB,SMB,"Commission difference, SFO to advise",2021-09-02T00:00:00,8971506022,-1184097190
791,44_8971460235_Advent Geneva,140_8971460235_Newedge,2080397163,NEFU_FIFTY_SEVEN_00799802,EUR,vgu1,-112.47,EURO STOXX 50     Sep21,2021-08-02,2021-08-02,32,No-pair,OB,SMB,MV Swing,2021-09-02T00:00:00,8971506022,-1184097190
792,,227_8971482299_Newedge,2110838398,NEFU_FIFTY_SEVEN_00799760,USD,c z1,-1.26,DEC 21 CORN,2021-08-17,2021-08-17,17,No-pair,OB,OB,MV Swing,2021-09-02T00:00:00,8971506022,-1184097190
793,143_8971450109_Advent Geneva,65_8971450109_Newedge,2066110714,NEFU_FIFTY_SEVEN_00799760,USD,boz1,2113.89,SOYBEAN OIL FUTR  Dec21,2021-07-26,2021-07-26,39,No-pair,OB,SMB,MV Swing,2021-09-02T00:00:00,8971506022,-1184097190
794,106_8971476567_Advent Geneva,53_8971476567_Newedge,2102139389,NEFU_FIFTY_SEVEN_00799803,JPY,tpu1,-92448.81,TOPIX INDX FUTR   Sep21,2021-08-12,2021-08-12,22,No-pair,OB,SMB,MV Swing,2021-09-02T00:00:00,8971506022,-1184097190
795,95_8971390559_Advent Geneva,,1992286375,NEFU_FIFTY_SEVEN_00799803,JPY,tpu1,11365.37,TOPIX INDX FUTR   Sep21,2021-06-11,2021-06-11,83,No-pair,OB,OB,MV Swing,2021-09-02T00:00:00,8971506022,-1184097190
796,285_8971482299_Advent Geneva,127_8971482299_Newedge,2110838060,NEFU_FIFTY_SEVEN_00799802,USD,uxq1,2096.48,CBOE VIX FUTURE   Aug21,2021-08-17,2021-08-17,17,No-pair,OB,SMB,"Commission difference, SFO to advise",2021-09-02T00:00:00,8971506022,-1184097190
797,239_8971428733_Advent Geneva,96_8971428733_Newedge,2040159499,NEFU_FIFTY_SEVEN_00799762,USD,cox1,97.76,BRENT CRUDE FUTR  Nov21,2021-07-09,2021-07-09,56,No-pair,OB,SMB,"Commission difference, SFO to advise",2021-09-02T00:00:00,8971506022,-1184097190
798,83_8971460235_Advent Geneva,42_8971460235_Newedge,2080396943,NEFU_FIFTY_SEVEN_00799803,JPY,tpu1,59129.17,TOPIX INDX FUTR   Sep21,2021-08-02,2021-08-02,32,No-pair,OB,SMB,MV Swing,2021-09-02T00:00:00,8971506022,-1184097190
799,200_8971492132_Advent Geneva,108_8971492132_Newedge,2123793945,NEFU_FIFTY_SEVEN_00799762,USD,mesu1,-4015.26,MSCI EmgMkt       Sep21,2021-08-24,2021-08-24,10,No-pair,OB,SMB,MV Swing,2021-09-02T00:00:00,8971506022,-1184097190
800,88_8971466268_Advent Geneva,37_8971466268_Newedge,2088714942,NEFU_FIFTY_SEVEN_00799803,HKD,hcq1,-1141.48,HSCEI Futures     Aug21,2021-08-05,2021-08-05,29,No-pair,OB,SMB,"Commission difference, SFO to advise",2021-09-02T00:00:00,8971506022,-1184097190
801,55_8971442331_Advent Geneva,36_8971442331_Newedge,2056711888,NEFU_FIFTY_SEVEN_00799802,EUR,vgu1,7177.92,EURO STOXX 50     Sep21,2021-07-20,2021-07-20,45,No-pair,OB,SMB,MV Swing,2021-09-02T00:00:00,8971506022,-1184097190
802,94_8971462157_Advent Geneva,42_8971462157_Newedge,2083549639,NEFU_FIFTY_SEVEN_00799803,JPY,tpu1,-15854.58,TOPIX INDX FUTR   Sep21,2021-08-03,2021-08-03,31,No-pair,OB,SMB,MV Swing,2021-09-02T00:00:00,8971506022,-1184097190
803,231_8971466268_Advent Geneva,101_8971466268_Newedge,2088715080,NEFU_FIFTY_SEVEN_00799769,USD,esu1,-10526.8,S&P500 EMINI FUT  Sep21,2021-08-05,2021-08-05,29,No-pair,OB,SMB,MV Swing,2021-09-02T00:00:00,8971506022,-1184097190
804,192_8971504138_Advent Geneva,51_8971504138_Newedge,2138199501,NEFU_FIFTY_SEVEN_00799803,JPY,tpu1,-5356.6,TOPIX INDX FUTR   Sep21,2021-09-01,2021-09-01,2,No-pair,OB,SMB,MV Swing,2021-09-02T00:00:00,8971506022,-1184097190
805,259_8971442331_Advent Geneva,112_8971442331_Newedge,2056712158,NEFU_FIFTY_SEVEN_00799769,USD,adu1,-127.76,AUDUSD Crncy Fut  Sep21,2021-07-20,2021-07-20,45,No-pair,OB,SMB,MV Swing,2021-09-02T00:00:00,8971506022,-1184097190
806,107_8971452119_Advent Geneva,137_8971452119_Newedge,2069323711,NEFU_FIFTY_SEVEN_00799803,AUD,xpu1,-13.94,SPI 200 FUTURES   Sep21,2021-07-27,2021-07-27,38,No-pair,OB,SMB,MV Swing,2021-09-02T00:00:00,8971506022,-1184097190
807,165_8971472236_Advent Geneva,45_8971472236_Newedge,2096555211,NEFU_FIFTY_SEVEN_00799803,JPY,tpu1,-2402.71,TOPIX INDX FUTR   Sep21,2021-08-10,2021-08-10,24,No-pair,OB,SMB,MV Swing,2021-09-02T00:00:00,8971506022,-1184097190
809,54_8971440316_Advent Geneva,,2054295789,NEFU_FIFTY_SEVEN_00799802,EUR,vgu1,66475.81,EURO STOXX 50     Sep21,2021-07-19,2021-07-19,45,No-pair,OB,OB,MV Swing,2021-09-02T00:00:00,8971506022,-1184097190
810,213_8971504138_Advent Geneva,60_8971504138_Newedge,2138199667,NEFU_FIFTY_SEVEN_00799802,SEK,qcu1,-5071.65,OMXS30 IND FUTURE Sep21,2021-09-01,2021-09-01,2,No-pair,OB,SMB,MV Swing,2021-09-02T00:00:00,8971506022,-1184097190
811,10_8971488329_Advent Geneva,155_8971488329_Newedge,2118786107,NEFU_FIFTY_SEVEN_00799803,AUD,xpu1,-54.11,SPI 200 FUTURES   Sep21,2021-08-20,2021-08-20,14,No-pair,OB,SMB,MV Swing,2021-09-02T00:00:00,8971506022,-1184097190
812,14_8971494314_Advent Geneva,151_8971494314_Newedge,2126181230,NEFU_FIFTY_SEVEN_00799803,AUD,xpu1,-155.26,SPI 200 FUTURES   Sep21,2021-08-25,2021-08-25,9,No-pair,OB,SMB,MV Swing,2021-09-02T00:00:00,8971506022,-1184097190
813,242_8971490018_Advent Geneva,102_8971488329_Newedge,2121115769,NEFU_FIFTY_SEVEN_00799762,USD,hou1,3998.28,NY Harb ULSD Fut  Sep21,2021-08-20,2021-08-20,14,No-pair,OB,SMB,"Commission difference, SFO to advise",2021-09-02T00:00:00,8971506022,-1184097190
814,138_8971424734_Advent Geneva,33_8971424734_Newedge,2035491138,NEFU_FIFTY_SEVEN_00799802,EUR,vgu1,5171.14,EURO STOXX 50     Sep21,2021-07-07,2021-07-07,58,No-pair,OB,SMB,MV Swing,2021-09-02T00:00:00,8971506022,-1184097190
815,202_8971452119_Advent Geneva,197_8971452119_Newedge,2069323692,NEFU_FIFTY_SEVEN_00799804,KRW,kmu1,-163.2,KOSPI2 INX FUT    Sep21,2021-07-27,2021-07-27,38,No-pair,OB,SMB,MV Swing,2021-09-02T00:00:00,8971506022,-1184097190
816,334_8971442331_Advent Geneva,119_8971442331_Newedge,2056711700,NEFU_FIFTY_SEVEN_00799769,USD,esu1,16918.56,S&P500 EMINI FUT  Sep21,2021-07-20,2021-07-20,45,No-pair,OB,SMB,MV Swing,2021-09-02T00:00:00,8971506022,-1184097190
817,104_8971442331_Advent Geneva,213_8971442331_Newedge,2056711670,NEFU_FIFTY_SEVEN_00799803,JPY,tpu1,-98.49,TOPIX INDX FUTR   Sep21,2021-07-20,2021-07-20,45,No-pair,OB,SMB,MV Swing,2021-09-02T00:00:00,8971506022,-1184097190
818,112_8971384572_Advent Geneva,194_8971384572_Newedge,1984484382,NEFU_FIFTY_SEVEN_00799804,KRW,kmu1,-221.61,KOSPI2 INX FUT    Sep21,2021-06-08,2021-06-08,87,No-pair,OB,SMB,MV Swing,2021-09-02T00:00:00,8971506022,-1184097190
819,130_8971432624_Advent Geneva,194_8971432624_Newedge,2044955398,NEFU_FIFTY_SEVEN_00799804,KRW,kmu1,-4473.09,KOSPI2 INX FUT    Sep21,2021-07-13,2021-07-13,52,No-pair,OB,SMB,MV Swing,2021-09-02T00:00:00,8971506022,-1184097190
820,11_8971396326_Advent Geneva,,1999182202,NEFU_FIFTY_SEVEN_00799803,AUD,xpu1,2407.86,SPI 200 FUTURES   Sep21,2021-06-16,2021-06-16,78,No-pair,OB,OB,MV Swing,2021-09-02T00:00:00,8971506022,-1184097190
821,223_8971504138_Advent Geneva,65_8971504138_Newedge,2138199784,NEFU_FIFTY_SEVEN_00799803,THB,bcu1,-7897.24,SET50 FUTURES     Sep21,2021-09-01,2021-09-01,2,No-pair,OB,SMB,MV Swing,2021-09-02T00:00:00,8971506022,-1184097190
822,118_8971496173_Advent Geneva,54_8971496173_Newedge,2128394191,NEFU_FIFTY_SEVEN_00799803,JPY,tpu1,-6507.35,TOPIX INDX FUTR   Sep21,2021-08-26,2021-08-26,8,No-pair,OB,SMB,MV Swing,2021-09-02T00:00:00,8971506022,-1184097190
823,,292_8971496173_Newedge,2130964084,NEFU_FIFTY_SEVEN_00799762,USD,tyz1,-43.56,DEC 21 10YR T-NOTES,2021-08-26,2021-08-26,8,No-pair,OB,OB,MV Swing,2021-09-02T00:00:00,8971506022,-1184097190
824,239_8971402149_Advent Geneva,92_8971402149_Newedge,2006214113,NEFU_FIFTY_SEVEN_00799769,USD,esu1,-1654.96,S&P500 EMINI FUT  Sep21,2021-06-21,2021-06-21,74,No-pair,OB,SMB,MV Swing,2021-09-02T00:00:00,8971506022,-1184097190
825,147_8971486166_Advent Geneva,245_8971486166_Newedge,2115963479,NEFU_FIFTY_SEVEN_00799803,THB,bcu1,-122.11,SET50 FUTURES     Sep21,2021-08-19,2021-08-19,15,No-pair,OB,SMB,MV Swing,2021-09-02T00:00:00,8971506022,-1184097190
826,108_8971452119_Advent Geneva,7_8971452119_Newedge,2069323691,NEFU_FIFTY_SEVEN_00799803,AUD,xpu1,153.94,SPI 200 FUTURES   Sep21,2021-07-27,2021-07-27,38,No-pair,OB,SMB,MV Swing,2021-09-02T00:00:00,8971506022,-1184097190
827,5_8971436488_Advent Geneva,134_8971436488_Newedge,2049572471,NEFU_FIFTY_SEVEN_00799803,AUD,xpu1,-67.41,SPI 200 FUTURES   Sep21,2021-07-15,2021-07-15,50,No-pair,OB,SMB,MV Swing,2021-09-02T00:00:00,8971506022,-1184097190
828,277_8971500148_Advent Geneva,313_8971500148_Newedge,2133391931,NEFU_FIFTY_SEVEN_00799802,ZAR,aiu1,613.24,FTSE/JSE TOP 40   Sep21,2021-08-30,2021-08-30,4,No-pair,OB,SMB,MV Swing,2021-09-02T00:00:00,8971506022,-1184097190
829,221_8971482299_Advent Geneva,96_8971482299_Newedge,2110838169,NEFU_FIFTY_SEVEN_00799762,USD,mesu1,-643.76,MSCI EmgMkt       Sep21,2021-08-17,2021-08-17,17,No-pair,OB,SMB,MV Swing,2021-09-02T00:00:00,8971506022,-1184097190
830,138_8971502090_Advent Geneva,224_8971502090_Newedge,2135789286,NEFU_FIFTY_SEVEN_00799803,SGD,qzu1,-419.23,MSCI SING IX ETS  Sep21,2021-08-31,2021-08-31,3,No-pair,OB,SMB,MV Swing,2021-09-02T00:00:00,8971506022,-1184097190
831,110_8971454063_Advent Geneva,197_8971454063_Newedge,2071655931,NEFU_FIFTY_SEVEN_00799804,KRW,kmu1,-19.66,KOSPI2 INX FUT    Sep21,2021-07-28,2021-07-28,37,No-pair,OB,SMB,MV Swing,2021-09-02T00:00:00,8971506022,-1184097190
833,,285_8971502090_Newedge,2135788775,NEFU_FIFTY_SEVEN_00799762,USD,twtu1,-16.2,SEP 21 FTSE TAIWAN FU,2021-08-31,2021-08-31,3,No-pair,OB,OB,MV Swing,2021-09-02T00:00:00,8971506022,-1184097190
834,298_8971490018_Advent Geneva,,2121116336,NEFU_FIFTY_SEVEN_00799769,USD,esu1,8003.48,S&P500 EMINI FUT  Sep21,2021-08-23,2021-08-23,10,No-pair,OB,OB,MV Swing,2021-09-02T00:00:00,8971506022,-1184097190
835,91_8971405890_Advent Geneva,46_8971405890_Newedge,2011018319,NEFU_FIFTY_SEVEN_00799803,JPY,tpu1,64320.85,TOPIX INDX FUTR   Sep21,2021-06-23,2021-06-23,72,No-pair,OB,SMB,MV Swing,2021-09-02T00:00:00,8971506022,-1184097190
836,48_8971411649_Advent Geneva,27_8971411649_Newedge,2018832857,NEFU_FIFTY_SEVEN_00799802,EUR,vgu1,6706.52,EURO STOXX 50     Sep21,2021-06-28,2021-06-28,67,No-pair,OB,SMB,MV Swing,2021-09-02T00:00:00,8971506022,-1184097190
837,87_8971417585_Advent Geneva,39_8971417585_Newedge,2026970788,NEFU_FIFTY_SEVEN_00799803,JPY,tpu1,-11714.2,TOPIX INDX FUTR   Sep21,2021-07-01,2021-07-01,64,No-pair,OB,SMB,MV Swing,2021-09-02T00:00:00,8971506022,-1184097190
838,135_8971424734_Advent Geneva,30_8971424734_Newedge,2035491119,NEFU_FIFTY_SEVEN_00799802,EUR,gxu1,-1097.02,DAX INDEX FUTURE  Sep21,2021-07-07,2021-07-07,58,No-pair,OB,SMB,"Commission difference, SFO to advise",2021-09-02T00:00:00,8971506022,-1184097190
839,161_8971454063_Advent Geneva,76_8971452119_Newedge,2071655673,NEFU_FIFTY_SEVEN_00799762,USD,cox1,-908.12,BRENT CRUDE FUTR  Nov21,2021-07-27,2021-07-27,38,No-pair,OB,SMB,"Commission difference, SFO to advise",2021-09-02T00:00:00,8971506022,-1184097190
840,158_8971476567_Advent Geneva,68_8971476567_Newedge,2102139592,NEFU_FIFTY_SEVEN_00799760,USD,c z1,-4373.68,CORN FUTURE       Dec21,2021-08-12,2021-08-12,22,No-pair,OB,SMB,MV Swing,2021-09-02T00:00:00,8971506022,-1184097190
841,150_8971486166_Advent Geneva,,2115963483,NEFU_FIFTY_SEVEN_00799803,THB,bcu1,1.87,SET50 FUTURES     Sep21,2021-08-19,2021-08-19,14,No-pair,OB,OB,MV Swing,2021-09-02T00:00:00,8971506022,-1184097190
842,78_8971420288_Advent Geneva,66_8971420288_Newedge,2030839005,NEFU_FIFTY_SEVEN_00799803,JPY,tpu1,-66064.12,TOPIX INDX FUTR   Sep21,2021-07-05,2021-07-05,60,No-pair,OB,SMB,MV Swing,2021-09-02T00:00:00,8971506022,-1184097190
843,198_8971472236_Advent Geneva,194_8971472236_Newedge,2096555470,NEFU_FIFTY_SEVEN_00799803,THB,bcu1,-64.45,SET50 FUTURES     Sep21,2021-08-10,2021-08-10,24,No-pair,OB,SMB,MV Swing,2021-09-02T00:00:00,8971506022,-1184097190
844,,190_8971462157_Newedge,2083549825,NEFU_FIFTY_SEVEN_00799760,USD,boz1,-1.26,DEC 21 SYBEAN OIL,2021-08-03,2021-08-03,31,No-pair,OB,OB,MV Swing,2021-09-02T00:00:00,8971506022,-1184097190
845,19_8971482299_Advent Geneva,3_8971482299_Newedge,2110838084,NEFU_FIFTY_SEVEN_00799803,AUD,xpu1,-16562.11,SPI 200 FUTURES   Sep21,2021-08-17,2021-08-17,17,No-pair,OB,SMB,MV Swing,2021-09-02T00:00:00,8971506022,-1184097190
846,94_8971440316_Advent Geneva,190_8971440316_Newedge,2054295895,NEFU_FIFTY_SEVEN_00799803,JPY,tpu1,-136.73,TOPIX INDX FUTR   Sep21,2021-07-19,2021-07-19,46,No-pair,OB,SMB,MV Swing,2021-09-02T00:00:00,8971506022,-1184097190
847,58_8971458108_Advent Geneva,201_8971458108_Newedge,2077723137,NEFU_FIFTY_SEVEN_00799802,EUR,vgu1,-58.2,EURO STOXX 50     Sep21,2021-07-30,2021-07-30,35,No-pair,OB,SMB,MV Swing,2021-09-02T00:00:00,8971506022,-1184097190
848,,187_8971476567_Newedge,2102139461,NEFU_FIFTY_SEVEN_00799762,JPY,niu1,-149.5,SEP 21 SGX NIKKEI IDX,2021-08-12,2021-08-12,22,No-pair,OB,OB,MV Swing,2021-09-02T00:00:00,8971506022,-1184097190
849,263_8971496173_Advent Geneva,119_8971500148_Newedge,2133391346,NEFU_FIFTY_SEVEN_00799802,USD,uxu1,-344.69,CBOE VIX FUTURE   Sep21,2021-08-26,2021-08-26,7,No-pair,OB,SMB,MV Swing,2021-09-02T00:00:00,8971506022,-1184097190
850,166_8971482299_Advent Geneva,68_8971482299_Newedge,2110838583,NEFU_FIFTY_SEVEN_00799760,USD,ecu1,-2839.44,EURO FX CURR FUT  Sep21,2021-08-17,2021-08-17,17,No-pair,OB,SMB,MV Swing,2021-09-02T00:00:00,8971506022,-1184097190
851,232_8971396326_Advent Geneva,120_8971396326_Newedge,1999182668,NEFU_FIFTY_SEVEN_00799769,USD,esu1,-1150.9,S&P500 EMINI FUT  Sep21,2021-06-16,2021-06-16,79,No-pair,OB,SMB,MV Swing,2021-09-02T00:00:00,8971506022,-1184097190
852,234_8971474187_Advent Geneva,,2099136998,NEFU_FIFTY_SEVEN_00799769,USD,esu1,3538.66,S&P500 EMINI FUT  Sep21,2021-08-11,2021-08-11,22,No-pair,OB,OB,MV Swing,2021-09-02T00:00:00,8971506022,-1184097190
853,13_8971454063_Advent Geneva,4_8971454063_Newedge,2071655777,NEFU_FIFTY_SEVEN_00799803,AUD,xpu1,544.95,SPI 200 FUTURES   Sep21,2021-07-28,2021-07-28,37,No-pair,OB,SMB,MV Swing,2021-09-02T00:00:00,8971506022,-1184097190
854,107_8971484218_Advent Geneva,197_8971484218_Newedge,2113336709,NEFU_FIFTY_SEVEN_00799803,JPY,tpu1,-58.33,TOPIX INDX FUTR   Sep21,2021-08-18,2021-08-18,16,No-pair,OB,SMB,MV Swing,2021-09-02T00:00:00,8971506022,-1184097190
855,7_8971413792_Advent Geneva,4_8971413792_Newedge,2021313904,NEFU_FIFTY_SEVEN_00799803,AUD,xpu1,-567.5,SPI 200 FUTURES   Sep21,2021-06-29,2021-06-29,66,No-pair,OB,SMB,MV Swing,2021-09-02T00:00:00,8971506022,-1184097190
857,,293_8971504138_Newedge,2138199617,NEFU_FIFTY_SEVEN_00799769,USD,uxu1,-10.5,SEP 21 CFE VIX,2021-09-01,2021-09-01,2,No-pair,OB,OB,MV Swing,2021-09-02T00:00:00,8971506022,-1184097190
858,85_8971420288_Advent Geneva,150_8971420288_Newedge,2030838998,NEFU_FIFTY_SEVEN_00799804,KRW,kmu1,-137.37,KOSPI2 INX FUT    Sep21,2021-07-05,2021-07-05,60,No-pair,OB,SMB,MV Swing,2021-09-02T00:00:00,8971506022,-1184097190
859,260_8971438425_Advent Geneva,,2051927532,NEFU_FIFTY_SEVEN_00799769,USD,esu1,1.16,S&P500 EMINI FUT  Sep21,2021-07-16,2021-07-16,48,No-pair,OB,OB,MV Swing,2021-09-02T00:00:00,8971506022,-1184097190
860,260_8971504138_Advent Geneva,,2138199994,NEFU_FIFTY_SEVEN_00799760,USD,ngx21,9401.64,NATURAL GAS FUTR  Nov21,2021-09-01,2021-09-01,1,No-pair,OB,OB,MV Swing,2021-09-02T00:00:00,8971506022,-1184097190
861,52_8971434624_Advent Geneva,164_8971434624_Newedge,2047328247,NEFU_FIFTY_SEVEN_00799802,EUR,vgu1,-135.36,EURO STOXX 50     Sep21,2021-07-14,2021-07-14,51,No-pair,OB,SMB,MV Swing,2021-09-02T00:00:00,8971506022,-1184097190
862,236_8971490018_Advent Geneva,106_8971488329_Newedge,2121115757,NEFU_FIFTY_SEVEN_00799762,USD,nqu1,87903.43,NASDAQ 100 E-MINI Sep21,2021-08-20,2021-08-20,14,No-pair,OB,SMB,MV Swing,2021-09-02T00:00:00,8971506022,-1184097190
863,6_8971492132_Advent Geneva,4_8971492132_Newedge,2123793653,NEFU_FIFTY_SEVEN_00799802,AUD,xpu1,40639.76,SPI 200 FUTURES   Sep21,2021-08-24,2021-08-24,10,No-pair,OB,SMB,MV Swing,2021-09-02T00:00:00,8971506022,-1184097190
864,296_8971498170_Advent Geneva,332_8971498170_Newedge,2130964662,NEFU_FIFTY_SEVEN_00799803,USD,twtu1,-380.64,FTSE Taiwan Index Sep21,2021-08-27,2021-08-27,7,No-pair,OB,SMB,MV Swing,2021-09-02T00:00:00,8971506022,-1184097190
865,236_8971430481_Advent Geneva,85_8971430481_Newedge,2042741956,NEFU_FIFTY_SEVEN_00799762,USD,cox1,97.76,BRENT CRUDE FUTR  Nov21,2021-07-12,2021-07-12,53,No-pair,OB,SMB,"Commission difference, SFO to advise",2021-09-02T00:00:00,8971506022,-1184097190
866,10_8971402149_Advent Geneva,,2006213785,NEFU_FIFTY_SEVEN_00799803,AUD,xpu1,2.99,SPI 200 FUTURES   Sep21,2021-06-21,2021-06-21,73,No-pair,OB,OB,MV Swing,2021-09-02T00:00:00,8971506022,-1184097190
867,134_8971488329_Advent Geneva,235_8971488329_Newedge,2118786219,NEFU_FIFTY_SEVEN_00799803,THB,bcu1,-175.47,SET50 FUTURES     Sep21,2021-08-20,2021-08-20,14,No-pair,OB,SMB,MV Swing,2021-09-02T00:00:00,8971506022,-1184097190
868,117_8971498170_Advent Geneva,56_8971498170_Newedge,2130964302,NEFU_FIFTY_SEVEN_00799804,KRW,kmu1,1267.63,KOSPI2 INX FUT    Sep21,2021-08-27,2021-08-27,7,No-pair,OB,SMB,MV Swing,2021-09-02T00:00:00,8971506022,-1184097190
870,18_8971498170_Advent Geneva,157_8971498170_Newedge,2130964297,NEFU_FIFTY_SEVEN_00799801,CAD,ptu1,-6.27,S&P/TSX 60 IX FUT Sep21,2021-08-27,2021-08-27,7,No-pair,OB,SMB,MV Swing,2021-09-02T00:00:00,8971506022,-1184097190
872,213_8971498170_Advent Geneva,114_8971496173_Newedge,2130964120,NEFU_FIFTY_SEVEN_00799762,USD,tyz1,121.69,US 10YR NOTE (CBT)Dec21,2021-08-26,2021-08-26,8,No-pair,OB,SMB,MV Swing,2021-09-02T00:00:00,8971506022,-1184097190
874,9_8971419514_Advent Geneva,5_8971419514_Newedge,2029840188,NEFU_FIFTY_SEVEN_00799803,AUD,xpu1,35193.34,SPI 200 FUTURES   Sep21,2021-07-02,2021-07-02,63,No-pair,OB,SMB,MV Swing,2021-09-02T00:00:00,8971506022,-1184097190
875,283_8971504138_Advent Geneva,93_8971504138_Newedge,2138199483,NEFU_FIFTY_SEVEN_00799762,USD,cof2,62.04,BRENT CRUDE FUTR  Jan22,2021-09-01,2021-09-01,2,No-pair,OB,SMB,"Commission difference, SFO to advise",2021-09-02T00:00:00,8971506022,-1184097190
876,399_8971422667_Advent Geneva,46_8971422667_Newedge,2033341616,NEFU_FIFTY_SEVEN_00799804,KRW,kmu1,-243.83,KOSPI2 INX FUT    Sep21,2021-07-06,2021-07-06,59,No-pair,OB,SMB,MV Swing,2021-09-02T00:00:00,8971506022,-1184097190
877,191_8971490018_Advent Geneva,69_8971490018_Newedge,2121116242,NEFU_FIFTY_SEVEN_00799760,USD,lhv1,-677.48,LEAN HOGS FUTURE  Oct21,2021-08-23,2021-08-23,11,No-pair,OB,SMB,MV Swing,2021-09-02T00:00:00,8971506022,-1184097190
878,152_8971417585_Advent Geneva,54_8971417585_Newedge,2026970592,NEFU_FIFTY_SEVEN_00799760,USD,boz1,-76.11,SOYBEAN OIL FUTR  Dec21,2021-07-01,2021-07-01,64,No-pair,OB,SMB,MV Swing,2021-09-02T00:00:00,8971506022,-1184097190
879,124_8971500148_Advent Geneva,56_8971500148_Newedge,2133391781,NEFU_FIFTY_SEVEN_00799803,THB,bcu1,57715.47,SET50 FUTURES     Sep21,2021-08-30,2021-08-30,4,No-pair,OB,SMB,MV Swing,2021-09-02T00:00:00,8971506022,-1184097190
880,221_8971430481_Advent Geneva,,2042742493,NEFU_FIFTY_SEVEN_00799760,USD,boz1,-7781400.0,SOYBEAN OIL FUTR  Dec21,2021-07-01,2021-07-01,52,No-pair,OB,OB,MV Swing,2021-09-02T00:00:00,8971506022,-1184097190
881,292_8971430481_Advent Geneva,101_8971430481_Newedge,2042742362,NEFU_FIFTY_SEVEN_00799769,USD,cou1,11.76,BRENT CRUDE FUTR  Sep21,2021-07-12,2021-07-12,53,No-pair,OB,SMB,"Commission difference, SFO to advise",2021-09-02T00:00:00,8971506022,-1184097190
882,,265_8971502090_Newedge,2135788717,NEFU_FIFTY_SEVEN_00799760,USD,xbv1,-0.82,OCT 21 NYM RBOB GAS,2021-08-31,2021-08-31,3,No-pair,OB,OB,MV Swing,2021-09-02T00:00:00,8971506022,-1184097190
883,112_8971396326_Advent Geneva,208_8971396326_Newedge,1999182355,NEFU_FIFTY_SEVEN_00799803,JPY,tpu1,-85.1,TOPIX INDX FUTR   Sep21,2021-06-16,2021-06-16,79,No-pair,OB,SMB,MV Swing,2021-09-02T00:00:00,8971506022,-1184097190
884,234_8971419514_Advent Geneva,,2029840355,NEFU_FIFTY_SEVEN_00799769,USD,esu1,0.58,S&P500 EMINI FUT  Sep21,2021-07-02,2021-07-02,62,No-pair,OB,OB,MV Swing,2021-09-02T00:00:00,8971506022,-1184097190
885,171_8971440316_Advent Geneva,82_8971440316_Newedge,2054295904,NEFU_FIFTY_SEVEN_00799762,USD,cox1,157.92,BRENT CRUDE FUTR  Nov21,2021-07-19,2021-07-19,46,No-pair,OB,SMB,"Commission difference, SFO to advise",2021-09-02T00:00:00,8971506022,-1184097190
886,249_8971500148_Advent Geneva,298_8971500148_Newedge,2133391620,NEFU_FIFTY_SEVEN_00799802,USD,tuz1,-8.36,US 2YR NOTE (CBT) Dec21,2021-08-30,2021-08-30,4,No-pair,OB,SMB,MV Swing,2021-09-02T00:00:00,8971506022,-1184097190
887,202_8971502090_Advent Geneva,109_8971502090_Newedge,2135788799,NEFU_FIFTY_SEVEN_00799762,USD,twtu1,-213.8,FTSE Taiwan Index Sep21,2021-08-31,2021-08-31,3,No-pair,OB,SMB,MV Swing,2021-09-02T00:00:00,8971506022,-1184097190
888,400_8971422667_Advent Geneva,194_8971422667_Newedge,2033341637,NEFU_FIFTY_SEVEN_00799804,KRW,kmu1,-127.06,KOSPI2 INX FUT    Sep21,2021-07-06,2021-07-06,59,No-pair,OB,SMB,MV Swing,2021-09-02T00:00:00,8971506022,-1184097190
889,166_8971466268_Advent Geneva,212_8971466268_Newedge,2088714608,NEFU_FIFTY_SEVEN_00799760,USD,boz1,-38.43,SOYBEAN OIL FUTR  Dec21,2021-08-05,2021-08-05,29,No-pair,OB,SMB,MV Swing,2021-09-02T00:00:00,8971506022,-1184097190
890,,265_8971500148_Newedge,2133391868,NEFU_FIFTY_SEVEN_00799762,USD,nqu1,-102.8,SEP 21 IMM EMINI NSDQ,2021-08-30,2021-08-30,4,No-pair,OB,OB,MV Swing,2021-09-02T00:00:00,8971506022,-1184097190
891,109_8971402149_Advent Geneva,173_8971402149_Newedge,2006213639,NEFU_FIFTY_SEVEN_00799803,JPY,tpu1,-44.94,TOPIX INDX FUTR   Sep21,2021-06-21,2021-06-21,74,No-pair,OB,SMB,MV Swing,2021-09-02T00:00:00,8971506022,-1184097190
892,100_8971419514_Advent Geneva,182_8971419514_Newedge,2029840174,NEFU_FIFTY_SEVEN_00799803,JPY,tpu1,-1054.31,TOPIX INDX FUTR   Sep21,2021-07-02,2021-07-02,63,No-pair,OB,SMB,MV Swing,2021-09-02T00:00:00,8971506022,-1184097190
893,167_8971478351_Advent Geneva,234_8971478351_Newedge,2105432707,NEFU_FIFTY_SEVEN_00799803,THB,bcu1,-197.58,SET50 FUTURES     Sep21,2021-08-13,2021-08-13,21,No-pair,OB,SMB,MV Swing,2021-09-02T00:00:00,8971506022,-1184097190
894,154_8971488329_Advent Geneva,73_8971488329_Newedge,2118786483,NEFU_FIFTY_SEVEN_00799760,USD,ecu1,-138.91,EURO FX CURR FUT  Sep21,2021-08-20,2021-08-20,14,No-pair,OB,SMB,MV Swing,2021-09-02T00:00:00,8971506022,-1184097190
895,59_8971402149_Advent Geneva,31_8971402149_Newedge,2006213993,NEFU_FIFTY_SEVEN_00799802,EUR,vgu1,5755.62,EURO STOXX 50     Sep21,2021-06-21,2021-06-21,74,No-pair,OB,SMB,MV Swing,2021-09-02T00:00:00,8971506022,-1184097190
896,518_8971390559_Advent Geneva,272_8971390559_Newedge,1992285900,NEFU_FIFTY_SEVEN_00799769,USD,esu1,-13.34,S&P500 EMINI FUT  Sep21,2021-06-11,2021-06-11,84,No-pair,OB,SMB,MV Swing,2021-09-02T00:00:00,8971506022,-1184097190
897,283_8971426687_Advent Geneva,114_8971426687_Newedge,2037767294,NEFU_FIFTY_SEVEN_00799802,USD,uxn1,-1667.25,CBOE VIX FUTURE   Jul21,2021-07-08,2021-07-08,57,No-pair,OB,SMB,"Commission difference, SFO to advise",2021-09-02T00:00:00,8971506022,-1184097190
898,156_8971482299_Advent Geneva,222_8971482299_Newedge,2110838566,NEFU_FIFTY_SEVEN_00799803,THB,bcu1,-405.33,SET50 FUTURES     Sep21,2021-08-17,2021-08-17,17,No-pair,OB,SMB,MV Swing,2021-09-02T00:00:00,8971506022,-1184097190
899,116_8971458108_Advent Geneva,223_8971458108_Newedge,2077723320,NEFU_FIFTY_SEVEN_00799803,JPY,tpu1,-63.11,TOPIX INDX FUTR   Sep21,2021-07-30,2021-07-30,35,No-pair,OB,SMB,MV Swing,2021-09-02T00:00:00,8971506022,-1184097190
900,290_8971478351_Advent Geneva,129_8971478351_Newedge,2105432592,NEFU_FIFTY_SEVEN_00799769,USD,esu1,-2564.88,S&P500 EMINI FUT  Sep21,2021-08-13,2021-08-13,21,No-pair,OB,SMB,MV Swing,2021-09-02T00:00:00,8971506022,-1184097190
901,,267_8971476567_Newedge,2102139632,NEFU_FIFTY_SEVEN_00799762,USD,nqu1,-86.56,SEP 21 IMM EMINI NSDQ,2021-08-12,2021-08-12,22,No-pair,OB,OB,MV Swing,2021-09-02T00:00:00,8971506022,-1184097190
902,,147_8971504138_Newedge,2138199470,NEFU_FIFTY_SEVEN_00799760,CNH,xucu1,,SEP 21 SGX USD/CNH FS,2021-09-01,2021-09-01,2,No-pair,OB,OB,MV Swing,2021-09-02T00:00:00,8971506022,-1184097190
903,47_8971404061_Advent Geneva,34_8971404061_Newedge,2008716696,NEFU_FIFTY_SEVEN_00799802,EUR,vgu1,14685.89,EURO STOXX 50     Sep21,2021-06-22,2021-06-22,73,No-pair,OB,SMB,MV Swing,2021-09-02T00:00:00,8971506022,-1184097190
904,202_8971464347_Advent Geneva,127_8971464347_Newedge,2086169799,NEFU_FIFTY_SEVEN_00799769,USD,esu1,8944.72,S&P500 EMINI FUT  Sep21,2021-08-04,2021-08-04,30,No-pair,OB,SMB,MV Swing,2021-09-02T00:00:00,8971506022,-1184097190
905,403_8971428733_Advent Geneva,285_8971428733_Newedge,2040159192,NEFU_FIFTY_SEVEN_00799769,USD,cou1,-15.24,BRENT CRUDE FUTR  Sep21,2021-07-09,2021-07-09,56,No-pair,OB,SMB,"Commission difference, SFO to advise",2021-09-02T00:00:00,8971506022,-1184097190
906,78_8971472236_Advent Geneva,6_8971472236_Newedge,2096555205,NEFU_FIFTY_SEVEN_00799803,AUD,xpu1,-874.76,SPI 200 FUTURES   Sep21,2021-08-10,2021-08-10,24,No-pair,OB,SMB,MV Swing,2021-09-02T00:00:00,8971506022,-1184097190
907,309_8971452119_Advent Geneva,99_8971452119_Newedge,2069323845,NEFU_FIFTY_SEVEN_00799769,USD,esu1,897.94,S&P500 EMINI FUT  Sep21,2021-07-27,2021-07-27,38,No-pair,OB,SMB,MV Swing,2021-09-02T00:00:00,8971506022,-1184097190
908,92_8971466268_Advent Geneva,41_8971466268_Newedge,2088714652,NEFU_FIFTY_SEVEN_00799762,JPY,niu1,49149.3,NIKKEI 225  (SGX) Sep21,2021-08-05,2021-08-05,29,No-pair,OB,SMB,MV Swing,2021-09-02T00:00:00,8971506022,-1184097190
909,8_8971417585_Advent Geneva,,2026970532,NEFU_FIFTY_SEVEN_00799803,AUD,xpu1,7.98,SPI 200 FUTURES   Sep21,2021-07-01,2021-07-01,63,No-pair,OB,OB,MV Swing,2021-09-02T00:00:00,8971506022,-1184097190
910,251_8971476567_Advent Geneva,277_8971476567_Newedge,2102139626,NEFU_FIFTY_SEVEN_00799769,USD,esu1,-27.26,S&P500 EMINI FUT  Sep21,2021-08-12,2021-08-12,22,No-pair,OB,SMB,MV Swing,2021-09-02T00:00:00,8971506022,-1184097190
911,217_8971504138_Advent Geneva,62_8971504138_Newedge,2138199836,NEFU_FIFTY_SEVEN_00799803,SGD,qzu1,-1524.47,MSCI SING IX ETS  Sep21,2021-09-01,2021-09-01,2,No-pair,OB,SMB,MV Swing,2021-09-02T00:00:00,8971506022,-1184097190
912,115_8971498170_Advent Geneva,217_8971498170_Newedge,2130964324,NEFU_FIFTY_SEVEN_00799804,KRW,kmu1,-12.72,KOSPI2 INX FUT    Sep21,2021-08-27,2021-08-27,7,No-pair,OB,SMB,MV Swing,2021-09-02T00:00:00,8971506022,-1184097190
913,10_8971396326_Advent Geneva,,1999182203,NEFU_FIFTY_SEVEN_00799803,AUD,xpu1,1.0,SPI 200 FUTURES   Sep21,2021-06-16,2021-06-16,78,No-pair,OB,OB,MV Swing,2021-09-02T00:00:00,8971506022,-1184097190
914,110_8971396326_Advent Geneva,,1999182360,NEFU_FIFTY_SEVEN_00799803,JPY,tpu1,1.91,TOPIX INDX FUTR   Sep21,2021-06-16,2021-06-16,78,No-pair,OB,OB,MV Swing,2021-09-02T00:00:00,8971506022,-1184097190
915,552_8971424734_Advent Geneva,275_8971424734_Newedge,2035491345,NEFU_FIFTY_SEVEN_00799769,USD,esu1,-30.74,S&P500 EMINI FUT  Sep21,2021-07-07,2021-07-07,58,No-pair,OB,SMB,MV Swing,2021-09-02T00:00:00,8971506022,-1184097190
916,205_8971472236_Advent Geneva,70_8971472236_Newedge,2096555167,NEFU_FIFTY_SEVEN_00799760,USD,xbx1,-1366.74,GASOLINE RBOB FUT Nov21,2021-08-10,2021-08-10,24,No-pair,OB,SMB,MV Swing,2021-09-02T00:00:00,8971506022,-1184097190
917,124_8971502090_Advent Geneva,60_8971502090_Newedge,2135788835,NEFU_FIFTY_SEVEN_00799804,KRW,kmu1,-8155.47,KOSPI2 INX FUT    Sep21,2021-08-31,2021-08-31,3,No-pair,OB,SMB,MV Swing,2021-09-02T00:00:00,8971506022,-1184097190
918,54_8971498170_Advent Geneva,34_8971498170_Newedge,2130964381,NEFU_FIFTY_SEVEN_00799802,EUR,vgu1,-7052.02,EURO STOXX 50     Sep21,2021-08-27,2021-08-27,7,No-pair,OB,SMB,MV Swing,2021-09-02T00:00:00,8971506022,-1184097190
919,164_8971496173_Advent Geneva,75_8971496173_Newedge,2128394260,NEFU_FIFTY_SEVEN_00799760,USD,c z1,76.26,CORN FUTURE       Dec21,2021-08-26,2021-08-26,8,No-pair,OB,SMB,MV Swing,2021-09-02T00:00:00,8971506022,-1184097190
920,12_8971500148_Advent Geneva,8_8971500148_Newedge,2133391544,NEFU_FIFTY_SEVEN_00799803,AUD,xpu1,-3818.13,SPI 200 FUTURES   Sep21,2021-08-30,2021-08-30,4,No-pair,OB,SMB,MV Swing,2021-09-02T00:00:00,8971506022,-1184097190
921,99_8971419514_Advent Geneva,46_8971419514_Newedge,2029840147,NEFU_FIFTY_SEVEN_00799803,JPY,tpu1,-5020.66,TOPIX INDX FUTR   Sep21,2021-07-02,2021-07-02,63,No-pair,OB,SMB,MV Swing,2021-09-02T00:00:00,8971506022,-1184097190
922,309_8971480190_Advent Geneva,93_8971480190_Newedge,2108158597,NEFU_FIFTY_SEVEN_00799762,USD,hou1,48.88,NY Harb ULSD Fut  Sep21,2021-08-16,2021-08-16,18,No-pair,OB,SMB,"Commission difference, SFO to advise",2021-09-02T00:00:00,8971506022,-1184097190
923,55_8971502090_Advent Geneva,186_8971502090_Newedge,2135788849,NEFU_FIFTY_SEVEN_00799802,EUR,vgu1,-191.59,EURO STOXX 50     Sep21,2021-08-31,2021-08-31,3,No-pair,OB,SMB,MV Swing,2021-09-02T00:00:00,8971506022,-1184097190
924,225_8971482299_Advent Geneva,93_8971482299_Newedge,2110838723,NEFU_FIFTY_SEVEN_00799762,USD,hou1,-42.92,NY Harb ULSD Fut  Sep21,2021-08-17,2021-08-17,17,No-pair,OB,SMB,"Commission difference, SFO to advise",2021-09-02T00:00:00,8971506022,-1184097190
925,115_8971394513_Advent Geneva,,1997217243,NEFU_FIFTY_SEVEN_00799803,JPY,tpu1,-66.52,TOPIX INDX FUTR   Sep21,2021-06-08,2021-06-08,79,No-pair,OB,OB,MV Swing,2021-09-02T00:00:00,8971506022,-1184097190
927,280_8971502090_Advent Geneva,140_8971502090_Newedge,2135789149,NEFU_FIFTY_SEVEN_00799803,USD,twtu1,2794.4,FTSE Taiwan Index Sep21,2021-08-31,2021-08-31,3,No-pair,OB,SMB,MV Swing,2021-09-02T00:00:00,8971506022,-1184097190
928,253_8971476567_Advent Geneva,,2102139628,NEFU_FIFTY_SEVEN_00799769,USD,esu1,0.58,S&P500 EMINI FUT  Sep21,2021-08-12,2021-08-12,21,No-pair,OB,OB,MV Swing,2021-09-02T00:00:00,8971506022,-1184097190
929,233_8971419514_Advent Geneva,99_8971419514_Newedge,2029840299,NEFU_FIFTY_SEVEN_00799769,USD,esu1,-20632.86,S&P500 EMINI FUT  Sep21,2021-07-02,2021-07-02,63,No-pair,OB,SMB,MV Swing,2021-09-02T00:00:00,8971506022,-1184097190
930,159_8971470255_Advent Geneva,56_8971470255_Newedge,2094162980,NEFU_FIFTY_SEVEN_00799760,USD,boz1,-196.11,SOYBEAN OIL FUTR  Dec21,2021-08-09,2021-08-09,25,No-pair,OB,SMB,MV Swing,2021-09-02T00:00:00,8971506022,-1184097190
931,265_8971498170_Advent Geneva,121_8971498170_Newedge,2130964491,NEFU_FIFTY_SEVEN_00799769,USD,w z1,-12.5,WHEAT FUTURE(CBT) Dec21,2021-08-27,2021-08-27,7,No-pair,OB,SMB,MV Swing,2021-09-02T00:00:00,8971506022,-1184097190
933,163_8971480190_Advent Geneva,44_8971480190_Newedge,2108158144,NEFU_FIFTY_SEVEN_00799762,JPY,niu1,-15348.42,NIKKEI 225  (SGX) Sep21,2021-08-16,2021-08-16,18,No-pair,OB,SMB,MV Swing,2021-09-02T00:00:00,8971506022,-1184097190
934,,260_8971500148_Newedge,2133391391,NEFU_FIFTY_SEVEN_00799762,USD,hov1,-31.76,OCT 21 NYM NYHRBRULSD,2021-08-30,2021-08-30,4,No-pair,OB,OB,"Commission difference, SFO to advise",2021-09-02T00:00:00,8971506022,-1184097190
936,272_8971417585_Advent Geneva,93_8971417585_Newedge,2026970872,NEFU_FIFTY_SEVEN_00799769,USD,esu1,238.66,S&P500 EMINI FUT  Sep21,2021-07-01,2021-07-01,64,No-pair,OB,SMB,MV Swing,2021-09-02T00:00:00,8971506022,-1184097190
937,210_8971478351_Advent Geneva,71_8971478351_Newedge,2105432757,NEFU_FIFTY_SEVEN_00799760,USD,boz1,196.41,SOYBEAN OIL FUTR  Dec21,2021-08-13,2021-08-13,21,No-pair,OB,SMB,MV Swing,2021-09-02T00:00:00,8971506022,-1184097190
939,70_8971398276_Advent Geneva,201_8971398276_Newedge,2001574782,NEFU_FIFTY_SEVEN_00799802,EUR,vgu1,-75.2,EURO STOXX 50     Sep21,2021-06-17,2021-06-17,78,No-pair,OB,SMB,MV Swing,2021-09-02T00:00:00,8971506022,-1184097190
940,7_8971434624_Advent Geneva,128_8971434624_Newedge,2047328113,NEFU_FIFTY_SEVEN_00799803,AUD,xpu1,-112.82,SPI 200 FUTURES   Sep21,2021-07-14,2021-07-14,51,No-pair,OB,SMB,MV Swing,2021-09-02T00:00:00,8971506022,-1184097190
941,235_8971490018_Advent Geneva,92_8971490018_Newedge,2121116083,NEFU_FIFTY_SEVEN_00799762,USD,mesu1,148.52,MSCI EmgMkt       Sep21,2021-08-23,2021-08-23,11,No-pair,OB,SMB,MV Swing,2021-09-02T00:00:00,8971506022,-1184097190
942,111_8971494314_Advent Geneva,47_8971494314_Newedge,2126181332,NEFU_FIFTY_SEVEN_00799803,JPY,tpu1,-2575.28,TOPIX INDX FUTR   Sep21,2021-08-25,2021-08-25,9,No-pair,OB,SMB,MV Swing,2021-09-02T00:00:00,8971506022,-1184097190
943,100_8971496173_Advent Geneva,203_8971496173_Newedge,2128393777,NEFU_FIFTY_SEVEN_00799803,HKD,hcq1,-27.33,HSCEI Futures     Aug21,2021-08-26,2021-08-26,8,No-pair,OB,SMB,"Commission difference, SFO to advise",2021-09-02T00:00:00,8971506022,-1184097190
944,293_8971504138_Advent Geneva,106_8971502090_Newedge,2138199271,NEFU_FIFTY_SEVEN_00799762,USD,nqu1,245477.45,NASDAQ 100 E-MINI Sep21,2021-08-31,2021-08-31,3,No-pair,OB,SMB,MV Swing,2021-09-02T00:00:00,8971506022,-1184097190
945,111_8971454063_Advent Geneva,50_8971454063_Newedge,2071655958,NEFU_FIFTY_SEVEN_00799804,KRW,kmu1,-12806.12,KOSPI2 INX FUT    Sep21,2021-07-28,2021-07-28,37,No-pair,OB,SMB,MV Swing,2021-09-02T00:00:00,8971506022,-1184097190
946,129_8971394513_Advent Geneva,,1997217041,NEFU_FIFTY_SEVEN_00799803,JPY,tpu1,135460.0,TOPIX INDX FUTR   Sep21,2021-06-15,2021-06-15,79,No-pair,OB,OB,MV Swing,2021-09-02T00:00:00,8971506022,-1184097190
947,,231_8971442331_Newedge,2056711364,NEFU_FIFTY_SEVEN_00799760,USD,boz1,-1.26,DEC 21 SYBEAN OIL,2021-07-20,2021-07-20,45,No-pair,OB,OB,MV Swing,2021-09-02T00:00:00,8971506022,-1184097190
948,119_8971472236_Advent Geneva,156_8971472236_Newedge,2096555332,NEFU_FIFTY_SEVEN_00799802,EUR,vgu1,-78739.51,EURO STOXX 50     Sep21,2021-08-10,2021-08-10,24,No-pair,OB,SMB,MV Swing,2021-09-02T00:00:00,8971506022,-1184097190
949,99_8971462157_Advent Geneva,176_8971462157_Newedge,2083549876,NEFU_FIFTY_SEVEN_00799804,KRW,kmu1,-17.49,KOSPI2 INX FUT    Sep21,2021-08-03,2021-08-03,31,No-pair,OB,SMB,MV Swing,2021-09-02T00:00:00,8971506022,-1184097190
950,133_8971488329_Advent Geneva,66_8971488329_Newedge,2118786202,NEFU_FIFTY_SEVEN_00799803,THB,bcu1,1551.89,SET50 FUTURES     Sep21,2021-08-20,2021-08-20,14,No-pair,OB,SMB,MV Swing,2021-09-02T00:00:00,8971506022,-1184097190
951,140_8971502090_Advent Geneva,65_8971502090_Newedge,2135789267,NEFU_FIFTY_SEVEN_00799803,SGD,qzu1,-1213.02,MSCI SING IX ETS  Sep21,2021-08-31,2021-08-31,3,No-pair,OB,SMB,MV Swing,2021-09-02T00:00:00,8971506022,-1184097190
952,,273_8971488329_Newedge,2118786213,NEFU_FIFTY_SEVEN_00799760,USD,s x1,-13.23,NOV 21 SOYBEANS,2021-08-20,2021-08-20,14,No-pair,OB,OB,MV Swing,2021-09-02T00:00:00,8971506022,-1184097190
953,38_8971496173_Advent Geneva,22_8971496173_Newedge,2128393917,NEFU_FIFTY_SEVEN_00799769,EUR,eou1,-3313.13,AMSTERDAM IDX FUT Sep21,2021-08-26,2021-08-26,8,No-pair,OB,SMB,MV Swing,2021-09-02T00:00:00,8971506022,-1184097190
954,57_8971478351_Advent Geneva,,2105432114,NEFU_FIFTY_SEVEN_00799802,EUR,vgu1,-1.31,EURO STOXX 50     Sep21,2021-08-10,2021-08-10,20,No-pair,OB,OB,MV Swing,2021-09-02T00:00:00,8971506022,-1184097190
956,14_8971484218_Advent Geneva,2_8971484218_Newedge,2113336287,NEFU_FIFTY_SEVEN_00799803,AUD,xpu1,-6795.61,SPI 200 FUTURES   Sep21,2021-08-18,2021-08-18,16,No-pair,OB,SMB,MV Swing,2021-09-02T00:00:00,8971506022,-1184097190
957,115_8971384572_Advent Geneva,,1984484384,NEFU_FIFTY_SEVEN_00799804,KRW,kmu1,-1359.86,KOSPI2 INX FUT    Sep21,2021-06-08,2021-06-08,86,No-pair,OB,OB,MV Swing,2021-09-02T00:00:00,8971506022,-1184097190
958,101_8971500148_Advent Geneva,196_8971500148_Newedge,2133391797,NEFU_FIFTY_SEVEN_00799804,KRW,kmu1,-109.71,KOSPI2 INX FUT    Sep21,2021-08-30,2021-08-30,4,No-pair,OB,SMB,MV Swing,2021-09-02T00:00:00,8971506022,-1184097190
959,650_8971422667_Advent Geneva,98_8971422667_Newedge,2033341356,NEFU_FIFTY_SEVEN_00799769,USD,esu1,1101.42,S&P500 EMINI FUT  Sep21,2021-07-06,2021-07-06,59,No-pair,OB,SMB,MV Swing,2021-09-02T00:00:00,8971506022,-1184097190
960,199_8971504138_Advent Geneva,53_8971504138_Newedge,2138199720,NEFU_FIFTY_SEVEN_00799804,KRW,keu1,6131.38,KOREA 3YR BND FUT Sep21,2021-09-01,2021-09-01,2,No-pair,OB,SMB,MV Swing,2021-09-02T00:00:00,8971506022,-1184097190
961,95_8971415663_Advent Geneva,44_8971415663_Newedge,2023849613,NEFU_FIFTY_SEVEN_00799803,JPY,tpu1,34196.97,TOPIX INDX FUTR   Sep21,2021-06-30,2021-06-30,65,No-pair,OB,SMB,MV Swing,2021-09-02T00:00:00,8971506022,-1184097190
962,70_8971424734_Advent Geneva,147_8971424734_Newedge,2035490876,NEFU_FIFTY_SEVEN_00799803,AUD,xpu1,-43.68,SPI 200 FUTURES   Sep21,2021-07-07,2021-07-07,58,No-pair,OB,SMB,MV Swing,2021-09-02T00:00:00,8971506022,-1184097190
963,232_8971502090_Advent Geneva,128_8971502090_Newedge,2135789198,NEFU_FIFTY_SEVEN_00799769,USD,rtyu1,1680.22,E-Mini Russ 2000  Sep21,2021-08-31,2021-08-31,3,No-pair,OB,SMB,MV Swing,2021-09-02T00:00:00,8971506022,-1184097190
964,10_8971502090_Advent Geneva,149_8971502090_Newedge,2135788818,NEFU_FIFTY_SEVEN_00799803,AUD,xpu1,-142.93,SPI 200 FUTURES   Sep21,2021-08-31,2021-08-31,3,No-pair,OB,SMB,MV Swing,2021-09-02T00:00:00,8971506022,-1184097190
965,11_8971476567_Advent Geneva,136_8971476567_Newedge,2102139277,NEFU_FIFTY_SEVEN_00799803,AUD,xpu1,-229.64,SPI 200 FUTURES   Sep21,2021-08-12,2021-08-12,22,No-pair,OB,SMB,MV Swing,2021-09-02T00:00:00,8971506022,-1184097190
966,104_8971468335_Advent Geneva,,2091579457,NEFU_FIFTY_SEVEN_00799804,KRW,kmu1,21148.91,KOSPI2 INX FUT    Sep21,2021-08-06,2021-08-06,27,No-pair,OB,OB,MV Swing,2021-09-02T00:00:00,8971506022,-1184097190
967,120_8971504138_Advent Geneva,19_8971504138_Newedge,2138199459,NEFU_FIFTY_SEVEN_00799769,EUR,eou1,2084.56,AMSTERDAM IDX FUT Sep21,2021-09-01,2021-09-01,2,No-pair,OB,SMB,MV Swing,2021-09-02T00:00:00,8971506022,-1184097190
968,193_8971504138_Advent Geneva,,2138199527,NEFU_FIFTY_SEVEN_00799803,JPY,tpu1,-414782.42,TOPIX INDX FUTR   Sep21,2021-09-01,2021-09-01,1,No-pair,OB,OB,MV Swing,2021-09-02T00:00:00,8971506022,-1184097190
969,75_8971486166_Advent Geneva,52_8971486166_Newedge,2115963832,NEFU_FIFTY_SEVEN_00799802,EUR,vgu1,-30906.91,EURO STOXX 50     Sep21,2021-08-19,2021-08-19,15,No-pair,OB,SMB,MV Swing,2021-09-02T00:00:00,8971506022,-1184097190
970,381_8971424734_Advent Geneva,52_8971424734_Newedge,2035491130,NEFU_FIFTY_SEVEN_00799804,KRW,kmu1,27.89,KOSPI2 INX FUT    Sep21,2021-07-07,2021-07-07,58,No-pair,OB,SMB,MV Swing,2021-09-02T00:00:00,8971506022,-1184097190
971,231_8971500148_Advent Geneva,102_8971500148_Newedge,2133391501,NEFU_FIFTY_SEVEN_00799769,USD,esu1,2007.54,S&P500 EMINI FUT  Sep21,2021-08-30,2021-08-30,4,No-pair,OB,SMB,MV Swing,2021-09-02T00:00:00,8971506022,-1184097190
972,231_8971486166_Advent Geneva,114_8971486166_Newedge,2115963400,NEFU_FIFTY_SEVEN_00799769,USD,adu1,-273.32,AUDUSD Crncy Fut  Sep21,2021-08-19,2021-08-19,15,No-pair,OB,SMB,MV Swing,2021-09-02T00:00:00,8971506022,-1184097190
973,,271_8971494314_Newedge,2126181610,NEFU_FIFTY_SEVEN_00799762,USD,c z1,-113.88,DEC 21 CORN,2021-08-25,2021-08-25,9,No-pair,OB,OB,MV Swing,2021-09-02T00:00:00,8971506022,-1184097190
974,247_8971440316_Advent Geneva,289_8971440316_Newedge,2054295967,NEFU_FIFTY_SEVEN_00799802,USD,uxn1,-257.69,CBOE VIX FUTURE   Jul21,2021-07-19,2021-07-19,46,No-pair,OB,SMB,"Commission difference, SFO to advise",2021-09-02T00:00:00,8971506022,-1184097190
975,38_8971488329_Advent Geneva,176_8971488329_Newedge,2118786273,NEFU_FIFTY_SEVEN_00799769,EUR,eou1,-13.2,AMSTERDAM IDX FUT Sep21,2021-08-20,2021-08-20,14,No-pair,OB,SMB,MV Swing,2021-09-02T00:00:00,8971506022,-1184097190
976,107_8971390559_Advent Geneva,,1992286330,NEFU_FIFTY_SEVEN_00799804,KRW,kmu1,3.48,KOSPI2 INX FUT    Sep21,2021-06-11,2021-06-11,83,No-pair,OB,OB,MV Swing,2021-09-02T00:00:00,8971506022,-1184097190
977,134_8971480190_Advent Geneva,,2108158365,NEFU_FIFTY_SEVEN_00799802,EUR,vgu1,-37110.09,EURO STOXX 50     Sep21,2021-08-16,2021-08-16,17,No-pair,OB,OB,MV Swing,2021-09-02T00:00:00,8971506022,-1184097190
978,105_8971466268_Advent Geneva,47_8971466268_Newedge,2088714835,NEFU_FIFTY_SEVEN_00799803,JPY,tpu1,-56168.22,TOPIX INDX FUTR   Sep21,2021-08-05,2021-08-05,29,No-pair,OB,SMB,MV Swing,2021-09-02T00:00:00,8971506022,-1184097190
980,,4_8971405890_Newedge,2011018921,NEFU_FIFTY_SEVEN_00799760,CAD,cvu1,-7.99,SEP 21 ME 2Y GVT BOND,2021-06-22,2021-06-22,72,No-pair,OB,OB,GVA missing trades for TD 06/22,2021-09-02T00:00:00,8971506022,-1184097190
981,74_8971484218_Advent Geneva,181_8971484218_Newedge,2113336307,NEFU_FIFTY_SEVEN_00799802,EUR,vgu1,-166.75,EURO STOXX 50     Sep21,2021-08-18,2021-08-18,16,No-pair,OB,SMB,MV Swing,2021-09-02T00:00:00,8971506022,-1184097190
982,277_8971502090_Advent Geneva,,2135789161,NEFU_FIFTY_SEVEN_00799803,USD,twtu1,156.16,FTSE Taiwan Index Sep21,2021-08-31,2021-08-31,2,No-pair,OB,OB,MV Swing,2021-09-02T00:00:00,8971506022,-1184097190
984,26_8971504138_Advent Geneva,3_8971504138_Newedge,2138199460,NEFU_FIFTY_SEVEN_00799802,AUD,xpu1,-799.29,SPI 200 FUTURES   Sep21,2021-09-01,2021-09-01,2,No-pair,OB,SMB,PB Missing Trade,2021-09-02T00:00:00,8971506022,-1184097190
985,58_8971407862_Advent Geneva,31_8971407862_Newedge,2013326187,NEFU_FIFTY_SEVEN_00799802,EUR,vgu1,-3210.44,EURO STOXX 50     Sep21,2021-06-24,2021-06-24,71,No-pair,OB,SMB,MV Swing,2021-09-02T00:00:00,8971506022,-1184097190
986,127_8971482299_Advent Geneva,48_8971482299_Newedge,2110838117,NEFU_FIFTY_SEVEN_00799804,KRW,kmu1,12048.98,KOSPI2 INX FUT    Sep21,2021-08-17,2021-08-17,17,No-pair,OB,SMB,MV Swing,2021-09-02T00:00:00,8971506022,-1184097190
987,181_8971478351_Advent Geneva,78_8971478351_Newedge,2105432754,NEFU_FIFTY_SEVEN_00799760,USD,ecu1,-1123.68,EURO FX CURR FUT  Sep21,2021-08-13,2021-08-13,21,No-pair,OB,SMB,MV Swing,2021-09-02T00:00:00,8971506022,-1184097190
988,52_8971448246_Advent Geneva,,2063909275,NEFU_FIFTY_SEVEN_00799802,EUR,vgu1,-29716.15,EURO STOXX 50     Sep21,2021-07-23,2021-07-23,41,No-pair,OB,OB,MV Swing,2021-09-02T00:00:00,8971506022,-1184097190
989,98_8971389242_Advent Geneva,186_8971389242_Newedge,1990013276,NEFU_FIFTY_SEVEN_00799803,JPY,tpu1,-40.16,TOPIX INDX FUTR   Sep21,2021-06-10,2021-06-10,85,No-pair,OB,SMB,MV Swing,2021-09-02T00:00:00,8971506022,-1184097190
990,342_8971430481_Advent Geneva,105_8971430481_Newedge,2042742363,NEFU_FIFTY_SEVEN_00799769,USD,esu1,-5185.76,S&P500 EMINI FUT  Sep21,2021-07-12,2021-07-12,53,No-pair,OB,SMB,MV Swing,2021-09-02T00:00:00,8971506022,-1184097190
991,11_8971442331_Advent Geneva,154_8971442331_Newedge,2056711687,NEFU_FIFTY_SEVEN_00799803,AUD,xpu1,-30.27,SPI 200 FUTURES   Sep21,2021-07-20,2021-07-20,45,No-pair,OB,SMB,MV Swing,2021-09-02T00:00:00,8971506022,-1184097190
992,105_8971386551_Advent Geneva,,1986922906,NEFU_FIFTY_SEVEN_00799803,JPY,tpu1,170.2,TOPIX INDX FUTR   Sep21,2021-06-08,2021-06-08,85,No-pair,OB,OB,MV Swing,2021-09-02T00:00:00,8971506022,-1184097190
993,235_8971504138_Advent Geneva,217_8971504138_Newedge,2138199556,NEFU_FIFTY_SEVEN_00799760,USD,bzax1,290.0,Brent Fin Last Da Nov21,2021-09-01,2021-09-01,2,No-pair,OB,SMB,MV Swing,2021-09-02T00:00:00,8971506022,-1184097190
994,8_8971496173_Advent Geneva,7_8971496173_Newedge,2128393797,NEFU_FIFTY_SEVEN_00799803,AUD,xpu1,-8031.12,SPI 200 FUTURES   Sep21,2021-08-26,2021-08-26,8,No-pair,OB,SMB,MV Swing,2021-09-02T00:00:00,8971506022,-1184097190
995,249_8971444152_Advent Geneva,,2058928334,NEFU_FIFTY_SEVEN_00799769,USD,esu1,27928.16,S&P500 EMINI FUT  Sep21,2021-07-21,2021-07-21,43,No-pair,OB,OB,MV Swing,2021-09-02T00:00:00,8971506022,-1184097190
996,260_8971496173_Advent Geneva,317_8971496173_Newedge,2128394234,NEFU_FIFTY_SEVEN_00799801,USD,esu1,-9.86,S&P500 EMINI FUT  Sep21,2021-08-26,2021-08-26,8,No-pair,OB,SMB,MV Swing,2021-09-02T00:00:00,8971506022,-1184097190
997,9_8971496173_Advent Geneva,153_8971496173_Newedge,2128393804,NEFU_FIFTY_SEVEN_00799803,AUD,xpu1,-169.35,SPI 200 FUTURES   Sep21,2021-08-26,2021-08-26,8,No-pair,OB,SMB,MV Swing,2021-09-02T00:00:00,8971506022,-1184097190
998,280_8971411649_Advent Geneva,,2018827399,NEFU_FIFTY_SEVEN_00799803,USD,ihn1,-420.0,SGX Nifty 50      Jul21,2021-06-23,2021-06-23,66,No-pair,OB,OB,"Commission difference, SFO to advise",2021-09-02T00:00:00,8971506022,-1184097190
999,9_8971438425_Advent Geneva,16_8971438425_Newedge,2051927054,NEFU_FIFTY_SEVEN_00799803,AUD,xpu1,-11187.43,SPI 200 FUTURES   Sep21,2021-07-16,2021-07-16,49,No-pair,OB,SMB,MV Swing,2021-09-02T00:00:00,8971506022,-1184097190
1000,305_8971480190_Advent Geneva,97_8971480190_Newedge,2108158455,NEFU_FIFTY_SEVEN_00799762,USD,mesu1,-319.2,MSCI EmgMkt       Sep21,2021-08-16,2021-08-16,18,No-pair,OB,SMB,MV Swing,2021-09-02T00:00:00,8971506022,-1184097190
1001,244_8971432624_Advent Geneva,262_8971432624_Newedge,2044955294,NEFU_FIFTY_SEVEN_00799769,USD,cou1,-23.8,BRENT CRUDE FUTR  Sep21,2021-07-13,2021-07-13,52,No-pair,OB,SMB,"Commission difference, SFO to advise",2021-09-02T00:00:00,8971506022,-1184097190
1002,137_8971498170_Advent Geneva,227_8971498170_Newedge,2130964313,NEFU_FIFTY_SEVEN_00799803,SGD,qzu1,-179.5,MSCI SING IX ETS  Sep21,2021-08-27,2021-08-27,7,No-pair,OB,SMB,MV Swing,2021-09-02T00:00:00,8971506022,-1184097190
1003,194_8971500148_Advent Geneva,94_8971500148_Newedge,2133391938,NEFU_FIFTY_SEVEN_00799762,USD,tyz1,-901.26,US 10YR NOTE (CBT)Dec21,2021-08-30,2021-08-30,4,No-pair,OB,SMB,MV Swing,2021-09-02T00:00:00,8971506022,-1184097190
1004,308_8971504138_Advent Geneva,95_8971502090_Newedge,2138199341,NEFU_FIFTY_SEVEN_00799762,USD,clv1,-748.16,WTI CRUDE FUTURE  Oct21,2021-08-31,2021-08-31,3,No-pair,OB,SMB,MV Swing,2021-09-02T00:00:00,8971506022,-1184097190
1005,,167_8971498170_Newedge,2130964355,NEFU_FIFTY_SEVEN_00799762,EUR,ibu1,-92.74,SEP 21 MRV IBEX 35,2021-08-27,2021-08-27,7,No-pair,OB,OB,MV Swing,2021-09-02T00:00:00,8971506022,-1184097190
1006,100_8971462157_Advent Geneva,,2083549877,NEFU_FIFTY_SEVEN_00799804,KRW,kmu1,-1731.55,KOSPI2 INX FUT    Sep21,2021-08-03,2021-08-03,30,No-pair,OB,OB,MV Swing,2021-09-02T00:00:00,8971506022,-1184097190
1007,107_8971498170_Advent Geneva,213_8971498170_Newedge,2130964431,NEFU_FIFTY_SEVEN_00799803,JPY,tpu1,41084.47,TOPIX INDX FUTR   Sep21,2021-08-27,2021-08-27,7,No-pair,OB,SMB,MV Swing,2021-09-02T00:00:00,8971506022,-1184097190
1008,203_8971448246_Advent Geneva,255_8971448246_Newedge,2063909407,NEFU_FIFTY_SEVEN_00799769,USD,esu1,-32.48,S&P500 EMINI FUT  Sep21,2021-07-23,2021-07-23,42,No-pair,OB,SMB,MV Swing,2021-09-02T00:00:00,8971506022,-1184097190
1009,103_8971454063_Advent Geneva,193_8971454063_Newedge,2071656134,NEFU_FIFTY_SEVEN_00799803,JPY,tpu1,-97.53,TOPIX INDX FUTR   Sep21,2021-07-28,2021-07-28,37,No-pair,OB,SMB,MV Swing,2021-09-02T00:00:00,8971506022,-1184097190
1010,,140_8971500148_Newedge,2133391613,NEFU_FIFTY_SEVEN_00799801,CAD,ptu1,-16.3,SEP 21 ME S&P CAN 60,2021-08-30,2021-08-30,4,No-pair,OB,OB,MV Swing,2021-09-02T00:00:00,8971506022,-1184097190
1011,33_8971500148_Advent Geneva,152_8971500148_Newedge,2133391527,NEFU_FIFTY_SEVEN_00799769,EUR,eou1,-7.92,AMSTERDAM IDX FUT Sep21,2021-08-30,2021-08-30,4,No-pair,OB,SMB,MV Swing,2021-09-02T00:00:00,8971506022,-1184097190
1012,214_8971432624_Advent Geneva,90_8971432624_Newedge,2044955567,NEFU_FIFTY_SEVEN_00799762,USD,twtn1,420.84,FTSE Taiwan Index Jul21,2021-07-13,2021-07-13,52,No-pair,OB,SMB,"Commission difference, SFO to advise",2021-09-02T00:00:00,8971506022,-1184097190
1014,,188_8971502090_Newedge,2135788822,NEFU_FIFTY_SEVEN_00799762,GBP,z u1,-32.35,SEP 21 NEW FTSE 100,2021-08-31,2021-08-31,3,No-pair,OB,OB,MV Swing,2021-09-02T00:00:00,8971506022,-1184097190
1015,292_8971478351_Advent Geneva,309_8971478351_Newedge,2105432629,NEFU_FIFTY_SEVEN_00799769,USD,esu1,10.82,S&P500 EMINI FUT  Sep21,2021-08-13,2021-08-13,21,No-pair,OB,SMB,MV Swing,2021-09-02T00:00:00,8971506022,-1184097190
1016,233_8971500148_Advent Geneva,,2133391535,NEFU_FIFTY_SEVEN_00799769,USD,esu1,6291.56,S&P500 EMINI FUT  Sep21,2021-08-30,2021-08-30,3,No-pair,OB,OB,MV Swing,2021-09-02T00:00:00,8971506022,-1184097190
1017,177_8971492132_Advent Geneva,73_8971492132_Newedge,2123793695,NEFU_FIFTY_SEVEN_00799760,USD,esu1,-158.18,S&P500 EMINI FUT  Sep21,2021-08-24,2021-08-24,10,No-pair,OB,SMB,MV Swing,2021-09-02T00:00:00,8971506022,-1184097190
1018,,269_8971504138_Newedge,2138199662,NEFU_FIFTY_SEVEN_00799762,USD,nqu1,-55.42,SEP 21 IMM EMINI NSDQ,2021-09-01,2021-09-01,2,No-pair,OB,OB,MV Swing,2021-09-02T00:00:00,8971506022,-1184097190
1020,222_8971470255_Advent Geneva,94_8971470255_Newedge,2094162944,NEFU_FIFTY_SEVEN_00799769,USD,esu1,-1917.78,S&P500 EMINI FUT  Sep21,2021-08-09,2021-08-09,25,No-pair,OB,SMB,MV Swing,2021-09-02T00:00:00,8971506022,-1184097190
1021,107_8971476567_Advent Geneva,193_8971476567_Newedge,2102139420,NEFU_FIFTY_SEVEN_00799803,JPY,tpu1,-112.83,TOPIX INDX FUTR   Sep21,2021-08-12,2021-08-12,22,No-pair,OB,SMB,MV Swing,2021-09-02T00:00:00,8971506022,-1184097190
1022,147_8971409824_Advent Geneva,204_8971409824_Newedge,2016190083,NEFU_FIFTY_SEVEN_00799760,USD,boz1,-34.02,SOYBEAN OIL FUTR  Dec21,2021-06-25,2021-06-25,70,No-pair,OB,SMB,MV Swing,2021-09-02T00:00:00,8971506022,-1184097190
1023,39_8971490018_Advent Geneva,173_8971488329_Newedge,2121115765,NEFU_FIFTY_SEVEN_00799762,EUR,ibu1,-17562.12,IBEX 35 INDX FUTR Sep21,2021-08-20,2021-08-20,14,No-pair,OB,SMB,MV Swing,2021-09-02T00:00:00,8971506022,-1184097190
1024,108_8971450109_Advent Geneva,,2066110907,NEFU_FIFTY_SEVEN_00799804,KRW,kmu1,4.62,KOSPI2 INX FUT    Sep21,2021-07-26,2021-07-26,38,No-pair,OB,OB,MV Swing,2021-09-02T00:00:00,8971506022,-1184097190
1025,66_8971422667_Advent Geneva,135_8971422667_Newedge,2033341334,NEFU_FIFTY_SEVEN_00799803,AUD,xpu1,-151.45,SPI 200 FUTURES   Sep21,2021-07-06,2021-07-06,59,No-pair,OB,SMB,MV Swing,2021-09-02T00:00:00,8971506022,-1184097190
1026,,228_8971474187_Newedge,2099137186,NEFU_FIFTY_SEVEN_00799760,USD,boz1,-1.26,DEC 21 SYBEAN OIL,2021-08-11,2021-08-11,23,No-pair,OB,OB,MV Swing,2021-09-02T00:00:00,8971506022,-1184097190
1027,220_8971480190_Advent Geneva,218_8971480190_Newedge,2108158449,NEFU_FIFTY_SEVEN_00799803,THB,bcu1,-294.24,SET50 FUTURES     Sep21,2021-08-16,2021-08-16,18,No-pair,OB,SMB,MV Swing,2021-09-02T00:00:00,8971506022,-1184097190
1028,269_8971417585_Advent Geneva,235_8971417585_Newedge,2026970905,NEFU_FIFTY_SEVEN_00799769,USD,esu1,-13.34,S&P500 EMINI FUT  Sep21,2021-07-01,2021-07-01,64,No-pair,OB,SMB,MV Swing,2021-09-02T00:00:00,8971506022,-1184097190
1029,60_8971458108_Advent Geneva,,2077723141,NEFU_FIFTY_SEVEN_00799802,EUR,vgu1,9.15,EURO STOXX 50     Sep21,2021-07-30,2021-07-30,34,No-pair,OB,OB,MV Swing,2021-09-02T00:00:00,8971506022,-1184097190
1030,13_8971464347_Advent Geneva,35_8971464347_Newedge,2086169669,NEFU_FIFTY_SEVEN_00799803,AUD,xpu1,-1355.87,SPI 200 FUTURES   Sep21,2021-08-04,2021-08-04,30,No-pair,OB,SMB,MV Swing,2021-09-02T00:00:00,8971506022,-1184097190
1031,126_8971504138_Advent Geneva,24_8971504138_Newedge,2138199552,NEFU_FIFTY_SEVEN_00799769,EUR,vgu1,-498.1,EURO STOXX 50     Sep21,2021-09-01,2021-09-01,2,No-pair,OB,SMB,MV Swing,2021-09-02T00:00:00,8971506022,-1184097190
1032,111_8971442331_Advent Geneva,54_8971442331_Newedge,2056711882,NEFU_FIFTY_SEVEN_00799804,KRW,kmu1,12723.33,KOSPI2 INX FUT    Sep21,2021-07-20,2021-07-20,45,No-pair,OB,SMB,MV Swing,2021-09-02T00:00:00,8971506022,-1184097190
1033,218_8971430481_Advent Geneva,,2042742458,NEFU_FIFTY_SEVEN_00799760,USD,boz1,-1960200.0,SOYBEAN OIL FUTR  Dec21,2021-06-28,2021-06-28,52,No-pair,OB,OB,MV Swing,2021-09-02T00:00:00,8971506022,-1184097190
1034,147_8971426687_Advent Geneva,195_8971426687_Newedge,2037767438,NEFU_FIFTY_SEVEN_00799804,KRW,kmu1,-85.91,KOSPI2 INX FUT    Sep21,2021-07-08,2021-07-08,57,No-pair,OB,SMB,MV Swing,2021-09-02T00:00:00,8971506022,-1184097190
1036,236_8971498170_Advent Geneva,108_8971498170_Newedge,2130964654,NEFU_FIFTY_SEVEN_00799769,USD,ecu1,-86.94,EURO FX CURR FUT  Sep21,2021-08-27,2021-08-27,7,No-pair,OB,SMB,MV Swing,2021-09-02T00:00:00,8971506022,-1184097190
1037,,3_8971498170_Newedge,2130964039,NEFU_FIFTY_SEVEN_00799762,AUD,xpu1,21952.04,SEP 21 SFE SPI 200,2021-08-27,2021-08-27,7,No-pair,OB,OB,MV Swing,2021-09-02T00:00:00,8971506022,-1184097190
1038,94_8971411649_Advent Geneva,,2018834270,NEFU_FIFTY_SEVEN_00799804,KRW,kmu1,1051.6,KOSPI2 INX FUT    Sep21,2021-06-28,2021-06-28,66,No-pair,OB,OB,MV Swing,2021-09-02T00:00:00,8971506022,-1184097190
1039,52_8971462157_Advent Geneva,29_8971462157_Newedge,2083549832,NEFU_FIFTY_SEVEN_00799802,EUR,vgu1,-6397.34,EURO STOXX 50     Sep21,2021-08-03,2021-08-03,31,No-pair,OB,SMB,MV Swing,2021-09-02T00:00:00,8971506022,-1184097190
1040,162_8971472236_Advent Geneva,176_8971472236_Newedge,2096555216,NEFU_FIFTY_SEVEN_00799803,JPY,tpu1,-38.25,TOPIX INDX FUTR   Sep21,2021-08-10,2021-08-10,24,No-pair,OB,SMB,MV Swing,2021-09-02T00:00:00,8971506022,-1184097190
1041,138_8971504138_Advent Geneva,173_8971504138_Newedge,2138199760,NEFU_FIFTY_SEVEN_00799802,EUR,vgu1,-96.12,EURO STOXX 50     Sep21,2021-09-01,2021-09-01,2,No-pair,OB,SMB,MV Swing,2021-09-02T00:00:00,8971506022,-1184097190
1042,,306_8971480190_Newedge,2108158081,NEFU_FIFTY_SEVEN_00799802,USD,uxq1,-131.25,AUG 21 CFE VIX,2021-08-16,2021-08-16,18,No-pair,OB,OB,"Commission difference, SFO to advise",2021-09-02T00:00:00,8971506022,-1184097190
1043,18_8971496173_Advent Geneva,13_8971496173_Newedge,2128393942,NEFU_FIFTY_SEVEN_00799801,CAD,ptu1,-320.42,S&P/TSX 60 IX FUT Sep21,2021-08-26,2021-08-26,8,No-pair,OB,SMB,MV Swing,2021-09-02T00:00:00,8971506022,-1184097190
1044,171_8971472236_Advent Geneva,180_8971472236_Newedge,2096555485,NEFU_FIFTY_SEVEN_00799804,KRW,kmu1,-42.88,KOSPI2 INX FUT    Sep21,2021-08-10,2021-08-10,24,No-pair,OB,SMB,MV Swing,2021-09-02T00:00:00,8971506022,-1184097190
1045,103_8971384572_Advent Geneva,188_8971384572_Newedge,1984484745,NEFU_FIFTY_SEVEN_00799803,JPY,tpu1,16.08,TOPIX INDX FUTR   Sep21,2021-06-08,2021-06-08,87,No-pair,OB,SMB,MV Swing,2021-09-02T00:00:00,8971506022,-1184097190
1046,250_8971400205_Advent Geneva,128_8971400205_Newedge,2003875181,NEFU_FIFTY_SEVEN_00799769,USD,esu1,48291.24,S&P500 EMINI FUT  Sep21,2021-06-18,2021-06-18,77,No-pair,OB,SMB,MV Swing,2021-09-02T00:00:00,8971506022,-1184097190
1047,7_8971417585_Advent Geneva,2_8971417585_Newedge,2026970518,NEFU_FIFTY_SEVEN_00799803,AUD,xpu1,2240.29,SPI 200 FUTURES   Sep21,2021-07-01,2021-07-01,64,No-pair,OB,SMB,MV Swing,2021-09-02T00:00:00,8971506022,-1184097190
1048,13_8971394513_Advent Geneva,4_8971394513_Newedge,1997216720,NEFU_FIFTY_SEVEN_00799803,AUD,xpu1,-6087.79,SPI 200 FUTURES   Sep21,2021-06-15,2021-06-15,80,No-pair,OB,SMB,MV Swing,2021-09-02T00:00:00,8971506022,-1184097190
1049,,94_8971496173_Newedge,2128393760,NEFU_FIFTY_SEVEN_00799760,USD,w h2,-975.0,MAR 22 WHEAT,2021-08-26,2021-08-26,8,No-pair,OB,OB,MV Swing,2021-09-02T00:00:00,8971506022,-1184097190
1050,125_8971504138_Advent Geneva,160_8971504138_Newedge,2138199569,NEFU_FIFTY_SEVEN_00799769,EUR,vgu1,-7.19,EURO STOXX 50     Sep21,2021-09-01,2021-09-01,2,No-pair,OB,SMB,MV Swing,2021-09-02T00:00:00,8971506022,-1184097190
1051,174_8971504138_Advent Geneva,42_8971504138_Newedge,2138199644,NEFU_FIFTY_SEVEN_00799803,HKD,hcu1,46918.68,HSCEI Futures     Sep21,2021-09-01,2021-09-01,2,No-pair,OB,SMB,MV Swing,2021-09-02T00:00:00,8971506022,-1184097190
1052,195_8971444152_Advent Geneva,104_8971444152_Newedge,2058928436,NEFU_FIFTY_SEVEN_00799769,USD,adu1,-258.32,AUDUSD Crncy Fut  Sep21,2021-07-21,2021-07-21,44,No-pair,OB,SMB,MV Swing,2021-09-02T00:00:00,8971506022,-1184097190
1053,,274_8971428733_Newedge,2040159509,NEFU_FIFTY_SEVEN_00799762,USD,twtn1,-312.66,JUL 21 FTSE TAIWAN FU,2021-07-09,2021-07-09,56,No-pair,OB,OB,"Commission difference, SFO to advise",2021-09-02T00:00:00,8971506022,-1184097190
1054,224_8971442331_Advent Geneva,94_8971442331_Newedge,2056711837,NEFU_FIFTY_SEVEN_00799762,USD,cox1,229.36,BRENT CRUDE FUTR  Nov21,2021-07-20,2021-07-20,45,No-pair,OB,SMB,"Commission difference, SFO to advise",2021-09-02T00:00:00,8971506022,-1184097190
1055,219_8971498170_Advent Geneva,267_8971498170_Newedge,2130964606,NEFU_FIFTY_SEVEN_00799762,USD,clv1,-20.0,WTI CRUDE FUTURE  Oct21,2021-08-27,2021-08-27,7,No-pair,OB,SMB,MV Swing,2021-09-02T00:00:00,8971506022,-1184097190
1057,222_8971498170_Advent Geneva,102_8971498170_Newedge,2130964665,NEFU_FIFTY_SEVEN_00799769,USD,adu1,-622.2,AUDUSD Crncy Fut  Sep21,2021-08-27,2021-08-27,7,No-pair,OB,SMB,MV Swing,2021-09-02T00:00:00,8971506022,-1184097190
1058,186_8971500148_Advent Geneva,91_8971500148_Newedge,2133391888,NEFU_FIFTY_SEVEN_00799762,USD,nqu1,186.16,NASDAQ 100 E-MINI Sep21,2021-08-30,2021-08-30,4,No-pair,OB,SMB,MV Swing,2021-09-02T00:00:00,8971506022,-1184097190
1059,260_8971500148_Advent Geneva,122_8971500148_Newedge,2133391939,NEFU_FIFTY_SEVEN_00799803,USD,twtu1,-53636.04,FTSE Taiwan Index Sep21,2021-08-30,2021-08-30,4,No-pair,OB,SMB,MV Swing,2021-09-02T00:00:00,8971506022,-1184097190
1060,154_8971492132_Advent Geneva,243_8971492132_Newedge,2123794044,NEFU_FIFTY_SEVEN_00799760,USD,ecu1,-10.88,EURO FX CURR FUT  Sep21,2021-08-24,2021-08-24,10,No-pair,OB,SMB,MV Swing,2021-09-02T00:00:00,8971506022,-1184097190
1061,75_8971482299_Advent Geneva,,2110838143,NEFU_FIFTY_SEVEN_00799802,EUR,vgu1,6893.95,EURO STOXX 50     Sep21,2021-08-17,2021-08-17,16,No-pair,OB,OB,MV Swing,2021-09-02T00:00:00,8971506022,-1184097190
1062,91_8971488329_Advent Geneva,44_8971488329_Newedge,2118786217,NEFU_FIFTY_SEVEN_00799762,JPY,niu1,29045.42,NIKKEI 225  (SGX) Sep21,2021-08-20,2021-08-20,14,No-pair,OB,SMB,MV Swing,2021-09-02T00:00:00,8971506022,-1184097190
1064,116_8971394513_Advent Geneva,,1997217246,NEFU_FIFTY_SEVEN_00799803,JPY,tpu1,-295.19,TOPIX INDX FUTR   Sep21,2021-06-08,2021-06-08,79,No-pair,OB,OB,MV Swing,2021-09-02T00:00:00,8971506022,-1184097190
1065,119_8971482299_Advent Geneva,44_8971482299_Newedge,2110838417,NEFU_FIFTY_SEVEN_00799803,JPY,tpu1,-82.46,TOPIX INDX FUTR   Sep21,2021-08-17,2021-08-17,17,No-pair,OB,SMB,MV Swing,2021-09-02T00:00:00,8971506022,-1184097190
1066,,272_8971480190_Newedge,2108158415,NEFU_FIFTY_SEVEN_00799762,USD,mesu1,-340.8,SEP 21 ICUS MSCI EMG,2021-08-16,2021-08-16,18,No-pair,OB,OB,MV Swing,2021-09-02T00:00:00,8971506022,-1184097190
1067,10_8971492132_Advent Geneva,6_8971492132_Newedge,2123793703,NEFU_FIFTY_SEVEN_00799803,AUD,xpu1,-19704.04,SPI 200 FUTURES   Sep21,2021-08-24,2021-08-24,10,No-pair,OB,SMB,MV Swing,2021-09-02T00:00:00,8971506022,-1184097190
1068,12_8971498170_Advent Geneva,7_8971498170_Newedge,2130964174,NEFU_FIFTY_SEVEN_00799803,AUD,xpu1,139.66,SPI 200 FUTURES   Sep21,2021-08-27,2021-08-27,7,No-pair,OB,SMB,MV Swing,2021-09-02T00:00:00,8971506022,-1184097190
1069,95_8971409824_Advent Geneva,44_8971409824_Newedge,2016189894,NEFU_FIFTY_SEVEN_00799803,JPY,tpu1,7879.07,TOPIX INDX FUTR   Sep21,2021-06-25,2021-06-25,70,No-pair,OB,SMB,MV Swing,2021-09-02T00:00:00,8971506022,-1184097190
1070,71_8971504138_Advent Geneva,,2138199485,NEFU_FIFTY_SEVEN_00799803,AUD,xpu1,1.0,SPI 200 FUTURES   Sep21,2021-09-01,2021-09-01,1,No-pair,OB,OB,MV Swing,2021-09-02T00:00:00,8971506022,-1184097190
1071,296_8971490018_Advent Geneva,104_8971490018_Newedge,2121116307,NEFU_FIFTY_SEVEN_00799769,USD,esu1,-441.3,S&P500 EMINI FUT  Sep21,2021-08-23,2021-08-23,11,No-pair,OB,SMB,MV Swing,2021-09-02T00:00:00,8971506022,-1184097190
1072,121_8971464347_Advent Geneva,225_8971464347_Newedge,2086169975,NEFU_FIFTY_SEVEN_00799803,THB,bcu1,-121.26,SET50 FUTURES     Sep21,2021-08-04,2021-08-04,30,No-pair,OB,SMB,MV Swing,2021-09-02T00:00:00,8971506022,-1184097190
1073,123_8971502090_Advent Geneva,,2135788855,NEFU_FIFTY_SEVEN_00799804,KRW,kmu1,-20779.5,KOSPI2 INX FUT    Sep21,2021-08-31,2021-08-31,2,No-pair,OB,OB,MV Swing,2021-09-02T00:00:00,8971506022,-1184097190
1074,269_8971426687_Advent Geneva,266_8971426687_Newedge,2037767003,NEFU_FIFTY_SEVEN_00799769,USD,esu1,-29.58,S&P500 EMINI FUT  Sep21,2021-07-08,2021-07-08,57,No-pair,OB,SMB,MV Swing,2021-09-02T00:00:00,8971506022,-1184097190
1075,554_8971424734_Advent Geneva,114_8971424734_Newedge,2035491341,NEFU_FIFTY_SEVEN_00799769,USD,esu1,-31274.42,S&P500 EMINI FUT  Sep21,2021-07-07,2021-07-07,58,No-pair,OB,SMB,MV Swing,2021-09-02T00:00:00,8971506022,-1184097190
1076,68_8971424734_Advent Geneva,,2035491548,NEFU_FIFTY_SEVEN_00799803,AUD,xpu1,159279.06,SPI 200 FUTURES   Sep21,2021-07-06,2021-07-06,57,No-pair,OB,OB,MV Swing,2021-09-02T00:00:00,8971506022,-1184097190
1077,102_8971474187_Advent Geneva,204_8971474187_Newedge,2099137279,NEFU_FIFTY_SEVEN_00799803,JPY,tpu1,-131.0,TOPIX INDX FUTR   Sep21,2021-08-11,2021-08-11,23,No-pair,OB,SMB,MV Swing,2021-09-02T00:00:00,8971506022,-1184097190
1078,128_8971482299_Advent Geneva,205_8971482299_Newedge,2110838150,NEFU_FIFTY_SEVEN_00799804,KRW,kmu1,13565.85,KOSPI2 INX FUT    Sep21,2021-08-17,2021-08-17,17,No-pair,OB,SMB,MV Swing,2021-09-02T00:00:00,8971506022,-1184097190
1079,7_8971411649_Advent Geneva,3_8971411649_Newedge,2018831808,NEFU_FIFTY_SEVEN_00799803,AUD,xpu1,-434.88,SPI 200 FUTURES   Sep21,2021-06-28,2021-06-28,67,No-pair,OB,SMB,MV Swing,2021-09-02T00:00:00,8971506022,-1184097190
1080,44_8971420288_Advent Geneva,131_8971420288_Newedge,2030839010,NEFU_FIFTY_SEVEN_00799802,EUR,vgu1,-33.35,EURO STOXX 50     Sep21,2021-07-05,2021-07-05,60,No-pair,OB,SMB,MV Swing,2021-09-02T00:00:00,8971506022,-1184097190
1081,231_8971462157_Advent Geneva,87_8971462157_Newedge,2083550044,NEFU_FIFTY_SEVEN_00799769,USD,esu1,-2818.04,S&P500 EMINI FUT  Sep21,2021-08-03,2021-08-03,31,No-pair,OB,SMB,MV Swing,2021-09-02T00:00:00,8971506022,-1184097190
1082,46_8971404061_Advent Geneva,161_8971404061_Newedge,2008716706,NEFU_FIFTY_SEVEN_00799802,EUR,vgu1,-169.36,EURO STOXX 50     Sep21,2021-06-22,2021-06-22,73,No-pair,OB,SMB,MV Swing,2021-09-02T00:00:00,8971506022,-1184097190
1083,186_8971492132_Advent Geneva,234_8971492132_Newedge,2123794239,NEFU_FIFTY_SEVEN_00799760,USD,boz1,-6.3,SOYBEAN OIL FUTR  Dec21,2021-08-24,2021-08-24,10,No-pair,OB,SMB,MV Swing,2021-09-02T00:00:00,8971506022,-1184097190
1084,17_8971482299_Advent Geneva,,2110838091,NEFU_FIFTY_SEVEN_00799803,AUD,xpu1,43885.48,SPI 200 FUTURES   Sep21,2021-08-17,2021-08-17,16,No-pair,OB,OB,MV Swing,2021-09-02T00:00:00,8971506022,-1184097190
1085,255_8971494314_Advent Geneva,113_8971494314_Newedge,2126181188,NEFU_FIFTY_SEVEN_00799769,USD,esu1,-628.8,S&P500 EMINI FUT  Sep21,2021-08-25,2021-08-25,9,No-pair,OB,SMB,MV Swing,2021-09-02T00:00:00,8971506022,-1184097190
1086,,249_8971434624_Newedge,2047328439,NEFU_FIFTY_SEVEN_00799762,USD,twtn1,-273.78,JUL 21 FTSE TAIWAN FU,2021-07-14,2021-07-14,51,No-pair,OB,OB,"Commission difference, SFO to advise",2021-09-02T00:00:00,8971506022,-1184097190
1088,48_8971417585_Advent Geneva,29_8971417585_Newedge,2026970569,NEFU_FIFTY_SEVEN_00799802,EUR,vgu1,769.59,EURO STOXX 50     Sep21,2021-07-01,2021-07-01,64,No-pair,OB,SMB,MV Swing,2021-09-02T00:00:00,8971506022,-1184097190
1089,223_8971494314_Advent Geneva,88_8971494314_Newedge,2126181256,NEFU_FIFTY_SEVEN_00799762,USD,clx1,124.6,WTI CRUDE FUTURE  Nov21,2021-08-25,2021-08-25,9,No-pair,OB,SMB,MV Swing,2021-09-02T00:00:00,8971506022,-1184097190
1090,7_8971407862_Advent Geneva,136_8971407862_Newedge,2013326648,NEFU_FIFTY_SEVEN_00799803,AUD,xpu1,-12.66,SPI 200 FUTURES   Sep21,2021-06-24,2021-06-24,71,No-pair,OB,SMB,MV Swing,2021-09-02T00:00:00,8971506022,-1184097190
1091,223_8971472236_Advent Geneva,197_8971472236_Newedge,2096555421,NEFU_FIFTY_SEVEN_00799760,USD,boz1,-8.82,SOYBEAN OIL FUTR  Dec21,2021-08-10,2021-08-10,24,No-pair,OB,SMB,MV Swing,2021-09-02T00:00:00,8971506022,-1184097190
1092,56_8971440316_Advent Geneva,34_8971440316_Newedge,2054295769,NEFU_FIFTY_SEVEN_00799802,EUR,vgu1,68390.98,EURO STOXX 50     Sep21,2021-07-19,2021-07-19,46,No-pair,OB,SMB,MV Swing,2021-09-02T00:00:00,8971506022,-1184097190
1093,114_8971386551_Advent Geneva,176_8971386551_Newedge,1986922729,NEFU_FIFTY_SEVEN_00799804,KRW,kmu1,-173.6,KOSPI2 INX FUT    Sep21,2021-06-09,2021-06-09,86,No-pair,OB,SMB,MV Swing,2021-09-02T00:00:00,8971506022,-1184097190
1094,255_8971500148_Advent Geneva,310_8971500148_Newedge,2133391900,NEFU_FIFTY_SEVEN_00799803,USD,xuu1,-171.6,FTSE CHINA A50    Sep21,2021-08-30,2021-08-30,4,No-pair,OB,SMB,MV Swing,2021-09-02T00:00:00,8971506022,-1184097190
1095,104_8971407862_Advent Geneva,,2013326757,NEFU_FIFTY_SEVEN_00799803,JPY,tpu1,283.61,TOPIX INDX FUTR   Sep21,2021-06-22,2021-06-22,70,No-pair,OB,OB,MV Swing,2021-09-02T00:00:00,8971506022,-1184097190
1096,216_8971392386_Advent Geneva,237_8971392386_Newedge,1994509628,NEFU_FIFTY_SEVEN_00799769,USD,esu1,-13.34,S&P500 EMINI FUT  Sep21,2021-06-14,2021-06-14,81,No-pair,OB,SMB,MV Swing,2021-09-02T00:00:00,8971506022,-1184097190
1098,174_8971480190_Advent Geneva,49_8971480190_Newedge,2108158444,NEFU_FIFTY_SEVEN_00799803,JPY,tpu1,-17748.42,TOPIX INDX FUTR   Sep21,2021-08-16,2021-08-16,18,No-pair,OB,SMB,MV Swing,2021-09-02T00:00:00,8971506022,-1184097190
1100,,6_8971494314_Newedge,2126181178,NEFU_FIFTY_SEVEN_00799802,AUD,xpu1,-54610.11,SEP 21 SFE SPI 200,2021-08-25,2021-08-25,9,No-pair,OB,OB,MV Swing,2021-09-02T00:00:00,8971506022,-1184097190
1101,234_8971498170_Advent Geneva,118_8971498170_Newedge,2130964571,NEFU_FIFTY_SEVEN_00799769,USD,rtyu1,-1500.14,E-Mini Russ 2000  Sep21,2021-08-27,2021-08-27,7,No-pair,OB,SMB,MV Swing,2021-09-02T00:00:00,8971506022,-1184097190
1102,222_8971446202_Advent Geneva,93_8971446202_Newedge,2061446693,NEFU_FIFTY_SEVEN_00799769,USD,esu1,563.08,S&P500 EMINI FUT  Sep21,2021-07-22,2021-07-22,43,No-pair,OB,SMB,MV Swing,2021-09-02T00:00:00,8971506022,-1184097190
1103,289_8971496173_Advent Geneva,335_8971496173_Newedge,2128394287,NEFU_FIFTY_SEVEN_00799802,ZAR,aiu1,-87.36,FTSE/JSE TOP 40   Sep21,2021-08-26,2021-08-26,8,No-pair,OB,SMB,MV Swing,2021-09-02T00:00:00,8971506022,-1184097190
1104,,190_8971498170_Newedge,2130964449,NEFU_FIFTY_SEVEN_00799762,GBP,z u1,-11.97,SEP 21 NEW FTSE 100,2021-08-27,2021-08-27,7,No-pair,OB,OB,MV Swing,2021-09-02T00:00:00,8971506022,-1184097190
1105,269_8971502090_Advent Geneva,134_8971502090_Newedge,2135789256,NEFU_FIFTY_SEVEN_00799802,USD,tuz1,-8914.14,US 2YR NOTE (CBT) Dec21,2021-08-31,2021-08-31,3,No-pair,OB,SMB,MV Swing,2021-09-02T00:00:00,8971506022,-1184097190
1107,,271_8971476567_Newedge,2102139450,NEFU_FIFTY_SEVEN_00799769,USD,adu1,-2.8,SEP 21 AUSTRALIAN $,2021-08-12,2021-08-12,22,No-pair,OB,OB,MV Swing,2021-09-02T00:00:00,8971506022,-1184097190
1109,11_8971438425_Advent Geneva,147_8971438425_Newedge,2051927063,NEFU_FIFTY_SEVEN_00799803,AUD,xpu1,43.96,SPI 200 FUTURES   Sep21,2021-07-16,2021-07-16,49,No-pair,OB,SMB,MV Swing,2021-09-02T00:00:00,8971506022,-1184097190
1111,190_8971504138_Advent Geneva,198_8971504138_Newedge,2138199526,NEFU_FIFTY_SEVEN_00799803,JPY,tpu1,-177.85,TOPIX INDX FUTR   Sep21,2021-09-01,2021-09-01,2,No-pair,OB,SMB,MV Swing,2021-09-02T00:00:00,8971506022,-1184097190
1114,,306_8971504138_Newedge,2138199954,NEFU_FIFTY_SEVEN_00799803,USD,esu1,-9.28,SEP 21 EMINI S&P 500,2021-09-01,2021-09-01,2,No-pair,OB,OB,MV Swing,2021-09-02T00:00:00,8971506022,-1184097190
1115,121_8971494314_Advent Geneva,50_8971494314_Newedge,2126181471,NEFU_FIFTY_SEVEN_00799804,KRW,kmu1,-2423.93,KOSPI2 INX FUT    Sep21,2021-08-25,2021-08-25,9,No-pair,OB,SMB,MV Swing,2021-09-02T00:00:00,8971506022,-1184097190
1116,222_8971504138_Advent Geneva,215_8971504138_Newedge,2138199806,NEFU_FIFTY_SEVEN_00799803,THB,bcu1,-1265.16,SET50 FUTURES     Sep21,2021-09-01,2021-09-01,2,No-pair,OB,SMB,MV Swing,2021-09-02T00:00:00,8971506022,-1184097190
1117,222_8971482299_Advent Geneva,97_8971482299_Newedge,2110838459,NEFU_FIFTY_SEVEN_00799762,USD,nqu1,737.59,NASDAQ 100 E-MINI Sep21,2021-08-17,2021-08-17,17,No-pair,OB,SMB,MV Swing,2021-09-02T00:00:00,8971506022,-1184097190
1118,252_8971476567_Advent Geneva,107_8971476567_Newedge,2102139612,NEFU_FIFTY_SEVEN_00799769,USD,esu1,-5873.32,S&P500 EMINI FUT  Sep21,2021-08-12,2021-08-12,22,No-pair,OB,SMB,MV Swing,2021-09-02T00:00:00,8971506022,-1184097190
1119,81_8971462157_Advent Geneva,165_8971462157_Newedge,2083549466,NEFU_FIFTY_SEVEN_00799762,JPY,niu1,-45.23,NIKKEI 225  (SGX) Sep21,2021-08-03,2021-08-03,31,No-pair,OB,SMB,MV Swing,2021-09-02T00:00:00,8971506022,-1184097190
1120,118_8971500148_Advent Geneva,206_8971500148_Newedge,2133391639,NEFU_FIFTY_SEVEN_00799803,SGD,qzu1,-197.18,MSCI SING IX ETS  Sep21,2021-08-30,2021-08-30,4,No-pair,OB,SMB,MV Swing,2021-09-02T00:00:00,8971506022,-1184097190
1121,56_8971474187_Advent Geneva,184_8971474187_Newedge,2099136934,NEFU_FIFTY_SEVEN_00799802,EUR,vgu1,-85.01,EURO STOXX 50     Sep21,2021-08-11,2021-08-11,23,No-pair,OB,SMB,MV Swing,2021-09-02T00:00:00,8971506022,-1184097190
1122,122_8971464347_Advent Geneva,,2086169976,NEFU_FIFTY_SEVEN_00799803,THB,bcu1,-89.52,SET50 FUTURES     Sep21,2021-08-04,2021-08-04,29,No-pair,OB,OB,MV Swing,2021-09-02T00:00:00,8971506022,-1184097190
1123,148_8971409824_Advent Geneva,61_8971409824_Newedge,2016190089,NEFU_FIFTY_SEVEN_00799760,USD,boz1,-988861.98,SOYBEAN OIL FUTR  Dec21,2021-06-25,2021-06-25,70,No-pair,OB,SMB,MV Swing,2021-09-02T00:00:00,8971506022,-1184097190
1124,114_8971436488_Advent Geneva,46_8971436488_Newedge,2049572507,NEFU_FIFTY_SEVEN_00799803,JPY,tpu1,147629.8,TOPIX INDX FUTR   Sep21,2021-07-15,2021-07-15,50,No-pair,OB,SMB,MV Swing,2021-09-02T00:00:00,8971506022,-1184097190
1125,88_8971374774_Advent Geneva,,1971533257,NEFU_FIFTY_SEVEN_00799803,JPY,tpu1,0.96,TOPIX INDX FUTR   Sep21,2021-06-01,2021-06-01,93,No-pair,OB,OB,MV Swing,2021-09-02T00:00:00,8971506022,-1184097190
1126,346_8971504138_Advent Geneva,114_8971504138_Newedge,2138199783,NEFU_FIFTY_SEVEN_00799769,USD,ihu1,-34.4,SGX Nifty 50      Sep21,2021-09-01,2021-09-01,2,No-pair,OB,SMB,PB Missing Trade,2021-09-02T00:00:00,8971506022,-1184097190
1127,310_8971452119_Advent Geneva,257_8971452119_Newedge,2069323882,NEFU_FIFTY_SEVEN_00799769,USD,esu1,-4073.52,S&P500 EMINI FUT  Sep21,2021-07-27,2021-07-27,38,No-pair,OB,SMB,MV Swing,2021-09-02T00:00:00,8971506022,-1184097190
1128,174_8971448246_Advent Geneva,104_8971448246_Newedge,2063909262,NEFU_FIFTY_SEVEN_00799769,USD,cou1,1602.08,BRENT CRUDE FUTR  Sep21,2021-07-23,2021-07-23,42,No-pair,OB,SMB,"Commission difference, SFO to advise",2021-09-02T00:00:00,8971506022,-1184097190
1129,88_8971417585_Advent Geneva,164_8971417585_Newedge,2026970803,NEFU_FIFTY_SEVEN_00799803,JPY,tpu1,-153.95,TOPIX INDX FUTR   Sep21,2021-07-01,2021-07-01,64,No-pair,OB,SMB,MV Swing,2021-09-02T00:00:00,8971506022,-1184097190
1130,295_8971490018_Advent Geneva,285_8971490018_Newedge,2121116335,NEFU_FIFTY_SEVEN_00799769,USD,esu1,-13.34,S&P500 EMINI FUT  Sep21,2021-08-23,2021-08-23,11,No-pair,OB,SMB,MV Swing,2021-09-02T00:00:00,8971506022,-1184097190
1131,100_8971440316_Advent Geneva,51_8971440316_Newedge,2054295665,NEFU_FIFTY_SEVEN_00799804,KRW,kmu1,-2273.76,KOSPI2 INX FUT    Sep21,2021-07-19,2021-07-19,46,No-pair,OB,SMB,MV Swing,2021-09-02T00:00:00,8971506022,-1184097190
1132,57_8971488329_Advent Geneva,34_8971488329_Newedge,2118786195,NEFU_FIFTY_SEVEN_00799802,EUR,vgu1,-16531.33,EURO STOXX 50     Sep21,2021-08-20,2021-08-20,14,No-pair,OB,SMB,MV Swing,2021-09-02T00:00:00,8971506022,-1184097190
1133,139_8971502090_Advent Geneva,,2135789287,NEFU_FIFTY_SEVEN_00799803,SGD,qzu1,12775.7,MSCI SING IX ETS  Sep21,2021-08-31,2021-08-31,2,No-pair,OB,OB,MV Swing,2021-09-02T00:00:00,8971506022,-1184097190
1134,53_8971448246_Advent Geneva,170_8971448246_Newedge,2063909269,NEFU_FIFTY_SEVEN_00799802,EUR,vgu1,-115.74,EURO STOXX 50     Sep21,2021-07-23,2021-07-23,42,No-pair,OB,SMB,MV Swing,2021-09-02T00:00:00,8971506022,-1184097190
1136,103_8971482299_Advent Geneva,37_8971482299_Newedge,2110838097,NEFU_FIFTY_SEVEN_00799803,HKD,hcq1,2588.49,HSCEI Futures     Aug21,2021-08-17,2021-08-17,17,No-pair,OB,SMB,"Commission difference, SFO to advise",2021-09-02T00:00:00,8971506022,-1184097190
1137,163_8971472236_Advent Geneva,,2096555229,NEFU_FIFTY_SEVEN_00799803,JPY,tpu1,7440.95,TOPIX INDX FUTR   Sep21,2021-08-10,2021-08-10,23,No-pair,OB,OB,MV Swing,2021-09-02T00:00:00,8971506022,-1184097190
1138,128_8971394513_Advent Geneva,201_8971394513_Newedge,1997217039,NEFU_FIFTY_SEVEN_00799803,JPY,tpu1,-64457.59,TOPIX INDX FUTR   Sep21,2021-06-15,2021-06-15,80,No-pair,OB,SMB,MV Swing,2021-09-02T00:00:00,8971506022,-1184097190
1139,122_8971486166_Advent Geneva,68_8971486166_Newedge,2115963555,NEFU_FIFTY_SEVEN_00799804,KRW,kmu1,-2331.23,KOSPI2 INX FUT    Sep21,2021-08-19,2021-08-19,15,No-pair,OB,SMB,MV Swing,2021-09-02T00:00:00,8971506022,-1184097190
1140,254_8971494314_Advent Geneva,303_8971494314_Newedge,2126181144,NEFU_FIFTY_SEVEN_00799769,USD,esu1,-8.7,S&P500 EMINI FUT  Sep21,2021-08-25,2021-08-25,9,No-pair,OB,SMB,MV Swing,2021-09-02T00:00:00,8971506022,-1184097190
1141,,253_8971438425_Newedge,2051927144,NEFU_FIFTY_SEVEN_00799762,USD,cox1,-66.56,NOV 21 ICE BRENT CRD,2021-07-16,2021-07-16,49,No-pair,OB,OB,"Commission difference, SFO to advise",2021-09-02T00:00:00,8971506022,-1184097190
1142,101_8971454063_Advent Geneva,46_8971454063_Newedge,2071656109,NEFU_FIFTY_SEVEN_00799803,JPY,tpu1,-16588.47,TOPIX INDX FUTR   Sep21,2021-07-28,2021-07-28,37,No-pair,OB,SMB,MV Swing,2021-09-02T00:00:00,8971506022,-1184097190
1143,138_8971492132_Advent Geneva,63_8971492132_Newedge,2123794083,NEFU_FIFTY_SEVEN_00799803,THB,bcu1,-18421.76,SET50 FUTURES     Sep21,2021-08-24,2021-08-24,10,No-pair,OB,SMB,MV Swing,2021-09-02T00:00:00,8971506022,-1184097190
1144,57_8971474187_Advent Geneva,40_8971474187_Newedge,2099136929,NEFU_FIFTY_SEVEN_00799802,EUR,vgu1,-18498.69,EURO STOXX 50     Sep21,2021-08-11,2021-08-11,23,No-pair,OB,SMB,MV Swing,2021-09-02T00:00:00,8971506022,-1184097190
1145,56_8971407862_Advent Geneva,169_8971407862_Newedge,2013326196,NEFU_FIFTY_SEVEN_00799802,EUR,vgu1,-41.85,EURO STOXX 50     Sep21,2021-06-24,2021-06-24,71,No-pair,OB,SMB,MV Swing,2021-09-02T00:00:00,8971506022,-1184097190
1146,96_8971502090_Advent Geneva,199_8971502090_Newedge,2135789294,NEFU_FIFTY_SEVEN_00799803,HKD,hcu1,-49.8,HSCEI Futures     Sep21,2021-08-31,2021-08-31,3,No-pair,OB,SMB,MV Swing,2021-09-02T00:00:00,8971506022,-1184097190
1147,199_8971496173_Advent Geneva,100_8971496173_Newedge,2128393983,NEFU_FIFTY_SEVEN_00799762,USD,cof2,86.48,BRENT CRUDE FUTR  Jan22,2021-08-26,2021-08-26,8,No-pair,OB,SMB,"Commission difference, SFO to advise",2021-09-02T00:00:00,8971506022,-1184097190
1148,115_8971446202_Advent Geneva,,2061446445,NEFU_FIFTY_SEVEN_00799804,KRW,kmu1,-835.86,KOSPI2 INX FUT    Sep21,2021-07-22,2021-07-22,42,No-pair,OB,OB,MV Swing,2021-09-02T00:00:00,8971506022,-1184097190
1149,280_8971432624_Advent Geneva,102_8971432624_Newedge,2044955415,NEFU_FIFTY_SEVEN_00799769,USD,esu1,-579.7,S&P500 EMINI FUT  Sep21,2021-07-13,2021-07-13,52,No-pair,OB,SMB,MV Swing,2021-09-02T00:00:00,8971506022,-1184097190
1150,215_8971411649_Advent Geneva,254_8971411649_Newedge,2018832371,NEFU_FIFTY_SEVEN_00799769,USD,esu1,-22.04,S&P500 EMINI FUT  Sep21,2021-06-28,2021-06-28,67,No-pair,OB,SMB,MV Swing,2021-09-02T00:00:00,8971506022,-1184097190
1151,,308_8971438425_Newedge,2051927553,NEFU_FIFTY_SEVEN_00799802,USD,uxn1,-31.5,JUL 21 CFE VIX,2021-07-16,2021-07-16,49,No-pair,OB,OB,"Commission difference, SFO to advise",2021-09-02T00:00:00,8971506022,-1184097190
1152,237_8971484218_Advent Geneva,103_8971484218_Newedge,2113336414,NEFU_FIFTY_SEVEN_00799762,USD,nqu1,130.44,NASDAQ 100 E-MINI Sep21,2021-08-18,2021-08-18,16,No-pair,OB,SMB,MV Swing,2021-09-02T00:00:00,8971506022,-1184097190
1153,725_8971434624_Advent Geneva,89_8971434624_Newedge,2047328102,NEFU_FIFTY_SEVEN_00799769,USD,adu1,-436.64,AUDUSD Crncy Fut  Sep21,2021-07-14,2021-07-14,51,No-pair,OB,SMB,MV Swing,2021-09-02T00:00:00,8971506022,-1184097190
1154,131_8971398276_Advent Geneva,66_8971398276_Newedge,2001574941,NEFU_FIFTY_SEVEN_00799804,KRW,kmu1,924.24,KOSPI2 INX FUT    Sep21,2021-06-17,2021-06-17,78,No-pair,OB,SMB,MV Swing,2021-09-02T00:00:00,8971506022,-1184097190
1155,,197_8971480190_Newedge,2108158116,NEFU_FIFTY_SEVEN_00799762,JPY,niu1,-114.95,SEP 21 SGX NIKKEI IDX,2021-08-16,2021-08-16,18,No-pair,OB,OB,MV Swing,2021-09-02T00:00:00,8971506022,-1184097190
1156,50_8971405890_Advent Geneva,174_8971405890_Newedge,2011018532,NEFU_FIFTY_SEVEN_00799802,EUR,vgu1,-60.16,EURO STOXX 50     Sep21,2021-06-23,2021-06-23,72,No-pair,OB,SMB,MV Swing,2021-09-02T00:00:00,8971506022,-1184097190
1157,12_8971486166_Advent Geneva,163_8971486166_Newedge,2115963519,NEFU_FIFTY_SEVEN_00799803,AUD,xpu1,-39.41,SPI 200 FUTURES   Sep21,2021-08-19,2021-08-19,15,No-pair,OB,SMB,MV Swing,2021-09-02T00:00:00,8971506022,-1184097190
1158,132_8971490018_Advent Geneva,201_8971490018_Newedge,2121116057,NEFU_FIFTY_SEVEN_00799803,JPY,tpu1,308164.79,TOPIX INDX FUTR   Sep21,2021-08-23,2021-08-23,11,No-pair,OB,SMB,MV Swing,2021-09-02T00:00:00,8971506022,-1184097190
1159,91_8971460235_Advent Geneva,,2080397143,NEFU_FIFTY_SEVEN_00799804,KRW,kmu1,1430.9,KOSPI2 INX FUT    Sep21,2021-08-02,2021-08-02,31,No-pair,OB,OB,MV Swing,2021-09-02T00:00:00,8971506022,-1184097190
1160,94_8971390559_Advent Geneva,198_8971390559_Newedge,1992286372,NEFU_FIFTY_SEVEN_00799803,JPY,tpu1,-118.57,TOPIX INDX FUTR   Sep21,2021-06-11,2021-06-11,84,No-pair,OB,SMB,MV Swing,2021-09-02T00:00:00,8971506022,-1184097190
1161,58_8971474187_Advent Geneva,,2099136936,NEFU_FIFTY_SEVEN_00799802,EUR,vgu1,-5343.3,EURO STOXX 50     Sep21,2021-08-11,2021-08-11,22,No-pair,OB,OB,MV Swing,2021-09-02T00:00:00,8971506022,-1184097190
1163,5_8971486166_Advent Geneva,16_8971486166_Newedge,2115963387,NEFU_FIFTY_SEVEN_00799762,AUD,xpu1,12994.74,SPI 200 FUTURES   Sep21,2021-08-19,2021-08-19,15,No-pair,OB,SMB,MV Swing,2021-09-02T00:00:00,8971506022,-1184097190
1164,49_8971411649_Advent Geneva,166_8971411649_Newedge,2018832993,NEFU_FIFTY_SEVEN_00799802,EUR,vgu1,-34.66,EURO STOXX 50     Sep21,2021-06-28,2021-06-28,67,No-pair,OB,SMB,MV Swing,2021-09-02T00:00:00,8971506022,-1184097190
1165,148_8971426687_Advent Geneva,47_8971426687_Newedge,2037767414,NEFU_FIFTY_SEVEN_00799804,KRW,kmu1,-5301.66,KOSPI2 INX FUT    Sep21,2021-07-08,2021-07-08,57,No-pair,OB,SMB,MV Swing,2021-09-02T00:00:00,8971506022,-1184097190
1166,,98_8971474187_Newedge,2099137355,NEFU_FIFTY_SEVEN_00799762,USD,mesu1,-2850.0,SEP 21 ICUS MSCI EMG,2021-08-11,2021-08-11,23,No-pair,OB,OB,MV Swing,2021-09-02T00:00:00,8971506022,-1184097190
1167,299_8971504138_Advent Geneva,277_8971502090_Newedge,2138199283,NEFU_FIFTY_SEVEN_00799762,USD,hov1,-1738.56,NY Harb ULSD Fut  Oct21,2021-08-31,2021-08-31,3,No-pair,OB,SMB,"Commission difference, SFO to advise",2021-09-02T00:00:00,8971506022,-1184097190
1168,476_8971424734_Advent Geneva,218_8971424734_Newedge,2035490965,NEFU_FIFTY_SEVEN_00799760,USD,boz1,-17.01,SOYBEAN OIL FUTR  Dec21,2021-07-07,2021-07-07,58,No-pair,OB,SMB,MV Swing,2021-09-02T00:00:00,8971506022,-1184097190
1169,222_8971430481_Advent Geneva,,2042742511,NEFU_FIFTY_SEVEN_00799760,USD,boz1,-69735600.0,SOYBEAN OIL FUTR  Dec21,2021-07-02,2021-07-02,52,No-pair,OB,OB,MV Swing,2021-09-02T00:00:00,8971506022,-1184097190
1170,66_8971396326_Advent Geneva,56_8971396326_Newedge,1999182446,NEFU_FIFTY_SEVEN_00799802,EUR,vgu1,1717.99,EURO STOXX 50     Sep21,2021-06-16,2021-06-16,79,No-pair,OB,SMB,MV Swing,2021-09-02T00:00:00,8971506022,-1184097190
1171,118_8971472236_Advent Geneva,31_8971472236_Newedge,2096555325,NEFU_FIFTY_SEVEN_00799802,EUR,vgu1,-19533.41,EURO STOXX 50     Sep21,2021-08-10,2021-08-10,24,No-pair,OB,SMB,MV Swing,2021-09-02T00:00:00,8971506022,-1184097190
1172,101_8971498170_Advent Geneva,,2130964077,NEFU_FIFTY_SEVEN_00799802,JPY,jbu1,-2978.22,JPN 10Y BOND(OSE) Sep21,2021-08-27,2021-08-27,6,No-pair,OB,OB,MV Swing,2021-09-02T00:00:00,8971506022,-1184097190
1175,5_8971502090_Advent Geneva,2_8971502090_Newedge,2135788751,NEFU_FIFTY_SEVEN_00799802,AUD,xpu1,-13212.3,SPI 200 FUTURES   Sep21,2021-08-31,2021-08-31,3,No-pair,OB,SMB,MV Swing,2021-09-02T00:00:00,8971506022,-1184097190
1176,67_8971396326_Advent Geneva,,1999182475,NEFU_FIFTY_SEVEN_00799802,EUR,vgu1,2071.75,EURO STOXX 50     Sep21,2021-06-16,2021-06-16,78,No-pair,OB,OB,MV Swing,2021-09-02T00:00:00,8971506022,-1184097190
1177,157_8971482299_Advent Geneva,63_8971482299_Newedge,2110838543,NEFU_FIFTY_SEVEN_00799803,THB,bcu1,1749.91,SET50 FUTURES     Sep21,2021-08-17,2021-08-17,17,No-pair,OB,SMB,MV Swing,2021-09-02T00:00:00,8971506022,-1184097190
1178,8_8971404061_Advent Geneva,129_8971404061_Newedge,2008716529,NEFU_FIFTY_SEVEN_00799803,AUD,xpu1,-11.77,SPI 200 FUTURES   Sep21,2021-06-22,2021-06-22,73,No-pair,OB,SMB,MV Swing,2021-09-02T00:00:00,8971506022,-1184097190
1179,282_8971504138_Advent Geneva,271_8971502090_Newedge,2138199329,NEFU_FIFTY_SEVEN_00799762,USD,cof2,-46.8,BRENT CRUDE FUTR  Jan22,2021-08-31,2021-08-31,3,No-pair,OB,SMB,"Commission difference, SFO to advise",2021-09-02T00:00:00,8971506022,-1184097190
1180,72_8971504138_Advent Geneva,,2138199484,NEFU_FIFTY_SEVEN_00799803,AUD,xpu1,5776.63,SPI 200 FUTURES   Sep21,2021-09-01,2021-09-01,1,No-pair,OB,OB,MV Swing,2021-09-02T00:00:00,8971506022,-1184097190
1184,96_8971409824_Advent Geneva,,2016189927,NEFU_FIFTY_SEVEN_00799803,JPY,tpu1,-105602.39,TOPIX INDX FUTR   Sep21,2021-06-25,2021-06-25,69,No-pair,OB,OB,MV Swing,2021-09-02T00:00:00,8971506022,-1184097190
1185,272_8971482299_Advent Geneva,112_8971482299_Newedge,2110838428,NEFU_FIFTY_SEVEN_00799769,USD,esu1,772.62,S&P500 EMINI FUT  Sep21,2021-08-17,2021-08-17,17,No-pair,OB,SMB,MV Swing,2021-09-02T00:00:00,8971506022,-1184097190
1187,9_8971440316_Advent Geneva,138_8971440316_Newedge,2054295611,NEFU_FIFTY_SEVEN_00799803,AUD,xpu1,-87.09,SPI 200 FUTURES   Sep21,2021-07-19,2021-07-19,46,No-pair,OB,SMB,MV Swing,2021-09-02T00:00:00,8971506022,-1184097190
1188,54_8971468335_Advent Geneva,173_8971468335_Newedge,2091579565,NEFU_FIFTY_SEVEN_00799802,EUR,vgu1,-64.08,EURO STOXX 50     Sep21,2021-08-06,2021-08-06,28,No-pair,OB,SMB,MV Swing,2021-09-02T00:00:00,8971506022,-1184097190
1189,205_8971448246_Advent Geneva,,2063909411,NEFU_FIFTY_SEVEN_00799769,USD,esu1,1.74,S&P500 EMINI FUT  Sep21,2021-07-23,2021-07-23,41,No-pair,OB,OB,MV Swing,2021-09-02T00:00:00,8971506022,-1184097190
1190,159_8971498170_Advent Geneva,241_8971498170_Newedge,2130964644,NEFU_FIFTY_SEVEN_00799760,USD,ecu1,-15.82,EURO FX CURR FUT  Sep21,2021-08-27,2021-08-27,7,No-pair,OB,SMB,MV Swing,2021-09-02T00:00:00,8971506022,-1184097190
1191,226_8971488329_Advent Geneva,130_8971488329_Newedge,2118786627,NEFU_FIFTY_SEVEN_00799769,USD,uxu1,-6832.3,CBOE VIX FUTURE   Sep21,2021-08-20,2021-08-20,14,No-pair,OB,SMB,MV Swing,2021-09-02T00:00:00,8971506022,-1184097190
1192,120_8971436488_Advent Geneva,49_8971436488_Newedge,2049572914,NEFU_FIFTY_SEVEN_00799804,KRW,kmu1,26.71,KOSPI2 INX FUT    Sep21,2021-07-15,2021-07-15,50,No-pair,OB,SMB,MV Swing,2021-09-02T00:00:00,8971506022,-1184097190
1194,127_8971394513_Advent Geneva,49_8971394513_Newedge,1997217017,NEFU_FIFTY_SEVEN_00799803,JPY,tpu1,-45784.49,TOPIX INDX FUTR   Sep21,2021-06-15,2021-06-15,80,No-pair,OB,SMB,MV Swing,2021-09-02T00:00:00,8971506022,-1184097190
1195,107_8971386551_Advent Geneva,172_8971386551_Newedge,1986922585,NEFU_FIFTY_SEVEN_00799803,JPY,tpu1,-105.18,TOPIX INDX FUTR   Sep21,2021-06-09,2021-06-09,86,No-pair,OB,SMB,MV Swing,2021-09-02T00:00:00,8971506022,-1184097190
1196,2_8971496173_Advent Geneva,149_8971496173_Newedge,2128393659,NEFU_FIFTY_SEVEN_00799762,AUD,xpu1,-21928.67,SPI 200 FUTURES   Sep21,2021-08-26,2021-08-26,8,No-pair,OB,SMB,MV Swing,2021-09-02T00:00:00,8971506022,-1184097190
1198,306_8971504138_Advent Geneva,102_8971504138_Newedge,2138199574,NEFU_FIFTY_SEVEN_00799762,USD,tyz1,478.82,US 10YR NOTE (CBT)Dec21,2021-09-01,2021-09-01,2,No-pair,OB,SMB,MV Swing,2021-09-02T00:00:00,8971506022,-1184097190
1199,148_8971486166_Advent Geneva,80_8971486166_Newedge,2115963454,NEFU_FIFTY_SEVEN_00799803,THB,bcu1,57.42,SET50 FUTURES     Sep21,2021-08-19,2021-08-19,15,No-pair,OB,SMB,MV Swing,2021-09-02T00:00:00,8971506022,-1184097190
1200,106_8971450109_Advent Geneva,197_8971450109_Newedge,2066110904,NEFU_FIFTY_SEVEN_00799804,KRW,kmu1,-48.56,KOSPI2 INX FUT    Sep21,2021-07-26,2021-07-26,39,No-pair,OB,SMB,MV Swing,2021-09-02T00:00:00,8971506022,-1184097190
1201,117_8971504138_Advent Geneva,17_8971504138_Newedge,2138199702,NEFU_FIFTY_SEVEN_00799762,EUR,stu1,-590.6,FTSE/MIB IDX FUT  Sep21,2021-09-01,2021-09-01,2,No-pair,OB,SMB,MV Swing,2021-09-02T00:00:00,8971506022,-1184097190
1202,99_8971444152_Advent Geneva,201_8971444152_Newedge,2058928342,NEFU_FIFTY_SEVEN_00799803,JPY,tpu1,-30.6,TOPIX INDX FUTR   Sep21,2021-07-21,2021-07-21,44,No-pair,OB,SMB,MV Swing,2021-09-02T00:00:00,8971506022,-1184097190
1203,173_8971504138_Advent Geneva,185_8971504138_Newedge,2138199621,NEFU_FIFTY_SEVEN_00799803,HKD,hcu1,-7.29,HSCEI Futures     Sep21,2021-09-01,2021-09-01,2,No-pair,OB,SMB,MV Swing,2021-09-02T00:00:00,8971506022,-1184097190
1204,160_8971498170_Advent Geneva,71_8971498170_Newedge,2130964648,NEFU_FIFTY_SEVEN_00799760,USD,ecu1,320.77,EURO FX CURR FUT  Sep21,2021-08-27,2021-08-27,7,No-pair,OB,SMB,MV Swing,2021-09-02T00:00:00,8971506022,-1184097190
1205,342_8971504138_Advent Geneva,110_8971504138_Newedge,2138199529,NEFU_FIFTY_SEVEN_00799769,USD,esu1,-1469.2,S&P500 EMINI FUT  Sep21,2021-09-01,2021-09-01,2,No-pair,OB,SMB,MV Swing,2021-09-02T00:00:00,8971506022,-1184097190
1206,,175_8971504138_Newedge,2138199538,NEFU_FIFTY_SEVEN_00799762,GBP,z u1,-29.25,SEP 21 NEW FTSE 100,2021-09-01,2021-09-01,2,No-pair,OB,OB,MV Swing,2021-09-02T00:00:00,8971506022,-1184097190
1207,114_8971407862_Advent Geneva,50_8971407862_Newedge,2013326634,NEFU_FIFTY_SEVEN_00799804,KRW,kmu1,3788.36,KOSPI2 INX FUT    Sep21,2021-06-24,2021-06-24,71,No-pair,OB,SMB,MV Swing,2021-09-02T00:00:00,8971506022,-1184097190
1208,343_8971504138_Advent Geneva,,2138199571,NEFU_FIFTY_SEVEN_00799769,USD,esu1,0.58,S&P500 EMINI FUT  Sep21,2021-09-01,2021-09-01,1,No-pair,OB,OB,MV Swing,2021-09-02T00:00:00,8971506022,-1184097190
1209,,218_8971494314_Newedge,2126181423,NEFU_FIFTY_SEVEN_00799814,KRW,kaau1,-66.65,SEP 21 KFX 10YR KTB,2021-08-25,2021-08-25,9,No-pair,OB,OB,"Commission difference, SFO to advise",2021-09-02T00:00:00,8971506022,-1184097190
1210,168_8971500148_Advent Geneva,58_8971500148_Newedge,2133391686,NEFU_FIFTY_SEVEN_00799760,USD,boz1,-232.11,SOYBEAN OIL FUTR  Dec21,2021-08-30,2021-08-30,4,No-pair,OB,SMB,MV Swing,2021-09-02T00:00:00,8971506022,-1184097190
1211,6_8971407862_Advent Geneva,3_8971407862_Newedge,2013326643,NEFU_FIFTY_SEVEN_00799803,AUD,xpu1,2869.35,SPI 200 FUTURES   Sep21,2021-06-24,2021-06-24,71,No-pair,OB,SMB,MV Swing,2021-09-02T00:00:00,8971506022,-1184097190
1212,189_8971494314_Advent Geneva,63_8971494314_Newedge,2126181719,NEFU_FIFTY_SEVEN_00799760,USD,boz1,-383.37,SOYBEAN OIL FUTR  Dec21,2021-08-25,2021-08-25,9,No-pair,OB,SMB,MV Swing,2021-09-02T00:00:00,8971506022,-1184097190
1213,93_8971409824_Advent Geneva,184_8971409824_Newedge,2016189926,NEFU_FIFTY_SEVEN_00799803,JPY,tpu1,-74.58,TOPIX INDX FUTR   Sep21,2021-06-25,2021-06-25,70,No-pair,OB,SMB,MV Swing,2021-09-02T00:00:00,8971506022,-1184097190
1214,380_8971424734_Advent Geneva,202_8971424734_Newedge,2035491148,NEFU_FIFTY_SEVEN_00799804,KRW,kmu1,-34.87,KOSPI2 INX FUT    Sep21,2021-07-07,2021-07-07,58,No-pair,OB,SMB,MV Swing,2021-09-02T00:00:00,8971506022,-1184097190
1215,104_8971466268_Advent Geneva,191_8971466268_Newedge,2088714849,NEFU_FIFTY_SEVEN_00799803,JPY,tpu1,-128.13,TOPIX INDX FUTR   Sep21,2021-08-05,2021-08-05,29,No-pair,OB,SMB,MV Swing,2021-09-02T00:00:00,8971506022,-1184097190
1216,110_8971442331_Advent Geneva,217_8971442331_Newedge,2056711867,NEFU_FIFTY_SEVEN_00799804,KRW,kmu1,-70.43,KOSPI2 INX FUT    Sep21,2021-07-20,2021-07-20,45,No-pair,OB,SMB,MV Swing,2021-09-02T00:00:00,8971506022,-1184097190
1217,58_8971502090_Advent Geneva,35_8971502090_Newedge,2135788837,NEFU_FIFTY_SEVEN_00799802,EUR,vgu1,-22645.64,EURO STOXX 50     Sep21,2021-08-31,2021-08-31,3,No-pair,OB,SMB,MV Swing,2021-09-02T00:00:00,8971506022,-1184097190
1218,185_8971500148_Advent Geneva,90_8971500148_Newedge,2133391757,NEFU_FIFTY_SEVEN_00799762,USD,mesu1,1819.2,MSCI EmgMkt       Sep21,2021-08-30,2021-08-30,4,No-pair,OB,SMB,MV Swing,2021-09-02T00:00:00,8971506022,-1184097190
1219,,233_8971496173_Newedge,2128394099,NEFU_FIFTY_SEVEN_00799760,USD,boz1,-1.89,DEC 21 SYBEAN OIL,2021-08-26,2021-08-26,8,No-pair,OB,OB,MV Swing,2021-09-02T00:00:00,8971506022,-1184097190
1220,,1_8971490018_Newedge,2121115818,NEFU_FIFTY_SEVEN_00799760,AUD,irz2,15438.09,DEC 22 IR 90 DAY BILL,2021-08-23,2021-08-23,11,No-pair,OB,OB,"Price difference, SFO to validate",2021-09-02T00:00:00,8971506022,-1184097190
1221,103_8971474187_Advent Geneva,,2099137280,NEFU_FIFTY_SEVEN_00799803,JPY,tpu1,66646.84,TOPIX INDX FUTR   Sep21,2021-08-11,2021-08-11,22,No-pair,OB,OB,MV Swing,2021-09-02T00:00:00,8971506022,-1184097190
1222,25_8971504138_Advent Geneva,134_8971504138_Newedge,2138199450,NEFU_FIFTY_SEVEN_00799802,AUD,xpu1,39.12,SPI 200 FUTURES   Sep21,2021-09-01,2021-09-01,2,No-pair,OB,SMB,PB Missing Trade,2021-09-02T00:00:00,8971506022,-1184097190
1223,76_8971496173_Advent Geneva,32_8971496173_Newedge,2128393697,NEFU_FIFTY_SEVEN_00799802,EUR,fvsu1,-141.72,VSTOXX Future     Sep21,2021-08-26,2021-08-26,8,No-pair,OB,SMB,MV Swing,2021-09-02T00:00:00,8971506022,-1184097190
1224,13_8971494314_Advent Geneva,7_8971494314_Newedge,2126181223,NEFU_FIFTY_SEVEN_00799803,AUD,xpu1,45321.87,SPI 200 FUTURES   Sep21,2021-08-25,2021-08-25,9,No-pair,OB,SMB,MV Swing,2021-09-02T00:00:00,8971506022,-1184097190
1225,145_8971490018_Advent Geneva,48_8971490018_Newedge,2121116187,NEFU_FIFTY_SEVEN_00799804,KRW,kmu1,1413.81,KOSPI2 INX FUT    Sep21,2021-08-23,2021-08-23,11,No-pair,OB,SMB,MV Swing,2021-09-02T00:00:00,8971506022,-1184097190
1226,202_8971504138_Advent Geneva,202_8971504138_Newedge,2138199611,NEFU_FIFTY_SEVEN_00799804,KRW,kmu1,-456.41,KOSPI2 INX FUT    Sep21,2021-09-01,2021-09-01,2,No-pair,OB,SMB,MV Swing,2021-09-02T00:00:00,8971506022,-1184097190
1227,281_8971484218_Advent Geneva,291_8971484218_Newedge,2113336759,NEFU_FIFTY_SEVEN_00799769,USD,esu1,-25.52,S&P500 EMINI FUT  Sep21,2021-08-18,2021-08-18,16,No-pair,OB,SMB,MV Swing,2021-09-02T00:00:00,8971506022,-1184097190
1228,649_8971422667_Advent Geneva,262_8971422667_Newedge,2033341384,NEFU_FIFTY_SEVEN_00799769,USD,esu1,-16.24,S&P500 EMINI FUT  Sep21,2021-07-06,2021-07-06,59,No-pair,OB,SMB,MV Swing,2021-09-02T00:00:00,8971506022,-1184097190
1229,86_8971470255_Advent Geneva,38_8971470255_Newedge,2094162552,NEFU_FIFTY_SEVEN_00799803,HKD,hcq1,-2018.83,HSCEI Futures     Aug21,2021-08-09,2021-08-09,25,No-pair,OB,SMB,"Commission difference, SFO to advise",2021-09-02T00:00:00,8971506022,-1184097190
1230,148_8971464347_Advent Geneva,88_8971464347_Newedge,2086170042,NEFU_FIFTY_SEVEN_00799760,USD,boz1,-2168.22,SOYBEAN OIL FUTR  Dec21,2021-08-04,2021-08-04,30,No-pair,OB,SMB,MV Swing,2021-09-02T00:00:00,8971506022,-1184097190
1231,109_8971386551_Advent Geneva,44_8971386551_Newedge,1986922565,NEFU_FIFTY_SEVEN_00799803,JPY,tpu1,-5417.07,TOPIX INDX FUTR   Sep21,2021-06-09,2021-06-09,86,No-pair,OB,SMB,MV Swing,2021-09-02T00:00:00,8971506022,-1184097190
1232,243_8971492132_Advent Geneva,119_8971492132_Newedge,2123793951,NEFU_FIFTY_SEVEN_00799769,USD,esu1,1128.48,S&P500 EMINI FUT  Sep21,2021-08-24,2021-08-24,10,No-pair,OB,SMB,MV Swing,2021-09-02T00:00:00,8971506022,-1184097190
1233,,302_8971466268_Newedge,2088715191,NEFU_FIFTY_SEVEN_00799769,USD,,-4660.6,FX CONV THB VS USD @ 33.13,2021-08-05,2021-08-05,29,No-pair,OB,OB,FX Missing at GVA - Email to SFO on 08/31,2021-09-02T00:00:00,8971506022,-1184097190
1234,320_8971452119_Advent Geneva,120_8971452119_Newedge,2069323879,NEFU_FIFTY_SEVEN_00799802,USD,uxq1,117.7,CBOE VIX FUTURE   Aug21,2021-07-27,2021-07-27,38,No-pair,OB,SMB,"Commission difference, SFO to advise",2021-09-02T00:00:00,8971506022,-1184097190
1235,,184_8971496173_Newedge,2128393671,NEFU_FIFTY_SEVEN_00799802,EUR,fvsu1,-12.84,SEP 21 EUX VSTOXX,2021-08-26,2021-08-26,8,No-pair,OB,OB,MV Swing,2021-09-02T00:00:00,8971506022,-1184097190
1236,194_8971452119_Advent Geneva,,2069323824,NEFU_FIFTY_SEVEN_00799803,JPY,tpu1,-190016.77,TOPIX INDX FUTR   Sep21,2021-07-27,2021-07-27,37,No-pair,OB,OB,MV Swing,2021-09-02T00:00:00,8971506022,-1184097190
1237,19_8971500148_Advent Geneva,11_8971500148_Newedge,2133391622,NEFU_FIFTY_SEVEN_00799801,CAD,ptu1,-287.21,S&P/TSX 60 IX FUT Sep21,2021-08-30,2021-08-30,4,No-pair,OB,SMB,MV Swing,2021-09-02T00:00:00,8971506022,-1184097190
1238,291_8971504138_Advent Geneva,105_8971502090_Newedge,2138199340,NEFU_FIFTY_SEVEN_00799762,USD,mesu1,12697.76,MSCI EmgMkt       Sep21,2021-08-31,2021-08-31,3,No-pair,OB,SMB,MV Swing,2021-09-02T00:00:00,8971506022,-1184097190
1239,101_8971415663_Advent Geneva,179_8971415663_Newedge,2023850839,NEFU_FIFTY_SEVEN_00799804,KRW,kmu1,-140.99,KOSPI2 INX FUT    Sep21,2021-06-30,2021-06-30,65,No-pair,OB,SMB,MV Swing,2021-09-02T00:00:00,8971506022,-1184097190
1240,248_8971452119_Advent Geneva,231_8971452119_Newedge,2069323848,NEFU_FIFTY_SEVEN_00799762,USD,cox1,897.72,BRENT CRUDE FUTR  Nov21,2021-07-27,2021-07-27,38,No-pair,OB,SMB,"Commission difference, SFO to advise",2021-09-02T00:00:00,8971506022,-1184097190
1241,101_8971474187_Advent Geneva,53_8971474187_Newedge,2099137251,NEFU_FIFTY_SEVEN_00799803,JPY,tpu1,-54313.08,TOPIX INDX FUTR   Sep21,2021-08-11,2021-08-11,23,No-pair,OB,SMB,MV Swing,2021-09-02T00:00:00,8971506022,-1184097190
1243,125_8971500148_Advent Geneva,,2133391810,NEFU_FIFTY_SEVEN_00799803,THB,bcu1,-25106.51,SET50 FUTURES     Sep21,2021-08-30,2021-08-30,3,No-pair,OB,OB,MV Swing,2021-09-02T00:00:00,8971506022,-1184097190
1244,57_8971407862_Advent Geneva,,2013326199,NEFU_FIFTY_SEVEN_00799802,EUR,vgu1,-2359.41,EURO STOXX 50     Sep21,2021-06-24,2021-06-24,70,No-pair,OB,OB,MV Swing,2021-09-02T00:00:00,8971506022,-1184097190
1245,,1_8971504138_Newedge,2138199361,NEFU_FIFTY_SEVEN_00799762,AUD,xpu1,-484.1,SEP 21 SFE SPI 200,2021-09-01,2021-09-01,2,No-pair,OB,OB,PB Missing Trade,2021-09-02T00:00:00,8971506022,-1184097190
1246,117_8971458108_Advent Geneva,65_8971458108_Newedge,2077723303,NEFU_FIFTY_SEVEN_00799803,JPY,tpu1,-10092.96,TOPIX INDX FUTR   Sep21,2021-07-30,2021-07-30,35,No-pair,OB,SMB,MV Swing,2021-09-02T00:00:00,8971506022,-1184097190
1247,81_8971468335_Advent Geneva,41_8971468335_Newedge,2091579684,NEFU_FIFTY_SEVEN_00799803,HKD,hcq1,1885.94,HSCEI Futures     Aug21,2021-08-06,2021-08-06,28,No-pair,OB,SMB,"Commission difference, SFO to advise",2021-09-02T00:00:00,8971506022,-1184097190
1248,117_8971486166_Advent Geneva,224_8971486166_Newedge,2115963852,NEFU_FIFTY_SEVEN_00799803,JPY,tpu1,-85.1,TOPIX INDX FUTR   Sep21,2021-08-19,2021-08-19,15,No-pair,OB,SMB,MV Swing,2021-09-02T00:00:00,8971506022,-1184097190
1249,11_8971492132_Advent Geneva,152_8971492132_Newedge,2123793706,NEFU_FIFTY_SEVEN_00799803,AUD,xpu1,-118.75,SPI 200 FUTURES   Sep21,2021-08-24,2021-08-24,10,No-pair,OB,SMB,MV Swing,2021-09-02T00:00:00,8971506022,-1184097190
1250,9_8971411649_Advent Geneva,135_8971411649_Newedge,2018831890,NEFU_FIFTY_SEVEN_00799803,AUD,xpu1,-28.7,SPI 200 FUTURES   Sep21,2021-06-28,2021-06-28,67,No-pair,OB,SMB,MV Swing,2021-09-02T00:00:00,8971506022,-1184097190
1251,212_8971492132_Advent Geneva,97_8971492132_Newedge,2123793719,NEFU_FIFTY_SEVEN_00799762,USD,clx1,-1754.36,WTI CRUDE FUTURE  Nov21,2021-08-24,2021-08-24,10,No-pair,OB,SMB,MV Swing,2021-09-02T00:00:00,8971506022,-1184097190
1252,70_8971504138_Advent Geneva,4_8971504138_Newedge,2138199472,NEFU_FIFTY_SEVEN_00799803,AUD,xpu1,68070.17,SPI 200 FUTURES   Sep21,2021-09-01,2021-09-01,2,No-pair,OB,SMB,MV Swing,2021-09-02T00:00:00,8971506022,-1184097190
1253,223_8971470255_Advent Geneva,,2094162978,NEFU_FIFTY_SEVEN_00799769,USD,esu1,0.58,S&P500 EMINI FUT  Sep21,2021-08-09,2021-08-09,24,No-pair,OB,OB,MV Swing,2021-09-02T00:00:00,8971506022,-1184097190
1254,11_8971490018_Advent Geneva,137_8971490018_Newedge,2121115950,NEFU_FIFTY_SEVEN_00799803,AUD,xpu1,-25.05,SPI 200 FUTURES   Sep21,2021-08-23,2021-08-23,11,No-pair,OB,SMB,MV Swing,2021-09-02T00:00:00,8971506022,-1184097190
1255,121_8971430481_Advent Geneva,,2042742238,NEFU_FIFTY_SEVEN_00799803,JPY,tpu1,-403.1,TOPIX INDX FUTR   Sep21,2021-07-12,2021-07-12,52,No-pair,OB,OB,MV Swing,2021-09-02T00:00:00,8971506022,-1184097190
1256,139_8971500148_Advent Geneva,249_8971500148_Newedge,2133391898,NEFU_FIFTY_SEVEN_00799760,USD,xbx1,-134.4,GASOLINE RBOB FUT Nov21,2021-08-30,2021-08-30,4,No-pair,OB,SMB,MV Swing,2021-09-02T00:00:00,8971506022,-1184097190
1257,266_8971486166_Advent Geneva,122_8971486166_Newedge,2115963705,NEFU_FIFTY_SEVEN_00799769,USD,esu1,4729.84,S&P500 EMINI FUT  Sep21,2021-08-19,2021-08-19,15,No-pair,OB,SMB,MV Swing,2021-09-02T00:00:00,8971506022,-1184097190
1258,222_8971480190_Advent Geneva,58_8971480190_Newedge,2108158414,NEFU_FIFTY_SEVEN_00799803,THB,bcu1,-1938.4,SET50 FUTURES     Sep21,2021-08-16,2021-08-16,18,No-pair,OB,SMB,MV Swing,2021-09-02T00:00:00,8971506022,-1184097190
1260,241_8971500148_Advent Geneva,295_8971500148_Newedge,2133391830,NEFU_FIFTY_SEVEN_00799801,USD,esu1,-18.56,S&P500 EMINI FUT  Sep21,2021-08-30,2021-08-30,4,No-pair,OB,SMB,MV Swing,2021-09-02T00:00:00,8971506022,-1184097190
1261,100_8971502090_Advent Geneva,47_8971502090_Newedge,2135789118,NEFU_FIFTY_SEVEN_00799760,JPY,jnf2,-561.12,RSS3 RUBBER (OSE) Jan22,2021-08-31,2021-08-31,3,No-pair,OB,SMB,MV Swing,2021-09-02T00:00:00,8971506022,-1184097190
1262,247_8971504138_Advent Geneva,92_8971504138_Newedge,2138199880,NEFU_FIFTY_SEVEN_00799760,USD,xidu1,204.4,INR/USD           Sep21,2021-09-01,2021-09-01,2,No-pair,OB,SMB,"Commission difference, SFO to advise",2021-09-02T00:00:00,8971506022,-1184097190
1263,244_8971492132_Advent Geneva,,2123793997,NEFU_FIFTY_SEVEN_00799769,USD,esu1,-10206.7,S&P500 EMINI FUT  Sep21,2021-08-24,2021-08-24,9,No-pair,OB,OB,MV Swing,2021-09-02T00:00:00,8971506022,-1184097190
1264,319_8971504138_Advent Geneva,121_8971504138_Newedge,2138199666,NEFU_FIFTY_SEVEN_00799769,USD,uxu1,1510.62,CBOE VIX FUTURE   Sep21,2021-09-01,2021-09-01,2,No-pair,OB,SMB,MV Swing,2021-09-02T00:00:00,8971506022,-1184097190
1265,9_8971400205_Advent Geneva,,2003875210,NEFU_FIFTY_SEVEN_00799803,AUD,xpu1,-519.34,SPI 200 FUTURES   Sep21,2021-06-18,2021-06-18,76,No-pair,OB,OB,MV Swing,2021-09-02T00:00:00,8971506022,-1184097190
1266,53_8971450109_Advent Geneva,172_8971450109_Newedge,2066110815,NEFU_FIFTY_SEVEN_00799802,EUR,vgu1,-50.35,EURO STOXX 50     Sep21,2021-07-26,2021-07-26,39,No-pair,OB,SMB,MV Swing,2021-09-02T00:00:00,8971506022,-1184097190
1268,116_8971474187_Advent Geneva,210_8971474187_Newedge,2099133398,NEFU_FIFTY_SEVEN_00799814,KRW,kaau1,-7.78,KOREA 10YR BND FU Sep21,2021-08-11,2021-08-11,23,No-pair,OB,SMB,"Commission difference, SFO to advise",2021-09-02T00:00:00,8971506022,-1184097190
1269,,254_8971498170_Newedge,2130964687,NEFU_FIFTY_SEVEN_00799760,USD,ngx1 21,-1.64,NOV 21 NATURAL GAS,2021-08-27,2021-08-27,7,No-pair,OB,OB,MV Swing,2021-09-02T00:00:00,8971506022,-1184097190
1270,169_8971494314_Advent Geneva,250_8971494314_Newedge,2126181683,NEFU_FIFTY_SEVEN_00799760,USD,lhv1,340.0,LEAN HOGS FUTURE  Oct21,2021-08-25,2021-08-25,9,No-pair,OB,SMB,MV Swing,2021-09-02T00:00:00,8971506022,-1184097190
1271,168_8971458108_Advent Geneva,85_8971458108_Newedge,2077723145,NEFU_FIFTY_SEVEN_00799760,USD,boz1,13.26,SOYBEAN OIL FUTR  Dec21,2021-07-30,2021-07-30,35,No-pair,OB,SMB,MV Swing,2021-09-02T00:00:00,8971506022,-1184097190
1272,11_8971464347_Advent Geneva,,2086169689,NEFU_FIFTY_SEVEN_00799803,AUD,xpu1,5108.33,SPI 200 FUTURES   Sep21,2021-08-04,2021-08-04,29,No-pair,OB,OB,MV Swing,2021-09-02T00:00:00,8971506022,-1184097190
1273,318_8971504138_Advent Geneva,105_8971504138_Newedge,2138199493,NEFU_FIFTY_SEVEN_00799769,USD,cdu1,-29.44,C$ CURRENCY FUT   Sep21,2021-09-01,2021-09-01,2,No-pair,OB,SMB,MV Swing,2021-09-02T00:00:00,8971506022,-1184097190
1274,52_8971413792_Advent Geneva,,2021314046,NEFU_FIFTY_SEVEN_00799802,EUR,vgu1,1332.84,EURO STOXX 50     Sep21,2021-06-29,2021-06-29,65,No-pair,OB,OB,MV Swing,2021-09-02T00:00:00,8971506022,-1184097190
1275,106_8971502090_Advent Geneva,54_8971502090_Newedge,2135789250,NEFU_FIFTY_SEVEN_00799802,JPY,jbu1,-5634.96,JPN 10Y BOND(OSE) Sep21,2021-08-31,2021-08-31,3,No-pair,OB,SMB,MV Swing,2021-09-02T00:00:00,8971506022,-1184097190
1276,81_8971432624_Advent Geneva,167_8971432624_Newedge,2044955510,NEFU_FIFTY_SEVEN_00799802,EUR,vgu1,-35.96,EURO STOXX 50     Sep21,2021-07-13,2021-07-13,52,No-pair,OB,SMB,MV Swing,2021-09-02T00:00:00,8971506022,-1184097190
1277,367_8971504138_Advent Geneva,298_8971504138_Newedge,2138199919,NEFU_FIFTY_SEVEN_00799802,USD,tuz1,-78.32,US 2YR NOTE (CBT) Dec21,2021-09-01,2021-09-01,2,No-pair,OB,SMB,MV Swing,2021-09-02T00:00:00,8971506022,-1184097190
1278,119_8971502090_Advent Geneva,,2135789355,NEFU_FIFTY_SEVEN_00799804,KRW,keu1,1.22,KOREA 3YR BND FUT Sep21,2021-08-30,2021-08-30,2,No-pair,OB,OB,MV Swing,2021-09-02T00:00:00,8971506022,-1184097190
1280,312_8971498170_Advent Geneva,341_8971498170_Newedge,2130964650,NEFU_FIFTY_SEVEN_00799802,ZAR,aiu1,-132.37,FTSE/JSE TOP 40   Sep21,2021-08-27,2021-08-27,7,No-pair,OB,SMB,MV Swing,2021-09-02T00:00:00,8971506022,-1184097190
1281,8_8971434624_Advent Geneva,,2047328118,NEFU_FIFTY_SEVEN_00799803,AUD,xpu1,599.81,SPI 200 FUTURES   Sep21,2021-07-14,2021-07-14,50,No-pair,OB,OB,MV Swing,2021-09-02T00:00:00,8971506022,-1184097190
1282,149_8971490018_Advent Geneva,207_8971490018_Newedge,2121115780,NEFU_FIFTY_SEVEN_00799814,KRW,kaau1,-5.58,KOREA 10YR BND FU Sep21,2021-08-23,2021-08-23,11,No-pair,OB,SMB,"Commission difference, SFO to advise",2021-09-02T00:00:00,8971506022,-1184097190
1283,8_8971413792_Advent Geneva,133_8971413792_Newedge,2021313913,NEFU_FIFTY_SEVEN_00799803,AUD,xpu1,-103.98,SPI 200 FUTURES   Sep21,2021-06-29,2021-06-29,66,No-pair,OB,SMB,MV Swing,2021-09-02T00:00:00,8971506022,-1184097190
1286,233_8971440316_Advent Geneva,,2054295559,NEFU_FIFTY_SEVEN_00799769,USD,esu1,1.74,S&P500 EMINI FUT  Sep21,2021-07-19,2021-07-19,45,No-pair,OB,OB,MV Swing,2021-09-02T00:00:00,8971506022,-1184097190
1287,87_8971488329_Advent Geneva,41_8971488329_Newedge,2118786170,NEFU_FIFTY_SEVEN_00799803,HKD,hcq1,2252.5,HSCEI Futures     Aug21,2021-08-20,2021-08-20,14,No-pair,OB,SMB,"Commission difference, SFO to advise",2021-09-02T00:00:00,8971506022,-1184097190
1289,259_8971438425_Advent Geneva,112_8971438425_Newedge,2051927502,NEFU_FIFTY_SEVEN_00799769,USD,esu1,-17325.9,S&P500 EMINI FUT  Sep21,2021-07-16,2021-07-16,49,No-pair,OB,SMB,MV Swing,2021-09-02T00:00:00,8971506022,-1184097190
1290,204_8971488329_Advent Geneva,294_8971488329_Newedge,2118786216,NEFU_FIFTY_SEVEN_00799762,USD,hou1,-3994.32,NY Harb ULSD Fut  Sep21,2021-08-20,2021-08-20,14,No-pair,OB,SMB,"Commission difference, SFO to advise",2021-09-02T00:00:00,8971506022,-1184097190
1291,172_8971472236_Advent Geneva,,2096555486,NEFU_FIFTY_SEVEN_00799804,KRW,kmu1,2338.5,KOSPI2 INX FUT    Sep21,2021-08-10,2021-08-10,23,No-pair,OB,OB,MV Swing,2021-09-02T00:00:00,8971506022,-1184097190
1292,57_8971442331_Advent Geneva,189_8971442331_Newedge,2056711909,NEFU_FIFTY_SEVEN_00799802,EUR,vgu1,-113.13,EURO STOXX 50     Sep21,2021-07-20,2021-07-20,45,No-pair,OB,SMB,MV Swing,2021-09-02T00:00:00,8971506022,-1184097190
1293,274_8971502090_Advent Geneva,142_8971502090_Newedge,2135788743,NEFU_FIFTY_SEVEN_00799803,USD,xuu1,-3162.6,FTSE CHINA A50    Sep21,2021-08-31,2021-08-31,3,No-pair,OB,SMB,MV Swing,2021-09-02T00:00:00,8971506022,-1184097190
1294,59_8971458108_Advent Geneva,,2077723140,NEFU_FIFTY_SEVEN_00799802,EUR,vgu1,-554.93,EURO STOXX 50     Sep21,2021-07-30,2021-07-30,34,No-pair,OB,OB,MV Swing,2021-09-02T00:00:00,8971506022,-1184097190
1295,124_8971398276_Advent Geneva,62_8971398276_Newedge,2001574862,NEFU_FIFTY_SEVEN_00799803,JPY,tpu1,-1180.98,TOPIX INDX FUTR   Sep21,2021-06-17,2021-06-17,78,No-pair,OB,SMB,MV Swing,2021-09-02T00:00:00,8971506022,-1184097190
1296,382_8971434624_Advent Geneva,,2047328974,NEFU_FIFTY_SEVEN_00799760,USD,boz1,2758345326.0,SOYBEAN OIL FUTR  Dec21,2021-07-12,2021-07-12,50,No-pair,OB,OB,MV Swing,2021-09-02T00:00:00,8971506022,-1184097190
1297,145_8971502090_Advent Geneva,,2135789172,NEFU_FIFTY_SEVEN_00799803,THB,bcu1,38714.8,SET50 FUTURES     Sep21,2021-08-31,2021-08-31,2,No-pair,OB,OB,MV Swing,2021-09-02T00:00:00,8971506022,-1184097190
1300,66_8971446202_Advent Geneva,25_8971446202_Newedge,2061446661,NEFU_FIFTY_SEVEN_00799769,EUR,oatu1,-475.07,Euro-OAT Future   Sep21,2021-07-22,2021-07-22,43,No-pair,OB,SMB,MV Swing,2021-09-02T00:00:00,8971506022,-1184097190
1301,112_8971498170_Advent Geneva,,2130964683,NEFU_FIFTY_SEVEN_00799804,KRW,keu1,2.41,KOREA 3YR BND FUT Sep21,2021-08-26,2021-08-26,6,No-pair,OB,OB,MV Swing,2021-09-02T00:00:00,8971506022,-1184097190
1302,212_8971504138_Advent Geneva,209_8971504138_Newedge,2138199629,NEFU_FIFTY_SEVEN_00799802,SEK,qcu1,-220.43,OMXS30 IND FUTURE Sep21,2021-09-01,2021-09-01,2,No-pair,OB,SMB,MV Swing,2021-09-02T00:00:00,8971506022,-1184097190
1303,7_8971494314_Advent Geneva,147_8971494314_Newedge,2126181133,NEFU_FIFTY_SEVEN_00799762,AUD,xpu1,861.21,SPI 200 FUTURES   Sep21,2021-08-25,2021-08-25,9,No-pair,OB,SMB,MV Swing,2021-09-02T00:00:00,8971506022,-1184097190
1304,245_8971492132_Advent Geneva,300_8971492132_Newedge,2123793992,NEFU_FIFTY_SEVEN_00799769,USD,esu1,4315.72,S&P500 EMINI FUT  Sep21,2021-08-24,2021-08-24,10,No-pair,OB,SMB,MV Swing,2021-09-02T00:00:00,8971506022,-1184097190
1305,,273_8971482299_Newedge,2110838424,NEFU_FIFTY_SEVEN_00799762,USD,nqu1,-83.82,SEP 21 IMM EMINI NSDQ,2021-08-17,2021-08-17,17,No-pair,OB,OB,MV Swing,2021-09-02T00:00:00,8971506022,-1184097190
1306,240_8971402149_Advent Geneva,,2006214142,NEFU_FIFTY_SEVEN_00799769,USD,esu1,-11885.76,S&P500 EMINI FUT  Sep21,2021-06-21,2021-06-21,73,No-pair,OB,OB,MV Swing,2021-09-02T00:00:00,8971506022,-1184097190
1307,87_8971470255_Advent Geneva,174_8971470255_Newedge,2094162434,NEFU_FIFTY_SEVEN_00799762,JPY,niu1,31.46,NIKKEI 225  (SGX) Sep21,2021-08-09,2021-08-09,25,No-pair,OB,SMB,MV Swing,2021-09-02T00:00:00,8971506022,-1184097190
1308,405_8971504138_Advent Geneva,314_8971504138_Newedge,2138199921,NEFU_FIFTY_SEVEN_00799802,ZAR,aiu1,-1244.56,FTSE/JSE TOP 40   Sep21,2021-09-01,2021-09-01,2,No-pair,OB,SMB,MV Swing,2021-09-02T00:00:00,8971506022,-1184097190
1309,93_8971502090_Advent Geneva,46_8971502090_Newedge,2135788916,NEFU_FIFTY_SEVEN_00799803,HKD,hiu1,150398.42,HANG SENG IDX FUT Sep21,2021-08-31,2021-08-31,3,No-pair,OB,SMB,MV Swing,2021-09-02T00:00:00,8971506022,-1184097190
1310,97_8971434624_Advent Geneva,,2047328415,NEFU_FIFTY_SEVEN_00799803,JPY,tpu1,40.16,TOPIX INDX FUTR   Sep21,2021-07-14,2021-07-14,50,No-pair,OB,OB,MV Swing,2021-09-02T00:00:00,8971506022,-1184097190
1311,244_8971502090_Advent Geneva,126_8971502090_Newedge,2135789283,NEFU_FIFTY_SEVEN_00799769,USD,paz1,-348.16,PALLADIUM FUTURE  Dec21,2021-08-31,2021-08-31,3,No-pair,OB,SMB,MV Swing,2021-09-02T00:00:00,8971506022,-1184097190
1312,144_8971502090_Advent Geneva,68_8971502090_Newedge,2135789151,NEFU_FIFTY_SEVEN_00799803,THB,bcu1,-11359.76,SET50 FUTURES     Sep21,2021-08-31,2021-08-31,3,No-pair,OB,SMB,MV Swing,2021-09-02T00:00:00,8971506022,-1184097190
1313,100_8971450109_Advent Geneva,193_8971450109_Newedge,2066110911,NEFU_FIFTY_SEVEN_00799803,JPY,tpu1,-186.46,TOPIX INDX FUTR   Sep21,2021-07-26,2021-07-26,39,No-pair,OB,SMB,MV Swing,2021-09-02T00:00:00,8971506022,-1184097190
1314,53_8971494314_Advent Geneva,,2126181472,NEFU_FIFTY_SEVEN_00799802,EUR,vgu1,27.46,EURO STOXX 50     Sep21,2021-08-25,2021-08-25,8,No-pair,OB,OB,MV Swing,2021-09-02T00:00:00,8971506022,-1184097190
1315,268_8971486166_Advent Geneva,,2115963731,NEFU_FIFTY_SEVEN_00799769,USD,esu1,-1686.92,S&P500 EMINI FUT  Sep21,2021-08-19,2021-08-19,14,No-pair,OB,OB,MV Swing,2021-09-02T00:00:00,8971506022,-1184097190
1316,45_8971420288_Advent Geneva,58_8971420288_Newedge,2030838992,NEFU_FIFTY_SEVEN_00799802,EUR,vgu1,5626.2,EURO STOXX 50     Sep21,2021-07-05,2021-07-05,60,No-pair,OB,SMB,MV Swing,2021-09-02T00:00:00,8971506022,-1184097190
1317,93_8971417585_Advent Geneva,168_8971417585_Newedge,2026970542,NEFU_FIFTY_SEVEN_00799804,KRW,kmu1,-47.65,KOSPI2 INX FUT    Sep21,2021-07-01,2021-07-01,64,No-pair,OB,SMB,MV Swing,2021-09-02T00:00:00,8971506022,-1184097190
1318,164_8971472236_Advent Geneva,,2096555241,NEFU_FIFTY_SEVEN_00799803,JPY,tpu1,8.61,TOPIX INDX FUTR   Sep21,2021-08-10,2021-08-10,23,No-pair,OB,OB,MV Swing,2021-09-02T00:00:00,8971506022,-1184097190
1319,305_8971504138_Advent Geneva,286_8971502090_Newedge,2138199332,NEFU_FIFTY_SEVEN_00799762,USD,tyz1,-10537.41,US 10YR NOTE (CBT)Dec21,2021-08-31,2021-08-31,3,No-pair,OB,SMB,MV Swing,2021-09-02T00:00:00,8971506022,-1184097190
1320,141_8971504138_Advent Geneva,30_8971504138_Newedge,2138199747,NEFU_FIFTY_SEVEN_00799802,EUR,vgu1,148.79,EURO STOXX 50     Sep21,2021-09-01,2021-09-01,2,No-pair,OB,SMB,MV Swing,2021-09-02T00:00:00,8971506022,-1184097190
1321,255_8971498170_Advent Geneva,295_8971498170_Newedge,2130964231,NEFU_FIFTY_SEVEN_00799769,USD,esu1,-19.72,S&P500 EMINI FUT  Sep21,2021-08-27,2021-08-27,7,No-pair,OB,SMB,MV Swing,2021-09-02T00:00:00,8971506022,-1184097190
1322,124_8971432624_Advent Geneva,190_8971432624_Newedge,2044955219,NEFU_FIFTY_SEVEN_00799803,JPY,tpu1,82.19,TOPIX INDX FUTR   Sep21,2021-07-13,2021-07-13,52,No-pair,OB,SMB,MV Swing,2021-09-02T00:00:00,8971506022,-1184097190
1323,34_8971500148_Advent Geneva,19_8971500148_Newedge,2133391509,NEFU_FIFTY_SEVEN_00799769,EUR,eou1,6368.64,AMSTERDAM IDX FUT Sep21,2021-08-30,2021-08-30,4,No-pair,OB,SMB,MV Swing,2021-09-02T00:00:00,8971506022,-1184097190
1324,117_8971500148_Advent Geneva,53_8971500148_Newedge,2133391628,NEFU_FIFTY_SEVEN_00799803,SGD,qzu1,7090.55,MSCI SING IX ETS  Sep21,2021-08-30,2021-08-30,4,No-pair,OB,SMB,MV Swing,2021-09-02T00:00:00,8971506022,-1184097190
1325,57_8971402149_Advent Geneva,,2006214003,NEFU_FIFTY_SEVEN_00799802,EUR,vgu1,61516.76,EURO STOXX 50     Sep21,2021-06-21,2021-06-21,73,No-pair,OB,OB,MV Swing,2021-09-02T00:00:00,8971506022,-1184097190
1326,,277_8971494314_Newedge,2126181699,NEFU_FIFTY_SEVEN_00799762,USD,dmu1,-27.93,SEP 21 CBT MINI DOW 5,2021-08-25,2021-08-25,9,No-pair,OB,OB,MV Swing,2021-09-02T00:00:00,8971506022,-1184097190
1327,217_8971411649_Advent Geneva,98_8971411649_Newedge,2018832078,NEFU_FIFTY_SEVEN_00799769,USD,esu1,11339.24,S&P500 EMINI FUT  Sep21,2021-06-28,2021-06-28,67,No-pair,OB,SMB,MV Swing,2021-09-02T00:00:00,8971506022,-1184097190
1328,95_8971492132_Advent Geneva,208_8971492132_Newedge,2123793567,NEFU_FIFTY_SEVEN_00799762,JPY,niu1,-39.46,NIKKEI 225  (SGX) Sep21,2021-08-24,2021-08-24,10,No-pair,OB,SMB,MV Swing,2021-09-02T00:00:00,8971506022,-1184097190
1329,,254_8971502090_Newedge,2135789367,NEFU_FIFTY_SEVEN_00799760,USD,ngx1 21,-0.82,NOV 21 NATURAL GAS,2021-08-31,2021-08-31,3,No-pair,OB,OB,MV Swing,2021-09-02T00:00:00,8971506022,-1184097190
1330,198_8971504138_Advent Geneva,201_8971504138_Newedge,2138199693,NEFU_FIFTY_SEVEN_00799804,KRW,keu1,-729.54,KOREA 3YR BND FUT Sep21,2021-09-01,2021-09-01,2,No-pair,OB,SMB,MV Swing,2021-09-02T00:00:00,8971506022,-1184097190
1331,249_8971458108_Advent Geneva,141_8971458108_Newedge,2077723276,NEFU_FIFTY_SEVEN_00799802,USD,uxq1,233.19,CBOE VIX FUTURE   Aug21,2021-07-30,2021-07-30,35,No-pair,OB,SMB,"Commission difference, SFO to advise",2021-09-02T00:00:00,8971506022,-1184097190
1332,135_8971448246_Advent Geneva,61_8971448246_Newedge,2063909608,NEFU_FIFTY_SEVEN_00799760,USD,boz1,-5.37,SOYBEAN OIL FUTR  Dec21,2021-07-23,2021-07-23,42,No-pair,OB,SMB,MV Swing,2021-09-02T00:00:00,8971506022,-1184097190
1333,105_8971434624_Advent Geneva,189_8971434624_Newedge,2047328255,NEFU_FIFTY_SEVEN_00799804,KRW,kmu1,-3733.28,KOSPI2 INX FUT    Sep21,2021-07-14,2021-07-14,51,No-pair,OB,SMB,MV Swing,2021-09-02T00:00:00,8971506022,-1184097190
1334,391_8971504138_Advent Geneva,310_8971504138_Newedge,2138199950,NEFU_FIFTY_SEVEN_00799803,USD,twtu1,-316.86,FTSE Taiwan Index Sep21,2021-09-01,2021-09-01,2,No-pair,OB,SMB,MV Swing,2021-09-02T00:00:00,8971506022,-1184097190
1335,149_8971502090_Advent Geneva,69_8971502090_Newedge,2135788871,NEFU_FIFTY_SEVEN_00799760,USD,adu1,-2761.08,AUDUSD Crncy Fut  Sep21,2021-08-31,2021-08-31,3,No-pair,OB,SMB,MV Swing,2021-09-02T00:00:00,8971506022,-1184097190
1336,,299_8971466268_Newedge,2088715195,NEFU_FIFTY_SEVEN_00799760,THB,,25365.29,FX CONV THB VS USD @ 33.06,2021-08-05,2021-08-05,29,No-pair,OB,OB,FX Missing at GVA - Email to SFO on 08/31,2021-09-02T00:00:00,8971506022,-1184097190
1337,84_8971460235_Advent Geneva,158_8971460235_Newedge,2080396969,NEFU_FIFTY_SEVEN_00799803,JPY,tpu1,2812.37,TOPIX INDX FUTR   Sep21,2021-08-02,2021-08-02,32,No-pair,OB,SMB,MV Swing,2021-09-02T00:00:00,8971506022,-1184097190
1338,77_8971446202_Advent Geneva,38_8971446202_Newedge,2061446407,NEFU_FIFTY_SEVEN_00799802,EUR,vgu1,-193642.97,EURO STOXX 50     Sep21,2021-07-22,2021-07-22,43,No-pair,OB,SMB,MV Swing,2021-09-02T00:00:00,8971506022,-1184097190
1339,294_8971472236_Advent Geneva,,2096555417,NEFU_FIFTY_SEVEN_00799769,USD,esu1,-2596.84,S&P500 EMINI FUT  Sep21,2021-08-10,2021-08-10,23,No-pair,OB,OB,MV Swing,2021-09-02T00:00:00,8971506022,-1184097190
1341,178_8971504138_Advent Geneva,44_8971504138_Newedge,2138199486,NEFU_FIFTY_SEVEN_00799760,JPY,jnf2,-257.02,RSS3 RUBBER (OSE) Jan22,2021-09-01,2021-09-01,2,No-pair,OB,SMB,MV Swing,2021-09-02T00:00:00,8971506022,-1184097190
1343,,148_8971492132_Newedge,2123793608,NEFU_FIFTY_SEVEN_00799762,AUD,xpu1,-4.25,SEP 21 SFE SPI 200,2021-08-24,2021-08-24,10,No-pair,OB,OB,MV Swing,2021-09-02T00:00:00,8971506022,-1184097190
1344,111_8971474187_Advent Geneva,208_8971474187_Newedge,2099136992,NEFU_FIFTY_SEVEN_00799804,KRW,kmu1,-313.02,KOSPI2 INX FUT    Sep21,2021-08-11,2021-08-11,23,No-pair,OB,SMB,MV Swing,2021-09-02T00:00:00,8971506022,-1184097190
1346,,237_8971434624_Newedge,2047328311,NEFU_FIFTY_SEVEN_00799762,USD,cox1,-104.0,NOV 21 ICE BRENT CRD,2021-07-14,2021-07-14,51,No-pair,OB,OB,"Commission difference, SFO to advise",2021-09-02T00:00:00,8971506022,-1184097190
1347,92_8971502090_Advent Geneva,200_8971502090_Newedge,2135788940,NEFU_FIFTY_SEVEN_00799803,HKD,hiu1,-363.79,HANG SENG IDX FUT Sep21,2021-08-31,2021-08-31,3,No-pair,OB,SMB,MV Swing,2021-09-02T00:00:00,8971506022,-1184097190
1349,193_8971502090_Advent Geneva,92_8971502090_Newedge,2135788946,NEFU_FIFTY_SEVEN_00799760,USD,tuz1,78.36,US 2YR NOTE (CBT) Dec21,2021-08-31,2021-08-31,3,No-pair,OB,SMB,MV Swing,2021-09-02T00:00:00,8971506022,-1184097190
1350,22_8971500148_Advent Geneva,13_8971500148_Newedge,2133391412,NEFU_FIFTY_SEVENCAY_00799775,CHF,smu1,-5283.37,SWISS MKT IX FUTR Sep21,2021-08-30,2021-08-30,4,No-pair,OB,SMB,MV Swing,2021-09-02T00:00:00,8971506022,-1184097190
1351,139_8971492132_Advent Geneva,231_8971492132_Newedge,2123794105,NEFU_FIFTY_SEVEN_00799803,THB,bcu1,-443.49,SET50 FUTURES     Sep21,2021-08-24,2021-08-24,10,No-pair,OB,SMB,MV Swing,2021-09-02T00:00:00,8971506022,-1184097190
1352,13_8971462157_Advent Geneva,6_8971462157_Newedge,2083549625,NEFU_FIFTY_SEVEN_00799803,AUD,xpu1,14655.31,SPI 200 FUTURES   Sep21,2021-08-03,2021-08-03,31,No-pair,OB,SMB,MV Swing,2021-09-02T00:00:00,8971506022,-1184097190
1353,121_8971470255_Advent Geneva,,2094162952,NEFU_FIFTY_SEVEN_00799803,THB,bcu1,9.05,SET50 FUTURES     Sep21,2021-08-09,2021-08-09,24,No-pair,OB,OB,MV Swing,2021-09-02T00:00:00,8971506022,-1184097190
1355,86_8971500148_Advent Geneva,39_8971500148_Newedge,2133391683,NEFU_FIFTY_SEVEN_00799802,JPY,jbu1,3102.56,JPN 10Y BOND(OSE) Sep21,2021-08-30,2021-08-30,4,No-pair,OB,SMB,MV Swing,2021-09-02T00:00:00,8971506022,-1184097190
1356,104_8971400205_Advent Geneva,224_8971400205_Newedge,2003875644,NEFU_FIFTY_SEVEN_00799804,KRW,kmu1,-84.77,KOSPI2 INX FUT    Sep21,2021-06-18,2021-06-18,77,No-pair,OB,SMB,MV Swing,2021-09-02T00:00:00,8971506022,-1184097190
1357,,277_8971492132_Newedge,2123794223,NEFU_FIFTY_SEVEN_00799762,USD,dmu1,-82.81,SEP 21 CBT MINI DOW 5,2021-08-24,2021-08-24,10,No-pair,OB,OB,MV Swing,2021-09-02T00:00:00,8971506022,-1184097190
1358,88_8971478351_Advent Geneva,202_8971478351_Newedge,2105432518,NEFU_FIFTY_SEVEN_00799803,HKD,hcq1,-315.23,HSCEI Futures     Aug21,2021-08-13,2021-08-13,21,No-pair,OB,SMB,"Commission difference, SFO to advise",2021-09-02T00:00:00,8971506022,-1184097190
1360,9_8971502090_Advent Geneva,,2135788820,NEFU_FIFTY_SEVEN_00799803,AUD,xpu1,-61092.87,SPI 200 FUTURES   Sep21,2021-08-31,2021-08-31,2,No-pair,OB,OB,MV Swing,2021-09-02T00:00:00,8971506022,-1184097190
1362,,264_8971500148_Newedge,2133391724,NEFU_FIFTY_SEVEN_00799762,USD,mesu1,-369.2,SEP 21 ICUS MSCI EMG,2021-08-30,2021-08-30,4,No-pair,OB,OB,MV Swing,2021-09-02T00:00:00,8971506022,-1184097190
1363,218_8971502090_Advent Geneva,269_8971502090_Newedge,2135789106,NEFU_FIFTY_SEVEN_00799762,USD,clv1,1068.16,WTI CRUDE FUTURE  Oct21,2021-08-31,2021-08-31,3,No-pair,OB,SMB,MV Swing,2021-09-02T00:00:00,8971506022,-1184097190
1364,,286_8971492132_Newedge,2123794029,NEFU_FIFTY_SEVEN_00799762,USD,nqu1,-125.74,SEP 21 IMM EMINI NSDQ,2021-08-24,2021-08-24,10,No-pair,OB,OB,MV Swing,2021-09-02T00:00:00,8971506022,-1184097190
1365,279_8971502090_Advent Geneva,326_8971502090_Newedge,2135789160,NEFU_FIFTY_SEVEN_00799803,USD,twtu1,-623.42,FTSE Taiwan Index Sep21,2021-08-31,2021-08-31,3,No-pair,OB,SMB,MV Swing,2021-09-02T00:00:00,8971506022,-1184097190
1366,290_8971502090_Advent Geneva,144_8971502090_Newedge,2135789306,NEFU_FIFTY_SEVEN_00799802,ZAR,aiu1,1700.79,FTSE/JSE TOP 40   Sep21,2021-08-31,2021-08-31,3,No-pair,OB,SMB,MV Swing,2021-09-02T00:00:00,8971506022,-1184097190
1367,199_8971500148_Advent Geneva,79_8971500148_Newedge,2133391929,NEFU_FIFTY_SEVEN_00799762,USD,clx1,50.92,WTI CRUDE FUTURE  Nov21,2021-08-30,2021-08-30,4,No-pair,OB,SMB,MV Swing,2021-09-02T00:00:00,8971506022,-1184097190
1368,102_8971409824_Advent Geneva,188_8971409824_Newedge,2016189867,NEFU_FIFTY_SEVEN_00799804,KRW,kmu1,16909.49,KOSPI2 INX FUT    Sep21,2021-06-25,2021-06-25,70,No-pair,OB,SMB,MV Swing,2021-09-02T00:00:00,8971506022,-1184097190
1369,193_8971460235_Advent Geneva,,2080397371,NEFU_FIFTY_SEVEN_00799769,USD,esu1,-98.84,S&P500 EMINI FUT  Sep21,2021-08-02,2021-08-02,31,No-pair,OB,OB,MV Swing,2021-09-02T00:00:00,8971506022,-1184097190
1371,196_8971482299_Advent Geneva,64_8971482299_Newedge,2110838731,NEFU_FIFTY_SEVEN_00799760,USD,boz1,290.52,SOYBEAN OIL FUTR  Dec21,2021-08-17,2021-08-17,17,No-pair,OB,SMB,MV Swing,2021-09-02T00:00:00,8971506022,-1184097190
1373,184_8971504138_Advent Geneva,194_8971504138_Newedge,2138199789,NEFU_FIFTY_SEVEN_00799802,JPY,jbu1,4.75,JPN 10Y BOND(OSE) Sep21,2021-09-01,2021-09-01,2,No-pair,OB,SMB,PB Missing Trade,2021-09-02T00:00:00,8971506022,-1184097190
1374,404_8971504138_Advent Geneva,130_8971504138_Newedge,2138199911,NEFU_FIFTY_SEVEN_00799802,ZAR,aiu1,-111.64,FTSE/JSE TOP 40   Sep21,2021-09-01,2021-09-01,2,No-pair,OB,SMB,MV Swing,2021-09-02T00:00:00,8971506022,-1184097190
1375,122_8971502090_Advent Geneva,217_8971502090_Newedge,2135788851,NEFU_FIFTY_SEVEN_00799804,KRW,kmu1,-259.06,KOSPI2 INX FUT    Sep21,2021-08-31,2021-08-31,3,No-pair,OB,SMB,MV Swing,2021-09-02T00:00:00,8971506022,-1184097190
1376,243_8971482299_Advent Geneva,104_8971482299_Newedge,2110838185,NEFU_FIFTY_SEVEN_00799769,USD,adu1,297.24,AUDUSD Crncy Fut  Sep21,2021-08-17,2021-08-17,17,No-pair,OB,SMB,MV Swing,2021-09-02T00:00:00,8971506022,-1184097190
1377,237_8971468335_Advent Geneva,105_8971468335_Newedge,2091579786,NEFU_FIFTY_SEVEN_00799769,USD,esu1,-324.42,S&P500 EMINI FUT  Sep21,2021-08-06,2021-08-06,28,No-pair,OB,SMB,MV Swing,2021-09-02T00:00:00,8971506022,-1184097190
1378,259_8971502090_Advent Geneva,312_8971502090_Newedge,2135789228,NEFU_FIFTY_SEVEN_00799801,USD,esu1,-100.34,S&P500 EMINI FUT  Sep21,2021-08-31,2021-08-31,3,No-pair,OB,SMB,MV Swing,2021-09-02T00:00:00,8971506022,-1184097190
1379,8_8971490018_Advent Geneva,,2121116459,NEFU_FIFTY_SEVEN_00799802,AUD,xpu1,14026.25,SPI 200 FUTURES   Sep21,2021-08-23,2021-08-23,10,No-pair,OB,OB,MV Swing,2021-09-02T00:00:00,8971506022,-1184097190
1380,,241_8971472236_Newedge,2096555175,NEFU_FIFTY_SEVEN_00799762,USD,mesu1,-262.7,SEP 21 ICUS MSCI EMG,2021-08-10,2021-08-10,24,No-pair,OB,OB,MV Swing,2021-09-02T00:00:00,8971506022,-1184097190
1381,,274_8971496173_Newedge,2128393949,NEFU_FIFTY_SEVEN_00799762,USD,cof2,-95.68,JAN 22 ICE BRENT CRD,2021-08-26,2021-08-26,8,No-pair,OB,OB,"Commission difference, SFO to advise",2021-09-02T00:00:00,8971506022,-1184097190
1382,155_8971492132_Advent Geneva,72_8971492132_Newedge,2123794074,NEFU_FIFTY_SEVEN_00799760,USD,ecu1,1035.12,EURO FX CURR FUT  Sep21,2021-08-24,2021-08-24,10,No-pair,OB,SMB,MV Swing,2021-09-02T00:00:00,8971506022,-1184097190
1383,165_8971504138_Advent Geneva,39_8971504138_Newedge,2138199615,NEFU_FIFTY_SEVEN_00799762,HKD,hcu1,-414.42,HSCEI Futures     Sep21,2021-09-01,2021-09-01,2,No-pair,OB,SMB,MV Swing,2021-09-02T00:00:00,8971506022,-1184097190
1384,39_8971488329_Advent Geneva,22_8971488329_Newedge,2118786277,NEFU_FIFTY_SEVEN_00799769,EUR,eou1,-4766.26,AMSTERDAM IDX FUT Sep21,2021-08-20,2021-08-20,14,No-pair,OB,SMB,MV Swing,2021-09-02T00:00:00,8971506022,-1184097190
1385,161_8971502090_Advent Geneva,93_8971502090_Newedge,2135788744,NEFU_FIFTY_SEVEN_00799760,USD,xbv1,-746.78,GASOLINE RBOB FUT Oct21,2021-08-31,2021-08-31,3,No-pair,OB,SMB,MV Swing,2021-09-02T00:00:00,8971506022,-1184097190
1386,6_8971500148_Advent Geneva,133_8971500148_Newedge,2133391455,NEFU_FIFTY_SEVEN_00799802,AUD,xpu1,-7226.16,SPI 200 FUTURES   Sep21,2021-08-30,2021-08-30,4,No-pair,OB,SMB,MV Swing,2021-09-02T00:00:00,8971506022,-1184097190
1387,113_8971502090_Advent Geneva,56_8971502090_Newedge,2135789150,NEFU_FIFTY_SEVEN_00799803,JPY,tpu1,-46777.01,TOPIX INDX FUTR   Sep21,2021-08-31,2021-08-31,3,No-pair,OB,SMB,MV Swing,2021-09-02T00:00:00,8971506022,-1184097190
1388,58_8971478351_Advent Geneva,,2105432887,NEFU_FIFTY_SEVEN_00799802,EUR,vgu1,-1165.14,EURO STOXX 50     Sep21,2021-08-10,2021-08-10,20,No-pair,OB,OB,MV Swing,2021-09-02T00:00:00,8971506022,-1184097190
1389,291_8971430481_Advent Geneva,265_8971430481_Newedge,2042742328,NEFU_FIFTY_SEVEN_00799769,USD,cou1,-17.56,BRENT CRUDE FUTR  Sep21,2021-07-12,2021-07-12,53,No-pair,OB,SMB,"Commission difference, SFO to advise",2021-09-02T00:00:00,8971506022,-1184097190
1390,89_8971417585_Advent Geneva,,2026970807,NEFU_FIFTY_SEVEN_00799803,JPY,tpu1,-53881.07,TOPIX INDX FUTR   Sep21,2021-07-01,2021-07-01,63,No-pair,OB,OB,MV Swing,2021-09-02T00:00:00,8971506022,-1184097190
1391,129_8971496173_Advent Geneva,58_8971496173_Newedge,2128394125,NEFU_FIFTY_SEVEN_00799804,KRW,kmu1,-5407.87,KOSPI2 INX FUT    Sep21,2021-08-26,2021-08-26,8,No-pair,OB,SMB,MV Swing,2021-09-02T00:00:00,8971506022,-1184097190
1392,14_8971470255_Advent Geneva,,2094162599,NEFU_FIFTY_SEVEN_00799803,AUD,xpu1,2.0,SPI 200 FUTURES   Sep21,2021-08-09,2021-08-09,24,No-pair,OB,OB,MV Swing,2021-09-02T00:00:00,8971506022,-1184097190
1393,136_8971474187_Advent Geneva,66_8971474187_Newedge,2099136878,NEFU_FIFTY_SEVEN_00799803,THB,bcu1,-1760.88,SET50 FUTURES     Sep21,2021-08-11,2021-08-11,23,No-pair,OB,SMB,MV Swing,2021-09-02T00:00:00,8971506022,-1184097190
1394,193_8971496173_Advent Geneva,72_8971496173_Newedge,2128394139,NEFU_FIFTY_SEVEN_00799760,USD,boz1,1129.89,SOYBEAN OIL FUTR  Dec21,2021-08-26,2021-08-26,8,No-pair,OB,SMB,MV Swing,2021-09-02T00:00:00,8971506022,-1184097190
1395,121_8971502090_Advent Geneva,59_8971502090_Newedge,2135788726,NEFU_FIFTY_SEVEN_00799804,KRW,keu1,-4401.22,KOREA 3YR BND FUT Sep21,2021-08-31,2021-08-31,3,No-pair,OB,SMB,MV Swing,2021-09-02T00:00:00,8971506022,-1184097190
1396,106_8971419514_Advent Geneva,48_8971419514_Newedge,2029840554,NEFU_FIFTY_SEVEN_00799804,KRW,kmu1,666.25,KOSPI2 INX FUT    Sep21,2021-07-02,2021-07-02,63,No-pair,OB,SMB,MV Swing,2021-09-02T00:00:00,8971506022,-1184097190
1397,10_8971476567_Advent Geneva,7_8971476567_Newedge,2102139267,NEFU_FIFTY_SEVEN_00799803,AUD,xpu1,-22192.97,SPI 200 FUTURES   Sep21,2021-08-12,2021-08-12,22,No-pair,OB,SMB,MV Swing,2021-09-02T00:00:00,8971506022,-1184097190
1398,,4_8971500148_Newedge,2133391945,NEFU_FIFTY_SEVEN_00799762,AUD,xpu1,6460.86,SEP 21 SFE SPI 200,2021-08-30,2021-08-30,4,No-pair,OB,OB,MV Swing,2021-09-02T00:00:00,8971506022,-1184097190
1399,160_8971446202_Advent Geneva,72_8971446202_Newedge,2061446434,NEFU_FIFTY_SEVEN_00799762,USD,cox1,131.6,BRENT CRUDE FUTR  Nov21,2021-07-22,2021-07-22,43,No-pair,OB,SMB,"Commission difference, SFO to advise",2021-09-02T00:00:00,8971506022,-1184097190
1400,915_8971434624_Advent Geneva,,2047328469,NEFU_FIFTY_SEVEN_00799769,USD,esu1,-498.84,S&P500 EMINI FUT  Sep21,2021-07-14,2021-07-14,50,No-pair,OB,OB,MV Swing,2021-09-02T00:00:00,8971506022,-1184097190
1401,75_8971484218_Advent Geneva,,2113336308,NEFU_FIFTY_SEVEN_00799802,EUR,vgu1,-43.93,EURO STOXX 50     Sep21,2021-08-18,2021-08-18,15,No-pair,OB,OB,MV Swing,2021-09-02T00:00:00,8971506022,-1184097190
1402,258_8971500148_Advent Geneva,124_8971500148_Newedge,2133391883,NEFU_FIFTY_SEVEN_00799803,USD,xuu1,-815.44,FTSE CHINA A50    Sep21,2021-08-30,2021-08-30,4,No-pair,OB,SMB,MV Swing,2021-09-02T00:00:00,8971506022,-1184097190
1403,76_8971472236_Advent Geneva,121_8971472236_Newedge,2096555222,NEFU_FIFTY_SEVEN_00799803,AUD,xpu1,-44.05,SPI 200 FUTURES   Sep21,2021-08-10,2021-08-10,24,No-pair,OB,SMB,MV Swing,2021-09-02T00:00:00,8971506022,-1184097190
1404,139_8971411649_Advent Geneva,62_8971411649_Newedge,2018835118,NEFU_FIFTY_SEVEN_00799760,USD,boz1,-24480.03,SOYBEAN OIL FUTR  Dec21,2021-06-28,2021-06-28,67,No-pair,OB,SMB,MV Swing,2021-09-02T00:00:00,8971506022,-1184097190
1405,10_8971440316_Advent Geneva,,2054295616,NEFU_FIFTY_SEVEN_00799803,AUD,xpu1,30894.62,SPI 200 FUTURES   Sep21,2021-07-19,2021-07-19,45,No-pair,OB,OB,MV Swing,2021-09-02T00:00:00,8971506022,-1184097190
1406,81_8971464347_Advent Geneva,200_8971464347_Newedge,2086169440,NEFU_FIFTY_SEVEN_00799762,JPY,niu1,17062.51,NIKKEI 225  (SGX) Sep21,2021-08-04,2021-08-04,30,No-pair,OB,SMB,MV Swing,2021-09-02T00:00:00,8971506022,-1184097190
1407,10_8971498170_Advent Geneva,152_8971498170_Newedge,2130964179,NEFU_FIFTY_SEVEN_00799803,AUD,xpu1,-31.94,SPI 200 FUTURES   Sep21,2021-08-27,2021-08-27,7,No-pair,OB,SMB,MV Swing,2021-09-02T00:00:00,8971506022,-1184097190
1408,216_8971476567_Advent Geneva,95_8971476567_Newedge,2102139546,NEFU_FIFTY_SEVEN_00799762,USD,hou1,53.32,NY Harb ULSD Fut  Sep21,2021-08-12,2021-08-12,22,No-pair,OB,SMB,"Commission difference, SFO to advise",2021-09-02T00:00:00,8971506022,-1184097190
1409,372_8971434624_Advent Geneva,,2047328990,NEFU_FIFTY_SEVEN_00799760,USD,boz1,99470052.0,SOYBEAN OIL FUTR  Dec21,2021-06-25,2021-06-25,50,No-pair,OB,OB,MV Swing,2021-09-02T00:00:00,8971506022,-1184097190
1410,206_8971415663_Advent Geneva,239_8971415663_Newedge,2023850965,NEFU_FIFTY_SEVEN_00799769,USD,esu1,-12.76,S&P500 EMINI FUT  Sep21,2021-06-30,2021-06-30,65,No-pair,OB,SMB,MV Swing,2021-09-02T00:00:00,8971506022,-1184097190
1411,108_8971389242_Advent Geneva,50_8971389242_Newedge,1990013045,NEFU_FIFTY_SEVEN_00799804,KRW,kmu1,-1082.12,KOSPI2 INX FUT    Sep21,2021-06-10,2021-06-10,85,No-pair,OB,SMB,MV Swing,2021-09-02T00:00:00,8971506022,-1184097190
1412,111_8971502090_Advent Geneva,213_8971502090_Newedge,2135789163,NEFU_FIFTY_SEVEN_00799803,JPY,tpu1,-121.44,TOPIX INDX FUTR   Sep21,2021-08-31,2021-08-31,3,No-pair,OB,SMB,MV Swing,2021-09-02T00:00:00,8971506022,-1184097190
1413,233_8971396326_Advent Geneva,,1999182699,NEFU_FIFTY_SEVEN_00799769,USD,esu1,425.58,S&P500 EMINI FUT  Sep21,2021-06-16,2021-06-16,78,No-pair,OB,OB,MV Swing,2021-09-02T00:00:00,8971506022,-1184097190
1414,134_8971502090_Advent Geneva,63_8971502090_Newedge,2135789194,NEFU_FIFTY_SEVEN_00799802,SEK,qcu1,-7219.32,OMXS30 IND FUTURE Sep21,2021-08-31,2021-08-31,3,No-pair,OB,SMB,MV Swing,2021-09-02T00:00:00,8971506022,-1184097190
1415,13_8971470255_Advent Geneva,,2094162598,NEFU_FIFTY_SEVEN_00799803,AUD,xpu1,-146.96,SPI 200 FUTURES   Sep21,2021-08-09,2021-08-09,24,No-pair,OB,OB,MV Swing,2021-09-02T00:00:00,8971506022,-1184097190
1416,10_8971462157_Advent Geneva,120_8971462157_Newedge,2083549632,NEFU_FIFTY_SEVEN_00799803,AUD,xpu1,-80.67,SPI 200 FUTURES   Sep21,2021-08-03,2021-08-03,31,No-pair,OB,SMB,MV Swing,2021-09-02T00:00:00,8971506022,-1184097190
1417,19_8971498170_Advent Geneva,11_8971498170_Newedge,2130964305,NEFU_FIFTY_SEVEN_00799801,CAD,ptu1,-233.35,S&P/TSX 60 IX FUT Sep21,2021-08-27,2021-08-27,7,No-pair,OB,SMB,MV Swing,2021-09-02T00:00:00,8971506022,-1184097190
1418,67_8971422667_Advent Geneva,,2033341338,NEFU_FIFTY_SEVEN_00799803,AUD,xpu1,1156.54,SPI 200 FUTURES   Sep21,2021-07-06,2021-07-06,58,No-pair,OB,OB,MV Swing,2021-09-02T00:00:00,8971506022,-1184097190
1419,220_8971502090_Advent Geneva,113_8971502090_Newedge,2135789310,NEFU_FIFTY_SEVEN_00799769,USD,adu1,133.36,AUDUSD Crncy Fut  Sep21,2021-08-31,2021-08-31,3,No-pair,OB,SMB,MV Swing,2021-09-02T00:00:00,8971506022,-1184097190
1420,171_8971462157_Advent Geneva,51_8971462157_Newedge,2083549850,NEFU_FIFTY_SEVEN_00799760,USD,boz1,25.26,SOYBEAN OIL FUTR  Dec21,2021-08-03,2021-08-03,31,No-pair,OB,SMB,MV Swing,2021-09-02T00:00:00,8971506022,-1184097190
1421,224_8971428733_Advent Geneva,75_8971428733_Newedge,2040159171,NEFU_FIFTY_SEVEN_00799760,USD,boz1,371211.45,SOYBEAN OIL FUTR  Dec21,2021-07-09,2021-07-09,56,No-pair,OB,SMB,MV Swing,2021-09-02T00:00:00,8971506022,-1184097190
1422,144_8971490018_Advent Geneva,205_8971490018_Newedge,2121116213,NEFU_FIFTY_SEVEN_00799804,KRW,kmu1,-58.15,KOSPI2 INX FUT    Sep21,2021-08-23,2021-08-23,11,No-pair,OB,SMB,MV Swing,2021-09-02T00:00:00,8971506022,-1184097190
1424,136_8971424734_Advent Geneva,,2035491147,NEFU_FIFTY_SEVEN_00799802,EUR,vgu1,6.54,EURO STOXX 50     Sep21,2021-07-07,2021-07-07,57,No-pair,OB,OB,MV Swing,2021-09-02T00:00:00,8971506022,-1184097190
1425,70_8971430481_Advent Geneva,,2042742243,NEFU_FIFTY_SEVEN_00799802,EUR,vgu1,-878.49,EURO STOXX 50     Sep21,2021-07-12,2021-07-12,52,No-pair,OB,OB,MV Swing,2021-09-02T00:00:00,8971506022,-1184097190
1426,197_8971470255_Advent Geneva,88_8971470255_Newedge,2094162813,NEFU_FIFTY_SEVEN_00799769,USD,adu1,51.68,AUDUSD Crncy Fut  Sep21,2021-08-09,2021-08-09,25,No-pair,OB,SMB,MV Swing,2021-09-02T00:00:00,8971506022,-1184097190
1427,51_8971409824_Advent Geneva,30_8971409824_Newedge,2016189797,NEFU_FIFTY_SEVEN_00799802,EUR,vgu1,-7912.32,EURO STOXX 50     Sep21,2021-06-25,2021-06-25,70,No-pair,OB,SMB,MV Swing,2021-09-02T00:00:00,8971506022,-1184097190
1429,165_8971482299_Advent Geneva,230_8971482299_Newedge,2110838542,NEFU_FIFTY_SEVEN_00799760,USD,ecu1,-12.14,EURO FX CURR FUT  Sep21,2021-08-17,2021-08-17,17,No-pair,OB,SMB,MV Swing,2021-09-02T00:00:00,8971506022,-1184097190
1430,13_8971490018_Advent Geneva,,2121115953,NEFU_FIFTY_SEVEN_00799803,AUD,xpu1,4800.1,SPI 200 FUTURES   Sep21,2021-08-23,2021-08-23,10,No-pair,OB,OB,MV Swing,2021-09-02T00:00:00,8971506022,-1184097190
1431,267_8971486166_Advent Geneva,,2115963730,NEFU_FIFTY_SEVEN_00799769,USD,esu1,2.9,S&P500 EMINI FUT  Sep21,2021-08-19,2021-08-19,14,No-pair,OB,OB,MV Swing,2021-09-02T00:00:00,8971506022,-1184097190
1432,83_8971392386_Advent Geneva,,1994509716,NEFU_FIFTY_SEVEN_00799803,JPY,tpu1,-22.01,TOPIX INDX FUTR   Sep21,2021-06-08,2021-06-08,80,No-pair,OB,OB,MV Swing,2021-09-02T00:00:00,8971506022,-1184097190
1433,106_8971407862_Advent Geneva,,2013326260,NEFU_FIFTY_SEVEN_00799803,JPY,tpu1,23619.77,TOPIX INDX FUTR   Sep21,2021-06-24,2021-06-24,70,No-pair,OB,OB,MV Swing,2021-09-02T00:00:00,8971506022,-1184097190
1434,129_8971432624_Advent Geneva,51_8971432624_Newedge,2044955381,NEFU_FIFTY_SEVEN_00799804,KRW,kmu1,7671.43,KOSPI2 INX FUT    Sep21,2021-07-13,2021-07-13,52,No-pair,OB,SMB,MV Swing,2021-09-02T00:00:00,8971506022,-1184097190
1435,69_8971398276_Advent Geneva,,2001574786,NEFU_FIFTY_SEVEN_00799802,EUR,vgu1,-4363.04,EURO STOXX 50     Sep21,2021-06-17,2021-06-17,77,No-pair,OB,OB,MV Swing,2021-09-02T00:00:00,8971506022,-1184097190
1436,68_8971498170_Advent Geneva,35_8971498170_Newedge,2130964462,NEFU_FIFTY_SEVEN_00799762,GBP,z u1,-29.58,FTSE 100 IDX FUT  Sep21,2021-08-27,2021-08-27,7,No-pair,OB,SMB,MV Swing,2021-09-02T00:00:00,8971506022,-1184097190
1437,102_8971488329_Advent Geneva,,2118786485,NEFU_FIFTY_SEVEN_00799803,JPY,tpu1,5711.67,TOPIX INDX FUTR   Sep21,2021-08-20,2021-08-20,13,No-pair,OB,OB,MV Swing,2021-09-02T00:00:00,8971506022,-1184097190
1438,59_8971470255_Advent Geneva,,2094162761,NEFU_FIFTY_SEVEN_00799802,EUR,vgu1,108169.96,EURO STOXX 50     Sep21,2021-08-09,2021-08-09,24,No-pair,OB,OB,MV Swing,2021-09-02T00:00:00,8971506022,-1184097190
1440,176_8971502090_Advent Geneva,,2135789359,NEFU_FIFTY_SEVEN_00799760,USD,ngx21,0.82,NATURAL GAS FUTR  Nov21,2021-08-31,2021-08-31,2,No-pair,OB,OB,MV Swing,2021-09-02T00:00:00,8971506022,-1184097190
1441,48_8971404061_Advent Geneva,,2008716708,NEFU_FIFTY_SEVEN_00799802,EUR,vgu1,-71073.42,EURO STOXX 50     Sep21,2021-06-22,2021-06-22,72,No-pair,OB,OB,MV Swing,2021-09-02T00:00:00,8971506022,-1184097190
1442,132_8971470255_Advent Geneva,59_8971470255_Newedge,2094162863,NEFU_FIFTY_SEVEN_00799760,USD,ecu1,1513.02,EURO FX CURR FUT  Sep21,2021-08-09,2021-08-09,25,No-pair,OB,SMB,MV Swing,2021-09-02T00:00:00,8971506022,-1184097190
1443,122_8971494314_Advent Geneva,,2126181500,NEFU_FIFTY_SEVEN_00799804,KRW,kmu1,-16282.15,KOSPI2 INX FUT    Sep21,2021-08-25,2021-08-25,8,No-pair,OB,OB,MV Swing,2021-09-02T00:00:00,8971506022,-1184097190
1444,84_8971392386_Advent Geneva,,1994509685,NEFU_FIFTY_SEVEN_00799803,JPY,tpu1,46.85,TOPIX INDX FUTR   Sep21,2021-06-09,2021-06-09,80,No-pair,OB,OB,MV Swing,2021-09-02T00:00:00,8971506022,-1184097190
1445,149_8971452119_Advent Geneva,,2069323785,NEFU_FIFTY_SEVEN_00799802,EUR,vgu1,-380.51,EURO STOXX 50     Sep21,2021-07-27,2021-07-27,37,No-pair,OB,OB,MV Swing,2021-09-02T00:00:00,8971506022,-1184097190
1446,78_8971504138_Advent Geneva,,2138199567,NEFU_FIFTY_SEVEN_00799801,CAD,ptu1,-726.05,S&P/TSX 60 IX FUT Sep21,2021-09-01,2021-09-01,1,No-pair,OB,OB,MV Swing,2021-09-02T00:00:00,8971506022,-1184097190
1447,221_8971480190_Advent Geneva,,2108158456,NEFU_FIFTY_SEVEN_00799803,THB,bcu1,-167.91,SET50 FUTURES     Sep21,2021-08-16,2021-08-16,17,No-pair,OB,OB,MV Swing,2021-09-02T00:00:00,8971506022,-1184097190
1449,102_8971384572_Advent Geneva,,1984484746,NEFU_FIFTY_SEVEN_00799803,JPY,tpu1,21.04,TOPIX INDX FUTR   Sep21,2021-06-08,2021-06-08,86,No-pair,OB,OB,MV Swing,2021-09-02T00:00:00,8971506022,-1184097190
1450,53_8971438425_Advent Geneva,,2051927449,NEFU_FIFTY_SEVEN_00799802,EUR,vgu1,6.54,EURO STOXX 50     Sep21,2021-07-16,2021-07-16,48,No-pair,OB,OB,MV Swing,2021-09-02T00:00:00,8971506022,-1184097190
1451,10_8971409824_Advent Geneva,,2016189669,NEFU_FIFTY_SEVEN_00799803,AUD,xpu1,-496.73,SPI 200 FUTURES   Sep21,2021-06-25,2021-06-25,69,No-pair,OB,OB,MV Swing,2021-09-02T00:00:00,8971506022,-1184097190
1452,,42_8971490018_Newedge,2121116089,NEFU_FIFTY_SEVEN_00799762,JPY,niu1,-100490.66,SEP 21 SGX NIKKEI IDX,2021-08-23,2021-08-23,11,No-pair,OB,OB,MV Swing,2021-09-02T00:00:00,8971506022,-1184097190
1453,,295_8971494314_Newedge,2126181718,NEFU_FIFTY_SEVEN_00799769,USD,adu1,-0.56,SEP 21 AUSTRALIAN $,2021-08-25,2021-08-25,9,No-pair,OB,OB,MV Swing,2021-09-02T00:00:00,8971506022,-1184097190
1454,,229_8971462157_Newedge,2083549997,NEFU_FIFTY_SEVEN_00799769,USD,adu1,-2.24,SEP 21 AUSTRALIAN $,2021-08-03,2021-08-03,31,No-pair,OB,OB,MV Swing,2021-09-02T00:00:00,8971506022,-1184097190
1455,112_8971478351_Advent Geneva,,2105432717,NEFU_FIFTY_SEVEN_00799804,KRW,kmu1,-58641.98,KOSPI2 INX FUT    Sep21,2021-08-13,2021-08-13,20,No-pair,OB,OB,MV Swing,2021-09-02T00:00:00,8971506022,-1184097190
1457,94_8971468335_Advent Geneva,,2091579703,NEFU_FIFTY_SEVEN_00799803,JPY,tpu1,-180.22,TOPIX INDX FUTR   Sep21,2021-08-06,2021-08-06,27,No-pair,OB,OB,MV Swing,2021-09-02T00:00:00,8971506022,-1184097190
1459,393_8971504138_Advent Geneva,,2138199952,NEFU_FIFTY_SEVEN_00799803,USD,twtu1,-3200.72,FTSE Taiwan Index Sep21,2021-09-01,2021-09-01,1,No-pair,OB,OB,MV Swing,2021-09-02T00:00:00,8971506022,-1184097190
1462,13_8971444152_Advent Geneva,,2058928186,NEFU_FIFTY_SEVEN_00799803,AUD,xpu1,9860.88,SPI 200 FUTURES   Sep21,2021-07-21,2021-07-21,43,No-pair,OB,OB,MV Swing,2021-09-02T00:00:00,8971506022,-1184097190
1463,12_8971462157_Advent Geneva,,2083549637,NEFU_FIFTY_SEVEN_00799803,AUD,xpu1,16.97,SPI 200 FUTURES   Sep21,2021-08-03,2021-08-03,30,No-pair,OB,OB,MV Swing,2021-09-02T00:00:00,8971506022,-1184097190
1464,913_8971434624_Advent Geneva,,2047328458,NEFU_FIFTY_SEVEN_00799769,USD,esu1,-2779.96,S&P500 EMINI FUT  Sep21,2021-07-14,2021-07-14,50,No-pair,OB,OB,MV Swing,2021-09-02T00:00:00,8971506022,-1184097190
1465,12_8971492132_Advent Geneva,,2123793708,NEFU_FIFTY_SEVEN_00799803,AUD,xpu1,-769.03,SPI 200 FUTURES   Sep21,2021-08-24,2021-08-24,9,No-pair,OB,OB,MV Swing,2021-09-02T00:00:00,8971506022,-1184097190
1466,107_8971407862_Advent Geneva,,2013326261,NEFU_FIFTY_SEVEN_00799803,JPY,tpu1,3.82,TOPIX INDX FUTR   Sep21,2021-06-24,2021-06-24,70,No-pair,OB,OB,MV Swing,2021-09-02T00:00:00,8971506022,-1184097190
1467,116_8971498170_Advent Geneva,,2130964326,NEFU_FIFTY_SEVEN_00799804,KRW,kmu1,-4075.25,KOSPI2 INX FUT    Sep21,2021-08-27,2021-08-27,6,No-pair,OB,OB,MV Swing,2021-09-02T00:00:00,8971506022,-1184097190
1468,,311_8971492132_Newedge,2123793615,NEFU_FIFTY_SEVEN_00799769,USD,sfu1,-0.56,SEP 21 SWISS FRANC,2021-08-24,2021-08-24,10,No-pair,OB,OB,MV Swing,2021-09-02T00:00:00,8971506022,-1184097190
1470,,254_8971496173_Newedge,2128394278,NEFU_FIFTY_SEVEN_00799760,USD,lhv1,-1.89,OCT 21 CME LEAN HOGS,2021-08-26,2021-08-26,8,No-pair,OB,OB,MV Swing,2021-09-02T00:00:00,8971506022,-1184097190
1472,73_8971486166_Advent Geneva,,2115963842,NEFU_FIFTY_SEVEN_00799802,EUR,vgu1,52201.05,EURO STOXX 50     Sep21,2021-08-19,2021-08-19,14,No-pair,OB,OB,MV Swing,2021-09-02T00:00:00,8971506022,-1184097190
1473,,77_8971500148_Newedge,2133391880,NEFU_FIFTY_SEVEN_00799760,USD,xbx1,487.2,NOV 21 NYM RBOB GAS,2021-08-30,2021-08-30,4,No-pair,OB,OB,MV Swing,2021-09-02T00:00:00,8971506022,-1184097190
1474,83_8971404061_Advent Geneva,,2008716482,NEFU_FIFTY_SEVEN_00799803,JPY,tpu1,22.95,TOPIX INDX FUTR   Sep21,2021-06-22,2021-06-22,72,No-pair,OB,OB,MV Swing,2021-09-02T00:00:00,8971506022,-1184097190
1475,224_8971430481_Advent Geneva,,2042742547,NEFU_FIFTY_SEVEN_00799760,USD,boz1,-18948600.0,SOYBEAN OIL FUTR  Dec21,2021-07-07,2021-07-07,52,No-pair,OB,OB,MV Swing,2021-09-02T00:00:00,8971506022,-1184097190
1476,72_8971424734_Advent Geneva,,2035490883,NEFU_FIFTY_SEVEN_00799803,AUD,xpu1,22.95,SPI 200 FUTURES   Sep21,2021-07-07,2021-07-07,57,No-pair,OB,OB,MV Swing,2021-09-02T00:00:00,8971506022,-1184097190
1477,109_8971452119_Advent Geneva,,2069323717,NEFU_FIFTY_SEVEN_00799803,AUD,xpu1,7.98,SPI 200 FUTURES   Sep21,2021-07-27,2021-07-27,37,No-pair,OB,OB,MV Swing,2021-09-02T00:00:00,8971506022,-1184097190
1478,,288_8971436488_Newedge,2049572588,NEFU_FIFTY_SEVEN_00799802,USD,uxn1,-124.25,JUL 21 CFE VIX,2021-07-15,2021-07-15,50,No-pair,OB,OB,"Commission difference, SFO to advise",2021-09-02T00:00:00,8971506022,-1184097190
1479,,204_8971434624_Newedge,2047328353,NEFU_FIFTY_SEVEN_00799760,USD,boz1,-1.26,DEC 21 SYBEAN OIL,2021-07-14,2021-07-14,51,No-pair,OB,OB,MV Swing,2021-09-02T00:00:00,8971506022,-1184097190
1480,89_8971374774_Advent Geneva,,1971533251,NEFU_FIFTY_SEVEN_00799803,JPY,tpu1,55.6,TOPIX INDX FUTR   Sep21,2021-06-01,2021-06-01,93,No-pair,OB,OB,MV Swing,2021-09-02T00:00:00,8971506022,-1184097190
1481,110_8971389242_Advent Geneva,,1990013074,NEFU_FIFTY_SEVEN_00799804,KRW,kmu1,-155.14,KOSPI2 INX FUT    Sep21,2021-06-10,2021-06-10,84,No-pair,OB,OB,MV Swing,2021-09-02T00:00:00,8971506022,-1184097190
1482,,286_8971496173_Newedge,2128393857,NEFU_FIFTY_SEVEN_00799762,USD,nqu1,-104.34,SEP 21 IMM EMINI NSDQ,2021-08-26,2021-08-26,8,No-pair,OB,OB,MV Swing,2021-09-02T00:00:00,8971506022,-1184097190
1483,,153_8971504138_Newedge,2138199679,NEFU_FIFTY_SEVEN_00799762,EUR,stu1,-122.76,SEP 21 IDEM FTSE MIB,2021-09-01,2021-09-01,2,No-pair,OB,OB,MV Swing,2021-09-02T00:00:00,8971506022,-1184097190
1484,56_8971442331_Advent Geneva,,2056711910,NEFU_FIFTY_SEVEN_00799802,EUR,vgu1,25678.04,EURO STOXX 50     Sep21,2021-07-20,2021-07-20,44,No-pair,OB,OB,MV Swing,2021-09-02T00:00:00,8971506022,-1184097190
1485,149_8971426687_Advent Geneva,,2037767439,NEFU_FIFTY_SEVEN_00799804,KRW,kmu1,17.38,KOSPI2 INX FUT    Sep21,2021-07-08,2021-07-08,56,No-pair,OB,OB,MV Swing,2021-09-02T00:00:00,8971506022,-1184097190
1486,344_8971504138_Advent Geneva,,2138199572,NEFU_FIFTY_SEVEN_00799769,USD,esu1,-748.26,S&P500 EMINI FUT  Sep21,2021-09-01,2021-09-01,1,No-pair,OB,OB,MV Swing,2021-09-02T00:00:00,8971506022,-1184097190
1487,7_8971409824_Advent Geneva,,2016189666,NEFU_FIFTY_SEVEN_00799803,AUD,xpu1,2.0,SPI 200 FUTURES   Sep21,2021-06-25,2021-06-25,69,No-pair,OB,OB,MV Swing,2021-09-02T00:00:00,8971506022,-1184097190
1488,,1_8971498170_Newedge,2130963983,NEFU_FIFTY_SEVEN_00799760,AUD,irz2,-30179.56,DEC 22 IR 90 DAY BILL,2021-08-27,2021-08-27,7,No-pair,OB,OB,"Price difference, SFO to validate",2021-09-02T00:00:00,8971506022,-1184097190
1489,103_8971500148_Advent Geneva,,2133391798,NEFU_FIFTY_SEVEN_00799804,KRW,kmu1,-916.16,KOSPI2 INX FUT    Sep21,2021-08-30,2021-08-30,3,No-pair,OB,OB,MV Swing,2021-09-02T00:00:00,8971506022,-1184097190
1490,296_8971472236_Advent Geneva,,2096555418,NEFU_FIFTY_SEVEN_00799769,USD,esu1,-474.42,S&P500 EMINI FUT  Sep21,2021-08-10,2021-08-10,23,No-pair,OB,OB,MV Swing,2021-09-02T00:00:00,8971506022,-1184097190
1491,158_8971482299_Advent Geneva,,2110838572,NEFU_FIFTY_SEVEN_00799803,THB,bcu1,54.27,SET50 FUTURES     Sep21,2021-08-17,2021-08-17,16,No-pair,OB,OB,MV Swing,2021-09-02T00:00:00,8971506022,-1184097190
1493,60_8971488329_Advent Geneva,,2118786205,NEFU_FIFTY_SEVEN_00799802,EUR,vgu1,-2215.08,EURO STOXX 50     Sep21,2021-08-20,2021-08-20,13,No-pair,OB,OB,MV Swing,2021-09-02T00:00:00,8971506022,-1184097190
1496,232_8971480190_Advent Geneva,,2108158737,NEFU_FIFTY_SEVEN_00799760,USD,c z1,-1.5,CORN FUTURE       Dec21,2021-08-12,2021-08-12,17,No-pair,OB,OB,MV Swing,2021-09-02T00:00:00,8971506022,-1184097190
1498,14_8971500148_Advent Geneva,,2133391563,NEFU_FIFTY_SEVEN_00799803,AUD,xpu1,-73.48,SPI 200 FUTURES   Sep21,2021-08-30,2021-08-30,3,No-pair,OB,OB,MV Swing,2021-09-02T00:00:00,8971506022,-1184097190
1499,117_8971386551_Advent Geneva,,1986922734,NEFU_FIFTY_SEVEN_00799804,KRW,kmu1,1731.15,KOSPI2 INX FUT    Sep21,2021-06-09,2021-06-09,85,No-pair,OB,OB,MV Swing,2021-09-02T00:00:00,8971506022,-1184097190
1500,232_8971466268_Advent Geneva,,2088715110,NEFU_FIFTY_SEVEN_00799769,USD,esu1,0.58,S&P500 EMINI FUT  Sep21,2021-08-05,2021-08-05,28,No-pair,OB,OB,MV Swing,2021-09-02T00:00:00,8971506022,-1184097190
1502,11_8971402149_Advent Geneva,,2006213804,NEFU_FIFTY_SEVEN_00799803,AUD,xpu1,-87899.56,SPI 200 FUTURES   Sep21,2021-06-21,2021-06-21,73,No-pair,OB,OB,MV Swing,2021-09-02T00:00:00,8971506022,-1184097190
1503,8_8971400205_Advent Geneva,,2003875211,NEFU_FIFTY_SEVEN_00799803,AUD,xpu1,5.99,SPI 200 FUTURES   Sep21,2021-06-18,2021-06-18,76,No-pair,OB,OB,MV Swing,2021-09-02T00:00:00,8971506022,-1184097190
1504,107_8971402149_Advent Geneva,,2006213651,NEFU_FIFTY_SEVEN_00799803,JPY,tpu1,25.82,TOPIX INDX FUTR   Sep21,2021-06-21,2021-06-21,73,No-pair,OB,OB,MV Swing,2021-09-02T00:00:00,8971506022,-1184097190
1505,12_8971454063_Advent Geneva,,2071655789,NEFU_FIFTY_SEVEN_00799803,AUD,xpu1,8.98,SPI 200 FUTURES   Sep21,2021-07-28,2021-07-28,36,No-pair,OB,OB,MV Swing,2021-09-02T00:00:00,8971506022,-1184097190
1506,,237_8971450109_Newedge,2066111070,NEFU_FIFTY_SEVEN_00799762,USD,cox1,-68.64,NOV 21 ICE BRENT CRD,2021-07-26,2021-07-26,39,No-pair,OB,OB,"Commission difference, SFO to advise",2021-09-02T00:00:00,8971506022,-1184097190
1507,298_8971498170_Advent Geneva,,2130964663,NEFU_FIFTY_SEVEN_00799803,USD,twtu1,159.82,FTSE Taiwan Index Sep21,2021-08-27,2021-08-27,6,No-pair,OB,OB,MV Swing,2021-09-02T00:00:00,8971506022,-1184097190
1508,154_8971500148_Advent Geneva,,2133391943,NEFU_FIFTY_SEVEN_00799760,USD,ngx21,1211.64,NATURAL GAS FUTR  Nov21,2021-08-30,2021-08-30,3,No-pair,OB,OB,MV Swing,2021-09-02T00:00:00,8971506022,-1184097190
1509,256_8971500148_Advent Geneva,,2133391902,NEFU_FIFTY_SEVEN_00799803,USD,xuu1,18338.2,FTSE CHINA A50    Sep21,2021-08-30,2021-08-30,3,No-pair,OB,OB,MV Swing,2021-09-02T00:00:00,8971506022,-1184097190
1510,109_8971389242_Advent Geneva,,1990013073,NEFU_FIFTY_SEVEN_00799804,KRW,kmu1,17.35,KOSPI2 INX FUT    Sep21,2021-06-10,2021-06-10,84,No-pair,OB,OB,MV Swing,2021-09-02T00:00:00,8971506022,-1184097190
1511,10_8971438425_Advent Geneva,,2051927068,NEFU_FIFTY_SEVEN_00799803,AUD,xpu1,9.98,SPI 200 FUTURES   Sep21,2021-07-16,2021-07-16,48,No-pair,OB,OB,MV Swing,2021-09-02T00:00:00,8971506022,-1184097190
1512,,239_8971432624_Newedge,2044955502,NEFU_FIFTY_SEVEN_00799762,USD,cox1,-54.08,NOV 21 ICE BRENT CRD,2021-07-13,2021-07-13,52,No-pair,OB,OB,"Commission difference, SFO to advise",2021-09-02T00:00:00,8971506022,-1184097190
1513,7_8971405890_Advent Geneva,,2011018278,NEFU_FIFTY_SEVEN_00799803,AUD,xpu1,9801.68,SPI 200 FUTURES   Sep21,2021-06-23,2021-06-23,71,No-pair,OB,OB,MV Swing,2021-09-02T00:00:00,8971506022,-1184097190
1514,,345_8971486166_Newedge,2115963880,NEFU_FIFTY_SEVEN_00799802,USD,uxv1,-56.0,OCT 21 CFE VIX,2021-08-19,2021-08-19,15,No-pair,OB,OB,MV Swing,2021-09-02T00:00:00,8971506022,-1184097190
1515,,290_8971440316_Newedge,2054296027,NEFU_FIFTY_SEVEN_00799802,USD,uxq1,-127.75,AUG 21 CFE VIX,2021-07-19,2021-07-19,46,No-pair,OB,OB,"Commission difference, SFO to advise",2021-09-02T00:00:00,8971506022,-1184097190
1516,113_8971474187_Advent Geneva,,2099136993,NEFU_FIFTY_SEVEN_00799804,KRW,kmu1,1380.33,KOSPI2 INX FUT    Sep21,2021-08-11,2021-08-11,22,No-pair,OB,OB,MV Swing,2021-09-02T00:00:00,8971506022,-1184097190
1517,106_8971390559_Advent Geneva,,1992286329,NEFU_FIFTY_SEVEN_00799804,KRW,kmu1,-729.3,KOSPI2 INX FUT    Sep21,2021-06-11,2021-06-11,83,No-pair,OB,OB,MV Swing,2021-09-02T00:00:00,8971506022,-1184097190
1518,,251_8971432624_Newedge,2044955552,NEFU_FIFTY_SEVEN_00799762,USD,twtn1,-408.24,JUL 21 FTSE TAIWAN FU,2021-07-13,2021-07-13,52,No-pair,OB,OB,"Commission difference, SFO to advise",2021-09-02T00:00:00,8971506022,-1184097190
1519,,170_8971444152_Newedge,2058928115,NEFU_FIFTY_SEVEN_00799802,EUR,gxu1,-21.88,SEP 21 EURX DAX INDEX,2021-07-21,2021-07-21,44,No-pair,OB,OB,"Commission difference, SFO to advise",2021-09-02T00:00:00,8971506022,-1184097190
1520,,241_8971436488_Newedge,2049572921,NEFU_FIFTY_SEVEN_00799762,USD,cox1,-89.44,NOV 21 ICE BRENT CRD,2021-07-15,2021-07-15,50,No-pair,OB,OB,"Commission difference, SFO to advise",2021-09-02T00:00:00,8971506022,-1184097190
1521,93_8971426687_Advent Geneva,,2037767159,NEFU_FIFTY_SEVEN_00799802,EUR,vgu1,196135.54,EURO STOXX 50     Sep21,2021-07-08,2021-07-08,56,No-pair,OB,OB,MV Swing,2021-09-02T00:00:00,8971506022,-1184097190
1522,58_8971476567_Advent Geneva,,2102139255,NEFU_FIFTY_SEVEN_00799802,EUR,vgu1,43.16,EURO STOXX 50     Sep21,2021-08-12,2021-08-12,21,No-pair,OB,OB,MV Swing,2021-09-02T00:00:00,8971506022,-1184097190
1523,88_8971448246_Advent Geneva,,2063909575,NEFU_FIFTY_SEVEN_00799804,KRW,kmu1,-185.22,KOSPI2 INX FUT    Sep21,2021-07-23,2021-07-23,41,No-pair,OB,OB,MV Swing,2021-09-02T00:00:00,8971506022,-1184097190
1524,13_8971486166_Advent Geneva,,2115963520,NEFU_FIFTY_SEVEN_00799803,AUD,xpu1,-898.37,SPI 200 FUTURES   Sep21,2021-08-19,2021-08-19,14,No-pair,OB,OB,MV Swing,2021-09-02T00:00:00,8971506022,-1184097190
1526,,274_8971492132_Newedge,2123793697,NEFU_FIFTY_SEVEN_00799762,USD,clx1,-15.64,NOV 21 LT CRUDE,2021-08-24,2021-08-24,10,No-pair,OB,OB,MV Swing,2021-09-02T00:00:00,8971506022,-1184097190
1527,90_8971502090_Advent Geneva,,2135788944,NEFU_FIFTY_SEVEN_00799803,HKD,hiu1,11.55,HANG SENG IDX FUT Sep21,2021-08-31,2021-08-31,2,No-pair,OB,OB,MV Swing,2021-09-02T00:00:00,8971506022,-1184097190
1528,279_8971411649_Advent Geneva,,2018837562,NEFU_FIFTY_SEVEN_00799803,USD,ihn1,538.07,SGX Nifty 50      Jul21,2021-06-23,2021-06-23,66,No-pair,OB,OB,"Commission difference, SFO to advise",2021-09-02T00:00:00,8971506022,-1184097190
1530,329_8971424734_Advent Geneva,,2035491688,NEFU_FIFTY_SEVEN_00799803,JPY,tpu1,-910.56,TOPIX INDX FUTR   Sep21,2021-07-06,2021-07-06,57,No-pair,OB,OB,MV Swing,2021-09-02T00:00:00,8971506022,-1184097190
1532,82_8971392386_Advent Geneva,,1994509715,NEFU_FIFTY_SEVEN_00799803,JPY,tpu1,485.2,TOPIX INDX FUTR   Sep21,2021-06-08,2021-06-08,80,No-pair,OB,OB,MV Swing,2021-09-02T00:00:00,8971506022,-1184097190
1533,123_8971486166_Advent Geneva,,2115963564,NEFU_FIFTY_SEVEN_00799804,KRW,kmu1,-2556.28,KOSPI2 INX FUT    Sep21,2021-08-19,2021-08-19,14,No-pair,OB,OB,MV Swing,2021-09-02T00:00:00,8971506022,-1184097190
1534,,39_8971376657_Newedge,1974099086,NEFU_FIFTY_SEVEN_00799803,JPY,tpu1,-54.64,SEP 21 OSE TOPIX,2021-06-02,2021-06-02,93,No-pair,OB,OB,MV Swing,2021-09-02T00:00:00,8971506022,-1184097190
1535,,271_8971484218_Newedge,2113336706,NEFU_FIFTY_SEVEN_00799762,USD,hou1,-6.04,SEP 21 NYM NYHRBRULSD,2021-08-18,2021-08-18,16,No-pair,OB,OB,"Commission difference, SFO to advise",2021-09-02T00:00:00,8971506022,-1184097190
1536,334_8971490018_Advent Geneva,,2121116440,NEFU_FIFTY_SEVEN_00799802,ZAR,aiu1,22.5,FTSE/JSE TOP 40   Sep21,2021-08-23,2021-08-23,10,No-pair,OB,OB,MV Swing,2021-09-02T00:00:00,8971506022,-1184097190
1537,,298_8971496173_Newedge,2128393951,NEFU_FIFTY_SEVEN_00799769,USD,adu1,-2.24,SEP 21 AUSTRALIAN $,2021-08-26,2021-08-26,8,No-pair,OB,OB,MV Swing,2021-09-02T00:00:00,8971506022,-1184097190
1538,232_8971440316_Advent Geneva,,2054295558,NEFU_FIFTY_SEVEN_00799769,USD,esu1,-13643.94,S&P500 EMINI FUT  Sep21,2021-07-19,2021-07-19,45,No-pair,OB,OB,MV Swing,2021-09-02T00:00:00,8971506022,-1184097190
1539,54_8971456038_Advent Geneva,,2074204170,NEFU_FIFTY_SEVEN_00799802,EUR,vgu1,13.08,EURO STOXX 50     Sep21,2021-07-29,2021-07-29,35,No-pair,OB,OB,MV Swing,2021-09-02T00:00:00,8971506022,-1184097190
1540,,169_8971472236_Newedge,2096555452,NEFU_FIFTY_SEVEN_00799762,JPY,niu1,-164.1,SEP 21 SGX NIKKEI IDX,2021-08-10,2021-08-10,24,No-pair,OB,OB,MV Swing,2021-09-02T00:00:00,8971506022,-1184097190
1541,373_8971434624_Advent Geneva,,2047329002,NEFU_FIFTY_SEVEN_00799760,USD,boz1,1979802.0,SOYBEAN OIL FUTR  Dec21,2021-06-28,2021-06-28,50,No-pair,OB,OB,MV Swing,2021-09-02T00:00:00,8971506022,-1184097190
1542,12_8971440316_Advent Geneva,,2054295614,NEFU_FIFTY_SEVEN_00799803,AUD,xpu1,301.9,SPI 200 FUTURES   Sep21,2021-07-19,2021-07-19,45,No-pair,OB,OB,MV Swing,2021-09-02T00:00:00,8971506022,-1184097190
1543,,64_8971472236_Newedge,2096555098,NEFU_FIFTY_SEVEN_00799760,USD,s x1,-50.0,NOV 21 SOYBEANS,2021-08-10,2021-08-10,24,No-pair,OB,OB,MV Swing,2021-09-02T00:00:00,8971506022,-1184097190
1546,,1_8971494314_Newedge,2126181063,NEFU_FIFTY_SEVEN_00799760,AUD,irz2,-1173.38,DEC 22 IR 90 DAY BILL,2021-08-25,2021-08-25,9,No-pair,OB,OB,"Price difference, SFO to validate",2021-09-02T00:00:00,8971506022,-1184097190
1547,379_8971424734_Advent Geneva,,2035491582,NEFU_FIFTY_SEVEN_00799804,KRW,kmu1,-4430.12,KOSPI2 INX FUT    Sep21,2021-07-06,2021-07-06,57,No-pair,OB,OB,MV Swing,2021-09-02T00:00:00,8971506022,-1184097190
1548,70_8971436488_Advent Geneva,,2049572884,NEFU_FIFTY_SEVEN_00799802,EUR,vgu1,3377.78,EURO STOXX 50     Sep21,2021-07-15,2021-07-15,49,No-pair,OB,OB,MV Swing,2021-09-02T00:00:00,8971506022,-1184097190
1549,,300_8971486166_Newedge,2115963421,NEFU_FIFTY_SEVEN_00799762,USD,nqu1,-99.26,SEP 21 IMM EMINI NSDQ,2021-08-19,2021-08-19,15,No-pair,OB,OB,MV Swing,2021-09-02T00:00:00,8971506022,-1184097190
1551,112_8971502090_Advent Geneva,,2135789164,NEFU_FIFTY_SEVEN_00799803,JPY,tpu1,302513.27,TOPIX INDX FUTR   Sep21,2021-08-31,2021-08-31,2,No-pair,OB,OB,MV Swing,2021-09-02T00:00:00,8971506022,-1184097190
1552,271_8971426687_Advent Geneva,,2037767005,NEFU_FIFTY_SEVEN_00799769,USD,esu1,0.58,S&P500 EMINI FUT  Sep21,2021-07-08,2021-07-08,56,No-pair,OB,OB,MV Swing,2021-09-02T00:00:00,8971506022,-1184097190
1553,56_8971502090_Advent Geneva,,2135788857,NEFU_FIFTY_SEVEN_00799802,EUR,vgu1,-8631.91,EURO STOXX 50     Sep21,2021-08-31,2021-08-31,2,No-pair,OB,OB,MV Swing,2021-09-02T00:00:00,8971506022,-1184097190
1554,,42_8971478351_Newedge,2105432498,NEFU_FIFTY_SEVEN_00799803,HKD,hcq1,4599.79,AUG 21 HKE H-SHARES,2021-08-13,2021-08-13,21,No-pair,OB,OB,"Commission difference, SFO to advise",2021-09-02T00:00:00,8971506022,-1184097190
1556,261_8971500148_Advent Geneva,,2133391942,NEFU_FIFTY_SEVEN_00799803,USD,twtu1,26.84,FTSE Taiwan Index Sep21,2021-08-30,2021-08-30,3,No-pair,OB,OB,MV Swing,2021-09-02T00:00:00,8971506022,-1184097190
1557,,14_8971498170_Newedge,2130964034,NEFU_FIFTY_SEVENCAY_00799775,CHF,smu1,-54.7,SEP 21 EURX SWISS IDX,2021-08-27,2021-08-27,7,No-pair,OB,OB,MV Swing,2021-09-02T00:00:00,8971506022,-1184097190
1558,80_8971392386_Advent Geneva,,1994509713,NEFU_FIFTY_SEVEN_00799803,JPY,tpu1,155.04,TOPIX INDX FUTR   Sep21,2021-06-08,2021-06-08,80,No-pair,OB,OB,MV Swing,2021-09-02T00:00:00,8971506022,-1184097190
1559,,89_8971478351_Newedge,2105432884,NEFU_FIFTY_SEVEN_00799760,USD,ngx1 21,10640.0,NOV 21 NATURAL GAS,2021-08-13,2021-08-13,21,No-pair,OB,OB,MV Swing,2021-09-02T00:00:00,8971506022,-1184097190
1560,8_8971415663_Advent Geneva,,2023849648,NEFU_FIFTY_SEVEN_00799803,AUD,xpu1,-1986.27,SPI 200 FUTURES   Sep21,2021-06-30,2021-06-30,64,No-pair,OB,OB,MV Swing,2021-09-02T00:00:00,8971506022,-1184097190
1561,376_8971434624_Advent Geneva,,2047328945,NEFU_FIFTY_SEVEN_00799760,USD,boz1,7859214.0,SOYBEAN OIL FUTR  Dec21,2021-07-01,2021-07-01,50,No-pair,OB,OB,MV Swing,2021-09-02T00:00:00,8971506022,-1184097190
1562,258_8971498170_Advent Geneva,,2130964236,NEFU_FIFTY_SEVEN_00799769,USD,esu1,1101.16,S&P500 EMINI FUT  Sep21,2021-08-27,2021-08-27,6,No-pair,OB,OB,MV Swing,2021-09-02T00:00:00,8971506022,-1184097190
1564,,268_8971480190_Newedge,2108158592,NEFU_FIFTY_SEVEN_00799762,USD,hou1,-42.64,SEP 21 NYM NYHRBRULSD,2021-08-16,2021-08-16,18,No-pair,OB,OB,"Commission difference, SFO to advise",2021-09-02T00:00:00,8971506022,-1184097190
1565,,244_8971430481_Newedge,2042741924,NEFU_FIFTY_SEVEN_00799762,USD,cox1,-108.16,NOV 21 ICE BRENT CRD,2021-07-12,2021-07-12,53,No-pair,OB,OB,"Commission difference, SFO to advise",2021-09-02T00:00:00,8971506022,-1184097190
1566,105_8971476567_Advent Geneva,,2102139424,NEFU_FIFTY_SEVEN_00799803,JPY,tpu1,3.82,TOPIX INDX FUTR   Sep21,2021-08-12,2021-08-12,21,No-pair,OB,OB,MV Swing,2021-09-02T00:00:00,8971506022,-1184097190
1568,115_8971458108_Advent Geneva,,2077723324,NEFU_FIFTY_SEVEN_00799803,JPY,tpu1,-93168.14,TOPIX INDX FUTR   Sep21,2021-07-30,2021-07-30,34,No-pair,OB,OB,MV Swing,2021-09-02T00:00:00,8971506022,-1184097190
1569,253_8971496173_Advent Geneva,,2128393824,NEFU_FIFTY_SEVEN_00799769,USD,esu1,4588.66,S&P500 EMINI FUT  Sep21,2021-08-26,2021-08-26,7,No-pair,OB,OB,MV Swing,2021-09-02T00:00:00,8971506022,-1184097190
1570,114_8971384572_Advent Geneva,,1984484383,NEFU_FIFTY_SEVEN_00799804,KRW,kmu1,31.32,KOSPI2 INX FUT    Sep21,2021-06-08,2021-06-08,86,No-pair,OB,OB,MV Swing,2021-09-02T00:00:00,8971506022,-1184097190
1571,,301_8971466268_Newedge,2088715204,NEFU_FIFTY_SEVEN_00799769,THB,,4738.71,FX CONV THB VS USD @ 33.13,2021-08-05,2021-08-05,29,No-pair,OB,OB,FX Missing at GVA - Email to SFO on 08/31,2021-09-02T00:00:00,8971506022,-1184097190
1572,,284_8971450109_Newedge,2066110609,NEFU_FIFTY_SEVEN_00799802,USD,uxq1,-3.5,AUG 21 CFE VIX,2021-07-26,2021-07-26,39,No-pair,OB,OB,"Commission difference, SFO to advise",2021-09-02T00:00:00,8971506022,-1184097190
1573,139_8971504138_Advent Geneva,,2138199761,NEFU_FIFTY_SEVEN_00799802,EUR,vgu1,1770.06,EURO STOXX 50     Sep21,2021-09-01,2021-09-01,1,No-pair,OB,OB,MV Swing,2021-09-02T00:00:00,8971506022,-1184097190
1574,43_8971460235_Advent Geneva,,2080397164,NEFU_FIFTY_SEVEN_00799802,EUR,vgu1,-33218.52,EURO STOXX 50     Sep21,2021-08-02,2021-08-02,31,No-pair,OB,OB,MV Swing,2021-09-02T00:00:00,8971506022,-1184097190
1575,53_8971440316_Advent Geneva,,2054295787,NEFU_FIFTY_SEVEN_00799802,EUR,vgu1,11.12,EURO STOXX 50     Sep21,2021-07-19,2021-07-19,45,No-pair,OB,OB,MV Swing,2021-09-02T00:00:00,8971506022,-1184097190
1576,105_8971400205_Advent Geneva,,2003875645,NEFU_FIFTY_SEVEN_00799804,KRW,kmu1,-38.58,KOSPI2 INX FUT    Sep21,2021-06-18,2021-06-18,76,No-pair,OB,OB,MV Swing,2021-09-02T00:00:00,8971506022,-1184097190
1577,92_8971413792_Advent Geneva,,2021313862,NEFU_FIFTY_SEVEN_00799803,JPY,tpu1,-10462.96,TOPIX INDX FUTR   Sep21,2021-06-29,2021-06-29,65,No-pair,OB,OB,MV Swing,2021-09-02T00:00:00,8971506022,-1184097190
1578,,188_8971500148_Newedge,2133391655,NEFU_FIFTY_SEVEN_00799802,JPY,jbu1,-28.52,SEP 21 OSE 10YR JGB,2021-08-30,2021-08-30,4,No-pair,OB,OB,MV Swing,2021-09-02T00:00:00,8971506022,-1184097190
1580,125_8971502090_Advent Geneva,,2135788856,NEFU_FIFTY_SEVEN_00799804,KRW,kmu1,-3988.99,KOSPI2 INX FUT    Sep21,2021-08-31,2021-08-31,2,No-pair,OB,OB,MV Swing,2021-09-02T00:00:00,8971506022,-1184097190
1581,238_8971458108_Advent Geneva,,2077723356,NEFU_FIFTY_SEVEN_00799769,USD,esu1,3.48,S&P500 EMINI FUT  Sep21,2021-07-30,2021-07-30,34,No-pair,OB,OB,MV Swing,2021-09-02T00:00:00,8971506022,-1184097190
1582,53_8971402149_Advent Geneva,,2006214255,NEFU_FIFTY_SEVEN_00799802,EUR,vgu1,33.17,EURO STOXX 50     Sep21,2021-06-16,2021-06-16,73,No-pair,OB,OB,MV Swing,2021-09-02T00:00:00,8971506022,-1184097190
1583,53_8971434624_Advent Geneva,,2047328252,NEFU_FIFTY_SEVEN_00799802,EUR,vgu1,-569.37,EURO STOXX 50     Sep21,2021-07-14,2021-07-14,50,No-pair,OB,OB,MV Swing,2021-09-02T00:00:00,8971506022,-1184097190
1584,15_8971484218_Advent Geneva,,2113336303,NEFU_FIFTY_SEVEN_00799803,AUD,xpu1,-3110.06,SPI 200 FUTURES   Sep21,2021-08-18,2021-08-18,15,No-pair,OB,OB,MV Swing,2021-09-02T00:00:00,8971506022,-1184097190
1585,,159_8971486166_Newedge,2115963379,NEFU_FIFTY_SEVEN_00799762,AUD,xpu1,-11.32,SEP 21 SFE SPI 200,2021-08-19,2021-08-19,15,No-pair,OB,OB,MV Swing,2021-09-02T00:00:00,8971506022,-1184097190
1586,,232_8971500148_Newedge,2133391612,NEFU_FIFTY_SEVEN_00799760,USD,lhv1,-1.89,OCT 21 CME LEAN HOGS,2021-08-30,2021-08-30,4,No-pair,OB,OB,MV Swing,2021-09-02T00:00:00,8971506022,-1184097190
1587,114_8971502090_Advent Geneva,,2135789175,NEFU_FIFTY_SEVEN_00799803,JPY,tpu1,-13244.28,TOPIX INDX FUTR   Sep21,2021-08-31,2021-08-31,2,No-pair,OB,OB,MV Swing,2021-09-02T00:00:00,8971506022,-1184097190
1588,112_8971488329_Advent Geneva,,2118786390,NEFU_FIFTY_SEVEN_00799804,KRW,kmu1,3.42,KOSPI2 INX FUT    Sep21,2021-08-20,2021-08-20,13,No-pair,OB,OB,MV Swing,2021-09-02T00:00:00,8971506022,-1184097190
1590,401_8971504138_Advent Geneva,,2138199984,NEFU_FIFTY_SEVEN_00799816,USD,btcj1,20025.0,CME BITCOIN FUT   APR21,2021-04-28,2021-04-28,1,No-pair,OB,OB,"Price factor Difference, SFO to advise",2021-09-02T00:00:00,8971506022,-1184097190
1591,,229_8971448246_Newedge,2063909596,NEFU_FIFTY_SEVEN_00799762,USD,cox1,-95.68,NOV 21 ICE BRENT CRD,2021-07-23,2021-07-23,42,No-pair,OB,OB,"Commission difference, SFO to advise",2021-09-02T00:00:00,8971506022,-1184097190
1592,128_8971430481_Advent Geneva,,2042742280,NEFU_FIFTY_SEVEN_00799804,KRW,kmu1,-1541.67,KOSPI2 INX FUT    Sep21,2021-07-12,2021-07-12,52,No-pair,OB,OB,MV Swing,2021-09-02T00:00:00,8971506022,-1184097190
1593,,311_8971482299_Newedge,2110838006,NEFU_FIFTY_SEVEN_00799802,USD,uxq1,-392.0,AUG 21 CFE VIX,2021-08-17,2021-08-17,17,No-pair,OB,OB,"Commission difference, SFO to advise",2021-09-02T00:00:00,8971506022,-1184097190
1594,96_8971440316_Advent Geneva,,2054295899,NEFU_FIFTY_SEVEN_00799803,JPY,tpu1,-550630.58,TOPIX INDX FUTR   Sep21,2021-07-19,2021-07-19,45,No-pair,OB,OB,MV Swing,2021-09-02T00:00:00,8971506022,-1184097190
1595,139_8971474187_Advent Geneva,,2099136942,NEFU_FIFTY_SEVEN_00799803,THB,bcu1,-1600.35,SET50 FUTURES     Sep21,2021-08-11,2021-08-11,22,No-pair,OB,OB,MV Swing,2021-09-02T00:00:00,8971506022,-1184097190
1596,,258_8971504138_Newedge,2138199904,NEFU_FIFTY_SEVEN_00799760,USD,xbv1,-4.92,OCT 21 NYM RBOB GAS,2021-09-01,2021-09-01,2,No-pair,OB,OB,MV Swing,2021-09-02T00:00:00,8971506022,-1184097190
1597,192_8971460235_Advent Geneva,,2080397372,NEFU_FIFTY_SEVEN_00799769,USD,esu1,3.48,S&P500 EMINI FUT  Sep21,2021-08-02,2021-08-02,31,No-pair,OB,OB,MV Swing,2021-09-02T00:00:00,8971506022,-1184097190
1599,,3_8971496173_Newedge,2128393643,NEFU_FIFTY_SEVEN_00799762,AUD,xpu1,-856.48,SEP 21 SFE SPI 200,2021-08-26,2021-08-26,8,No-pair,OB,OB,MV Swing,2021-09-02T00:00:00,8971506022,-1184097190
1600,,292_8971478351_Newedge,2105432193,NEFU_FIFTY_SEVEN_00799762,USD,mesu1,-337.96,SEP 21 ICUS MSCI EMG,2021-08-13,2021-08-13,21,No-pair,OB,OB,MV Swing,2021-09-02T00:00:00,8971506022,-1184097190
1601,,215_8971446202_Newedge,2061446408,NEFU_FIFTY_SEVEN_00799762,USD,cox1,-145.6,NOV 21 ICE BRENT CRD,2021-07-22,2021-07-22,43,No-pair,OB,OB,"Commission difference, SFO to advise",2021-09-02T00:00:00,8971506022,-1184097190
1602,,184_8971466268_Newedge,2088714626,NEFU_FIFTY_SEVEN_00799762,JPY,niu1,-22.24,SEP 21 SGX NIKKEI IDX,2021-08-05,2021-08-05,29,No-pair,OB,OB,MV Swing,2021-09-02T00:00:00,8971506022,-1184097190
1604,12_8971488329_Advent Geneva,,2118786111,NEFU_FIFTY_SEVEN_00799803,AUD,xpu1,8.98,SPI 200 FUTURES   Sep21,2021-08-20,2021-08-20,13,No-pair,OB,OB,MV Swing,2021-09-02T00:00:00,8971506022,-1184097190
1605,,271_8971490018_Newedge,2121116044,NEFU_FIFTY_SEVEN_00799762,USD,mesu1,-8.52,SEP 21 ICUS MSCI EMG,2021-08-23,2021-08-23,11,No-pair,OB,OB,MV Swing,2021-09-02T00:00:00,8971506022,-1184097190
1606,,169_8971430481_Newedge,2042742258,NEFU_FIFTY_SEVEN_00799802,EUR,gxu1,-21.88,SEP 21 EURX DAX INDEX,2021-07-12,2021-07-12,53,No-pair,OB,OB,"Commission difference, SFO to advise",2021-09-02T00:00:00,8971506022,-1184097190
1607,,177_8971502090_Newedge,2135788714,NEFU_FIFTY_SEVEN_00799802,EUR,fvsu1,-12.36,SEP 21 EUX VSTOXX,2021-08-31,2021-08-31,3,No-pair,OB,OB,MV Swing,2021-09-02T00:00:00,8971506022,-1184097190
1608,406_8971504138_Advent Geneva,,2138199922,NEFU_FIFTY_SEVEN_00799802,ZAR,aiu1,3604.78,FTSE/JSE TOP 40   Sep21,2021-09-01,2021-09-01,1,No-pair,OB,OB,MV Swing,2021-09-02T00:00:00,8971506022,-1184097190
1609,475_8971428733_Advent Geneva,,2040159576,NEFU_FIFTY_SEVEN_00799769,USD,esu1,4471.78,S&P500 EMINI FUT  Sep21,2021-07-09,2021-07-09,55,No-pair,OB,OB,MV Swing,2021-09-02T00:00:00,8971506022,-1184097190
1610,53_8971400205_Advent Geneva,,2003875166,NEFU_FIFTY_SEVEN_00799802,EUR,vgu1,-60745.75,EURO STOXX 50     Sep21,2021-06-18,2021-06-18,76,No-pair,OB,OB,MV Swing,2021-09-02T00:00:00,8971506022,-1184097190
1611,,69_8971500148_Newedge,2133391958,NEFU_FIFTY_SEVEN_00799760,USD,ngx1 21,-1240.0,NOV 21 NATURAL GAS,2021-08-30,2021-08-30,4,No-pair,OB,OB,MV Swing,2021-09-02T00:00:00,8971506022,-1184097190
1612,203_8971464347_Advent Geneva,,2086169852,NEFU_FIFTY_SEVEN_00799769,USD,esu1,11889.24,S&P500 EMINI FUT  Sep21,2021-08-04,2021-08-04,29,No-pair,OB,OB,MV Swing,2021-09-02T00:00:00,8971506022,-1184097190
1613,10_8971411649_Advent Geneva,,2018831915,NEFU_FIFTY_SEVEN_00799803,AUD,xpu1,-6447.89,SPI 200 FUTURES   Sep21,2021-06-28,2021-06-28,66,No-pair,OB,OB,MV Swing,2021-09-02T00:00:00,8971506022,-1184097190
1614,,177_8971444152_Newedge,2058928665,NEFU_FIFTY_SEVEN_00799817,EUR,vgu1,-2.43,SEP 21 EURX E-STXX 50,2021-07-21,2021-07-21,44,No-pair,OB,OB,"Commission difference, SFO to advise",2021-09-02T00:00:00,8971506022,-1184097190
1615,291_8971478351_Advent Geneva,,2105432636,NEFU_FIFTY_SEVEN_00799769,USD,esu1,0.58,S&P500 EMINI FUT  Sep21,2021-08-13,2021-08-13,20,No-pair,OB,OB,MV Swing,2021-09-02T00:00:00,8971506022,-1184097190
1616,96_8971390559_Advent Geneva,,1992286374,NEFU_FIFTY_SEVEN_00799803,JPY,tpu1,2.87,TOPIX INDX FUTR   Sep21,2021-06-11,2021-06-11,83,No-pair,OB,OB,MV Swing,2021-09-02T00:00:00,8971506022,-1184097190
1617,224_8971470255_Advent Geneva,,2094162977,NEFU_FIFTY_SEVEN_00799769,USD,esu1,-186.92,S&P500 EMINI FUT  Sep21,2021-08-09,2021-08-09,24,No-pair,OB,OB,MV Swing,2021-09-02T00:00:00,8971506022,-1184097190
1618,8_8971411649_Advent Geneva,,2018831900,NEFU_FIFTY_SEVEN_00799803,AUD,xpu1,-666.3,SPI 200 FUTURES   Sep21,2021-06-28,2021-06-28,66,No-pair,OB,OB,MV Swing,2021-09-02T00:00:00,8971506022,-1184097190
1619,121_8971436488_Advent Geneva,,2049572926,NEFU_FIFTY_SEVEN_00799804,KRW,kmu1,1767.06,KOSPI2 INX FUT    Sep21,2021-07-15,2021-07-15,49,No-pair,OB,OB,MV Swing,2021-09-02T00:00:00,8971506022,-1184097190
1620,,260_8971478351_Newedge,2105432889,NEFU_FIFTY_SEVEN_00799760,USD,ngx1 21,-3.28,NOV 21 NATURAL GAS,2021-08-13,2021-08-13,21,No-pair,OB,OB,MV Swing,2021-09-02T00:00:00,8971506022,-1184097190
1621,101_8971419514_Advent Geneva,,2029840177,NEFU_FIFTY_SEVEN_00799803,JPY,tpu1,-7539.3,TOPIX INDX FUTR   Sep21,2021-07-02,2021-07-02,62,No-pair,OB,OB,MV Swing,2021-09-02T00:00:00,8971506022,-1184097190
1622,59_8971496173_Advent Geneva,,2128394016,NEFU_FIFTY_SEVEN_00799802,EUR,vgu1,-883.84,EURO STOXX 50     Sep21,2021-08-26,2021-08-26,7,No-pair,OB,OB,MV Swing,2021-09-02T00:00:00,8971506022,-1184097190
1627,2_8971502090_Advent Geneva,,2135789356,NEFU_FIFTY_SEVEN_00799762,AUD,xpu1,508.68,SPI 200 FUTURES   Sep21,2021-08-31,2021-08-31,2,No-pair,OB,OB,MV Swing,2021-09-02T00:00:00,8971506022,-1184097190
1629,341_8971430481_Advent Geneva,,2042742393,NEFU_FIFTY_SEVEN_00799769,USD,esu1,1265.08,S&P500 EMINI FUT  Sep21,2021-07-12,2021-07-12,52,No-pair,OB,OB,MV Swing,2021-09-02T00:00:00,8971506022,-1184097190
1631,114_8971458108_Advent Geneva,,2077723323,NEFU_FIFTY_SEVEN_00799803,JPY,tpu1,10.52,TOPIX INDX FUTR   Sep21,2021-07-30,2021-07-30,34,No-pair,OB,OB,MV Swing,2021-09-02T00:00:00,8971506022,-1184097190
1632,232_8971500148_Advent Geneva,,2133391531,NEFU_FIFTY_SEVEN_00799769,USD,esu1,1.16,S&P500 EMINI FUT  Sep21,2021-08-30,2021-08-30,3,No-pair,OB,OB,MV Swing,2021-09-02T00:00:00,8971506022,-1184097190
1633,289_8971478351_Advent Geneva,,2105432635,NEFU_FIFTY_SEVEN_00799769,USD,esu1,3.48,S&P500 EMINI FUT  Sep21,2021-08-13,2021-08-13,20,No-pair,OB,OB,MV Swing,2021-09-02T00:00:00,8971506022,-1184097190
1634,278_8971502090_Advent Geneva,,2135789166,NEFU_FIFTY_SEVEN_00799803,USD,twtu1,85241.66,FTSE Taiwan Index Sep21,2021-08-31,2021-08-31,2,No-pair,OB,OB,MV Swing,2021-09-02T00:00:00,8971506022,-1184097190
1635,59_8971476567_Advent Geneva,,2102139256,NEFU_FIFTY_SEVEN_00799802,EUR,vgu1,-15675.07,EURO STOXX 50     Sep21,2021-08-12,2021-08-12,21,No-pair,OB,OB,MV Swing,2021-09-02T00:00:00,8971506022,-1184097190
1636,53_8971498170_Advent Geneva,,2130964402,NEFU_FIFTY_SEVEN_00799802,EUR,vgu1,10.46,EURO STOXX 50     Sep21,2021-08-27,2021-08-27,6,No-pair,OB,OB,MV Swing,2021-09-02T00:00:00,8971506022,-1184097190
1637,,81_8971492132_Newedge,2123794243,NEFU_FIFTY_SEVEN_00799760,USD,ngx1 21,2140.0,NOV 21 NATURAL GAS,2021-08-24,2021-08-24,10,No-pair,OB,OB,MV Swing,2021-09-02T00:00:00,8971506022,-1184097190
1638,,307_8971502090_Newedge,2135788927,NEFU_FIFTY_SEVEN_00799769,USD,tyz1,-1.76,DEC 21 10YR T-NOTES,2021-08-31,2021-08-31,3,No-pair,OB,OB,GVA missing trade as of 09/01. SFO to advise,2021-09-02T00:00:00,8971506022,-1184097190
1639,16_8971446202_Advent Geneva,,2061446577,NEFU_FIFTY_SEVEN_00799803,AUD,xpu1,38.24,SPI 200 FUTURES   Sep21,2021-07-22,2021-07-22,42,No-pair,OB,OB,MV Swing,2021-09-02T00:00:00,8971506022,-1184097190
1640,61_8971478351_Advent Geneva,,2105432221,NEFU_FIFTY_SEVEN_00799802,EUR,vgu1,-55744.44,EURO STOXX 50     Sep21,2021-08-13,2021-08-13,20,No-pair,OB,OB,MV Swing,2021-09-02T00:00:00,8971506022,-1184097190
1644,374_8971434624_Advent Geneva,,2047329010,NEFU_FIFTY_SEVEN_00799760,USD,boz1,-33356664.0,SOYBEAN OIL FUTR  Dec21,2021-06-29,2021-06-29,50,No-pair,OB,OB,MV Swing,2021-09-02T00:00:00,8971506022,-1184097190
1645,251_8971400205_Advent Geneva,,2003875216,NEFU_FIFTY_SEVEN_00799769,USD,esu1,-2210.76,S&P500 EMINI FUT  Sep21,2021-06-18,2021-06-18,76,No-pair,OB,OB,MV Swing,2021-09-02T00:00:00,8971506022,-1184097190
1646,271_8971417585_Advent Geneva,,2026970908,NEFU_FIFTY_SEVEN_00799769,USD,esu1,2.9,S&P500 EMINI FUT  Sep21,2021-07-01,2021-07-01,63,No-pair,OB,OB,MV Swing,2021-09-02T00:00:00,8971506022,-1184097190
1647,255_8971502090_Advent Geneva,,2135789373,NEFU_FIFTY_SEVEN_00799769,USD,tyu1,0.44,US 10YR NOTE (CBT)Sep21,2021-08-31,2021-08-31,2,No-pair,OB,OB,PB Missing Trade,2021-09-02T00:00:00,8971506022,-1184097190
1648,97_8971500148_Advent Geneva,,2133391946,NEFU_FIFTY_SEVEN_00799804,KRW,keu1,1.31,KOREA 3YR BND FUT Sep21,2021-08-27,2021-08-27,3,No-pair,OB,OB,MV Swing,2021-09-02T00:00:00,8971506022,-1184097190
1649,,285_8971494314_Newedge,2126181497,NEFU_FIFTY_SEVEN_00799762,USD,mesu1,-4.26,SEP 21 ICUS MSCI EMG,2021-08-25,2021-08-25,9,No-pair,OB,OB,MV Swing,2021-09-02T00:00:00,8971506022,-1184097190
1650,12_8971394513_Advent Geneva,,1997216735,NEFU_FIFTY_SEVEN_00799803,AUD,xpu1,13.97,SPI 200 FUTURES   Sep21,2021-06-15,2021-06-15,79,No-pair,OB,OB,MV Swing,2021-09-02T00:00:00,8971506022,-1184097190
1651,89_8971405890_Advent Geneva,,2011018344,NEFU_FIFTY_SEVEN_00799803,JPY,tpu1,-183202.03,TOPIX INDX FUTR   Sep21,2021-06-23,2021-06-23,71,No-pair,OB,OB,MV Swing,2021-09-02T00:00:00,8971506022,-1184097190
1653,140_8971504138_Advent Geneva,,2138199762,NEFU_FIFTY_SEVEN_00799802,EUR,vgu1,37.93,EURO STOXX 50     Sep21,2021-09-01,2021-09-01,1,No-pair,OB,OB,MV Swing,2021-09-02T00:00:00,8971506022,-1184097190
1654,281_8971432624_Advent Geneva,,2044955446,NEFU_FIFTY_SEVEN_00799769,USD,esu1,18951.74,S&P500 EMINI FUT  Sep21,2021-07-13,2021-07-13,51,No-pair,OB,OB,MV Swing,2021-09-02T00:00:00,8971506022,-1184097190
1655,13_8971458108_Advent Geneva,,2077722830,NEFU_FIFTY_SEVEN_00799803,AUD,xpu1,10.98,SPI 200 FUTURES   Sep21,2021-07-30,2021-07-30,34,No-pair,OB,OB,MV Swing,2021-09-02T00:00:00,8971506022,-1184097190
1656,,83_8971504138_Newedge,2138199963,NEFU_FIFTY_SEVEN_00799760,USD,ngx1 21,-9390.0,NOV 21 NATURAL GAS,2021-09-01,2021-09-01,2,No-pair,OB,OB,MV Swing,2021-09-02T00:00:00,8971506022,-1184097190
1658,58_8971466268_Advent Geneva,,2088714806,NEFU_FIFTY_SEVEN_00799802,EUR,vgu1,-116241.47,EURO STOXX 50     Sep21,2021-08-05,2021-08-05,28,No-pair,OB,OB,MV Swing,2021-09-02T00:00:00,8971506022,-1184097190
1660,476_8971428733_Advent Geneva,,2040159577,NEFU_FIFTY_SEVEN_00799769,USD,esu1,0.58,S&P500 EMINI FUT  Sep21,2021-07-09,2021-07-09,55,No-pair,OB,OB,MV Swing,2021-09-02T00:00:00,8971506022,-1184097190
1661,50_8971417585_Advent Geneva,,2026970572,NEFU_FIFTY_SEVEN_00799802,EUR,vgu1,-2036.68,EURO STOXX 50     Sep21,2021-07-01,2021-07-01,63,No-pair,OB,OB,MV Swing,2021-09-02T00:00:00,8971506022,-1184097190
1662,217_8971430481_Advent Geneva,,2042742563,NEFU_FIFTY_SEVEN_00799760,USD,boz1,-98485200.0,SOYBEAN OIL FUTR  Dec21,2021-06-25,2021-06-25,52,No-pair,OB,OB,MV Swing,2021-09-02T00:00:00,8971506022,-1184097190
1663,58_8971428733_Advent Geneva,,2040159482,NEFU_FIFTY_SEVEN_00799802,EUR,vgu1,8709.31,EURO STOXX 50     Sep21,2021-07-09,2021-07-09,55,No-pair,OB,OB,MV Swing,2021-09-02T00:00:00,8971506022,-1184097190
1664,223_8971480190_Advent Geneva,,2108158454,NEFU_FIFTY_SEVEN_00799803,THB,bcu1,-755.61,SET50 FUTURES     Sep21,2021-08-16,2021-08-16,17,No-pair,OB,OB,MV Swing,2021-09-02T00:00:00,8971506022,-1184097190
1665,,131_8971500148_Newedge,2133391949,NEFU_FIFTY_SEVEN_00799762,AUD,xpu1,-49.53,SEP 21 SFE SPI 200,2021-08-30,2021-08-30,4,No-pair,OB,OB,MV Swing,2021-09-02T00:00:00,8971506022,-1184097190
1666,11_8971478351_Advent Geneva,,2105432334,NEFU_FIFTY_SEVEN_00799803,AUD,xpu1,-36263.87,SPI 200 FUTURES   Sep21,2021-08-13,2021-08-13,20,No-pair,OB,OB,MV Swing,2021-09-02T00:00:00,8971506022,-1184097190
1667,,35_8971444152_Newedge,2058928655,NEFU_FIFTY_SEVEN_00799817,EUR,vgu1,-5.94,SEP 21 EURX E-STXX 50,2021-07-21,2021-07-21,44,No-pair,OB,OB,"Commission difference, SFO to advise",2021-09-02T00:00:00,8971506022,-1184097190
1668,,270_8971500148_Newedge,2133391934,NEFU_FIFTY_SEVEN_00799762,USD,tyz1,-51.92,DEC 21 10YR T-NOTES,2021-08-30,2021-08-30,4,No-pair,OB,OB,MV Swing,2021-09-02T00:00:00,8971506022,-1184097190
1669,261_8971438425_Advent Geneva,,2051927531,NEFU_FIFTY_SEVEN_00799769,USD,esu1,1801.74,S&P500 EMINI FUT  Sep21,2021-07-16,2021-07-16,48,No-pair,OB,OB,MV Swing,2021-09-02T00:00:00,8971506022,-1184097190
1671,,79_8971498170_Newedge,2130964684,NEFU_FIFTY_SEVEN_00799760,USD,ngx1 21,-3810.0,NOV 21 NATURAL GAS,2021-08-27,2021-08-27,7,No-pair,OB,OB,MV Swing,2021-09-02T00:00:00,8971506022,-1184097190
1672,56_8971402149_Advent Geneva,,2006214004,NEFU_FIFTY_SEVEN_00799802,EUR,vgu1,43.16,EURO STOXX 50     Sep21,2021-06-21,2021-06-21,73,No-pair,OB,OB,MV Swing,2021-09-02T00:00:00,8971506022,-1184097190
1673,,285_8971426687_Newedge,2037767261,NEFU_FIFTY_SEVEN_00799802,USD,uxn1,-131.25,JUL 21 CFE VIX,2021-07-08,2021-07-08,57,No-pair,OB,OB,"Commission difference, SFO to advise",2021-09-02T00:00:00,8971506022,-1184097190
1676,382_8971424734_Advent Geneva,,2035491153,NEFU_FIFTY_SEVEN_00799804,KRW,kmu1,2697.47,KOSPI2 INX FUT    Sep21,2021-07-07,2021-07-07,57,No-pair,OB,OB,MV Swing,2021-09-02T00:00:00,8971506022,-1184097190
1678,99_8971450109_Advent Geneva,,2066110913,NEFU_FIFTY_SEVEN_00799803,JPY,tpu1,224084.34,TOPIX INDX FUTR   Sep21,2021-07-26,2021-07-26,38,No-pair,OB,OB,MV Swing,2021-09-02T00:00:00,8971506022,-1184097190
1679,95_8971502090_Advent Geneva,,2135789300,NEFU_FIFTY_SEVEN_00799803,HKD,hcu1,-42560.66,HSCEI Futures     Sep21,2021-08-31,2021-08-31,2,No-pair,OB,OB,MV Swing,2021-09-02T00:00:00,8971506022,-1184097190
1680,49_8971409824_Advent Geneva,,2016189810,NEFU_FIFTY_SEVEN_00799802,EUR,vgu1,-428.13,EURO STOXX 50     Sep21,2021-06-25,2021-06-25,69,No-pair,OB,OB,MV Swing,2021-09-02T00:00:00,8971506022,-1184097190
1681,55_8971434624_Advent Geneva,,2047328254,NEFU_FIFTY_SEVEN_00799802,EUR,vgu1,-8599.33,EURO STOXX 50     Sep21,2021-07-14,2021-07-14,50,No-pair,OB,OB,MV Swing,2021-09-02T00:00:00,8971506022,-1184097190
1682,,294_8971494314_Newedge,2126181586,NEFU_FIFTY_SEVEN_00799764,USD,usu1,-27.8,SEP 21 US T-BONDS,2021-08-25,2021-08-25,9,No-pair,OB,OB,"Commission difference, SFO to advise",2021-09-02T00:00:00,8971506022,-1184097190
1683,47_8971417585_Advent Geneva,,2026970571,NEFU_FIFTY_SEVEN_00799802,EUR,vgu1,14.39,EURO STOXX 50     Sep21,2021-07-01,2021-07-01,63,No-pair,OB,OB,MV Swing,2021-09-02T00:00:00,8971506022,-1184097190
1684,553_8971424734_Advent Geneva,,2035491348,NEFU_FIFTY_SEVEN_00799769,USD,esu1,-1069.84,S&P500 EMINI FUT  Sep21,2021-07-07,2021-07-07,57,No-pair,OB,OB,MV Swing,2021-09-02T00:00:00,8971506022,-1184097190
1685,,252_8971500148_Newedge,2133391383,NEFU_FIFTY_SEVEN_00799762,USD,clv1,-53.44,OCT 21 LT CRUDE,2021-08-30,2021-08-30,4,No-pair,OB,OB,MV Swing,2021-09-02T00:00:00,8971506022,-1184097190
1686,5_8971407862_Advent Geneva,,2013326650,NEFU_FIFTY_SEVEN_00799803,AUD,xpu1,5.99,SPI 200 FUTURES   Sep21,2021-06-24,2021-06-24,70,No-pair,OB,OB,MV Swing,2021-09-02T00:00:00,8971506022,-1184097190
1687,,262_8971490018_Newedge,2121116156,NEFU_FIFTY_SEVEN_00799762,USD,coz1,-160.16,DEC 21 ICE BRENT CRD,2021-08-23,2021-08-23,11,No-pair,OB,OB,"Commission difference, SFO to advise",2021-09-02T00:00:00,8971506022,-1184097190
1688,97_8971400205_Advent Geneva,,2003875564,NEFU_FIFTY_SEVEN_00799803,JPY,tpu1,-38629.53,TOPIX INDX FUTR   Sep21,2021-06-18,2021-06-18,76,No-pair,OB,OB,MV Swing,2021-09-02T00:00:00,8971506022,-1184097190
1691,352_8971480190_Advent Geneva,,2108158603,NEFU_FIFTY_SEVEN_00799769,USD,esu1,-11.92,S&P500 EMINI FUT  Sep21,2021-08-16,2021-08-16,17,No-pair,OB,OB,MV Swing,2021-09-02T00:00:00,8971506022,-1184097190
1692,10_8971432624_Advent Geneva,,2044955282,NEFU_FIFTY_SEVEN_00799803,AUD,xpu1,-27616.58,SPI 200 FUTURES   Sep21,2021-07-13,2021-07-13,51,No-pair,OB,OB,MV Swing,2021-09-02T00:00:00,8971506022,-1184097190
1693,12_8971444152_Advent Geneva,,2058928188,NEFU_FIFTY_SEVEN_00799803,AUD,xpu1,7.98,SPI 200 FUTURES   Sep21,2021-07-21,2021-07-21,43,No-pair,OB,OB,MV Swing,2021-09-02T00:00:00,8971506022,-1184097190
1695,9_8971417585_Advent Geneva,,2026970531,NEFU_FIFTY_SEVEN_00799803,AUD,xpu1,-6743.8,SPI 200 FUTURES   Sep21,2021-07-01,2021-07-01,63,No-pair,OB,OB,MV Swing,2021-09-02T00:00:00,8971506022,-1184097190
1697,10_8971398276_Advent Geneva,,2001574342,NEFU_FIFTY_SEVEN_00799803,AUD,xpu1,5.99,SPI 200 FUTURES   Sep21,2021-06-17,2021-06-17,77,No-pair,OB,OB,MV Swing,2021-09-02T00:00:00,8971506022,-1184097190
1699,197_8971472236_Advent Geneva,,2096555472,NEFU_FIFTY_SEVEN_00799803,THB,bcu1,2431.43,SET50 FUTURES     Sep21,2021-08-10,2021-08-10,23,No-pair,OB,OB,MV Swing,2021-09-02T00:00:00,8971506022,-1184097190
1700,52_8971468335_Advent Geneva,,2091579567,NEFU_FIFTY_SEVEN_00799802,EUR,vgu1,28.77,EURO STOXX 50     Sep21,2021-08-06,2021-08-06,27,No-pair,OB,OB,MV Swing,2021-09-02T00:00:00,8971506022,-1184097190
1701,,241_8971426687_Newedge,2037767317,NEFU_FIFTY_SEVEN_00799762,USD,cox1,-162.24,NOV 21 ICE BRENT CRD,2021-07-08,2021-07-08,57,No-pair,OB,OB,"Commission difference, SFO to advise",2021-09-02T00:00:00,8971506022,-1184097190
1702,47_8971420288_Advent Geneva,,2030839012,NEFU_FIFTY_SEVEN_00799802,EUR,vgu1,4583.11,EURO STOXX 50     Sep21,2021-07-05,2021-07-05,59,No-pair,OB,OB,MV Swing,2021-09-02T00:00:00,8971506022,-1184097190
1704,116_8971496173_Advent Geneva,,2128394204,NEFU_FIFTY_SEVEN_00799803,JPY,tpu1,-2217.72,TOPIX INDX FUTR   Sep21,2021-08-26,2021-08-26,7,No-pair,OB,OB,MV Swing,2021-09-02T00:00:00,8971506022,-1184097190
1705,,230_8971484218_Newedge,2113336379,NEFU_FIFTY_SEVEN_00799760,USD,ecu1,-23.46,SEP 21 IMM EURO FX,2021-08-18,2021-08-18,16,No-pair,OB,OB,MV Swing,2021-09-02T00:00:00,8971506022,-1184097190
1706,112_8971494314_Advent Geneva,,2126181352,NEFU_FIFTY_SEVEN_00799803,JPY,tpu1,27.73,TOPIX INDX FUTR   Sep21,2021-08-25,2021-08-25,8,No-pair,OB,OB,MV Swing,2021-09-02T00:00:00,8971506022,-1184097190
1708,116_8971402149_Advent Geneva,,2006213962,NEFU_FIFTY_SEVEN_00799804,KRW,kmu1,-3057.1,KOSPI2 INX FUT    Sep21,2021-06-21,2021-06-21,73,No-pair,OB,OB,MV Swing,2021-09-02T00:00:00,8971506022,-1184097190
1709,135_8971488329_Advent Geneva,,2118786222,NEFU_FIFTY_SEVEN_00799803,THB,bcu1,-6700.51,SET50 FUTURES     Sep21,2021-08-20,2021-08-20,13,No-pair,OB,OB,MV Swing,2021-09-02T00:00:00,8971506022,-1184097190
1710,117_8971496173_Advent Geneva,,2128394203,NEFU_FIFTY_SEVEN_00799803,JPY,tpu1,4.78,TOPIX INDX FUTR   Sep21,2021-08-26,2021-08-26,7,No-pair,OB,OB,MV Swing,2021-09-02T00:00:00,8971506022,-1184097190
1711,95_8971400205_Advent Geneva,,2003875565,NEFU_FIFTY_SEVEN_00799803,JPY,tpu1,3466.22,TOPIX INDX FUTR   Sep21,2021-06-18,2021-06-18,76,No-pair,OB,OB,MV Swing,2021-09-02T00:00:00,8971506022,-1184097190
1712,151_8971452119_Advent Geneva,,2069323786,NEFU_FIFTY_SEVEN_00799802,EUR,vgu1,7959.34,EURO STOXX 50     Sep21,2021-07-27,2021-07-27,37,No-pair,OB,OB,MV Swing,2021-09-02T00:00:00,8971506022,-1184097190
1713,,272_8971482299_Newedge,2110838114,NEFU_FIFTY_SEVEN_00799762,USD,mesu1,-386.24,SEP 21 ICUS MSCI EMG,2021-08-17,2021-08-17,17,No-pair,OB,OB,MV Swing,2021-09-02T00:00:00,8971506022,-1184097190
1714,54_8971402149_Advent Geneva,,2006214257,NEFU_FIFTY_SEVEN_00799802,EUR,vgu1,-38.58,EURO STOXX 50     Sep21,2021-06-16,2021-06-16,73,No-pair,OB,OB,MV Swing,2021-09-02T00:00:00,8971506022,-1184097190
1715,93_8971500148_Advent Geneva,,2133391561,NEFU_FIFTY_SEVEN_00799803,JPY,tpu1,-148376.35,TOPIX INDX FUTR   Sep21,2021-08-30,2021-08-30,3,No-pair,OB,OB,MV Swing,2021-09-02T00:00:00,8971506022,-1184097190
1716,95_8971468335_Advent Geneva,,2091579705,NEFU_FIFTY_SEVEN_00799803,JPY,tpu1,52.59,TOPIX INDX FUTR   Sep21,2021-08-06,2021-08-06,27,No-pair,OB,OB,MV Swing,2021-09-02T00:00:00,8971506022,-1184097190
1717,46_8971420288_Advent Geneva,,2030839011,NEFU_FIFTY_SEVEN_00799802,EUR,vgu1,13.08,EURO STOXX 50     Sep21,2021-07-05,2021-07-05,59,No-pair,OB,OB,MV Swing,2021-09-02T00:00:00,8971506022,-1184097190
1718,191_8971504138_Advent Geneva,,2138199528,NEFU_FIFTY_SEVEN_00799803,JPY,tpu1,450322.92,TOPIX INDX FUTR   Sep21,2021-09-01,2021-09-01,1,No-pair,OB,OB,MV Swing,2021-09-02T00:00:00,8971506022,-1184097190
1719,,253_8971500148_Newedge,2133391915,NEFU_FIFTY_SEVEN_00799762,USD,clx1,-0.92,NOV 21 LT CRUDE,2021-08-30,2021-08-30,4,No-pair,OB,OB,MV Swing,2021-09-02T00:00:00,8971506022,-1184097190
1720,,261_8971442331_Newedge,2056711808,NEFU_FIFTY_SEVEN_00799762,USD,cox1,-253.76,NOV 21 ICE BRENT CRD,2021-07-20,2021-07-20,45,No-pair,OB,OB,"Commission difference, SFO to advise",2021-09-02T00:00:00,8971506022,-1184097190
1722,120_8971502090_Advent Geneva,,2135789361,NEFU_FIFTY_SEVEN_00799804,KRW,keu1,1.47,KOREA 3YR BND FUT Sep21,2021-08-30,2021-08-30,2,No-pair,OB,OB,MV Swing,2021-09-02T00:00:00,8971506022,-1184097190
1723,57_8971456038_Advent Geneva,,2074204169,NEFU_FIFTY_SEVEN_00799802,EUR,vgu1,-959.28,EURO STOXX 50     Sep21,2021-07-29,2021-07-29,35,No-pair,OB,OB,MV Swing,2021-09-02T00:00:00,8971506022,-1184097190
1724,166_8971490018_Advent Geneva,,2121116302,NEFU_FIFTY_SEVEN_00799803,THB,bcu1,60.21,SET50 FUTURES     Sep21,2021-08-23,2021-08-23,10,No-pair,OB,OB,MV Swing,2021-09-02T00:00:00,8971506022,-1184097190
1725,94_8971409824_Advent Geneva,,2016189928,NEFU_FIFTY_SEVEN_00799803,JPY,tpu1,27814.15,TOPIX INDX FUTR   Sep21,2021-06-25,2021-06-25,69,No-pair,OB,OB,MV Swing,2021-09-02T00:00:00,8971506022,-1184097190
1726,117_8971492132_Advent Geneva,,2123793856,NEFU_FIFTY_SEVEN_00799804,KRW,kmu1,5.71,KOSPI2 INX FUT    Sep21,2021-08-24,2021-08-24,9,No-pair,OB,OB,MV Swing,2021-09-02T00:00:00,8971506022,-1184097190
1727,11_8971498170_Advent Geneva,,2130964182,NEFU_FIFTY_SEVEN_00799803,AUD,xpu1,1514.14,SPI 200 FUTURES   Sep21,2021-08-27,2021-08-27,6,No-pair,OB,OB,MV Swing,2021-09-02T00:00:00,8971506022,-1184097190
1729,47_8971411649_Advent Geneva,,2018833012,NEFU_FIFTY_SEVEN_00799802,EUR,vgu1,3.92,EURO STOXX 50     Sep21,2021-06-28,2021-06-28,66,No-pair,OB,OB,MV Swing,2021-09-02T00:00:00,8971506022,-1184097190
1730,218_8971392386_Advent Geneva,,1994509629,NEFU_FIFTY_SEVEN_00799769,USD,esu1,438.08,S&P500 EMINI FUT  Sep21,2021-06-14,2021-06-14,80,No-pair,OB,OB,MV Swing,2021-09-02T00:00:00,8971506022,-1184097190
1731,120_8971470255_Advent Geneva,,2094162953,NEFU_FIFTY_SEVEN_00799803,THB,bcu1,28.83,SET50 FUTURES     Sep21,2021-08-09,2021-08-09,24,No-pair,OB,OB,MV Swing,2021-09-02T00:00:00,8971506022,-1184097190
1732,,192_8971480190_Newedge,2108158058,NEFU_FIFTY_SEVEN_00799803,HKD,hcq1,-12.15,AUG 21 HKE H-SHARES,2021-08-16,2021-08-16,18,No-pair,OB,OB,"Commission difference, SFO to advise",2021-09-02T00:00:00,8971506022,-1184097190
1733,98_8971500148_Advent Geneva,,2133391950,NEFU_FIFTY_SEVEN_00799804,KRW,keu1,0.26,KOREA 3YR BND FUT Sep21,2021-08-27,2021-08-27,3,No-pair,OB,OB,MV Swing,2021-09-02T00:00:00,8971506022,-1184097190
1734,,198_8971474187_Newedge,2099136931,NEFU_FIFTY_SEVEN_00799762,JPY,niu1,-42.07,SEP 21 SGX NIKKEI IDX,2021-08-11,2021-08-11,23,No-pair,OB,OB,MV Swing,2021-09-02T00:00:00,8971506022,-1184097190
1735,,85_8971498170_Newedge,2130964592,NEFU_FIFTY_SEVEN_00799762,USD,clv1,-160.0,OCT 21 LT CRUDE,2021-08-27,2021-08-27,7,No-pair,OB,OB,MV Swing,2021-09-02T00:00:00,8971506022,-1184097190
1736,,251_8971502090_Newedge,2135789307,NEFU_FIFTY_SEVEN_00799760,USD,lhv1,-1.89,OCT 21 CME LEAN HOGS,2021-08-31,2021-08-31,3,No-pair,OB,OB,MV Swing,2021-09-02T00:00:00,8971506022,-1184097190
1737,270_8971417585_Advent Geneva,,2026970909,NEFU_FIFTY_SEVEN_00799769,USD,esu1,-28.22,S&P500 EMINI FUT  Sep21,2021-07-01,2021-07-01,63,No-pair,OB,OB,MV Swing,2021-09-02T00:00:00,8971506022,-1184097190
1738,,227_8971504138_Newedge,2138199763,NEFU_FIFTY_SEVEN_00799760,USD,hgz1,-0.82,DEC 21 HI-GRD COPPER,2021-09-01,2021-09-01,2,No-pair,OB,OB,MV Swing,2021-09-02T00:00:00,8971506022,-1184097190
1739,,262_8971476567_Newedge,2102139510,NEFU_FIFTY_SEVEN_00799762,USD,hou1,-35.56,SEP 21 NYM NYHRBRULSD,2021-08-12,2021-08-12,22,No-pair,OB,OB,"Commission difference, SFO to advise",2021-09-02T00:00:00,8971506022,-1184097190
1740,10_8971430481_Advent Geneva,,2042742007,NEFU_FIFTY_SEVEN_00799803,AUD,xpu1,23263.08,SPI 200 FUTURES   Sep21,2021-07-12,2021-07-12,52,No-pair,OB,OB,MV Swing,2021-09-02T00:00:00,8971506022,-1184097190
1741,69_8971424734_Advent Geneva,,2035491561,NEFU_FIFTY_SEVEN_00799803,AUD,xpu1,26990.39,SPI 200 FUTURES   Sep21,2021-07-06,2021-07-06,57,No-pair,OB,OB,MV Swing,2021-09-02T00:00:00,8971506022,-1184097190
1743,116_8971386551_Advent Geneva,,1986922733,NEFU_FIFTY_SEVEN_00799804,KRW,kmu1,10.4,KOSPI2 INX FUT    Sep21,2021-06-09,2021-06-09,85,No-pair,OB,OB,MV Swing,2021-09-02T00:00:00,8971506022,-1184097190
1744,50_8971409824_Advent Geneva,,2016189811,NEFU_FIFTY_SEVEN_00799802,EUR,vgu1,11.12,EURO STOXX 50     Sep21,2021-06-25,2021-06-25,69,No-pair,OB,OB,MV Swing,2021-09-02T00:00:00,8971506022,-1184097190
1745,17_8971484218_Advent Geneva,,2113336302,NEFU_FIFTY_SEVEN_00799803,AUD,xpu1,25468.76,SPI 200 FUTURES   Sep21,2021-08-18,2021-08-18,15,No-pair,OB,OB,MV Swing,2021-09-02T00:00:00,8971506022,-1184097190
1746,82_8971460235_Advent Geneva,,2080396970,NEFU_FIFTY_SEVEN_00799803,JPY,tpu1,193269.22,TOPIX INDX FUTR   Sep21,2021-08-02,2021-08-02,31,No-pair,OB,OB,MV Swing,2021-09-02T00:00:00,8971506022,-1184097190
1747,113_8971494314_Advent Geneva,,2126181354,NEFU_FIFTY_SEVEN_00799803,JPY,tpu1,-2177.92,TOPIX INDX FUTR   Sep21,2021-08-25,2021-08-25,8,No-pair,OB,OB,MV Swing,2021-09-02T00:00:00,8971506022,-1184097190
1748,,272_8971504138_Newedge,2138199536,NEFU_FIFTY_SEVEN_00799762,USD,tyz1,-10.12,DEC 21 10YR T-NOTES,2021-09-01,2021-09-01,2,No-pair,OB,OB,MV Swing,2021-09-02T00:00:00,8971506022,-1184097190
1749,72_8971500148_Advent Geneva,,2133391423,NEFU_FIFTY_SEVEN_00799803,HKD,hiu1,18.77,HANG SENG IDX FUT Sep21,2021-08-30,2021-08-30,3,No-pair,OB,OB,MV Swing,2021-09-02T00:00:00,8971506022,-1184097190
1750,,195_8971496173_Newedge,2128393725,NEFU_FIFTY_SEVEN_00799762,GBP,z u1,-112.8,SEP 21 NEW FTSE 100,2021-08-26,2021-08-26,8,No-pair,OB,OB,MV Swing,2021-09-02T00:00:00,8971506022,-1184097190
1752,96_8971405890_Advent Geneva,,2011018846,NEFU_FIFTY_SEVEN_00799804,KRW,kmu1,3568.04,KOSPI2 INX FUT    Sep21,2021-06-23,2021-06-23,71,No-pair,OB,OB,MV Swing,2021-09-02T00:00:00,8971506022,-1184097190
1753,226_8971430481_Advent Geneva,,2042742555,NEFU_FIFTY_SEVEN_00799760,USD,boz1,36828000.0,SOYBEAN OIL FUTR  Dec21,2021-07-09,2021-07-09,52,No-pair,OB,OB,MV Swing,2021-09-02T00:00:00,8971506022,-1184097190
1754,,285_8971492132_Newedge,2123793910,NEFU_FIFTY_SEVEN_00799762,USD,mesu1,-279.74,SEP 21 ICUS MSCI EMG,2021-08-24,2021-08-24,10,No-pair,OB,OB,MV Swing,2021-09-02T00:00:00,8971506022,-1184097190
1755,101_8971488329_Advent Geneva,,2118786480,NEFU_FIFTY_SEVEN_00799803,JPY,tpu1,43.03,TOPIX INDX FUTR   Sep21,2021-08-20,2021-08-20,13,No-pair,OB,OB,MV Swing,2021-09-02T00:00:00,8971506022,-1184097190
1756,,304_8971502090_Newedge,2135789270,NEFU_FIFTY_SEVEN_00799769,USD,paz1,-1.84,DEC 21 PALLADIUM,2021-08-31,2021-08-31,3,No-pair,OB,OB,MV Swing,2021-09-02T00:00:00,8971506022,-1184097190
1757,,219_8971494314_Newedge,2126181618,NEFU_FIFTY_SEVEN_00799814,KRW,kuu1,-181.08,SEP 21 KFX USD/KRW,2021-08-25,2021-08-25,9,No-pair,OB,OB,"Commission difference, SFO to advise",2021-09-02T00:00:00,8971506022,-1184097190
1758,,241_8971440316_Newedge,2054295859,NEFU_FIFTY_SEVEN_00799762,USD,cox1,-174.72,NOV 21 ICE BRENT CRD,2021-07-19,2021-07-19,46,No-pair,OB,OB,"Commission difference, SFO to advise",2021-09-02T00:00:00,8971506022,-1184097190
1759,,268_8971482299_Newedge,2110838701,NEFU_FIFTY_SEVEN_00799762,USD,hou1,-46.84,SEP 21 NYM NYHRBRULSD,2021-08-17,2021-08-17,17,No-pair,OB,OB,"Commission difference, SFO to advise",2021-09-02T00:00:00,8971506022,-1184097190
1760,,4_8971494314_Newedge,2126181126,NEFU_FIFTY_SEVEN_00799762,AUD,xpu1,-23553.29,SEP 21 SFE SPI 200,2021-08-25,2021-08-25,9,No-pair,OB,OB,MV Swing,2021-09-02T00:00:00,8971506022,-1184097190
1761,,220_8971500148_Newedge,2133391808,NEFU_FIFTY_SEVEN_00799760,USD,ecu1,-27.6,SEP 21 IMM EURO FX,2021-08-30,2021-08-30,4,No-pair,OB,OB,MV Swing,2021-09-02T00:00:00,8971506022,-1184097190
1762,,261_8971504138_Newedge,2138199451,NEFU_FIFTY_SEVEN_00799762,USD,cof2,-68.64,JAN 22 ICE BRENT CRD,2021-09-01,2021-09-01,2,No-pair,OB,OB,"Commission difference, SFO to advise",2021-09-02T00:00:00,8971506022,-1184097190
1763,,256_8971492132_Newedge,2123794251,NEFU_FIFTY_SEVEN_00799760,USD,ngx1 21,-0.82,NOV 21 NATURAL GAS,2021-08-24,2021-08-24,10,No-pair,OB,OB,MV Swing,2021-09-02T00:00:00,8971506022,-1184097190
1765,238_8971456038_Advent Geneva,,2074204751,NEFU_FIFTY_SEVEN_00799769,USD,esu1,0.58,S&P500 EMINI FUT  Sep21,2021-07-29,2021-07-29,35,No-pair,OB,OB,MV Swing,2021-09-02T00:00:00,8971506022,-1184097190
1766,123_8971398276_Advent Geneva,,2001574873,NEFU_FIFTY_SEVEN_00799803,JPY,tpu1,24.86,TOPIX INDX FUTR   Sep21,2021-06-17,2021-06-17,77,No-pair,OB,OB,MV Swing,2021-09-02T00:00:00,8971506022,-1184097190
1767,115_8971428733_Advent Geneva,,2040159360,NEFU_FIFTY_SEVEN_00799804,KRW,kmu1,5.77,KOSPI2 INX FUT    Sep21,2021-07-09,2021-07-09,55,No-pair,OB,OB,MV Swing,2021-09-02T00:00:00,8971506022,-1184097190
1768,,152_8971504138_Newedge,2138199369,NEFU_FIFTY_SEVEN_00799762,EUR,ibu1,-19.62,SEP 21 MRV IBEX 35,2021-09-01,2021-09-01,2,No-pair,OB,OB,MV Swing,2021-09-02T00:00:00,8971506022,-1184097190
1769,357_8971504138_Advent Geneva,,2138200029,NEFU_FIFTY_SEVEN_00799802,USD,uxu1,-0.52,CBOE VIX FUTURE   Sep21,2021-08-31,2021-08-31,1,No-pair,OB,OB,MV Swing,2021-09-02T00:00:00,8971506022,-1184097190
1770,381_8971434624_Advent Geneva,,2047328949,NEFU_FIFTY_SEVEN_00799760,USD,boz1,-37196280.0,SOYBEAN OIL FUTR  Dec21,2021-07-09,2021-07-09,50,No-pair,OB,OB,MV Swing,2021-09-02T00:00:00,8971506022,-1184097190
1771,108_8971476567_Advent Geneva,,2102139421,NEFU_FIFTY_SEVEN_00799803,JPY,tpu1,41288.0,TOPIX INDX FUTR   Sep21,2021-08-12,2021-08-12,21,No-pair,OB,OB,MV Swing,2021-09-02T00:00:00,8971506022,-1184097190
1772,,265_8971438425_Newedge,2051927537,NEFU_FIFTY_SEVEN_00799762,USD,twtn1,-299.7,JUL 21 FTSE TAIWAN FU,2021-07-16,2021-07-16,49,No-pair,OB,OB,"Commission difference, SFO to advise",2021-09-02T00:00:00,8971506022,-1184097190
1773,,276_8971492132_Newedge,2123794070,NEFU_FIFTY_SEVEN_00799762,USD,coz1,-183.04,DEC 21 ICE BRENT CRD,2021-08-24,2021-08-24,10,No-pair,OB,OB,"Commission difference, SFO to advise",2021-09-02T00:00:00,8971506022,-1184097190
1774,,262_8971428733_Newedge,2040159467,NEFU_FIFTY_SEVEN_00799762,USD,cox1,-108.16,NOV 21 ICE BRENT CRD,2021-07-09,2021-07-09,56,No-pair,OB,OB,"Commission difference, SFO to advise",2021-09-02T00:00:00,8971506022,-1184097190
1775,77_8971420288_Advent Geneva,,2030839026,NEFU_FIFTY_SEVEN_00799803,JPY,tpu1,186168.17,TOPIX INDX FUTR   Sep21,2021-07-05,2021-07-05,59,No-pair,OB,OB,MV Swing,2021-09-02T00:00:00,8971506022,-1184097190
1778,82_8971504138_Advent Geneva,,2138199997,NEFU_FIFTY_SEVENCAY_00799775,CHF,smu1,350.88,SWISS MKT IX FUTR Sep21,2021-08-31,2021-08-31,1,No-pair,OB,OB,MV Swing,2021-09-02T00:00:00,8971506022,-1184097190
1779,15_8971474187_Advent Geneva,,2099137436,NEFU_FIFTY_SEVEN_00799803,AUD,xpu1,-11269.26,SPI 200 FUTURES   Sep21,2021-08-11,2021-08-11,22,No-pair,OB,OB,MV Swing,2021-09-02T00:00:00,8971506022,-1184097190
1780,262_8971500148_Advent Geneva,,2133391941,NEFU_FIFTY_SEVEN_00799803,USD,twtu1,6950.26,FTSE Taiwan Index Sep21,2021-08-30,2021-08-30,3,No-pair,OB,OB,MV Swing,2021-09-02T00:00:00,8971506022,-1184097190
1781,101_8971440316_Advent Geneva,,2054295711,NEFU_FIFTY_SEVEN_00799804,KRW,kmu1,-1191.3,KOSPI2 INX FUT    Sep21,2021-07-19,2021-07-19,45,No-pair,OB,OB,MV Swing,2021-09-02T00:00:00,8971506022,-1184097190
1782,201_8971504138_Advent Geneva,,2138199614,NEFU_FIFTY_SEVEN_00799804,KRW,kmu1,-3429.17,KOSPI2 INX FUT    Sep21,2021-09-01,2021-09-01,1,No-pair,OB,OB,MV Swing,2021-09-02T00:00:00,8971506022,-1184097190
1783,116_8971484218_Advent Geneva,,2113336814,NEFU_FIFTY_SEVEN_00799804,KRW,kmu1,6.87,KOSPI2 INX FUT    Sep21,2021-08-18,2021-08-18,15,No-pair,OB,OB,MV Swing,2021-09-02T00:00:00,8971506022,-1184097190
1784,91_8971502090_Advent Geneva,,2135788941,NEFU_FIFTY_SEVEN_00799803,HKD,hiu1,54576.77,HANG SENG IDX FUT Sep21,2021-08-31,2021-08-31,2,No-pair,OB,OB,MV Swing,2021-09-02T00:00:00,8971506022,-1184097190
1786,110_8971466268_Advent Geneva,,2088715078,NEFU_FIFTY_SEVEN_00799804,KRW,kmu1,-257.0,KOSPI2 INX FUT    Sep21,2021-08-05,2021-08-05,28,No-pair,OB,OB,MV Swing,2021-09-02T00:00:00,8971506022,-1184097190
1787,9_8971468335_Advent Geneva,,2091579394,NEFU_FIFTY_SEVEN_00799803,AUD,xpu1,-427088.81,SPI 200 FUTURES   Sep21,2021-08-06,2021-08-06,27,No-pair,OB,OB,MV Swing,2021-09-02T00:00:00,8971506022,-1184097190
1788,,3_8971488329_Newedge,2118786005,NEFU_FIFTY_SEVEN_00799762,AUD,xpu1,-14336.78,SEP 21 SFE SPI 200,2021-08-20,2021-08-20,14,No-pair,OB,OB,MV Swing,2021-09-02T00:00:00,8971506022,-1184097190
1789,,300_8971466268_Newedge,2088715198,NEFU_FIFTY_SEVEN_00799760,USD,,-25000.0,FX CONV THB VS USD @ 33.06,2021-08-05,2021-08-05,29,No-pair,OB,OB,FX Missing at GVA - Email to SFO on 08/31,2021-09-02T00:00:00,8971506022,-1184097190
1790,108_8971402149_Advent Geneva,,2006213671,NEFU_FIFTY_SEVEN_00799803,JPY,tpu1,509.47,TOPIX INDX FUTR   Sep21,2021-06-21,2021-06-21,73,No-pair,OB,OB,MV Swing,2021-09-02T00:00:00,8971506022,-1184097190
1792,,309_8971498170_Newedge,2130964459,NEFU_FIFTY_SEVEN_00799769,USD,w z1,-0.73,DEC 21 WHEAT,2021-08-27,2021-08-27,7,No-pair,OB,OB,MV Swing,2021-09-02T00:00:00,8971506022,-1184097190
1793,167_8971490018_Advent Geneva,,2121116301,NEFU_FIFTY_SEVEN_00799803,THB,bcu1,-10703.29,SET50 FUTURES     Sep21,2021-08-23,2021-08-23,10,No-pair,OB,OB,MV Swing,2021-09-02T00:00:00,8971506022,-1184097190
1794,123_8971432624_Advent Geneva,,2044955221,NEFU_FIFTY_SEVEN_00799803,JPY,tpu1,26.77,TOPIX INDX FUTR   Sep21,2021-07-13,2021-07-13,51,No-pair,OB,OB,MV Swing,2021-09-02T00:00:00,8971506022,-1184097190
1795,73_8971424734_Advent Geneva,,2035490882,NEFU_FIFTY_SEVEN_00799803,AUD,xpu1,21081.27,SPI 200 FUTURES   Sep21,2021-07-07,2021-07-07,57,No-pair,OB,OB,MV Swing,2021-09-02T00:00:00,8971506022,-1184097190
1796,196_8971478351_Advent Geneva,,2105432900,NEFU_FIFTY_SEVEN_00799760,USD,ngx21,-11086.72,NATURAL GAS FUTR  Nov21,2021-08-13,2021-08-13,20,No-pair,OB,OB,MV Swing,2021-09-02T00:00:00,8971506022,-1184097190
1797,120_8971472236_Advent Geneva,,2096555333,NEFU_FIFTY_SEVEN_00799802,EUR,vgu1,153113.13,EURO STOXX 50     Sep21,2021-08-10,2021-08-10,23,No-pair,OB,OB,MV Swing,2021-09-02T00:00:00,8971506022,-1184097190
1798,143_8971426687_Advent Geneva,,2037767306,NEFU_FIFTY_SEVEN_00799803,JPY,tpu1,-314.9,TOPIX INDX FUTR   Sep21,2021-07-08,2021-07-08,56,No-pair,OB,OB,MV Swing,2021-09-02T00:00:00,8971506022,-1184097190
1799,233_8971462157_Advent Geneva,,2083550056,NEFU_FIFTY_SEVEN_00799769,USD,esu1,-336.92,S&P500 EMINI FUT  Sep21,2021-08-03,2021-08-03,30,No-pair,OB,OB,MV Swing,2021-09-02T00:00:00,8971506022,-1184097190
1800,126_8971394513_Advent Geneva,,1997217242,NEFU_FIFTY_SEVEN_00799803,JPY,tpu1,1320.45,TOPIX INDX FUTR   Sep21,2021-06-14,2021-06-14,79,No-pair,OB,OB,MV Swing,2021-09-02T00:00:00,8971506022,-1184097190
1801,117_8971394513_Advent Geneva,,1997216573,NEFU_FIFTY_SEVEN_00799803,JPY,tpu1,-256.08,TOPIX INDX FUTR   Sep21,2021-06-08,2021-06-08,79,No-pair,OB,OB,MV Swing,2021-09-02T00:00:00,8971506022,-1184097190
1802,,191_8971482299_Newedge,2110838080,NEFU_FIFTY_SEVEN_00799803,HKD,hcq1,-15.18,AUG 21 HKE H-SHARES,2021-08-17,2021-08-17,17,No-pair,OB,OB,"Commission difference, SFO to advise",2021-09-02T00:00:00,8971506022,-1184097190
1803,52_8971450109_Advent Geneva,,2066110817,NEFU_FIFTY_SEVEN_00799802,EUR,vgu1,20.92,EURO STOXX 50     Sep21,2021-07-26,2021-07-26,38,No-pair,OB,OB,MV Swing,2021-09-02T00:00:00,8971506022,-1184097190
1804,217_8971409824_Advent Geneva,,2016190115,NEFU_FIFTY_SEVEN_00799769,USD,esu1,-22819.2,S&P500 EMINI FUT  Sep21,2021-06-25,2021-06-25,69,No-pair,OB,OB,MV Swing,2021-09-02T00:00:00,8971506022,-1184097190
1805,115_8971476567_Advent Geneva,,2102139328,NEFU_FIFTY_SEVEN_00799804,KRW,kmu1,1075.03,KOSPI2 INX FUT    Sep21,2021-08-12,2021-08-12,21,No-pair,OB,OB,MV Swing,2021-09-02T00:00:00,8971506022,-1184097190
1806,,301_8971490018_Newedge,2121116297,NEFU_FIFTY_SEVEN_00799769,USD,uxu1,-7.0,SEP 21 CFE VIX,2021-08-23,2021-08-23,11,No-pair,OB,OB,MV Swing,2021-09-02T00:00:00,8971506022,-1184097190
1807,307_8971504138_Advent Geneva,,2138200040,NEFU_FIFTY_SEVEN_00799762,USD,fvz1,-23.0,US 5YR NOTE (CBT) Dec21,2021-08-31,2021-08-31,1,No-pair,OB,OB,MV Swing,2021-09-02T00:00:00,8971506022,-1184097190
1809,111_8971396326_Advent Geneva,,1999182363,NEFU_FIFTY_SEVEN_00799803,JPY,tpu1,12661.32,TOPIX INDX FUTR   Sep21,2021-06-16,2021-06-16,78,No-pair,OB,OB,MV Swing,2021-09-02T00:00:00,8971506022,-1184097190
1812,52_8971400205_Advent Geneva,,2003875165,NEFU_FIFTY_SEVEN_00799802,EUR,vgu1,43.16,EURO STOXX 50     Sep21,2021-06-18,2021-06-18,76,No-pair,OB,OB,MV Swing,2021-09-02T00:00:00,8971506022,-1184097190
1813,203_8971504138_Advent Geneva,,2138199613,NEFU_FIFTY_SEVEN_00799804,KRW,kmu1,-19480.68,KOSPI2 INX FUT    Sep21,2021-09-01,2021-09-01,1,No-pair,OB,OB,MV Swing,2021-09-02T00:00:00,8971506022,-1184097190
1815,74_8971486166_Advent Geneva,,2115963843,NEFU_FIFTY_SEVEN_00799802,EUR,vgu1,44.47,EURO STOXX 50     Sep21,2021-08-19,2021-08-19,14,No-pair,OB,OB,MV Swing,2021-09-02T00:00:00,8971506022,-1184097190
1816,,293_8971478351_Newedge,2105432407,NEFU_FIFTY_SEVEN_00799762,USD,nqu1,-98.34,SEP 21 IMM EMINI NSDQ,2021-08-13,2021-08-13,21,No-pair,OB,OB,MV Swing,2021-09-02T00:00:00,8971506022,-1184097190
1817,257_8971498170_Advent Geneva,,2130964232,NEFU_FIFTY_SEVEN_00799769,USD,esu1,1.74,S&P500 EMINI FUT  Sep21,2021-08-27,2021-08-27,6,No-pair,OB,OB,MV Swing,2021-09-02T00:00:00,8971506022,-1184097190
1818,351_8971480190_Advent Geneva,,2108158602,NEFU_FIFTY_SEVEN_00799769,USD,esu1,0.58,S&P500 EMINI FUT  Sep21,2021-08-16,2021-08-16,17,No-pair,OB,OB,MV Swing,2021-09-02T00:00:00,8971506022,-1184097190
1820,,99_8971468335_Newedge,2091579682,NEFU_FIFTY_SEVEN_00799769,USD,adu1,105.0,SEP 21 AUSTRALIAN $,2021-08-06,2021-08-06,28,No-pair,OB,OB,MV Swing,2021-09-02T00:00:00,8971506022,-1184097190
1821,,43_8971468335_Newedge,2091579251,NEFU_FIFTY_SEVEN_00799762,JPY,niu1,-71668.46,SEP 21 SGX NIKKEI IDX,2021-08-06,2021-08-06,28,No-pair,OB,OB,MV Swing,2021-09-02T00:00:00,8971506022,-1184097190
1822,,289_8971486166_Newedge,2115964001,NEFU_FIFTY_SEVEN_00799762,USD,clx1,-2.76,NOV 21 LT CRUDE,2021-08-19,2021-08-19,15,No-pair,OB,OB,MV Swing,2021-09-02T00:00:00,8971506022,-1184097190
1823,,167_8971494314_Newedge,2126181221,NEFU_FIFTY_SEVEN_00799762,EUR,ibu1,-83.82,SEP 21 MRV IBEX 35,2021-08-25,2021-08-25,9,No-pair,OB,OB,MV Swing,2021-09-02T00:00:00,8971506022,-1184097190
1824,651_8971422667_Advent Geneva,,2033341385,NEFU_FIFTY_SEVEN_00799769,USD,esu1,23402.32,S&P500 EMINI FUT  Sep21,2021-07-06,2021-07-06,58,No-pair,OB,OB,MV Swing,2021-09-02T00:00:00,8971506022,-1184097190
1825,291_8971498170_Advent Geneva,,2130964434,NEFU_FIFTY_SEVEN_00799803,USD,xuu1,-778.8,FTSE CHINA A50    Sep21,2021-08-27,2021-08-27,6,No-pair,OB,OB,MV Swing,2021-09-02T00:00:00,8971506022,-1184097190
1826,274_8971482299_Advent Geneva,,2110838465,NEFU_FIFTY_SEVEN_00799769,USD,esu1,8514.24,S&P500 EMINI FUT  Sep21,2021-08-17,2021-08-17,16,No-pair,OB,OB,MV Swing,2021-09-02T00:00:00,8971506022,-1184097190
1828,146_8971490018_Advent Geneva,,2121116220,NEFU_FIFTY_SEVEN_00799804,KRW,kmu1,-167.2,KOSPI2 INX FUT    Sep21,2021-08-23,2021-08-23,10,No-pair,OB,OB,MV Swing,2021-09-02T00:00:00,8971506022,-1184097190
1829,58_8971454063_Advent Geneva,,2071655981,NEFU_FIFTY_SEVEN_00799802,EUR,vgu1,3.92,EURO STOXX 50     Sep21,2021-07-28,2021-07-28,36,No-pair,OB,OB,MV Swing,2021-09-02T00:00:00,8971506022,-1184097190
1830,169_8971478351_Advent Geneva,,2105432708,NEFU_FIFTY_SEVEN_00799803,THB,bcu1,-5491.81,SET50 FUTURES     Sep21,2021-08-13,2021-08-13,20,No-pair,OB,OB,MV Swing,2021-09-02T00:00:00,8971506022,-1184097190
1831,119_8971394513_Advent Geneva,,1997217245,NEFU_FIFTY_SEVEN_00799803,JPY,tpu1,-46.85,TOPIX INDX FUTR   Sep21,2021-06-09,2021-06-09,79,No-pair,OB,OB,MV Swing,2021-09-02T00:00:00,8971506022,-1184097190
1832,91_8971413792_Advent Geneva,,2021313861,NEFU_FIFTY_SEVEN_00799803,JPY,tpu1,0.96,TOPIX INDX FUTR   Sep21,2021-06-29,2021-06-29,65,No-pair,OB,OB,MV Swing,2021-09-02T00:00:00,8971506022,-1184097190
1833,18_8971482299_Advent Geneva,,2110838092,NEFU_FIFTY_SEVEN_00799803,AUD,xpu1,4.99,SPI 200 FUTURES   Sep21,2021-08-17,2021-08-17,16,No-pair,OB,OB,MV Swing,2021-09-02T00:00:00,8971506022,-1184097190
1834,100_8971415663_Advent Geneva,,2023850845,NEFU_FIFTY_SEVEN_00799804,KRW,kmu1,-251.28,KOSPI2 INX FUT    Sep21,2021-06-30,2021-06-30,64,No-pair,OB,OB,MV Swing,2021-09-02T00:00:00,8971506022,-1184097190
1835,,151_8971496173_Newedge,2128393722,NEFU_FIFTY_SEVEN_00799802,AUD,xpu1,-16.84,SEP 21 SFE SPI 200,2021-08-26,2021-08-26,8,No-pair,OB,OB,MV Swing,2021-09-02T00:00:00,8971506022,-1184097190
1836,,273_8971494314_Newedge,2126181222,NEFU_FIFTY_SEVEN_00799762,USD,clx1,-4.6,NOV 21 LT CRUDE,2021-08-25,2021-08-25,9,No-pair,OB,OB,MV Swing,2021-09-02T00:00:00,8971506022,-1184097190
1837,112_8971476567_Advent Geneva,,2102139327,NEFU_FIFTY_SEVEN_00799804,KRW,kmu1,6.92,KOSPI2 INX FUT    Sep21,2021-08-12,2021-08-12,21,No-pair,OB,OB,MV Swing,2021-09-02T00:00:00,8971506022,-1184097190
1838,400_8971504138_Advent Geneva,,2138199974,NEFU_FIFTY_SEVEN_00799816,USD,btcj1,350550.0,CME BITCOIN FUT   APR21,2021-04-26,2021-04-26,1,No-pair,OB,OB,"Price factor Difference, SFO to advise",2021-09-02T00:00:00,8971506022,-1184097190
1839,115_8971407862_Advent Geneva,,2013326640,NEFU_FIFTY_SEVEN_00799804,KRW,kmu1,13979.28,KOSPI2 INX FUT    Sep21,2021-06-24,2021-06-24,70,No-pair,OB,OB,MV Swing,2021-09-02T00:00:00,8971506022,-1184097190
1840,,6_8971500148_Newedge,2133391452,NEFU_FIFTY_SEVEN_00799802,AUD,xpu1,-10203.32,SEP 21 SFE SPI 200,2021-08-30,2021-08-30,4,No-pair,OB,OB,MV Swing,2021-09-02T00:00:00,8971506022,-1184097190
1842,401_8971422667_Advent Geneva,,2033341641,NEFU_FIFTY_SEVEN_00799804,KRW,kmu1,3.5,KOSPI2 INX FUT    Sep21,2021-07-06,2021-07-06,58,No-pair,OB,OB,MV Swing,2021-09-02T00:00:00,8971506022,-1184097190
1843,351_8971422667_Advent Geneva,,2033341561,NEFU_FIFTY_SEVEN_00799803,JPY,tpu1,55.46,TOPIX INDX FUTR   Sep21,2021-07-06,2021-07-06,58,No-pair,OB,OB,MV Swing,2021-09-02T00:00:00,8971506022,-1184097190
1844,129_8971482299_Advent Geneva,,2110838151,NEFU_FIFTY_SEVEN_00799804,KRW,kmu1,-55350.95,KOSPI2 INX FUT    Sep21,2021-08-17,2021-08-17,16,No-pair,OB,OB,MV Swing,2021-09-02T00:00:00,8971506022,-1184097190
1845,297_8971498170_Advent Geneva,,2130964664,NEFU_FIFTY_SEVEN_00799803,USD,twtu1,-7847.5,FTSE Taiwan Index Sep21,2021-08-27,2021-08-27,6,No-pair,OB,OB,MV Swing,2021-09-02T00:00:00,8971506022,-1184097190
1846,,211_8971450109_Newedge,2066110676,NEFU_FIFTY_SEVEN_00799760,USD,boz1,-1.89,DEC 21 SYBEAN OIL,2021-07-26,2021-07-26,39,No-pair,OB,OB,MV Swing,2021-09-02T00:00:00,8971506022,-1184097190
1849,,141_8971405890_Newedge,2011018925,NEFU_FIFTY_SEVEN_00799760,CAD,cvu1,-1.63,SEP 21 ME 2Y GVT BOND,2021-06-22,2021-06-22,72,No-pair,OB,OB,GVA missing trades for TD 06/22,2021-09-02T00:00:00,8971506022,-1184097190
1850,297_8971490018_Advent Geneva,,2121116337,NEFU_FIFTY_SEVEN_00799769,USD,esu1,1.16,S&P500 EMINI FUT  Sep21,2021-08-23,2021-08-23,10,No-pair,OB,OB,MV Swing,2021-09-02T00:00:00,8971506022,-1184097190
1851,93_8971462157_Advent Geneva,,2083549657,NEFU_FIFTY_SEVEN_00799803,JPY,tpu1,-2092.59,TOPIX INDX FUTR   Sep21,2021-08-03,2021-08-03,30,No-pair,OB,OB,MV Swing,2021-09-02T00:00:00,8971506022,-1184097190
1852,124_8971494314_Advent Geneva,,2126181496,NEFU_FIFTY_SEVEN_00799804,KRW,kmu1,-494.75,KOSPI2 INX FUT    Sep21,2021-08-25,2021-08-25,8,No-pair,OB,OB,MV Swing,2021-09-02T00:00:00,8971506022,-1184097190
1853,209_8971415663_Advent Geneva,,2023850967,NEFU_FIFTY_SEVEN_00799769,USD,esu1,-74.42,S&P500 EMINI FUT  Sep21,2021-06-30,2021-06-30,64,No-pair,OB,OB,MV Swing,2021-09-02T00:00:00,8971506022,-1184097190
1854,353_8971504138_Advent Geneva,,2138199935,NEFU_FIFTY_SEVEN_00799801,USD,esu1,-1947.1,S&P500 EMINI FUT  Sep21,2021-09-01,2021-09-01,1,No-pair,OB,OB,MV Swing,2021-09-02T00:00:00,8971506022,-1184097190
1856,110_8971386551_Advent Geneva,,1986922589,NEFU_FIFTY_SEVEN_00799803,JPY,tpu1,-908.74,TOPIX INDX FUTR   Sep21,2021-06-09,2021-06-09,85,No-pair,OB,OB,MV Swing,2021-09-02T00:00:00,8971506022,-1184097190
1857,98_8971464347_Advent Geneva,,2086169924,NEFU_FIFTY_SEVEN_00799804,KRW,kmu1,4.64,KOSPI2 INX FUT    Sep21,2021-08-04,2021-08-04,29,No-pair,OB,OB,MV Swing,2021-09-02T00:00:00,8971506022,-1184097190
1858,113_8971488329_Advent Geneva,,2118786392,NEFU_FIFTY_SEVEN_00799804,KRW,kmu1,-29188.34,KOSPI2 INX FUT    Sep21,2021-08-20,2021-08-20,13,No-pair,OB,OB,MV Swing,2021-09-02T00:00:00,8971506022,-1184097190
1859,150_8971458108_Advent Geneva,,2077723305,NEFU_FIFTY_SEVEN_00799803,THB,bcu1,42.4,SET50 FUTURES     Sep21,2021-07-30,2021-07-30,34,No-pair,OB,OB,MV Swing,2021-09-02T00:00:00,8971506022,-1184097190
1861,107_8971492132_Advent Geneva,,2123793881,NEFU_FIFTY_SEVEN_00799803,JPY,tpu1,-57090.94,TOPIX INDX FUTR   Sep21,2021-08-24,2021-08-24,9,No-pair,OB,OB,MV Swing,2021-09-02T00:00:00,8971506022,-1184097190
1862,87_8971448246_Advent Geneva,,2063909576,NEFU_FIFTY_SEVEN_00799804,KRW,kmu1,18.54,KOSPI2 INX FUT    Sep21,2021-07-23,2021-07-23,41,No-pair,OB,OB,MV Swing,2021-09-02T00:00:00,8971506022,-1184097190
1863,,180_8971486166_Newedge,2115963761,NEFU_FIFTY_SEVEN_00799762,EUR,ibu1,-35.67,SEP 21 MRV IBEX 35,2021-08-19,2021-08-19,15,No-pair,OB,OB,MV Swing,2021-09-02T00:00:00,8971506022,-1184097190
1865,349_8971504138_Advent Geneva,,2138200050,NEFU_FIFTY_SEVEN_00799769,USD,tyu1,0.44,US 10YR NOTE (CBT)Sep21,2021-09-01,2021-09-01,1,No-pair,OB,OB,PB Missing Trade,2021-09-02T00:00:00,8971506022,-1184097190
1866,100_8971384572_Advent Geneva,,1984484747,NEFU_FIFTY_SEVEN_00799803,JPY,tpu1,112.83,TOPIX INDX FUTR   Sep21,2021-06-08,2021-06-08,86,No-pair,OB,OB,MV Swing,2021-09-02T00:00:00,8971506022,-1184097190
1867,177_8971476567_Advent Geneva,,2102139702,NEFU_FIFTY_SEVEN_00799760,USD,ngx21,-16602.62,NATURAL GAS FUTR  Nov21,2021-08-12,2021-08-12,21,No-pair,OB,OB,MV Swing,2021-09-02T00:00:00,8971506022,-1184097190
1868,130_8971496173_Advent Geneva,,2128394148,NEFU_FIFTY_SEVEN_00799804,KRW,kmu1,4.56,KOSPI2 INX FUT    Sep21,2021-08-26,2021-08-26,7,No-pair,OB,OB,MV Swing,2021-09-02T00:00:00,8971506022,-1184097190
1869,11_8971394513_Advent Geneva,,1997216736,NEFU_FIFTY_SEVEN_00799803,AUD,xpu1,-3357.76,SPI 200 FUTURES   Sep21,2021-06-15,2021-06-15,79,No-pair,OB,OB,MV Swing,2021-09-02T00:00:00,8971506022,-1184097190
1870,520_8971390559_Advent Geneva,,1992285906,NEFU_FIFTY_SEVEN_00799769,USD,esu1,10.44,S&P500 EMINI FUT  Sep21,2021-06-11,2021-06-11,83,No-pair,OB,OB,MV Swing,2021-09-02T00:00:00,8971506022,-1184097190
1871,377_8971434624_Advent Geneva,,2047328966,NEFU_FIFTY_SEVEN_00799760,USD,boz1,70432956.0,SOYBEAN OIL FUTR  Dec21,2021-07-02,2021-07-02,50,No-pair,OB,OB,MV Swing,2021-09-02T00:00:00,8971506022,-1184097190
1872,107_8971419514_Advent Geneva,,2029840568,NEFU_FIFTY_SEVEN_00799804,KRW,kmu1,619.38,KOSPI2 INX FUT    Sep21,2021-07-02,2021-07-02,62,No-pair,OB,OB,MV Swing,2021-09-02T00:00:00,8971506022,-1184097190
1874,269_8971407862_Advent Geneva,,2013326611,NEFU_FIFTY_SEVEN_00799769,USD,esu1,-1335.18,S&P500 EMINI FUT  Sep21,2021-06-24,2021-06-24,70,No-pair,OB,OB,MV Swing,2021-09-02T00:00:00,8971506022,-1184097190
1876,116_8971500148_Advent Geneva,,2133391657,NEFU_FIFTY_SEVEN_00799803,SGD,qzu1,37.3,MSCI SING IX ETS  Sep21,2021-08-30,2021-08-30,3,No-pair,OB,OB,MV Swing,2021-09-02T00:00:00,8971506022,-1184097190
1877,138_8971498170_Advent Geneva,,2130964319,NEFU_FIFTY_SEVEN_00799803,SGD,qzu1,190.07,MSCI SING IX ETS  Sep21,2021-08-27,2021-08-27,6,No-pair,OB,OB,MV Swing,2021-09-02T00:00:00,8971506022,-1184097190
1878,76_8971446202_Advent Geneva,,2061446415,NEFU_FIFTY_SEVEN_00799802,EUR,vgu1,20.92,EURO STOXX 50     Sep21,2021-07-22,2021-07-22,42,No-pair,OB,OB,MV Swing,2021-09-02T00:00:00,8971506022,-1184097190
1879,311_8971452119_Advent Geneva,,2069323883,NEFU_FIFTY_SEVEN_00799769,USD,esu1,5625.58,S&P500 EMINI FUT  Sep21,2021-07-27,2021-07-27,37,No-pair,OB,OB,MV Swing,2021-09-02T00:00:00,8971506022,-1184097190
1880,118_8971486166_Advent Geneva,,2115963855,NEFU_FIFTY_SEVEN_00799803,JPY,tpu1,-5322.54,TOPIX INDX FUTR   Sep21,2021-08-19,2021-08-19,14,No-pair,OB,OB,MV Swing,2021-09-02T00:00:00,8971506022,-1184097190
1882,77_8971484218_Advent Geneva,,2113336309,NEFU_FIFTY_SEVEN_00799802,EUR,vgu1,-1408.27,EURO STOXX 50     Sep21,2021-08-18,2021-08-18,15,No-pair,OB,OB,MV Swing,2021-09-02T00:00:00,8971506022,-1184097190
1883,61_8971496173_Advent Geneva,,2128394017,NEFU_FIFTY_SEVEN_00799802,EUR,vgu1,-3747.24,EURO STOXX 50     Sep21,2021-08-26,2021-08-26,7,No-pair,OB,OB,MV Swing,2021-09-02T00:00:00,8971506022,-1184097190
1885,149_8971486166_Advent Geneva,,2115963482,NEFU_FIFTY_SEVEN_00799803,THB,bcu1,76.32,SET50 FUTURES     Sep21,2021-08-19,2021-08-19,14,No-pair,OB,OB,MV Swing,2021-09-02T00:00:00,8971506022,-1184097190
1886,,268_8971494314_Newedge,2126181193,NEFU_FIFTY_SEVEN_00799760,USD,xbv1,-2.46,OCT 21 NYM RBOB GAS,2021-08-25,2021-08-25,9,No-pair,OB,OB,MV Swing,2021-09-02T00:00:00,8971506022,-1184097190
1887,13_8971488329_Advent Geneva,,2118786109,NEFU_FIFTY_SEVEN_00799803,AUD,xpu1,-11333.76,SPI 200 FUTURES   Sep21,2021-08-20,2021-08-20,13,No-pair,OB,OB,MV Swing,2021-09-02T00:00:00,8971506022,-1184097190
1888,11_8971419514_Advent Geneva,,2029840194,NEFU_FIFTY_SEVEN_00799803,AUD,xpu1,-1029.36,SPI 200 FUTURES   Sep21,2021-07-02,2021-07-02,62,No-pair,OB,OB,MV Swing,2021-09-02T00:00:00,8971506022,-1184097190
1889,170_8971492132_Advent Geneva,,2123794244,NEFU_FIFTY_SEVEN_00799760,USD,ngx21,-2179.18,NATURAL GAS FUTR  Nov21,2021-08-24,2021-08-24,9,No-pair,OB,OB,MV Swing,2021-09-02T00:00:00,8971506022,-1184097190
1892,55_8971407862_Advent Geneva,,2013326741,NEFU_FIFTY_SEVEN_00799802,EUR,vgu1,40.21,EURO STOXX 50     Sep21,2021-06-22,2021-06-22,70,No-pair,OB,OB,MV Swing,2021-09-02T00:00:00,8971506022,-1184097190
1893,102_8971454063_Advent Geneva,,2071656136,NEFU_FIFTY_SEVEN_00799803,JPY,tpu1,-997.89,TOPIX INDX FUTR   Sep21,2021-07-28,2021-07-28,36,No-pair,OB,OB,MV Swing,2021-09-02T00:00:00,8971506022,-1184097190
1895,58_8971488329_Advent Geneva,,2118786206,NEFU_FIFTY_SEVEN_00799802,EUR,vgu1,-1554.87,EURO STOXX 50     Sep21,2021-08-20,2021-08-20,13,No-pair,OB,OB,MV Swing,2021-09-02T00:00:00,8971506022,-1184097190
1896,379_8971434624_Advent Geneva,,2047329004,NEFU_FIFTY_SEVEN_00799760,USD,boz1,19138086.0,SOYBEAN OIL FUTR  Dec21,2021-07-07,2021-07-07,50,No-pair,OB,OB,MV Swing,2021-09-02T00:00:00,8971506022,-1184097190
1897,392_8971504138_Advent Geneva,,2138199951,NEFU_FIFTY_SEVEN_00799803,USD,twtu1,42.7,FTSE Taiwan Index Sep21,2021-09-01,2021-09-01,1,No-pair,OB,OB,MV Swing,2021-09-02T00:00:00,8971506022,-1184097190
1898,11_8971426687_Advent Geneva,,2037767050,NEFU_FIFTY_SEVEN_00799803,AUD,xpu1,-2777.91,SPI 200 FUTURES   Sep21,2021-07-08,2021-07-08,56,No-pair,OB,OB,MV Swing,2021-09-02T00:00:00,8971506022,-1184097190
1899,117_8971484218_Advent Geneva,,2113336813,NEFU_FIFTY_SEVEN_00799804,KRW,kmu1,-2792.72,KOSPI2 INX FUT    Sep21,2021-08-18,2021-08-18,15,No-pair,OB,OB,MV Swing,2021-09-02T00:00:00,8971506022,-1184097190
1901,239_8971458108_Advent Geneva,,2077723357,NEFU_FIFTY_SEVEN_00799769,USD,esu1,10755.22,S&P500 EMINI FUT  Sep21,2021-07-30,2021-07-30,34,No-pair,OB,OB,MV Swing,2021-09-02T00:00:00,8971506022,-1184097190
1902,171_8971498170_Advent Geneva,,2130964677,NEFU_FIFTY_SEVEN_00799760,USD,ngx21,3751.64,NATURAL GAS FUTR  Nov21,2021-08-27,2021-08-27,6,No-pair,OB,OB,MV Swing,2021-09-02T00:00:00,8971506022,-1184097190
